1	34447920
2	34395840
3	34343760
4	34291680
5	34239600
6	34187520
7	34135440
8	34083360
9	34031280
10	33979200
11	33927120
12	33875040
13	33822960
14	33770880
15	33718800
16	33666720
17	33614640
18	33562560
19	33510480
20	33458400
21	33406320
22	33354240
23	33302160
24	33250080
25	33198000
26	33145920
27	33093840
28	33041760
29	32989680
30	32937600
31	32885520
32	32833440
33	32781360
34	32729280
35	32677200
36	32625120
37	32573040
38	32520960
39	32468880
40	32413780
41	32358680
42	32303580
43	32248480
44	32193380
45	32138280
46	32083180
47	32028080
48	31972980
49	31917880
50	31862780
51	31807680
52	31752580
53	31697480
54	31642380
55	31587280
56	31532180
57	31477080
58	31421980
59	31366880
60	31311780
61	31256680
62	31201580
63	31146480
64	31091380
65	31036280
66	30981180
67	30926080
68	30870980
69	30815880
70	30760780
71	30705680
72	30650580
73	30595480
74	30540380
75	30485280
76	30430180
77	30375080
78	30319980
79	30264880
80	30209780
81	30154680
82	30099580
83	30044480
84	29989380
85	29930900
86	29872420
87	29813940
88	29755460
89	29696980
90	29638500
91	29580020
92	29521540
93	29463060
94	29404580
95	29346100
96	29287620
97	29229140
98	29170660
99	29112180
100	29053700
101	28995220
102	28936740
103	28878260
104	28819780
105	28761300
106	28702820
107	28644340
108	28585860
109	28527380
110	28468900
111	28410420
112	28351940
113	28293460
114	28234980
115	28176500
116	28118020
117	28059540
118	28001060
119	27942580
120	27884100
121	27825620
122	27767140
123	27708660
124	27650180
125	27591700
126	27533220
127	27474740
128	27412420
129	27350100
130	27287780
131	27225460
132	27163140
133	27100820
134	27038500
135	26976180
136	26913860
137	26851540
138	26789220
139	26726900
140	26664580
141	26602260
142	26539940
143	26477620
144	26415300
145	26352980
146	26290660
147	26228340
148	26166020
149	26103700
150	26041380
151	25979060
152	25916740
153	25854420
154	25792100
155	25729780
156	25667460
157	25605140
158	25542820
159	25480500
160	25418180
161	25355860
162	25293540
163	25231220
164	25168900
165	25106580
166	25044260
167	24981940
168	24915250
169	24848560
170	24781870
171	24715180
172	24648490
173	24581800
174	24515110
175	24448420
176	24381730
177	24315040
178	24248350
179	24181660
180	24114970
181	24048280
182	23981590
183	23914900
184	23848210
185	23781520
186	23714830
187	23648140
188	23581450
189	23514760
190	23448070
191	23381380
192	23314690
193	23248000
194	23181310
195	23114620
196	23047930
197	22981240
198	22914550
199	22847860
200	22781170
201	22714480
202	22647790
203	22581100
204	22514410
205	22447720
206	22376010
207	22304300
208	22232590
209	22160880
210	22089170
211	22017460
212	21945750
213	21874040
214	21802330
215	21730620
216	21658910
217	21587200
218	21515490
219	21443780
220	21372070
221	21300360
222	21228650
223	21156940
224	21085230
225	21013520
226	20941810
227	20870100
228	20798390
229	20726680
230	20654970
231	20583260
232	20511550
233	20439840
234	20368130
235	20296420
236	20224710
237	20153000
238	20081290
239	20009580
240	19937870
241	19859770
242	19781670
243	19703570
244	19625470
245	19547370
246	19469270
247	19391170
248	19313070
249	19234970
250	19156870
251	19078770
252	19000670
253	18922570
254	18844470
255	18766370
256	18688270
257	18610170
258	18532070
259	18453970
260	18375870
261	18297770
262	18219670
263	18141570
264	18063470
265	17985370
266	17902100
267	17818830
268	17735560
269	17652290
270	17569020
271	17485750
272	17402480
273	17319210
274	17235940
275	17152670
276	17069400
277	16986130
278	16899780
279	16813430
280	16727080
281	16640730
282	16554380
283	16468030
284	16381680
285	16295330
286	16208980
287	16122630
288	16036280
289	15949930
290	15860260
291	15770590
292	15680920
293	15591250
294	15501580
295	15411910
296	15322240
297	15232570
298	15142900
299	15053230
300	14963560
301	14870310
302	14777060
303	14683810
304	14590560
305	14497310
306	14404060
307	14310810
308	14217560
309	14124310
310	14031060
311	13937810
312	13840690
313	13743570
314	13646450
315	13549330
316	13452210
317	13355090
318	13257970
319	13160850
320	13063730
321	12966610
322	12865310
323	12764010
324	12662710
325	12561410
326	12460110
327	12358810
328	12257510
329	12156210
330	12054910
331	11953610
332	11847710
333	11741810
334	11635910
335	11530010
336	11424110
337	11318210
338	11212310
339	11106410
340	11000510
341	10894610
342	10783810
343	10673010
344	10562210
345	10451410
346	10340610
347	10229810
348	10119010
349	10008210
350	9897410
351	9781110
352	9664810
353	9548510
354	9432210
355	9315910
356	9199610
357	9083310
358	8967010
359	8844710
360	8722410
361	8600110
362	8477810
363	8355510
364	8233210
365	8110910
366	7988610
367	7859810
368	7731010
369	7602210
370	7473410
371	7344610
372	7215810
373	7087010
374	6958210
375	6822110
376	6686010
377	6549910
378	6413810
379	6273710
380	6133610
381	5993510
382	5849310
383	5705110
384	5560910
385	5416710
386	5268210
387	5119710
388	4971210
389	4818210
390	4665210
391	4512210
392	4359210
393	4201610
394	4044010
395	3886410
396	3724210
397	3559810
398	3395410
399	3228910
400	3060510
401	2892110
402	2722110
403	2551010
404	2379910
405	2208310
406	2037110
407	1865910
408	1696510
409	1531610
410	1369010
411	1212510
412	1060010
413	917610
414	781610
415	661110
416	550010
417	449310
418	366030
419	292050
420	227580
421	169580
422	122720
423	81990
424	48000
425	22630
426	5490
427	-6510
428	-18510
429	-30510
430	-42510
431	-54510
432	-66510
433	-78510
434	-90510
435	-102510
436	-114510
437	-126510
438	-138510
439	-150510
440	-162510
441	-174510
442	-186510
443	-198510
444	-210510
445	-222510
446	-234510
447	-246510
448	-258510
449	-270510
450	-282510
451	-294510
452	-306510
453	-318510
454	-330510
455	-342510
456	-354510
457	-366510
458	-378510
459	-390510
460	-402510
461	-414510
462	-426510
463	-438510
464	-450510
465	-462510
466	-474510
467	-486510
468	-498510
469	-510510
470	-522510
471	-534510
472	-546510
473	-558510
474	-570510
475	-582510
476	-594510
477	-606510
478	-618510
479	-630510
480	-642510
481	-654510
482	-666510
483	-678510
484	-690510
485	-702510
486	-714510
487	-726510
488	-738510
489	-750510
490	-762510
491	-774510
492	-786510
493	-798510
494	-810510
495	-822510
496	-834510
497	-846510
498	-858510
499	-870510
500	-882510