 Event ID : 1
46.6282 -58.0584 -56 20 154.323
44.1741 -56.7093 -56 20 703.651
44.1741 -53.8078 -56 20 66.31
49.0824 -56.7093 -46.4 23 142.492
46.6282 -52.4586 -46.4 23 87.521
49.0824 -53.8078 -27.2 29 1134.24
51.5365 -52.4586 -11.2 34 1085.29
53.9906 -53.8078 4.8 39 20.4794
51.5365 -49.5571 8 40 511.202
56.4447 -52.4586 14.4 42 7.94226
53.9906 -48.208 20.8 44 769.32
56.4447 -49.5571 36.8 49 361.754
53.9906 -45.3065 43.2 51 76.6258
58.8988 -48.208 46.4 52 136.807
56.4447 -43.9573 56 55 278.403
58.8988 -45.3065 65.6 58 798.349
61.3529 -43.9573 81.6 63 287.846
56.4447 -41.0558 81.6 63 49.6692
61.3529 -41.0558 94.4 67 759.432
58.8988 -39.7067 107.2 71 270.317
63.8071 -39.7067 116.8 74 134.774
58.8988 -36.8052 120 75 104.39
63.8071 -36.8052 129.6 78 298.966
61.3529 -35.456 139.2 81 741.731
66.2612 -35.456 148.8 84 20.8502
61.3529 -32.5545 158.4 87 440.285
66.2612 -32.5545 164.8 89 47.4879
63.8071 -31.2053 174.4 92 851.958
58.8988 -31.2053 174.4 92 3.1503
63.8071 -28.3038 196.8 99 756.308
66.2612 -26.9547 212.8 104 136.491
61.3529 -26.9547 212.8 104 137.763
66.2612 -24.0532 222.4 107 146.509
61.3529 -24.0532 222.4 107 145.033
63.8071 -22.704 232 110 751.752
58.8988 -22.704 244.8 114 3.36054
63.8071 -19.8025 260.8 119 713.317
58.8988 -19.8025 264 120 5.58375
66.2612 -18.4534 270.4 122 48.9479
61.3529 -18.4534 273.6 123 461.23
66.2612 -15.5519 280 125 26.8723
61.3529 -15.5519 292.8 129 573.255
63.8071 -14.2027 302.4 132 245.535
58.8988 -14.2027 312 135 116.46
63.8071 -11.3012 315.2 136 106.316
61.3529 -9.95207 331.2 141 606.572
58.8988 -11.3012 331.2 141 322.978
56.4447 -9.95207 350.4 147 61.2747
61.3529 -7.05056 350.4 147 149.679
58.8988 -5.70141 366.4 152 605.609
56.4447 -7.05056 369.6 153 297.782
58.8988 -2.7999 385.6 158 122.866
53.9906 -5.70141 388.8 159 109.162
56.4447 -1.45075 395.2 161 251.798
53.9906 -2.7999 408 165 463.055
56.4447 1.45075 420.8 169 36.6354
51.5365 -1.45075 424 170 320.846
53.9906 2.7999 430.4 172 79.43
49.0824 -2.7999 436.8 174 9.41246
51.5365 1.45075 440 175 580.917
46.6282 -1.45075 456 180 4.51478
53.9906 5.70141 456 180 4.78308
51.5365 7.05056 462.4 182 9.99757
49.0824 2.7999 462.4 182 607.715
46.6282 1.45075 478.4 187 95.8003
49.0824 5.70141 478.4 187 232.56
44.1741 2.7999 491.2 191 85.5987
46.6282 7.05056 491.2 191 258.03
44.1741 5.70141 507.2 196 593.947
46.6282 9.95207 510.4 197 13.6755
41.72 1.45075 513.6 198 4.76013
44.1741 11.3012 513.6 198 13.2639
39.2659 2.7999 523.2 201 3.76654
41.72 7.05056 523.2 201 554.682
41.72 9.95207 539.2 206 120.455
39.2659 5.70141 542.4 207 146.978
39.2659 11.3012 548.8 209 95.4472
36.8118 7.05056 561.6 213 186.204
36.8118 9.95207 568 215 530.021
34.3577 5.70141 577.6 218 34.6355
34.3577 11.3012 584 220 375.473
34.3577 14.2027 593.6 223 15.0826
31.9035 7.05056 596.8 224 69.3023
31.9035 9.95207 600 225 497.892
31.9035 15.5519 603.2 226 4.59149
29.4494 11.3012 622.4 232 409.791
29.4494 5.70141 625.6 233 13.0918
29.4494 14.2027 628.8 234 30.1349
26.9953 7.05056 635.2 236 39.9147
26.9953 9.95207 641.6 238 446.671
26.9953 15.5519 641.6 238 9.86742
24.5412 11.3012 657.6 243 442.812
24.5412 14.2027 657.6 243 31.872
24.5412 5.70141 657.6 243 13.0808
22.0871 15.5519 676.8 249 7.2907
22.0871 9.95207 676.8 249 503.018
22.0871 7.05056 676.8 249 55.8619
19.6329 14.2027 683.2 251 18.7731
19.6329 11.3012 696 255 341.343
19.6329 5.70141 699.2 256 29.0279
17.1788 9.95207 715.2 261 446.189
14.7247 14.2027 721.6 263 6.00092
17.1788 7.05056 721.6 263 142.98
14.7247 11.3012 728 265 128.822
14.7247 5.70141 737.6 268 86.677
12.2706 9.95207 744 270 160.373
-240.504 70.8781 750.4 272 3.21401
-240.504 65.3461 750.4 272 76.0596
-240.504 53.8755 753.6 273 45.0537
-235.595 62.3768 753.6 273 28.7641
-245.412 62.3768 753.6 273 5.91994
-235.595 56.8448 753.6 273 83.1787
-240.504 48.3434 756.8 274 17.0101
-235.595 45.3742 756.8 274 92.2175
-230.687 48.3434 756.8 274 21.4151
-230.687 53.8755 756.8 274 7.1481
12.2706 7.05056 756.8 274 402.278
-235.595 39.8421 760 275 32.6575
-225.779 39.8421 760 275 9.33358
12.2706 1.45075 760 275 3.4243
9.81648 11.3012 763.2 276 25.9845
-230.687 36.8729 763.2 276 83.8265
-230.687 31.3408 763.2 276 40.7393
14.7247 2.7999 763.2 276 4.02782
-220.871 31.3408 766.4 277 6.82209
-225.779 28.3716 766.4 277 85.4345
-225.779 22.8395 766.4 277 45.3491
-215.962 22.8395 769.6 278 12.7983
-220.871 19.8703 769.6 278 97.8963
-220.871 14.3382 769.6 278 26.8402
7.36237 9.95207 772.8 279 27.1192
-206.146 11.369 772.8 279 8.59028
-211.054 14.3382 772.8 279 25.3923
-215.962 11.369 772.8 279 68.0735
9.81648 5.70141 772.8 279 354.147
-215.962 5.83687 776 280 7.13865
-211.054 2.86764 776 280 24.4691
-206.146 5.83687 776 280 90.2208
-201.238 -2.86764 779.2 281 84.0585
-201.238 2.86764 779.2 281 37.0561
-196.329 -5.83687 782.4 282 83.3838
-196.329 -11.369 782.4 282 18.8748
-191.421 -2.86764 782.4 282 4.20871
-186.513 -11.369 785.6 283 71.0863
-191.421 -14.3382 785.6 283 31.081
-186.513 -5.83687 785.6 283 3.19847
7.36237 7.05056 788.8 284 308.923
9.81648 2.7999 788.8 284 49.3174
-181.605 -19.8703 788.8 284 63.1199
-181.605 -14.3382 788.8 284 60.0759
-171.788 -19.8703 792 285 67.9112
-176.696 -22.8395 792 285 64.5303
-166.88 -22.8395 795.2 286 57.7598
-166.88 -28.3716 795.2 286 53.5663
-157.064 -28.3716 798.4 287 77.5296
-161.972 -31.3408 798.4 287 38.1078
-152.155 -36.8729 801.6 288 9.33085
-147.247 -39.8421 801.6 288 4.24366
-147.247 -28.3716 801.6 288 15.3081
-152.155 -31.3408 801.6 288 91.3495
-137.431 -39.8421 804.8 289 26.2491
-142.339 -36.8729 804.8 289 69.8029
-142.339 -31.3408 804.8 289 37.8233
4.90825 5.70141 804.8 289 275.404
7.36237 1.45075 808 290 50.7156
-134.976 -35.456 808 290 18.0152
-132.522 -36.8052 808 290 22.8916
-132.522 -39.7067 808 290 5.49325
-130.068 -35.456 808 290 12.7152
-130.068 -41.0558 808 290 3.87344
-127.614 -39.7067 811.2 291 17.8389
-127.614 -36.8052 811.2 291 23.7445
-125.16 -41.0558 811.2 291 9.88039
-122.706 -36.8052 811.2 291 13.2166
-122.706 -39.7067 811.2 291 31.3385
-120.252 -35.456 811.2 291 3.29842
-120.252 -41.0558 811.2 291 13.2269
-125.16 -35.456 811.2 291 7.73247
-117.798 -39.7067 814.4 292 27.1443
-117.798 -36.8052 814.4 292 6.07713
2.4541 7.05056 814.4 292 28.7882
-115.344 -41.0558 814.4 292 14.9788
-112.889 -36.8052 814.4 292 4.22956
-112.889 -39.7067 814.4 292 22.3229
-103.073 -39.7067 817.6 293 27.9644
-110.435 -41.0558 817.6 293 16.1264
-107.981 -39.7067 817.6 293 22.9204
-107.981 -36.8052 817.6 293 3.05738
-105.527 -41.0558 817.6 293 25.3436
-103.073 -36.8052 817.6 293 3.79158
-105.527 -43.9573 817.6 293 3.52782
-100.619 -41.0558 820.8 294 23.3431
-98.1647 -39.7067 820.8 294 18.572
-98.1647 -36.8052 820.8 294 4.23574
-95.7106 -41.0558 820.8 294 19.5844
4.90825 2.7999 820.8 294 349.645
-90.8024 -41.0558 824 295 17.4332
-88.3483 -39.7067 824 295 27.4708
-88.3483 -36.8052 824 295 6.28377
-85.8941 -41.0558 824 295 16.092
-93.2565 -36.8052 824 295 4.47101
-93.2565 -39.7067 824 295 27.331
-78.5318 -39.7067 827.2 296 19.5349
-83.44 -36.8052 827.2 296 9.33173
-83.44 -39.7067 827.2 296 27.1507
-80.9859 -35.456 827.2 296 4.92521
-80.9859 -41.0558 827.2 296 10.0657
-78.5318 -36.8052 827.2 296 17.627
-76.0777 -35.456 827.2 296 8.37153
7.36237 -1.45075 827.2 296 3.97421
-76.0777 -41.0558 830.4 297 4.69086
-73.6235 -36.8052 830.4 297 27.5858
-73.6235 -39.7067 830.4 297 9.63742
-71.1694 -35.456 830.4 297 22.5609
-68.7153 -39.7067 830.4 297 5.26697
-68.7153 -36.8052 830.4 297 29.9798
-61.353 -35.456 833.6 298 25.3629
-1.33514e-05 5.70141 833.6 298 24.3081
-63.8071 -36.8052 833.6 298 16.3853
-66.2612 -35.456 833.6 298 30.4492
-61.353 -32.5545 833.6 298 14.4645
-66.2612 -32.5545 833.6 298 5.58912
-56.4447 -35.456 836.8 299 9.36267
-58.8988 -36.8052 836.8 299 6.35968
-51.5365 -32.5545 836.8 299 18.1201
-53.9906 -31.2053 836.8 299 19.7343
-56.4447 -32.5545 836.8 299 34.2361
-58.8988 -31.2053 836.8 299 10.5997
2.45413 1.45075 840 300 426.946
-49.0824 -28.3038 840 300 13.0442
-44.1741 -28.3038 840 300 23.2804
-44.1741 -31.2053 840 300 6.26885
-46.6282 -32.5545 840 300 5.4024
-46.6282 -26.9547 840 300 9.44976
-49.0824 -31.2053 840 300 25.9258
-36.8118 -26.9547 843.2 301 12.6522
-39.2659 -22.704 843.2 301 3.4138
-36.8118 -24.0532 843.2 301 22.8627
-41.72 -24.0532 843.2 301 4.57818
-41.72 -26.9547 843.2 301 22.1891
-39.2659 -28.3038 843.2 301 11.652
-29.4494 -22.704 846.4 302 20.6216
-29.4494 -19.8025 846.4 302 18.5935
-26.9953 -15.5519 846.4 302 3.41809
-34.3577 -19.8025 846.4 302 3.02294
-34.3577 -22.704 846.4 302 18.5453
4.90825 -2.7999 846.4 302 8.06379
-26.9953 -18.4534 846.4 302 21.7723
-31.9035 -24.0532 846.4 302 20.606
-19.6329 -11.3012 849.6 303 3.77992
-31.9035 -18.4534 849.6 303 3.29528
-24.5412 -19.8025 849.6 303 21.2576
-24.5412 -22.704 849.6 303 3.11232
-22.0871 -18.4534 849.6 303 17.4574
-22.0871 -15.5519 849.6 303 19.1942
-14.7247 -14.2027 852.8 304 14.7311
-1.33514e-05 2.7999 852.8 304 159.241
-4.90825 2.7999 852.8 304 3.54711
-14.7247 -11.3012 852.8 304 26.8475
-17.1788 -15.5519 852.8 304 19.6261
-17.1788 -9.95207 852.8 304 5.58173
2.45413 -1.45075 852.8 304 101.119
-19.6329 -14.2027 852.8 304 28.8981
-2.45413 1.45075 856 305 79.0462
-9.81648 -11.3012 856 305 9.10751
-12.2706 -9.95207 856 305 26.921
-12.2706 -7.05056 856 305 8.63604
-9.81648 -5.70141 856 305 9.90477
-7.36236 -7.05056 856 305 23.8385
-4.90825 -5.70141 856 305 20.729
-2.45413 -7.05056 856 305 3.37347
-1.33514e-05 -2.7999 856 305 72.0638
-7.36236 -9.95207 856 305 5.36924
-7.36237 -1.45075 859.2 306 3.20379
-4.90825 -2.7999 859.2 306 22.9408
-2.45413 -1.45075 859.2 306 83.0381
-1.33514e-05 -5.70141 859.2 306 3.81157
