0 0.223431 0 0 159.949
0.1 89.9497 7.81526e-05 0.0199812 159.949
0.2 89.8993 0.00031261 0.0399623 159.949
0.3 89.849 0.000703372 0.0599434 159.948
0.4 89.7986 0.00125044 0.0799244 159.948
0.5 89.7483 0.0019538 0.0999053 159.947
0.6 89.6979 0.00281347 0.119886 159.946
0.7 89.6476 0.00382943 0.139867 159.945
0.8 89.5973 0.00500169 0.159847 159.944
0.9 89.5469 0.00633023 0.179827 159.943
1 89.4966 0.00781507 0.199807 159.941
1.1 89.4462 0.00945618 0.219787 159.94
1.2 89.3959 0.0112536 0.239766 159.938
1.3 89.3455 0.0132072 0.259745 159.936
1.4 89.2952 0.0153172 0.279723 159.934
1.5 89.2449 0.0175833 0.299702 159.932
1.6 89.1945 0.0200058 0.319679 159.929
1.7 89.1442 0.0225845 0.339657 159.927
1.8 89.0938 0.0253194 0.359633 159.924
1.9 89.0435 0.0282105 0.37961 159.921
2 88.9931 0.0312579 0.399585 159.918
2.1 88.9428 0.0344615 0.41956 159.915
2.2 88.8925 0.0378212 0.439535 159.911
2.3 88.8421 0.0413372 0.459509 159.908
2.4 88.7918 0.0450093 0.479482 159.904
2.5 88.7414 0.0488376 0.499454 159.9
2.6 88.6911 0.0528221 0.519426 159.896
2.7 88.6407 0.0569627 0.539397 159.892
2.8 88.5904 0.0612594 0.559367 159.888
2.9 88.5401 0.0657123 0.579336 159.883
3 88.4897 0.0703213 0.599305 159.879
3.1 88.4394 0.0750863 0.619273 159.874
3.2 88.389 0.0800075 0.63924 159.869
3.3 88.3387 0.0850846 0.659205 159.864
3.4 88.2883 0.0903179 0.67917 159.859
3.5 88.238 0.0957071 0.699134 159.853
3.6 88.1877 0.101252 0.719097 159.848
3.7 88.1373 0.106954 0.739059 159.842
3.8 88.087 0.112811 0.75902 159.836
3.9 88.0366 0.118824 0.778979 159.83
4 87.9863 0.124993 0.798938 159.824
4.1 87.936 0.131318 0.818895 159.818
4.2 87.8856 0.137799 0.838852 159.811
4.3 87.8353 0.144436 0.858807 159.805
4.4 87.7849 0.151229 0.87876 159.798
4.5 87.7346 0.158178 0.898713 159.791
4.6 87.6842 0.165282 0.918664 159.784
4.7 87.6339 0.172542 0.938614 159.777
4.8 87.5836 0.179958 0.958562 159.769
4.9 87.5332 0.18753 0.978509 159.762
5 87.4829 0.195257 0.998455 159.754
5.1 87.4325 0.203141 1.0184 159.746
5.2 87.3822 0.21118 1.03834 159.738
5.3 87.3319 0.219374 1.05828 159.73
5.4 87.2815 0.227724 1.07822 159.721
5.5 87.2312 0.23623 1.09816 159.713
5.6 87.1808 0.244891 1.1181 159.704
5.7 87.1305 0.253708 1.13803 159.695
5.8 87.0801 0.262681 1.15797 159.686
5.9 87.0298 0.271809 1.1779 159.677
6 86.9795 0.281092 1.19783 159.668
6.1 86.9291 0.290531 1.21775 159.659
6.2 86.8788 0.300125 1.23768 159.649
6.3 86.8284 0.309875 1.25761 159.639
6.4 86.7781 0.31978 1.27753 159.629
6.5 86.7278 0.329841 1.29745 159.619
6.6 86.6774 0.340056 1.31737 159.609
6.7 86.6271 0.350427 1.33728 159.599
6.8 86.5767 0.360953 1.3572 159.588
6.9 86.5264 0.371635 1.37711 159.578
7 86.4761 0.382471 1.39702 159.567
7.1 86.4257 0.393463 1.41693 159.556
7.2 86.3754 0.40461 1.43684 159.545
7.3 86.325 0.415912 1.45674 159.533
7.4 86.2747 0.427369 1.47665 159.522
7.5 86.2244 0.438981 1.49655 159.51
7.6 86.174 0.450748 1.51645 159.498
7.7 86.1237 0.462669 1.53634 159.486
7.79999 86.0733 0.474746 1.55624 159.474
7.89999 86.023 0.486978 1.57613 159.462
7.99999 85.9727 0.499364 1.59602 159.45
8.09999 85.9223 0.511905 1.6159 159.437
8.2 85.872 0.524601 1.63579 159.425
8.3 85.8216 0.537452 1.65567 159.412
8.4 85.7713 0.550457 1.67555 159.399
8.5 85.721 0.563617 1.69543 159.386
8.6 85.6706 0.576932 1.7153 159.372
8.7 85.6203 0.590401 1.73518 159.359
8.8 85.5699 0.604025 1.75505 159.345
8.9 85.5196 0.617803 1.77492 159.331
9 85.4693 0.631736 1.79478 159.317
9.1 85.4189 0.645822 1.81464 159.303
9.2 85.3686 0.660064 1.8345 159.289
9.3 85.3183 0.674459 1.85436 159.275
9.4 85.2679 0.689009 1.87421 159.26
9.5 85.2176 0.703713 1.89406 159.245
9.6 85.1672 0.718571 1.91391 159.231
9.7 85.1169 0.733584 1.93376 159.216
9.8 85.0666 0.74875 1.9536 159.2
9.9 85.0162 0.76407 1.97344 159.185
10 84.9659 0.779545 1.99328 159.17
10.1 84.9155 0.795173 2.01312 159.154
10.2 84.8652 0.810955 2.03295 159.138
10.3 84.8149 0.826891 2.05278 159.122
10.4 84.7645 0.842981 2.0726 159.106
10.5 84.7142 0.859225 2.09242 159.09
10.6 84.6639 0.875622 2.11224 159.074
10.7 84.6135 0.892173 2.13206 159.057
10.8 84.5632 0.908877 2.15187 159.04
10.9 84.5129 0.925735 2.17168 159.023
11 84.4625 0.942747 2.19149 159.006
11.1 84.4122 0.959912 2.21129 158.989
11.2 84.3618 0.97723 2.23109 158.972
11.3 84.3115 0.994702 2.25089 158.954
11.4 84.2612 1.01233 2.27069 158.937
11.5 84.2108 1.0301 2.29048 158.919
11.6 84.1605 1.04804 2.31026 158.901
11.7 84.1102 1.06612 2.33005 158.883
11.8 84.0598 1.08436 2.34983 158.865
11.9 84.0095 1.10275 2.3696 158.846
12 83.9592 1.12129 2.38938 158.828
12.1 83.9088 1.13999 2.40915 158.809
12.2 83.8585 1.15884 2.42891 158.79
12.3 83.8081 1.17784 2.44868 158.771
12.4 83.7578 1.19699 2.46844 158.752
12.5 83.7075 1.2163 2.48819 158.733
12.6 83.6571 1.23576 2.50794 158.713
12.7 83.6068 1.25537 2.52769 158.694
12.8 83.5565 1.27514 2.54744 158.674
12.9 83.5061 1.29506 2.56718 158.654
13 83.4558 1.31513 2.58692 158.634
13.1 83.4055 1.33535 2.60665 158.614
13.2 83.3551 1.35572 2.62638 158.593
13.3 83.3048 1.37625 2.6461 158.573
13.4 83.2545 1.39693 2.66583 158.552
13.5 83.2041 1.41776 2.68554 158.531
13.6 83.1538 1.43874 2.70526 158.51
13.7 83.1035 1.45987 2.72497 158.489
13.8 83.0531 1.48116 2.74467 158.468
13.9 83.0028 1.5026 2.76438 158.447
14 82.9525 1.52419 2.78407 158.425
14.1 82.9021 1.54593 2.80377 158.403
14.2 82.8518 1.56782 2.82346 158.381
14.3 82.8015 1.58987 2.84314 158.359
14.4 82.7511 1.61206 2.86282 158.337
14.5 82.7008 1.63441 2.8825 158.315
14.6 82.6505 1.65691 2.90217 158.292
14.7 82.6001 1.67956 2.92184 158.27
14.8 82.5498 1.70236 2.94151 158.247
14.9 82.4995 1.72532 2.96117 158.224
15 82.4491 1.74842 2.98082 158.201
15.1 82.3988 1.77167 3.00047 158.177
15.2 82.3485 1.79508 3.02012 158.154
15.3 82.2982 1.81863 3.03976 158.131
15.4 82.2478 1.84234 3.0594 158.107
15.5 82.1975 1.8662 3.07903 158.083
15.6 82.1472 1.89021 3.09866 158.059
15.7 82.0968 1.91437 3.11829 158.035
15.8 82.0465 1.93868 3.13791 158.01
15.9 81.9962 1.96314 3.15752 157.986
16 81.9458 1.98775 3.17713 157.961
16.1 81.8955 2.01251 3.19674 157.937
16.2 81.8452 2.03742 3.21634 157.912
16.3 81.7949 2.06248 3.23593 157.887
16.4 81.7445 2.08769 3.25552 157.861
16.5 81.6942 2.11305 3.27511 157.836
16.6 81.6439 2.13856 3.29469 157.811
16.7 81.5935 2.16422 3.31427 157.785
16.8 81.5432 2.19003 3.33384 157.759
16.9 81.4929 2.21599 3.35341 157.733
17 81.4426 2.2421 3.37297 157.707
17.1 81.3922 2.26836 3.39253 157.681
17.2 81.3419 2.29476 3.41208 157.654
17.3 81.2916 2.32132 3.43163 157.628
17.4 81.2412 2.34803 3.45117 157.601
17.5 81.1909 2.37488 3.4707 157.574
17.6 81.1406 2.40189 3.49024 157.547
17.7 81.0903 2.42904 3.50976 157.52
17.8 81.0399 2.45634 3.52928 157.493
17.9 80.9896 2.4838 3.5488 157.465
18 80.9393 2.5114 3.56831 157.438
18.1 80.889 2.53915 3.58782 157.41
18.2 80.8386 2.56704 3.60732 157.382
18.3 80.7883 2.59509 3.62681 157.354
18.4 80.738 2.62328 3.6463 157.326
18.5 80.6877 2.65163 3.66578 157.298
18.6 80.6373 2.68012 3.68526 157.269
18.7 80.587 2.70876 3.70473 157.24
18.8 80.5367 2.73754 3.7242 157.212
18.9 80.4864 2.76648 3.74366 157.183
19 80.436 2.79556 3.76312 157.154
19.1 80.3857 2.82479 3.78257 157.124
19.2 80.3354 2.85417 3.80202 157.095
19.3 80.2851 2.8837 3.82145 157.065
19.4 80.2347 2.91337 3.84089 157.036
19.5 80.1844 2.94319 3.86032 157.006
19.6 80.1341 2.97316 3.87974 156.976
19.7 80.0838 3.00327 3.89915 156.946
19.8 80.0334 3.03354 3.91857 156.916
19.9 79.9831 3.06395 3.93797 156.885
20 79.9328 3.0945 3.95737 156.855
20.1 79.8825 3.12521 3.97676 156.824
20.2 79.8322 3.15606 3.99615 156.793
20.3 79.7818 3.18706 4.01553 156.762
20.4 79.7315 3.2182 4.0349 156.731
20.5 79.6812 3.24949 4.05427 156.7
20.6 79.6309 3.28093 4.07364 156.668
20.7 79.5806 3.31251 4.09299 156.637
20.8 79.5302 3.34424 4.11234 156.605
20.9 79.4799 3.37611 4.13169 156.573
21 79.4296 3.40813 4.15103 156.541
21.1 79.3793 3.4403 4.17036 156.509
21.2 79.3289 3.47262 4.18969 156.477
21.3 79.2786 3.50507 4.209 156.444
21.4 79.2283 3.53768 4.22832 156.411
21.5 79.178 3.57043 4.24763 156.379
21.6 79.1277 3.60332 4.26693 156.346
21.7 79.0774 3.63636 4.28622 156.313
21.8 79.027 3.66955 4.30551 156.28
21.9 78.9767 3.70288 4.32479 156.246
22 78.9264 3.73636 4.34406 156.213
22.1 78.8761 3.76998 4.36333 156.179
22.2 78.8258 3.80374 4.38259 156.145
22.3 78.7754 3.83766 4.40185 156.111
22.4 78.7251 3.87171 4.4211 156.077
22.5 78.6748 3.90591 4.44034 156.043
22.6 78.6245 3.94025 4.45957 156.009
22.7001 78.5742 3.97474 4.4788 155.974
22.8001 78.5239 4.00938 4.49802 155.94
22.9001 78.4735 4.04415 4.51724 155.905
23.0001 78.4232 4.07907 4.53645 155.87
23.1001 78.3729 4.11414 4.55565 155.835
23.2001 78.3226 4.14935 4.57484 155.8
23.3001 78.2723 4.1847 4.59403 155.764
23.4001 78.222 4.22019 4.61321 155.729
23.5001 78.1717 4.25583 4.63239 155.693
23.6001 78.1213 4.29161 4.65155 155.658
23.7001 78.071 4.32754 4.67071 155.622
23.8001 78.0207 4.36361 4.68986 155.586
23.9001 77.9704 4.39982 4.70901 155.549
24.0001 77.9201 4.43618 4.72815 155.513
24.1001 77.8698 4.47267 4.74728 155.476
24.2001 77.8195 4.50931 4.7664 155.44
24.3001 77.7692 4.5461 4.78552 155.403
24.4001 77.7188 4.58302 4.80463 155.366
24.5001 77.6685 4.62009 4.82373 155.329
24.6001 77.6182 4.6573 4.84283 155.292
24.7001 77.5679 4.69465 4.86191 155.254
24.8001 77.5176 4.73214 4.88099 155.217
24.9001 77.4673 4.76978 4.90007 155.179
25.0001 77.417 4.80756 4.91913 155.142
25.1001 77.3667 4.84548 4.93819 155.104
25.2001 77.3163 4.88354 4.95724 155.066
25.3001 77.266 4.92174 4.97628 155.027
25.4001 77.2157 4.96008 4.99532 154.989
25.5001 77.1654 4.99857 5.01435 154.951
25.6001 77.1151 5.03719 5.03337 154.912
25.7001 77.0648 5.07596 5.05238 154.873
25.8001 77.0145 5.11487 5.07138 154.834
25.9001 76.9642 5.15392 5.09038 154.795
26.0001 76.9139 5.1931 5.10937 154.756
26.1001 76.8636 5.23243 5.12835 154.717
26.2001 76.8133 5.2719 5.14733 154.677
26.3001 76.763 5.31151 5.16629 154.638
26.4001 76.7126 5.35126 5.18525 154.598
26.5001 76.6623 5.39115 5.2042 154.558
26.6001 76.612 5.43118 5.22314 154.518
26.7001 76.5617 5.47135 5.24208 154.478
26.8001 76.5114 5.51166 5.261 154.437
26.9001 76.4611 5.55211 5.27992 154.397
27.0001 76.4108 5.5927 5.29883 154.356
27.1001 76.3605 5.63343 5.31773 154.316
27.2001 76.3102 5.67429 5.33663 154.275
27.3001 76.2599 5.7153 5.35551 154.234
27.4001 76.2096 5.75644 5.37439 154.193
27.5001 76.1593 5.79773 5.39326 154.151
27.6001 76.109 5.83915 5.41212 154.11
27.7001 76.0587 5.88071 5.43097 154.068
27.8001 76.0084 5.92241 5.44982 154.027
27.9001 75.9581 5.96425 5.46865 153.985
28.0001 75.9078 6.00622 5.48748 153.943
28.1001 75.8575 6.04834 5.5063 153.901
28.2001 75.8072 6.09059 5.52511 153.859
28.3001 75.7569 6.13298 5.54391 153.816
28.4001 75.7066 6.1755 5.56271 153.774
28.5001 75.6563 6.21817 5.58149 153.731
28.6001 75.606 6.26097 5.60027 153.688
28.7001 75.5557 6.30391 5.61904 153.645
28.8001 75.5054 6.34698 5.6378 153.602
28.9001 75.4551 6.3902 5.65655 153.559
29.0001 75.4048 6.43355 5.67529 153.516
29.1001 75.3545 6.47703 5.69402 153.472
29.2001 75.3042 6.52065 5.71275 153.428
29.3001 75.2539 6.56441 5.73146 153.385
29.4001 75.2036 6.60831 5.75017 153.341
29.5001 75.1533 6.65234 5.76887 153.297
29.6001 75.103 6.69651 5.78756 153.253
29.7001 75.0527 6.74081 5.80624 153.208
29.8001 75.0024 6.78525 5.82491 153.164
29.9001 74.9521 6.82983 5.84357 153.119
30.0001 74.9018 6.87454 5.86222 153.075
30.1001 74.8515 6.91938 5.88087 153.03
30.2001 74.8012 6.96437 5.8995 152.985
30.3001 74.7509 7.00948 5.91813 152.94
30.4001 74.7006 7.05473 5.93674 152.894
30.5001 74.6503 7.10012 5.95535 152.849
30.6001 74.6 7.14564 5.97395 152.804
30.7001 74.5497 7.1913 5.99254 152.758
30.8001 74.4994 7.23709 6.01112 152.712
30.9001 74.4491 7.28301 6.02969 152.666
31.0001 74.3988 7.32907 6.04825 152.62
31.1001 74.3485 7.37526 6.0668 152.574
31.2001 74.2982 7.42159 6.08534 152.528
31.3001 74.2479 7.46805 6.10387 152.481
31.4001 74.1977 7.51464 6.12239 152.435
31.5001 74.1474 7.56137 6.14091 152.388
31.6001 74.0971 7.60823 6.15941 152.341
31.7001 74.0468 7.65522 6.17791 152.294
31.8001 73.9965 7.70235 6.19639 152.247
31.9001 73.9462 7.7496 6.21487 152.2
32.0001 73.8959 7.79699 6.23333 152.152
32.1001 73.8456 7.84452 6.25179 152.105
32.2001 73.7953 7.89217 6.27023 152.057
32.3001 73.745 7.93996 6.28867 152.009
32.4001 73.6947 7.98788 6.30709 151.961
32.5001 73.6445 8.03593 6.32551 151.913
32.6001 73.5942 8.08412 6.34391 151.865
32.7001 73.5439 8.13243 6.36231 151.817
32.8001 73.4936 8.18088 6.3807 151.768
32.9001 73.4433 8.22946 6.39907 151.72
33.0001 73.393 8.27817 6.41744 151.671
33.1001 73.3427 8.32701 6.43579 151.622
33.2001 73.2925 8.37598 6.45414 151.573
33.3001 73.2422 8.42508 6.47248 151.524
33.4001 73.1919 8.47432 6.4908 151.475
33.5001 73.1416 8.52368 6.50912 151.425
33.6001 73.0913 8.57317 6.52742 151.376
33.7001 73.041 8.6228 6.54572 151.326
33.8001 72.9907 8.67255 6.564 151.277
33.9001 72.9405 8.72244 6.58227 151.227
34.0001 72.8902 8.77245 6.60054 151.177
34.1001 72.8399 8.82259 6.61879 151.127
34.2001 72.7896 8.87287 6.63703 151.076
34.3 72.7393 8.92327 6.65527 151.026
34.4 72.689 8.9738 6.67349 150.975
34.5 72.6388 9.02446 6.6917 150.925
34.6 72.5885 9.07525 6.7099 150.874
34.7 72.5382 9.12617 6.72809 150.823
34.8 72.4879 9.17721 6.74627 150.772
34.9 72.4376 9.22839 6.76444 150.721
35 72.3874 9.27969 6.7826 150.669
35.1 72.3371 9.33112 6.80075 150.618
35.2 72.2868 9.38268 6.81888 150.566
35.3 72.2365 9.43436 6.83701 150.515
35.4 72.1863 9.48618 6.85512 150.463
35.5 72.136 9.53812 6.87323 150.411
35.6 72.0857 9.59019 6.89132 150.359
35.7 72.0354 9.64238 6.9094 150.307
35.8 71.9851 9.69471 6.92747 150.254
35.9 71.9349 9.74715 6.94553 150.202
36 71.8846 9.79973 6.96358 150.149
36.1 71.8343 9.85243 6.98162 150.097
36.2 71.784 9.90526 6.99965 150.044
36.3 71.7338 9.95822 7.01766 149.991
36.4 71.6835 10.0113 7.03567 149.938
36.5 71.6332 10.0645 7.05366 149.885
36.6 71.5829 10.1178 7.07164 149.831
36.7 71.5327 10.1713 7.08961 149.778
36.8 71.4824 10.2249 7.10757 149.724
36.9 71.4321 10.2786 7.12552 149.671
37 71.3818 10.3324 7.14346 149.617
37.1 71.3316 10.3864 7.16138 149.563
37.2 71.2813 10.4405 7.1793 149.509
37.3 71.231 10.4947 7.1972 149.454
37.4 71.1808 10.549 7.21509 149.4
37.5 71.1305 10.6035 7.23297 149.346
37.6 71.0802 10.658 7.25084 149.291
37.7 71.0299 10.7127 7.26869 149.236
37.8 70.9797 10.7676 7.28654 149.182
37.9 70.9294 10.8225 7.30437 149.127
38 70.8791 10.8776 7.32219 149.072
38.1 70.8289 10.9328 7.34 149.016
38.2 70.7786 10.9881 7.3578 148.961
38.3 70.7283 11.0435 7.37558 148.906
38.4 70.6781 11.0991 7.39336 148.85
38.5 70.6278 11.1548 7.41112 148.794
38.6 70.5775 11.2106 7.42887 148.739
38.7 70.5273 11.2665 7.4466 148.683
38.8 70.477 11.3226 7.46433 148.627
38.9 70.4267 11.3788 7.48204 148.57
39 70.3765 11.4351 7.49974 148.514
39.1 70.3262 11.4915 7.51743 148.458
39.2 70.2759 11.548 7.53511 148.401
39.3 70.2257 11.6047 7.55278 148.344
39.4 70.1754 11.6615 7.57043 148.288
39.5 70.1251 11.7184 7.58807 148.231
39.6 70.0749 11.7754 7.6057 148.174
39.7 70.0246 11.8325 7.62331 148.117
39.8 69.9744 11.8898 7.64092 148.059
39.9 69.9241 11.9472 7.65851 148.002
40 69.8738 12.0047 7.67608 147.944
40.1 69.8236 12.0623 7.69365 147.887
40.2 69.7733 12.1201 7.7112 147.829
40.3 69.7231 12.1779 7.72874 147.771
40.4 69.6728 12.2359 7.74627 147.713
40.5 69.6225 12.294 7.76379 147.655
40.6 69.5723 12.3522 7.78129 147.597
40.7 69.522 12.4106 7.79878 147.539
40.7999 69.4718 12.469 7.81626 147.48
40.8999 69.4215 12.5276 7.83372 147.422
40.9999 69.3712 12.5863 7.85117 147.363
41.0999 69.321 12.6451 7.86861 147.304
41.1999 69.2707 12.7041 7.88604 147.245
41.2999 69.2205 12.7631 7.90345 147.186
41.3999 69.1702 12.8223 7.92085 147.127
41.4999 69.12 12.8815 7.93824 147.068
41.5999 69.0697 12.9409 7.95561 147.008
41.6999 69.0195 13.0005 7.97297 146.949
41.7999 68.9692 13.0601 7.99032 146.889
41.8999 68.9189 13.1198 8.00766 146.829
41.9999 68.8687 13.1797 8.02498 146.769
42.0999 68.8184 13.2397 8.04229 146.709
42.1999 68.7682 13.2998 8.05958 146.649
42.2999 68.7179 13.36 8.07686 146.589
42.3999 68.6677 13.4203 8.09413 146.529
42.4999 68.6174 13.4808 8.11139 146.468
42.5999 68.5672 13.5413 8.12863 146.408
42.6999 68.5169 13.602 8.14586 146.347
42.7999 68.4667 13.6628 8.16307 146.286
42.8999 68.4164 13.7237 8.18027 146.225
42.9999 68.3662 13.7847 8.19746 146.164
43.0999 68.3159 13.8459 8.21463 146.103
43.1999 68.2657 13.9071 8.2318 146.042
43.2999 68.2154 13.9685 8.24894 145.981
43.3999 68.1652 14.0299 8.26608 145.919
43.4999 68.1149 14.0915 8.28319 145.858
43.5999 68.0647 14.1532 8.3003 145.796
43.6999 68.0144 14.215 8.31739 145.734
43.7999 67.9642 14.277 8.33447 145.672
43.8999 67.914 14.339 8.35153 145.61
43.9999 67.8637 14.4012 8.36858 145.548
44.0999 67.8135 14.4634 8.38562 145.486
44.1999 67.7632 14.5258 8.40264 145.423
44.2999 67.713 14.5883 8.41965 145.361
44.3999 67.6627 14.6509 8.43665 145.298
44.4999 67.6125 14.7136 8.45363 145.236
44.5999 67.5622 14.7764 8.47059 145.173
44.6999 67.512 14.8394 8.48754 145.11
44.7999 67.4618 14.9024 8.50448 145.047
44.8999 67.4115 14.9656 8.5214 144.984
44.9999 67.3613 15.0289 8.53831 144.92
45.0999 67.311 15.0922 8.55521 144.857
45.1999 67.2608 15.1557 8.57209 144.793
45.2999 67.2106 15.2193 8.58895 144.73
45.3999 67.1603 15.283 8.6058 144.666
45.4999 67.1101 15.3469 8.62264 144.602
45.5999 67.0598 15.4108 8.63946 144.538
45.6999 67.0096 15.4748 8.65627 144.474
45.7999 66.9594 15.539 8.67307 144.41
45.8999 66.9091 15.6032 8.68984 144.346
45.9999 66.8589 15.6676 8.70661 144.282
46.0999 66.8087 15.7321 8.72336 144.217
46.1999 66.7584 15.7967 8.74009 144.152
46.2999 66.7082 15.8614 8.75681 144.088
46.3999 66.6579 15.9262 8.77352 144.023
46.4999 66.6077 15.9911 8.79021 143.958
46.5999 66.5575 16.0561 8.80688 143.893
46.6999 66.5072 16.1212 8.82354 143.828
46.7999 66.457 16.1864 8.84019 143.763
46.8999 66.4068 16.2518 8.85682 143.697
46.9999 66.3565 16.3172 8.87343 143.632
47.0999 66.3063 16.3828 8.89003 143.566
47.1999 66.2561 16.4484 8.90662 143.501
47.2999 66.2059 16.5142 8.92319 143.435
47.3998 66.1556 16.58 8.93974 143.369
47.4998 66.1054 16.646 8.95628 143.303
47.5998 66.0552 16.7121 8.9728 143.237
47.6998 66.0049 16.7783 8.98931 143.171
47.7998 65.9547 16.8446 9.00581 143.105
47.8998 65.9045 16.911 9.02228 143.038
47.9998 65.8542 16.9775 9.03875 142.972
48.0998 65.804 17.0441 9.05519 142.905
48.1998 65.7538 17.1108 9.07163 142.838
48.2998 65.7036 17.1776 9.08804 142.772
48.3998 65.6533 17.2445 9.10444 142.705
48.4998 65.6031 17.3115 9.12083 142.638
48.5998 65.5529 17.3786 9.1372 142.57
48.6998 65.5027 17.4459 9.15355 142.503
48.7998 65.4524 17.5132 9.16989 142.436
48.8998 65.4022 17.5806 9.18621 142.369
48.9998 65.352 17.6482 9.20251 142.301
49.0998 65.3018 17.7158 9.2188 142.233
49.1998 65.2515 17.7836 9.23508 142.166
49.2998 65.2013 17.8514 9.25134 142.098
49.3998 65.1511 17.9193 9.26758 142.03
49.4998 65.1009 17.9874 9.28381 141.962
49.5998 65.0507 18.0555 9.30002 141.894
49.6998 65.0004 18.1238 9.31621 141.825
49.7998 64.9502 18.1921 9.33239 141.757
49.8998 64.9 18.2606 9.34855 141.689
49.9998 64.8498 18.3291 9.3647 141.62
50.0998 64.7996 18.3978 9.38082 141.551
50.1998 64.7493 18.4666 9.39694 141.483
50.2998 64.6991 18.5354 9.41303 141.414
50.3998 64.6489 18.6044 9.42911 141.345
50.4998 64.5987 18.6734 9.44518 141.276
50.5998 64.5485 18.7426 9.46123 141.207
50.6998 64.4983 18.8118 9.47726 141.137
50.7998 64.448 18.8812 9.49327 141.068
50.8998 64.3978 18.9506 9.50927 140.999
50.9998 64.3476 19.0202 9.52525 140.929
51.0998 64.2974 19.0898 9.54121 140.859
51.1998 64.2472 19.1596 9.55716 140.79
51.2998 64.197 19.2294 9.57309 140.72
51.3998 64.1468 19.2993 9.58901 140.65
51.4998 64.0966 19.3694 9.6049 140.58
51.5998 64.0463 19.4395 9.62078 140.51
51.6998 63.9961 19.5097 9.63665 140.439
51.7998 63.9459 19.5801 9.6525 140.369
51.8998 63.8957 19.6505 9.66832 140.299
51.9998 63.8455 19.721 9.68414 140.228
52.0998 63.7953 19.7916 9.69993 140.158
52.1998 63.7451 19.8624 9.71571 140.087
52.2998 63.6949 19.9332 9.73147 140.016
52.3998 63.6447 20.0041 9.74722 139.945
52.4998 63.5945 20.0751 9.76294 139.874
52.5998 63.5443 20.1462 9.77865 139.803
52.6998 63.494 20.2174 9.79435 139.732
52.7998 63.4438 20.2886 9.81002 139.661
52.8998 63.3936 20.36 9.82568 139.589
52.9998 63.3434 20.4315 9.84132 139.518
53.0998 63.2932 20.5031 9.85694 139.446
53.1998 63.243 20.5747 9.87255 139.374
53.2998 63.1928 20.6465 9.88814 139.303
53.3998 63.1426 20.7183 9.90371 139.231
53.4998 63.0924 20.7903 9.91926 139.159
53.5998 63.0422 20.8623 9.93479 139.087
53.6998 62.992 20.9344 9.95031 139.015
53.7998 62.9418 21.0067 9.96581 138.942
53.8997 62.8916 21.079 9.98129 138.87
53.9997 62.8414 21.1514 9.99675 138.798
54.0997 62.7912 21.2239 10.0122 138.725
54.1997 62.741 21.2965 10.0276 138.653
54.2997 62.6908 21.3691 10.043 138.58
54.3997 62.6406 21.4419 10.0584 138.507
54.4997 62.5904 21.5148 10.0738 138.434
54.5997 62.5402 21.5877 10.0892 138.361
54.6997 62.49 21.6608 10.1045 138.288
54.7997 62.4398 21.7339 10.1198 138.215
54.8997 62.3896 21.8071 10.1351 138.142
54.9997 62.3394 21.8804 10.1504 138.069
55.0997 62.2892 21.9539 10.1657 137.995
55.1997 62.2391 22.0273 10.1809 137.922
55.2997 62.1889 22.1009 10.1961 137.848
55.3997 62.1387 22.1746 10.2113 137.775
55.4997 62.0885 22.2484 10.2265 137.701
55.5997 62.0383 22.3222 10.2417 137.627
55.6997 61.9881 22.3961 10.2569 137.553
55.7997 61.9379 22.4702 10.272 137.479
55.8997 61.8877 22.5443 10.2871 137.405
55.9997 61.8375 22.6185 10.3022 137.331
56.0997 61.7873 22.6928 10.3173 137.256
56.1997 61.7371 22.7671 10.3324 137.182
56.2997 61.6869 22.8416 10.3474 137.108
56.3997 61.6368 22.9162 10.3624 137.033
56.4997 61.5866 22.9908 10.3774 136.958
56.5997 61.5364 23.0655 10.3924 136.884
56.6997 61.4862 23.1403 10.4074 136.809
56.7997 61.436 23.2152 10.4223 136.734
56.8997 61.3858 23.2902 10.4373 136.659
56.9997 61.3356 23.3653 10.4522 136.584
57.0997 61.2855 23.4404 10.467 136.509
57.1997 61.2353 23.5156 10.4819 136.434
57.2997 61.1851 23.591 10.4968 136.358
57.3997 61.1349 23.6664 10.5116 136.283
57.4997 61.0847 23.7418 10.5264 136.207
57.5997 61.0345 23.8174 10.5412 136.132
57.6997 60.9844 23.8931 10.556 136.056
57.7997 60.9342 23.9688 10.5707 135.98
57.8997 60.884 24.0446 10.5855 135.905
57.9997 60.8338 24.1205 10.6002 135.829
58.0997 60.7836 24.1965 10.6149 135.753
58.1997 60.7335 24.2726 10.6296 135.677
58.2997 60.6833 24.3488 10.6442 135.6
58.3997 60.6331 24.425 10.6589 135.524
58.4997 60.5829 24.5013 10.6735 135.448
58.5997 60.5327 24.5777 10.6881 135.371
58.6997 60.4826 24.6542 10.7026 135.295
58.7997 60.4324 24.7307 10.7172 135.218
58.8997 60.3822 24.8074 10.7317 135.142
58.9997 60.332 24.8841 10.7463 135.065
59.0997 60.2819 24.9609 10.7608 134.988
59.1997 60.2317 25.0378 10.7752 134.911
59.2997 60.1815 25.1148 10.7897 134.834
59.3997 60.1314 25.1918 10.8041 134.757
59.4997 60.0812 25.2689 10.8185 134.68
59.5997 60.031 25.3461 10.8329 134.603
59.6997 59.9808 25.4234 10.8473 134.526
59.7997 59.9307 25.5008 10.8617 134.448
59.8997 59.8805 25.5782 10.876 134.371
59.9997 59.8303 25.6557 10.8903 134.293
60.0997 59.7802 25.7333 10.9046 134.216
60.1997 59.73 25.811 10.9189 134.138
60.2997 59.6798 25.8888 10.9331 134.06
60.3997 59.6297 25.9666 10.9474 133.983
60.4996 59.5795 26.0445 10.9616 133.905
60.5996 59.5293 26.1225 10.9758 133.827
60.6996 59.4792 26.2005 10.99 133.749
60.7996 59.429 26.2787 11.0041 133.67
60.8996 59.3788 26.3569 11.0182 133.592
60.9996 59.3287 26.4352 11.0323 133.514
61.0996 59.2785 26.5135 11.0464 133.436
61.1996 59.2283 26.592 11.0605 133.357
61.2996 59.1782 26.6705 11.0745 133.279
61.3996 59.128 26.7491 11.0886 133.2
61.4996 59.0778 26.8277 11.1026 133.121
61.5996 59.0277 26.9065 11.1166 133.043
61.6996 58.9775 26.9853 11.1305 132.964
61.7996 58.9274 27.0642 11.1445 132.885
61.8996 58.8772 27.1431 11.1584 132.806
61.9996 58.827 27.2222 11.1723 132.727
62.0996 58.7769 27.3013 11.1862 132.648
62.1996 58.7267 27.3805 11.2 132.569
62.2996 58.6766 27.4597 11.2138 132.489
62.3996 58.6264 27.539 11.2277 132.41
62.4996 58.5763 27.6184 11.2414 132.331
62.5996 58.5261 27.6979 11.2552 132.251
62.6996 58.4759 27.7775 11.269 132.172
62.7996 58.4258 27.8571 11.2827 132.092
62.8996 58.3756 27.9368 11.2964 132.012
62.9996 58.3255 28.0165 11.3101 131.933
63.0996 58.2753 28.0964 11.3237 131.853
63.1996 58.2252 28.1763 11.3374 131.773
63.2996 58.175 28.2562 11.351 131.693
63.3996 58.1249 28.3363 11.3646 131.613
63.4996 58.0747 28.4164 11.3782 131.533
63.5996 58.0246 28.4966 11.3917 131.453
63.6996 57.9744 28.5768 11.4052 131.372
63.7996 57.9243 28.6571 11.4187 131.292
63.8996 57.8741 28.7375 11.4322 131.212
63.9996 57.824 28.818 11.4457 131.131
64.0996 57.7738 28.8985 11.4591 131.051
64.1996 57.7237 28.9791 11.4725 130.97
64.2996 57.6735 29.0598 11.4859 130.889
64.3996 57.6234 29.1405 11.4993 130.809
64.4996 57.5732 29.2213 11.5127 130.728
64.5996 57.5231 29.3021 11.526 130.647
64.6996 57.4729 29.3831 11.5393 130.566
64.7996 57.4228 29.4641 11.5526 130.485
64.8996 57.3727 29.5451 11.5658 130.404
64.9996 57.3225 29.6263 11.5791 130.323
65.0996 57.2724 29.7075 11.5923 130.242
65.1996 57.2222 29.7887 11.6055 130.16
65.2996 57.1721 29.8701 11.6187 130.079
65.3996 57.1219 29.9514 11.6318 129.998
65.4996 57.0718 30.0329 11.6449 129.916
65.5996 57.0217 30.1144 11.658 129.835
65.6996 56.9715 30.196 11.6711 129.753
65.7996 56.9214 30.2777 11.6841 129.671
65.8996 56.8712 30.3594 11.6972 129.59
65.9996 56.8211 30.4412 11.7102 129.508
66.0996 56.771 30.523 11.7232 129.426
66.1996 56.7208 30.6049 11.7361 129.344
66.2996 56.6707 30.6869 11.7491 129.262
66.3996 56.6206 30.7689 11.762 129.18
66.4996 56.5704 30.851 11.7749 129.098
66.5996 56.5203 30.9332 11.7877 129.016
66.6996 56.4702 31.0154 11.8006 128.934
66.7996 56.42 31.0977 11.8134 128.851
66.8996 56.3699 31.18 11.8262 128.769
66.9995 56.3198 31.2624 11.839 128.687
67.0995 56.2696 31.3449 11.8517 128.604
67.1995 56.2195 31.4274 11.8645 128.522
67.2995 56.1694 31.51 11.8772 128.439
67.3995 56.1192 31.5927 11.8898 128.356
67.4995 56.0691 31.6754 11.9025 128.274
67.5995 56.019 31.7581 11.9151 128.191
67.6995 55.9689 31.841 11.9277 128.108
67.7995 55.9187 31.9238 11.9403 128.025
67.8995 55.8686 32.0068 11.9529 127.942
67.9995 55.8185 32.0898 11.9654 127.859
68.0995 55.7683 32.1729 11.9779 127.776
68.1995 55.7182 32.256 11.9904 127.693
68.2995 55.6681 32.3392 12.0029 127.61
68.3995 55.618 32.4224 12.0153 127.527
68.4995 55.5678 32.5057 12.0277 127.443
68.5995 55.5177 32.589 12.0401 127.36
68.6995 55.4676 32.6725 12.0525 127.277
68.7995 55.4175 32.7559 12.0648 127.193
68.8995 55.3674 32.8394 12.0771 127.11
68.9995 55.3172 32.923 12.0894 127.026
69.0995 55.2671 33.0067 12.1017 126.942
69.1995 55.217 33.0903 12.1139 126.859
69.2995 55.1669 33.1741 12.1261 126.775
69.3995 55.1168 33.2579 12.1383 126.691
69.4995 55.0666 33.3417 12.1505 126.607
69.5995 55.0165 33.4257 12.1626 126.523
69.6995 54.9664 33.5096 12.1747 126.44
69.7995 54.9163 33.5936 12.1868 126.356
69.8995 54.8662 33.6777 12.1989 126.271
69.9995 54.8161 33.7618 12.2109 126.187
70.0995 54.7659 33.846 12.223 126.103
70.1995 54.7158 33.9303 12.2349 126.019
70.2995 54.6657 34.0145 12.2469 125.935
70.3995 54.6156 34.0989 12.2589 125.85
70.4995 54.5655 34.1833 12.2708 125.766
70.5995 54.5154 34.2677 12.2827 125.681
70.6995 54.4653 34.3522 12.2945 125.597
70.7995 54.4151 34.4368 12.3064 125.512
70.8995 54.365 34.5214 12.3182 125.428
70.9995 54.3149 34.606 12.33 125.343
71.0995 54.2648 34.6907 12.3417 125.258
71.1995 54.2147 34.7755 12.3535 125.174
71.2995 54.1646 34.8603 12.3652 125.089
71.3995 54.1145 34.9451 12.3769 125.004
71.4995 54.0644 35.03 12.3885 124.919
71.5995 54.0143 35.115 12.4001 124.834
71.6995 53.9642 35.2 12.4117 124.749
71.7995 53.9141 35.285 12.4233 124.664
71.8995 53.864 35.3701 12.4349 124.579
71.9995 53.8139 35.4553 12.4464 124.494
72.0995 53.7638 35.5405 12.4579 124.409
72.1995 53.7137 35.6257 12.4694 124.323
72.2995 53.6636 35.711 12.4808 124.238
72.3995 53.6135 35.7963 12.4923 124.153
72.4995 53.5634 35.8817 12.5037 124.067
72.5995 53.5132 35.9672 12.515 123.982
72.6995 53.4631 36.0526 12.5264 123.897
72.7995 53.413 36.1382 12.5377 123.811
72.8995 53.363 36.2237 12.549 123.725
72.9995 53.3129 36.3094 12.5602 123.64
73.0995 53.2628 36.395 12.5715 123.554
73.1995 53.2127 36.4807 12.5827 123.468
73.2995 53.1626 36.5665 12.5939 123.383
73.3995 53.1125 36.6523 12.605 123.297
73.4995 53.0624 36.7381 12.6162 123.211
73.5994 53.0123 36.824 12.6273 123.125
73.6994 52.9622 36.91 12.6383 123.039
73.7994 52.9121 36.9959 12.6494 122.953
73.8994 52.862 37.0819 12.6604 122.867
73.9994 52.8119 37.168 12.6714 122.781
74.0994 52.7618 37.2541 12.6824 122.695
74.1994 52.7117 37.3403 12.6933 122.609
74.2994 52.6616 37.4265 12.7042 122.523
74.3994 52.6115 37.5127 12.7151 122.436
74.4994 52.5614 37.599 12.726 122.35
74.5994 52.5114 37.6853 12.7368 122.264
74.6994 52.4613 37.7717 12.7476 122.177
74.7994 52.4112 37.8581 12.7584 122.091
74.8994 52.3611 37.9445 12.7691 122.005
74.9994 52.311 38.031 12.7799 121.918
75.0994 52.2609 38.1175 12.7906 121.832
75.1994 52.2108 38.2041 12.8012 121.745
75.2994 52.1607 38.2907 12.8119 121.658
75.3994 52.1107 38.3773 12.8225 121.572
75.4994 52.0606 38.464 12.8331 121.485
75.5994 52.0105 38.5507 12.8436 121.398
75.6994 51.9604 38.6375 12.8541 121.312
75.7994 51.9103 38.7243 12.8646 121.225
75.8994 51.8602 38.8111 12.8751 121.138
75.9994 51.8102 38.898 12.8855 121.051
76.0994 51.7601 38.9849 12.896 120.964
76.1994 51.71 39.0719 12.9063 120.877
76.2994 51.6599 39.1588 12.9167 120.79
76.3994 51.6098 39.2459 12.927 120.703
76.4994 51.5598 39.3329 12.9373 120.616
76.5994 51.5097 39.42 12.9476 120.529
76.6994 51.4596 39.5072 12.9578 120.442
76.7994 51.4095 39.5943 12.9681 120.355
76.8994 51.3595 39.6815 12.9782 120.268
76.9994 51.3094 39.7688 12.9884 120.18
77.0994 51.2593 39.8561 12.9985 120.093
77.1994 51.2092 39.9434 13.0086 120.006
77.2994 51.1592 40.0307 13.0187 119.918
77.3994 51.1091 40.1181 13.0287 119.831
77.4994 51.059 40.2055 13.0387 119.744
77.5994 51.0089 40.293 13.0487 119.656
77.6994 50.9589 40.3804 13.0587 119.569
77.7994 50.9088 40.468 13.0686 119.481
77.8994 50.8587 40.5555 13.0785 119.394
77.9994 50.8087 40.6431 13.0884 119.306
78.0994 50.7586 40.7307 13.0982 119.218
78.1994 50.7085 40.8183 13.108 119.131
78.2994 50.6585 40.906 13.1178 119.043
78.3994 50.6084 40.9937 13.1275 118.955
78.4994 50.5583 41.0815 13.1373 118.868
78.5994 50.5083 41.1693 13.147 118.78
78.6994 50.4582 41.2571 13.1566 118.692
78.7994 50.4081 41.3449 13.1662 118.604
78.8994 50.3581 41.4328 13.1758 118.516
78.9994 50.308 41.5206 13.1854 118.428
79.0994 50.2579 41.6086 13.195 118.341
79.1994 50.2079 41.6965 13.2045 118.253
79.2994 50.1578 41.7845 13.2139 118.165
79.3994 50.1078 41.8725 13.2234 118.077
79.4994 50.0577 41.9606 13.2328 117.989
79.5994 50.0076 42.0486 13.2422 117.901
79.6994 49.9576 42.1367 13.2516 117.812
79.7994 49.9075 42.2249 13.2609 117.724
79.8994 49.8575 42.313 13.2702 117.636
79.9994 49.8074 42.4012 13.2795 117.548
80.0993 49.7573 42.4894 13.2887 117.46
80.1993 49.7073 42.5776 13.2979 117.372
80.2993 49.6572 42.6659 13.3071 117.283
80.3993 49.6072 42.7542 13.3162 117.195
80.4993 49.5571 42.8425 13.3254 117.107
80.5993 49.5071 42.9308 13.3344 117.018
80.6993 49.457 43.0192 13.3435 116.93
80.7993 49.407 43.1076 13.3525 116.842
80.8993 49.3569 43.196 13.3615 116.753
80.9993 49.3069 43.2844 13.3705 116.665
81.0993 49.2568 43.3729 13.3794 116.576
81.1993 49.2068 43.4614 13.3883 116.488
81.2993 49.1567 43.5499 13.3972 116.399
81.3993 49.1067 43.6384 13.406 116.311
81.4993 49.0566 43.727 13.4148 116.222
81.5993 49.0066 43.8156 13.4236 116.134
81.6993 48.9565 43.9042 13.4324 116.045
81.7993 48.9065 43.9928 13.4411 115.956
81.8993 48.8564 44.0815 13.4498 115.868
81.9993 48.8064 44.1701 13.4584 115.779
82.0993 48.7563 44.2588 13.467 115.69
82.1993 48.7063 44.3476 13.4756 115.602
82.2993 48.6562 44.4363 13.4842 115.513
82.3993 48.6062 44.525 13.4927 115.424
82.4993 48.5561 44.6138 13.5012 115.335
82.5993 48.5061 44.7026 13.5096 115.247
82.6993 48.4561 44.7914 13.5181 115.158
82.7993 48.406 44.8803 13.5265 115.069
82.8993 48.356 44.9691 13.5348 114.98
82.9993 48.3059 45.058 13.5432 114.891
83.0993 48.2559 45.1469 13.5515 114.802
83.1993 48.2059 45.2358 13.5597 114.713
83.2993 48.1558 45.3248 13.568 114.624
83.3993 48.1058 45.4137 13.5762 114.535
83.4993 48.0557 45.5027 13.5844 114.446
83.5993 48.0057 45.5917 13.5925 114.357
83.6993 47.9557 45.6807 13.6006 114.268
83.7993 47.9056 45.7697 13.6087 114.179
83.8993 47.8556 45.8587 13.6167 114.09
83.9993 47.8056 45.9478 13.6247 114.001
84.0993 47.7555 46.0369 13.6327 113.912
84.1993 47.7055 46.126 13.6406 113.823
84.2993 47.6555 46.2151 13.6486 113.734
84.3993 47.6054 46.3042 13.6564 113.645
84.4993 47.5554 46.3933 13.6643 113.556
84.5993 47.5054 46.4825 13.6721 113.467
84.6993 47.4553 46.5716 13.6799 113.378
84.7993 47.4053 46.6608 13.6876 113.288
84.8993 47.3553 46.75 13.6953 113.199
84.9993 47.3053 46.8392 13.703 113.11
85.0993 47.2552 46.9284 13.7107 113.021
85.1993 47.2052 47.0177 13.7183 112.931
85.2993 47.1552 47.1069 13.7259 112.842
85.3993 47.1052 47.1962 13.7334 112.753
85.4993 47.0551 47.2854 13.7409 112.664
85.5993 47.0051 47.3747 13.7484 112.574
85.6993 46.9551 47.464 13.7558 112.485
85.7993 46.9051 47.5533 13.7633 112.396
85.8993 46.855 47.6427 13.7706 112.306
85.9993 46.805 47.732 13.778 112.217
86.0993 46.755 47.8213 13.7853 112.128
86.1993 46.705 47.9107 13.7926 112.038
86.2993 46.655 48 13.7998 111.949
86.3993 46.6049 48.0894 13.807 111.86
86.4993 46.5549 48.1788 13.8142 111.77
86.5993 46.5049 48.2682 13.8213 111.681
86.6992 46.4549 48.3576 13.8285 111.592
86.7992 46.4049 48.447 13.8355 111.502
86.8992 46.3548 48.5364 13.8426 111.413
86.9992 46.3048 48.6259 13.8496 111.323
87.0992 46.2548 48.7153 13.8565 111.234
87.1992 46.2048 48.8047 13.8635 111.144
87.2992 46.1548 48.8942 13.8704 111.055
87.3992 46.1048 48.9836 13.8772 110.965
87.4992 46.0548 49.0731 13.8841 110.876
87.5992 46.0047 49.1626 13.8909 110.787
87.6992 45.9547 49.2521 13.8976 110.697
87.7992 45.9047 49.3416 13.9044 110.608
87.8992 45.8547 49.431 13.9111 110.518
87.9992 45.8047 49.5205 13.9177 110.429
88.0992 45.7547 49.61 13.9243 110.339
88.1992 45.7047 49.6996 13.9309 110.25
88.2992 45.6547 49.7891 13.9375 110.16
88.3992 45.6047 49.8786 13.944 110.071
88.4992 45.5547 49.9681 13.9505 109.981
88.5992 45.5046 50.0576 13.9569 109.892
88.6992 45.4546 50.1472 13.9633 109.802
88.7992 45.4046 50.2367 13.9697 109.712
88.8992 45.3546 50.3262 13.9761 109.623
88.9992 45.3046 50.4158 13.9824 109.533
89.0992 45.2546 50.5053 13.9886 109.444
89.1992 45.2046 50.5949 13.9949 109.354
89.2992 45.1546 50.6844 14.0011 109.265
89.3992 45.1046 50.774 14.0072 109.175
89.4992 45.0546 50.8635 14.0134 109.086
89.5992 45.0046 50.9531 14.0194 108.996
89.6992 44.9546 51.0426 14.0255 108.907
89.7992 44.9046 51.1322 14.0315 108.817
89.8992 44.8546 51.2217 14.0375 108.727
89.9992 44.8046 51.3113 14.0434 108.638
90.0992 44.7546 51.4008 14.0494 108.548
90.1992 44.7046 51.4904 14.0552 108.459
90.2992 44.6546 51.5799 14.0611 108.369
90.3992 44.6046 51.6695 14.0669 108.28
90.4992 44.5546 51.759 14.0726 108.19
90.5992 44.5046 51.8486 14.0784 108.101
90.6992 44.4546 51.9381 14.0841 108.011
90.7992 44.4046 52.0277 14.0897 107.921
90.8992 44.3547 52.1172 14.0953 107.832
90.9992 44.3047 52.2068 14.1009 107.742
91.0992 44.2547 52.2963 14.1065 107.653
91.1992 44.2047 52.3859 14.112 107.563
91.2992 44.1547 52.4754 14.1174 107.474
91.3992 44.1047 52.5649 14.1229 107.384
91.4992 44.0547 52.6544 14.1283 107.295
91.5992 44.0047 52.744 14.1336 107.205
91.6992 43.9547 52.8335 14.139 107.116
91.7992 43.9047 52.923 14.1442 107.026
91.8992 43.8548 53.0125 14.1495 106.937
91.9992 43.8048 53.102 14.1547 106.847
92.0992 43.7548 53.1915 14.1599 106.758
92.1992 43.7048 53.281 14.165 106.668
92.2992 43.6548 53.3705 14.1701 106.579
92.3992 43.6048 53.46 14.1752 106.489
92.4992 43.5548 53.5494 14.1802 106.4
92.5992 43.5049 53.6389 14.1852 106.31
92.6992 43.4549 53.7284 14.1901 106.221
92.7992 43.4049 53.8178 14.1951 106.131
92.8992 43.3549 53.9073 14.1999 106.042
92.9992 43.3049 53.9967 14.2048 105.952
93.0992 43.255 54.0861 14.2096 105.863
93.1992 43.205 54.1755 14.2143 105.774
93.2991 43.155 54.265 14.219 105.684
93.3991 43.105 54.3544 14.2237 105.595
93.4991 43.055 54.4438 14.2284 105.505
93.5991 43.0051 54.5331 14.233 105.416
93.6991 42.9551 54.6225 14.2375 105.327
93.7991 42.9051 54.7119 14.2421 105.237
93.8991 42.8551 54.8012 14.2466 105.148
93.9991 42.8052 54.8906 14.251 105.059
94.0991 42.7552 54.9799 14.2554 104.969
94.1991 42.7052 55.0692 14.2598 104.88
94.2991 42.6552 55.1585 14.2641 104.791
94.3991 42.6053 55.2478 14.2684 104.701
94.4991 42.5553 55.3371 14.2727 104.612
94.5991 42.5053 55.4264 14.2769 104.523
94.6991 42.4554 55.5156 14.2811 104.434
94.7991 42.4054 55.6049 14.2852 104.344
94.8991 42.3554 55.6941 14.2893 104.255
94.9991 42.3055 55.7833 14.2934 104.166
95.0991 42.2555 55.8726 14.2974 104.077
95.1991 42.2055 55.9617 14.3014 103.987
95.2991 42.1556 56.0509 14.3054 103.898
95.3991 42.1056 56.1401 14.3093 103.809
95.4991 42.0556 56.2292 14.3131 103.72
95.5991 42.0057 56.3184 14.317 103.631
95.6991 41.9557 56.4075 14.3208 103.542
95.7991 41.9057 56.4966 14.3245 103.453
95.8991 41.8558 56.5857 14.3282 103.363
95.9991 41.8058 56.6748 14.3319 103.274
96.0991 41.7558 56.7638 14.3355 103.185
96.1991 41.7059 56.8529 14.3391 103.096
96.2991 41.6559 56.9419 14.3427 103.007
96.3991 41.606 57.0309 14.3462 102.918
96.4991 41.556 57.1199 14.3496 102.829
96.5991 41.506 57.2088 14.3531 102.74
96.6991 41.4561 57.2978 14.3564 102.651
96.7991 41.4061 57.3867 14.3598 102.562
96.8991 41.3562 57.4756 14.3631 102.473
96.9991 41.3062 57.5645 14.3664 102.385
97.0991 41.2563 57.6534 14.3696 102.296
97.1991 41.2063 57.7423 14.3728 102.207
97.2991 41.1563 57.8311 14.3759 102.118
97.3991 41.1064 57.9199 14.379 102.029
97.4991 41.0564 58.0087 14.3821 101.94
97.5991 41.0065 58.0975 14.3851 101.852
97.6991 40.9565 58.1863 14.3881 101.763
97.7991 40.9066 58.275 14.3911 101.674
97.8991 40.8566 58.3637 14.394 101.585
97.9991 40.8067 58.4524 14.3968 101.497
98.0991 40.7567 58.5411 14.3996 101.408
98.1991 40.7068 58.6297 14.4024 101.319
98.2991 40.6568 58.7184 14.4052 101.231
98.3991 40.6069 58.807 14.4078 101.142
98.4991 40.5569 58.8956 14.4105 101.054
98.5991 40.507 58.9841 14.4131 100.965
98.6991 40.457 59.0727 14.4157 100.876
98.7991 40.4071 59.1612 14.4182 100.788
98.8991 40.3571 59.2497 14.4207 100.699
98.9991 40.3072 59.3381 14.4232 100.611
99.0991 40.2573 59.4266 14.4256 100.523
99.1991 40.2073 59.515 14.4279 100.434
99.2991 40.1574 59.6034 14.4302 100.346
99.3991 40.1074 59.6917 14.4325 100.257
99.4991 40.0575 59.7801 14.4348 100.169
99.5991 40.0075 59.8684 14.437 100.081
99.6991 39.9576 59.9567 14.4391 99.9925
99.799 39.9077 60.0449 14.4412 99.9042
99.899 39.8577 60.1332 14.4433 99.816
99.999 39.8078 60.2214 14.4453 99.7278
100.099 39.7578 60.3096 14.4473 99.6396
100.199 39.7079 60.3977 14.4493 99.5514
100.299 39.658 60.4858 14.4512 99.4633
100.399 39.608 60.5739 14.453 99.3752
100.499 39.5581 60.662 14.4548 99.2871
100.599 39.5082 60.7501 14.4566 99.1991
100.699 39.4582 60.8381 14.4583 99.1111
100.799 39.4083 60.9261 14.46 99.0231
100.899 39.3584 61.014 14.4617 98.9351
100.999 39.3084 61.1019 14.4633 98.8472
101.099 39.2585 61.1898 14.4648 98.7593
101.199 39.2086 61.2777 14.4663 98.6715
101.299 39.1586 61.3655 14.4678 98.5836
101.399 39.1087 61.4533 14.4692 98.4958
101.499 39.0588 61.5411 14.4706 98.408
101.599 39.0088 61.6288 14.472 98.3203
101.699 38.9589 61.7166 14.4733 98.2326
101.799 38.909 61.8042 14.4745 98.1449
101.899 38.859 61.8919 14.4757 98.0573
101.999 38.8091 61.9795 14.4769 97.9697
102.099 38.7592 62.0671 14.478 97.8821
102.199 38.7093 62.1546 14.4791 97.7945
102.299 38.6593 62.2421 14.4802 97.707
102.399 38.6094 62.3296 14.4811 97.6195
102.499 38.5595 62.4171 14.4821 97.5321
102.599 38.5096 62.5045 14.483 97.4447
102.699 38.4596 62.5919 14.4839 97.3573
102.799 38.4097 62.6792 14.4847 97.2699
102.899 38.3598 62.7665 14.4855 97.1826
102.999 38.3099 62.8538 14.4862 97.0953
103.099 38.26 62.9411 14.4869 97.0081
103.199 38.21 63.0283 14.4875 96.9209
103.299 38.1601 63.1154 14.4881 96.8337
103.399 38.1102 63.2026 14.4887 96.7466
103.499 38.0603 63.2897 14.4892 96.6595
103.599 38.0104 63.3767 14.4897 96.5724
103.699 37.9604 63.4638 14.4901 96.4854
103.799 37.9105 63.5507 14.4905 96.3984
103.899 37.8606 63.6377 14.4908 96.3115
103.999 37.8107 63.7246 14.4911 96.2245
104.099 37.7608 63.8115 14.4913 96.1377
104.199 37.7109 63.8983 14.4915 96.0508
104.299 37.6609 63.9851 14.4917 95.964
104.399 37.611 64.0719 14.4918 95.8773
104.499 37.5611 64.1586 14.4918 95.7905
104.599 37.5112 64.2453 14.4918 95.7039
104.699 37.4613 64.3319 14.4918 95.6172
104.799 37.4114 64.4185 14.4917 95.5306
104.899 37.3615 64.5051 14.4916 95.444
104.999 37.3116 64.5916 14.4915 95.3575
105.099 37.2617 64.6781 14.4913 95.271
105.199 37.2117 64.7645 14.491 95.1846
105.299 37.1618 64.851 14.4907 95.0982
105.399 37.1119 64.9373 14.4904 95.0118
105.499 37.062 65.0236 14.49 94.9255
105.599 37.0121 65.1099 14.4895 94.8392
105.699 36.9622 65.1961 14.489 94.753
105.799 36.9123 65.2823 14.4885 94.6668
105.899 36.8624 65.3685 14.4879 94.5807
105.999 36.8125 65.4546 14.4873 94.4946
106.099 36.7626 65.5407 14.4867 94.4085
106.199 36.7127 65.6267 14.4859 94.3225
106.299 36.6628 65.7127 14.4852 94.2365
106.399 36.6129 65.7986 14.4844 94.1506
106.499 36.563 65.8845 14.4835 94.0647
106.599 36.5131 65.9703 14.4826 93.9788
106.699 36.4632 66.0561 14.4817 93.893
106.799 36.4133 66.1419 14.4807 93.8073
106.899 36.3634 66.2276 14.4797 93.7216
106.999 36.3135 66.3133 14.4786 93.6359
107.099 36.2636 66.3989 14.4774 93.5503
107.199 36.2137 66.4845 14.4763 93.4647
107.299 36.1638 66.57 14.475 93.3792
107.399 36.1139 66.6555 14.4738 93.2937
107.499 36.064 66.7409 14.4725 93.2083
107.599 36.0141 66.8263 14.4711 93.1229
107.699 35.9642 66.9116 14.4697 93.0375
107.799 35.9143 66.9969 14.4682 92.9522
107.899 35.8644 67.0822 14.4667 92.867
107.999 35.8145 67.1674 14.4652 92.7818
108.099 35.7646 67.2525 14.4636 92.6966
108.199 35.7147 67.3376 14.4619 92.6115
108.299 35.6649 67.4227 14.4602 92.5265
108.399 35.615 67.5077 14.4585 92.4415
108.499 35.5651 67.5926 14.4567 92.3565
108.599 35.5152 67.6775 14.4549 92.2716
108.699 35.4653 67.7624 14.453 92.1868
108.799 35.4154 67.8472 14.451 92.102
108.899 35.3655 67.9319 14.4491 92.0172
108.999 35.3156 68.0166 14.447 91.9325
109.099 35.2657 68.1013 14.445 91.8479
109.199 35.2159 68.1859 14.4428 91.7633
109.299 35.166 68.2704 14.4407 91.6787
109.399 35.1161 68.3549 14.4384 91.5942
109.499 35.0662 68.4394 14.4362 91.5098
109.599 35.0163 68.5238 14.4339 91.4254
109.699 34.9664 68.6081 14.4315 91.3411
109.799 34.9166 68.6924 14.4291 91.2568
109.899 34.8667 68.7766 14.4266 91.1725
109.999 34.8168 68.8608 14.4241 91.0883
110.099 34.7669 68.9449 14.4216 91.0042
110.199 34.717 69.029 14.419 90.9201
110.299 34.6671 69.113 14.4163 90.8361
110.399 34.6173 69.197 14.4136 90.7522
110.499 34.5674 69.2809 14.4108 90.6682
110.599 34.5175 69.3648 14.408 90.5844
110.699 34.4676 69.4486 14.4052 90.5006
110.799 34.4178 69.5323 14.4023 90.4168
110.899 34.3679 69.616 14.3994 90.3332
110.999 34.318 69.6996 14.3964 90.2495
111.099 34.2681 69.7832 14.3933 90.1659
111.199 34.2182 69.8667 14.3902 90.0824
111.299 34.1684 69.9502 14.3871 89.9989
111.399 34.1185 70.0336 14.3839 89.9155
111.499 34.0686 70.117 14.3806 89.8322
111.599 34.0188 70.2003 14.3774 89.7489
111.699 33.9689 70.2835 14.374 89.6657
111.799 33.919 70.3667 14.3706 89.5825
111.899 33.8691 70.4498 14.3672 89.4993
111.999 33.8193 70.5329 14.3637 89.4163
112.099 33.7694 70.6159 14.3602 89.3333
112.199 33.7195 70.6988 14.3566 89.2503
112.299 33.6697 70.7817 14.3529 89.1674
112.399 33.6198 70.8645 14.3493 89.0846
112.499 33.5699 70.9473 14.3455 89.0019
112.599 33.5201 71.03 14.3417 88.9191
112.699 33.4702 71.1127 14.3379 88.8365
112.799 33.4203 71.1952 14.334 88.7539
112.899 33.3705 71.2778 14.3301 88.6714
112.999 33.3206 71.3602 14.3261 88.5889
113.099 33.2707 71.4426 14.3221 88.5065
113.199 33.2209 71.525 14.318 88.4242
113.299 33.171 71.6073 14.3138 88.3419
113.399 33.1211 71.6895 14.3096 88.2597
113.499 33.0713 71.7717 14.3054 88.1775
113.599 33.0214 71.8537 14.3011 88.0954
113.699 32.9716 71.9358 14.2968 88.0134
113.799 32.9217 72.0178 14.2924 87.9314
113.899 32.8718 72.0997 14.2879 87.8495
113.999 32.822 72.1815 14.2835 87.7676
114.099 32.7721 72.2633 14.2789 87.6859
114.199 32.7223 72.345 14.2743 87.6041
114.299 32.6724 72.4267 14.2697 87.5225
114.399 32.6225 72.5082 14.265 87.4409
114.499 32.5727 72.5898 14.2602 87.3594
114.599 32.5228 72.6712 14.2554 87.2779
114.699 32.473 72.7526 14.2506 87.1965
114.799 32.4231 72.834 14.2457 87.1152
114.899 32.3733 72.9152 14.2408 87.0339
114.999 32.3234 72.9964 14.2358 86.9527
115.099 32.2735 73.0776 14.2307 86.8716
115.199 32.2237 73.1586 14.2256 86.7905
115.299 32.1738 73.2396 14.2204 86.7095
115.399 32.124 73.3205 14.2152 86.6286
115.499 32.0741 73.4014 14.21 86.5477
115.599 32.0243 73.4822 14.2047 86.4669
115.699 31.9744 73.5629 14.1993 86.3862
115.799 31.9246 73.6436 14.1939 86.3055
115.899 31.8747 73.7242 14.1884 86.2249
115.999 31.8249 73.8047 14.1829 86.1444
116.099 31.775 73.8852 14.1774 86.064
116.199 31.7252 73.9656 14.1717 85.9836
116.299 31.6753 74.0459 14.1661 85.9033
116.399 31.6255 74.1261 14.1604 85.823
116.499 31.5757 74.2063 14.1546 85.7428
116.599 31.5258 74.2864 14.1488 85.6627
116.699 31.476 74.3665 14.1429 85.5827
116.799 31.4261 74.4465 14.1369 85.5027
116.899 31.3763 74.5264 14.131 85.4228
116.999 31.3264 74.6062 14.1249 85.343
117.099 31.2766 74.6859 14.1188 85.2632
117.199 31.2267 74.7656 14.1127 85.1835
117.299 31.1769 74.8452 14.1065 85.1039
117.399 31.1271 74.9248 14.1003 85.0244
117.499 31.0772 75.0043 14.094 84.9449
117.599 31.0274 75.0837 14.0876 84.8655
117.699 30.9775 75.163 14.0812 84.7862
117.799 30.9277 75.2423 14.0748 84.7069
117.899 30.8779 75.3214 14.0682 84.6277
117.999 30.828 75.4005 14.0617 84.5486
118.099 30.7782 75.4796 14.0551 84.4696
118.199 30.7283 75.5585 14.0484 84.3906
118.299 30.6785 75.6374 14.0417 84.3117
118.399 30.6287 75.7162 14.0349 84.2329
118.499 30.5788 75.795 14.0281 84.1542
118.599 30.529 75.8737 14.0212 84.0755
118.699 30.4792 75.9522 14.0143 83.9969
118.799 30.4293 76.0308 14.0073 83.9184
118.899 30.3795 76.1092 14.0003 83.8399
118.999 30.3297 76.1876 13.9932 83.7616
119.099 30.2798 76.2659 13.986 83.6833
119.199 30.23 76.3441 13.9788 83.6051
119.299 30.1802 76.4222 13.9716 83.5269
119.399 30.1303 76.5003 13.9643 83.4489
119.499 30.0805 76.5783 13.9569 83.3709
119.599 30.0307 76.6562 13.9495 83.293
119.699 29.9808 76.734 13.942 83.2152
119.799 29.931 76.8117 13.9345 83.1374
119.899 29.8812 76.8894 13.9269 83.0597
119.999 29.8314 76.967 13.9193 82.9821
120.099 29.7815 77.0445 13.9116 82.9046
120.199 29.7317 77.122 13.9039 82.8272
120.299 29.6819 77.1993 13.8961 82.7498
120.399 29.6321 77.2766 13.8883 82.6725
120.499 29.5822 77.3538 13.8804 82.5953
120.599 29.5324 77.4309 13.8724 82.5182
120.699 29.4826 77.508 13.8644 82.4412
120.799 29.4328 77.585 13.8564 82.3642
120.899 29.3829 77.6618 13.8482 82.2873
120.999 29.3331 77.7386 13.8401 82.2105
121.099 29.2833 77.8154 13.8319 82.1338
121.199 29.2335 77.892 13.8236 82.0571
121.299 29.1836 77.9686 13.8153 81.9806
121.399 29.1338 78.0451 13.8069 81.9041
121.499 29.084 78.1215 13.7984 81.8277
121.599 29.0342 78.1978 13.7899 81.7514
121.699 28.9844 78.274 13.7814 81.6751
121.799 28.9345 78.3502 13.7728 81.599
121.899 28.8847 78.4262 13.7641 81.5229
121.999 28.8349 78.5022 13.7554 81.4469
122.099 28.7851 78.5781 13.7467 81.371
122.199 28.7353 78.654 13.7378 81.2952
122.299 28.6855 78.7297 13.729 81.2194
122.399 28.6356 78.8054 13.72 81.1438
122.499 28.5858 78.8809 13.711 81.0682
122.599 28.536 78.9564 13.702 80.9927
122.699 28.4862 79.0318 13.6929 80.9173
122.799 28.4364 79.1071 13.6838 80.842
122.899 28.3866 79.1824 13.6746 80.7668
122.999 28.3368 79.2575 13.6653 80.6916
123.099 28.2869 79.3326 13.656 80.6166
123.199 28.2371 79.4076 13.6466 80.5416
123.299 28.1873 79.4825 13.6372 80.4667
123.399 28.1375 79.5573 13.6277 80.3919
123.499 28.0877 79.632 13.6182 80.3171
123.599 28.0379 79.7066 13.6086 80.2425
123.699 27.9881 79.7812 13.5989 80.168
123.799 27.9383 79.8556 13.5892 80.0935
123.899 27.8885 79.93 13.5795 80.0191
123.999 27.8387 80.0043 13.5697 79.9448
124.099 27.7888 80.0785 13.5598 79.8706
124.199 27.739 80.1526 13.5499 79.7965
124.299 27.6892 80.2267 13.5399 79.7225
124.399 27.6394 80.3006 13.5299 79.6485
124.499 27.5896 80.3744 13.5198 79.5747
124.599 27.5398 80.4482 13.5096 79.5009
124.699 27.49 80.5219 13.4994 79.4273
124.799 27.4402 80.5955 13.4892 79.3537
124.899 27.3904 80.669 13.4788 79.2802
124.999 27.3406 80.7424 13.4685 79.2068
125.099 27.2908 80.8157 13.4581 79.1335
125.199 27.241 80.8889 13.4476 79.0602
125.299 27.1912 80.962 13.437 78.9871
125.399 27.1414 81.0351 13.4264 78.9141
125.499 27.0916 81.108 13.4158 78.8411
125.599 27.0418 81.1809 13.4051 78.7682
125.699 26.992 81.2537 13.3943 78.6955
125.799 26.9422 81.3264 13.3835 78.6228
125.899 26.8924 81.3989 13.3726 78.5502
125.999 26.8426 81.4714 13.3617 78.4777
126.099 26.7928 81.5439 13.3507 78.4053
126.199 26.743 81.6162 13.3397 78.333
126.299 26.6932 81.6884 13.3286 78.2608
126.399 26.6434 81.7605 13.3174 78.1886
126.499 26.5936 81.8326 13.3062 78.1166
126.599 26.5438 81.9045 13.2949 78.0446
126.699 26.494 81.9764 13.2836 77.9728
126.799 26.4442 82.0481 13.2722 77.901
126.899 26.3944 82.1198 13.2608 77.8294
126.999 26.3446 82.1913 13.2493 77.7578
127.099 26.2948 82.2628 13.2378 77.6863
127.199 26.2451 82.3342 13.2262 77.6149
127.299 26.1953 82.4055 13.2145 77.5437
127.399 26.1455 82.4767 13.2028 77.4725
127.499 26.0957 82.5478 13.191 77.4014
127.599 26.0459 82.6188 13.1792 77.3304
127.699 25.9961 82.6897 13.1673 77.2595
127.799 25.9463 82.7605 13.1553 77.1886
127.899 25.8965 82.8312 13.1433 77.1179
127.999 25.8467 82.9018 13.1313 77.0473
128.099 25.7969 82.9724 13.1192 76.9768
128.199 25.7471 83.0428 13.107 76.9064
128.299 25.6974 83.1131 13.0948 76.836
128.399 25.6476 83.1834 13.0825 76.7658
128.499 25.5978 83.2535 13.0701 76.6956
128.599 25.548 83.3236 13.0577 76.6256
128.699 25.4982 83.3935 13.0453 76.5556
128.799 25.4484 83.4633 13.0327 76.4858
128.899 25.3986 83.5331 13.0202 76.416
128.999 25.3488 83.6028 13.0075 76.3464
129.099 25.299 83.6723 12.9949 76.2768
129.199 25.2493 83.7418 12.9821 76.2074
129.299 25.1995 83.8111 12.9693 76.138
129.399 25.1497 83.8804 12.9565 76.0688
129.499 25.0999 83.9495 12.9435 75.9996
129.599 25.0501 84.0186 12.9306 75.9305
129.699 25.0003 84.0876 12.9175 75.8616
129.799 24.9505 84.1564 12.9045 75.7927
129.899 24.9008 84.2252 12.8913 75.724
129.999 24.851 84.2938 12.8781 75.6553
130.099 24.8012 84.3624 12.8648 75.5867
130.199 24.7514 84.4309 12.8515 75.5183
130.299 24.7016 84.4992 12.8382 75.4499
130.399 24.6518 84.5675 12.8247 75.3817
130.499 24.6021 84.6356 12.8112 75.3135
130.599 24.5523 84.7037 12.7977 75.2455
130.699 24.5025 84.7716 12.7841 75.1775
130.799 24.4527 84.8395 12.7704 75.1097
130.899 24.4029 84.9072 12.7567 75.0419
130.999 24.3532 84.9749 12.7429 74.9743
131.099 24.3034 85.0424 12.7291 74.9067
131.199 24.2536 85.1099 12.7152 74.8393
131.299 24.2038 85.1772 12.7013 74.772
131.399 24.1541 85.2444 12.6873 74.7047
131.499 24.1043 85.3116 12.6732 74.6376
131.599 24.0545 85.3786 12.6591 74.5706
131.699 24.0047 85.4455 12.6449 74.5036
131.799 23.955 85.5123 12.6307 74.4368
131.899 23.9052 85.579 12.6164 74.3701
131.999 23.8554 85.6457 12.602 74.3035
132.099 23.8056 85.7122 12.5876 74.237
132.199 23.7559 85.7786 12.5732 74.1706
132.299 23.7061 85.8449 12.5586 74.1043
132.399 23.6563 85.9111 12.5441 74.0381
132.499 23.6065 85.9771 12.5294 73.972
132.599 23.5568 86.0431 12.5147 73.906
132.699 23.507 86.109 12.5 73.8402
132.799 23.4572 86.1748 12.4852 73.7744
132.899 23.4075 86.2404 12.4703 73.7087
132.999 23.3577 86.306 12.4554 73.6432
133.099 23.3079 86.3714 12.4404 73.5777
133.199 23.2581 86.4368 12.4253 73.5124
133.299 23.2084 86.502 12.4102 73.4471
133.399 23.1586 86.5671 12.3951 73.382
133.499 23.1088 86.6322 12.3799 73.317
133.599 23.0591 86.6971 12.3646 73.2521
133.699 23.0093 86.7619 12.3493 73.1873
133.799 22.9595 86.8266 12.3339 73.1226
133.899 22.9098 86.8912 12.3184 73.058
133.999 22.86 86.9556 12.3029 72.9935
134.099 22.8102 87.02 12.2874 72.9291
134.199 22.7605 87.0843 12.2717 72.8649
134.299 22.7107 87.1484 12.2561 72.8007
134.399 22.6609 87.2125 12.2403 72.7367
134.499 22.6112 87.2764 12.2245 72.6727
134.599 22.5614 87.3402 12.2087 72.6089
134.699 22.5117 87.404 12.1928 72.5452
134.799 22.4619 87.4676 12.1768 72.4816
134.899 22.4121 87.5311 12.1608 72.4181
134.999 22.3624 87.5944 12.1447 72.3547
135.099 22.3126 87.6577 12.1286 72.2914
135.199 22.2628 87.7209 12.1124 72.2283
135.299 22.2131 87.7839 12.0961 72.1652
135.399 22.1633 87.8469 12.0798 72.1023
135.499 22.1136 87.9097 12.0634 72.0394
135.599 22.0638 87.9724 12.047 71.9767
135.699 22.014 88.035 12.0305 71.9141
135.799 21.9643 88.0975 12.014 71.8516
135.899 21.9145 88.1599 11.9974 71.7892
135.999 21.8648 88.2222 11.9807 71.727
136.099 21.815 88.2844 11.964 71.6648
136.199 21.7653 88.3464 11.9472 71.6027
136.299 21.7155 88.4083 11.9304 71.5408
136.399 21.6658 88.4702 11.9135 71.479
136.499 21.616 88.5319 11.8965 71.4173
136.599 21.5662 88.5935 11.8795 71.3557
136.699 21.5165 88.6549 11.8625 71.2942
136.799 21.4667 88.7163 11.8453 71.2328
136.899 21.417 88.7776 11.8281 71.1716
136.999 21.3672 88.8387 11.8109 71.1104
137.099 21.3175 88.8997 11.7936 71.0494
137.199 21.2677 88.9606 11.7763 70.9885
137.299 21.218 89.0214 11.7589 70.9277
137.399 21.1682 89.0821 11.7414 70.867
137.499 21.1185 89.1427 11.7239 70.8065
137.599 21.0687 89.2031 11.7063 70.746
137.699 21.019 89.2635 11.6886 70.6857
137.799 20.9692 89.3237 11.6709 70.6255
137.899 20.9195 89.3838 11.6532 70.5654
137.999 20.8697 89.4438 11.6354 70.5054
138.099 20.82 89.5036 11.6175 70.4455
138.199 20.7702 89.5634 11.5996 70.3858
138.299 20.7205 89.623 11.5816 70.3261
138.399 20.6707 89.6826 11.5635 70.2666
138.499 20.621 89.742 11.5454 70.2072
138.599 20.5712 89.8012 11.5273 70.1479
138.699 20.5215 89.8604 11.509 70.0887
138.799 20.4717 89.9195 11.4908 70.0297
138.899 20.422 89.9784 11.4724 69.9707
138.999 20.3722 90.0372 11.454 69.9119
139.099 20.3225 90.0959 11.4356 69.8532
139.199 20.2727 90.1545 11.4171 69.7946
139.299 20.223 90.213 11.3985 69.7362
139.399 20.1733 90.2713 11.3799 69.6778
139.499 20.1235 90.3295 11.3612 69.6196
139.599 20.0738 90.3876 11.3425 69.5615
139.699 20.024 90.4456 11.3237 69.5035
139.799 19.9743 90.5035 11.3048 69.4456
139.899 19.9245 90.5613 11.2859 69.3879
139.999 19.8748 90.6189 11.267 69.3303
140.099 19.8251 90.6764 11.248 69.2728
140.199 19.7753 90.7338 11.2289 69.2154
140.299 19.7256 90.7911 11.2097 69.1581
140.399 19.6758 90.8482 11.1905 69.1009
140.499 19.6261 90.9052 11.1713 69.0439
140.599 19.5764 90.9621 11.152 68.987
140.699 19.5266 91.0189 11.1326 68.9302
140.799 19.4769 91.0756 11.1132 68.8736
140.899 19.4271 91.1321 11.0937 68.817
140.999 19.3774 91.1886 11.0742 68.7606
141.099 19.3277 91.2449 11.0546 68.7043
141.199 19.2779 91.3011 11.0349 68.6481
141.299 19.2282 91.3571 11.0152 68.592
141.399 19.1785 91.413 10.9955 68.5361
141.499 19.1287 91.4689 10.9757 68.4803
141.599 19.079 91.5246 10.9558 68.4246
141.699 19.0293 91.5801 10.9358 68.369
141.799 18.9795 91.6356 10.9159 68.3136
141.899 18.9298 91.6909 10.8958 68.2582
141.999 18.8801 91.7461 10.8757 68.203
142.099 18.8303 91.8012 10.8555 68.148
142.199 18.7806 91.8561 10.8353 68.093
142.299 18.7309 91.911 10.8151 68.0382
142.399 18.6811 91.9657 10.7947 67.9835
142.499 18.6314 92.0203 10.7743 67.9289
142.6 18.5817 92.0747 10.7539 67.8744
142.7 18.5319 92.1291 10.7334 67.8201
142.8 18.4822 92.1833 10.7128 67.7659
142.9 18.4325 92.2374 10.6922 67.7118
143 18.3827 92.2913 10.6716 67.6578
143.1 18.333 92.3452 10.6508 67.604
143.2 18.2833 92.3989 10.63 67.5503
143.3 18.2335 92.4525 10.6092 67.4967
143.4 18.1838 92.5059 10.5883 67.4432
143.5 18.1341 92.5593 10.5674 67.3899
143.6 18.0844 92.6125 10.5464 67.3367
143.7 18.0346 92.6656 10.5253 67.2836
143.8 17.9849 92.7185 10.5042 67.2306
143.9 17.9352 92.7713 10.483 67.1778
144 17.8854 92.8241 10.4618 67.1251
144.1 17.8357 92.8766 10.4405 67.0725
144.2 17.786 92.9291 10.4191 67.0201
144.3 17.7363 92.9814 10.3977 66.9677
144.4 17.6865 93.0336 10.3763 66.9155
144.5 17.6368 93.0857 10.3548 66.8635
144.6 17.5871 93.1376 10.3332 66.8115
144.7 17.5374 93.1894 10.3116 66.7597
144.8 17.4876 93.2411 10.2899 66.708
144.9 17.4379 93.2927 10.2682 66.6564
145 17.3882 93.3441 10.2464 66.605
145.1 17.3385 93.3954 10.2246 66.5537
145.2 17.2887 93.4466 10.2027 66.5025
145.3 17.239 93.4977 10.1807 66.4515
145.4 17.1893 93.5486 10.1587 66.4006
145.5 17.1396 93.5994 10.1366 66.3498
145.6 17.0899 93.6501 10.1145 66.2991
145.7 17.0401 93.7006 10.0924 66.2486
145.8 16.9904 93.751 10.0701 66.1982
145.9 16.9407 93.8013 10.0478 66.1479
146 16.891 93.8514 10.0255 66.0977
146.1 16.8413 93.9014 10.0031 66.0477
146.2 16.7915 93.9513 9.98067 65.9978
146.3 16.7418 94.0011 9.95817 65.9481
146.4 16.6921 94.0507 9.93561 65.8984
146.5 16.6424 94.1002 9.913 65.8489
146.6 16.5927 94.1496 9.89033 65.7996
146.7 16.5429 94.1988 9.86761 65.7503
146.8 16.4932 94.2479 9.84484 65.7012
146.9 16.4435 94.2969 9.82201 65.6523
147 16.3938 94.3457 9.79913 65.6034
147.1 16.3441 94.3945 9.77619 65.5547
147.2 16.2944 94.443 9.7532 65.5061
147.3 16.2446 94.4915 9.73015 65.4577
147.4 16.1949 94.5398 9.70705 65.4093
147.5 16.1452 94.588 9.6839 65.3612
147.6 16.0955 94.636 9.66069 65.3131
147.7 16.0458 94.684 9.63743 65.2652
147.8 15.9961 94.7318 9.61412 65.2174
147.9 15.9463 94.7794 9.59075 65.1697
148 15.8966 94.827 9.56733 65.1222
148.1 15.8469 94.8743 9.54385 65.0748
148.2 15.7972 94.9216 9.52032 65.0275
148.3 15.7475 94.9687 9.49674 64.9804
148.4 15.6978 95.0157 9.47311 64.9334
148.5 15.6481 95.0626 9.44942 64.8866
148.6 15.5984 95.1093 9.42568 64.8398
148.7 15.5486 95.1559 9.40188 64.7932
148.8 15.4989 95.2024 9.37803 64.7468
148.9 15.4492 95.2487 9.35413 64.7004
149 15.3995 95.2949 9.33018 64.6542
149.1 15.3498 95.341 9.30617 64.6082
149.2 15.3001 95.3869 9.28212 64.5623
149.3 15.2504 95.4327 9.258 64.5165
149.4 15.2007 95.4783 9.23384 64.4708
149.5 15.151 95.5239 9.20962 64.4253
149.6 15.1013 95.5693 9.18535 64.3799
149.7 15.0515 95.6145 9.16103 64.3346
149.8 15.0018 95.6596 9.13666 64.2895
149.9 14.9521 95.7046 9.11223 64.2445
150 14.9024 95.7495 9.08776 64.1997
150.1 14.8527 95.7942 9.06323 64.155
150.2 14.803 95.8388 9.03865 64.1104
150.3 14.7533 95.8832 9.01401 64.066
150.4 14.7036 95.9275 8.98933 64.0216
150.5 14.6539 95.9717 8.96459 63.9775
150.6 14.6042 96.0157 8.9398 63.9334
150.7 14.5545 96.0596 8.91497 63.8895
150.8 14.5048 96.1034 8.89007 63.8458
150.9 14.4551 96.147 8.86513 63.8022
151 14.4054 96.1905 8.84014 63.7587
151.1 14.3557 96.2338 8.8151 63.7153
151.2 14.3059 96.277 8.79 63.6721
151.3 14.2562 96.3201 8.76485 63.629
151.4 14.2065 96.3631 8.73966 63.5861
151.5 14.1568 96.4059 8.71441 63.5433
151.6 14.1071 96.4485 8.68911 63.5006
151.7 14.0574 96.4911 8.66376 63.4581
151.8 14.0077 96.5335 8.63836 63.4157
151.9 13.958 96.5757 8.61292 63.3734
152 13.9083 96.6178 8.58742 63.3313
152.1 13.8586 96.6598 8.56187 63.2893
152.2 13.8089 96.7016 8.53627 63.2475
152.3 13.7592 96.7433 8.51062 63.2058
152.4 13.7095 96.7849 8.48492 63.1642
152.5 13.6598 96.8263 8.45917 63.1228
152.6 13.6101 96.8676 8.43337 63.0815
152.7 13.5604 96.9088 8.40752 63.0404
152.8 13.5107 96.9498 8.38162 62.9994
152.9 13.461 96.9906 8.35568 62.9585
153 13.4113 97.0314 8.32968 62.9178
153.1 13.3616 97.072 8.30363 62.8772
153.2 13.3119 97.1124 8.27754 62.8367
153.3 13.2622 97.1527 8.2514 62.7964
153.4 13.2125 97.1929 8.22521 62.7563
153.5 13.1628 97.2329 8.19896 62.7162
153.6 13.1131 97.2728 8.17268 62.6763
153.7 13.0634 97.3126 8.14634 62.6366
153.8 13.0137 97.3522 8.11995 62.597
153.9 12.964 97.3917 8.09352 62.5575
154 12.9143 97.431 8.06703 62.5182
154.1 12.8646 97.4702 8.0405 62.479
154.2 12.8149 97.5092 8.01392 62.4399
154.3 12.7652 97.5481 7.9873 62.401
154.4 12.7156 97.5869 7.96062 62.3622
154.5 12.6659 97.6255 7.9339 62.3236
154.6 12.6162 97.664 7.90713 62.2851
154.7 12.5665 97.7024 7.88032 62.2468
154.8 12.5168 97.7406 7.85345 62.2086
154.9 12.4671 97.7786 7.82654 62.1705
155 12.4174 97.8166 7.79959 62.1326
155.1 12.3677 97.8543 7.77258 62.0948
155.2 12.318 97.892 7.74553 62.0572
155.3 12.2683 97.9295 7.71843 62.0197
155.4 12.2186 97.9668 7.69129 61.9823
155.5 12.1689 98.004 7.6641 61.9451
155.6 12.1192 98.0411 7.63686 61.908
155.7 12.0695 98.078 7.60958 61.8711
155.8 12.0198 98.1148 7.58225 61.8343
155.9 11.9701 98.1514 7.55487 61.7977
156 11.9205 98.1879 7.52745 61.7612
156.1 11.8708 98.2243 7.49998 61.7248
156.2 11.8211 98.2605 7.47247 61.6886
156.3 11.7714 98.2966 7.44491 61.6526
156.4 11.7217 98.3325 7.41731 61.6166
156.5 11.672 98.3683 7.38966 61.5808
156.6 11.6223 98.4039 7.36197 61.5452
156.7 11.5726 98.4394 7.33423 61.5097
156.8 11.5229 98.4748 7.30645 61.4744
156.9 11.4732 98.51 7.27862 61.4391
157 11.4236 98.5451 7.25075 61.4041
157.1 11.3739 98.58 7.22283 61.3692
157.2 11.3242 98.6148 7.19487 61.3344
157.3 11.2745 98.6494 7.16687 61.2997
157.4 11.2248 98.6839 7.13882 61.2653
157.5 11.1751 98.7182 7.11072 61.2309
157.6 11.1254 98.7524 7.08259 61.1967
157.7 11.0757 98.7865 7.05441 61.1627
157.8 11.026 98.8204 7.02618 61.1287
157.9 10.9764 98.8542 6.99792 61.095
158 10.9267 98.8878 6.96961 61.0614
158.1 10.877 98.9213 6.94126 61.0279
158.2 10.8273 98.9546 6.91286 60.9945
158.3 10.7776 98.9878 6.88442 60.9614
158.4 10.7279 99.0208 6.85594 60.9283
158.5 10.6782 99.0537 6.82742 60.8954
158.6 10.6286 99.0865 6.79885 60.8627
158.7 10.5789 99.1191 6.77024 60.8301
158.8 10.5292 99.1515 6.74159 60.7976
158.9 10.4795 99.1839 6.7129 60.7653
159.001 10.4298 99.216 6.68417 60.7331
159.101 10.3801 99.248 6.65539 60.7011
159.201 10.3304 99.2799 6.62657 60.6692
159.301 10.2808 99.3117 6.59772 60.6375
159.401 10.2311 99.3432 6.56882 60.6059
159.501 10.1814 99.3747 6.53988 60.5745
159.601 10.1317 99.406 6.51089 60.5432
159.701 10.082 99.4371 6.48187 60.512
159.801 10.0323 99.4681 6.45281 60.481
159.901 9.98265 99.499 6.42371 60.4502
160.001 9.93297 99.5297 6.39456 60.4195
160.101 9.88329 99.5602 6.36538 60.3889
160.201 9.83361 99.5906 6.33616 60.3585
160.301 9.78392 99.6209 6.30689 60.3282
160.401 9.73424 99.651 6.27759 60.2981
160.501 9.68456 99.681 6.24825 60.2682
160.601 9.63488 99.7108 6.21887 60.2383
160.701 9.5852 99.7405 6.18945 60.2087
160.801 9.53551 99.77 6.15999 60.1791
160.901 9.48583 99.7994 6.13049 60.1498
161.001 9.43615 99.8286 6.10095 60.1205
161.101 9.38647 99.8577 6.07137 60.0914
161.201 9.33679 99.8866 6.04176 60.0625
161.301 9.28711 99.9154 6.01211 60.0337
161.401 9.23743 99.9441 5.98242 60.0051
161.501 9.18775 99.9726 5.95269 59.9766
161.601 9.13807 100.001 5.92292 59.9482
161.701 9.08839 100.029 5.89312 59.9201
161.801 9.03871 100.057 5.86327 59.892
161.901 8.98903 100.085 5.8334 59.8641
162.001 8.93935 100.113 5.80348 59.8364
162.101 8.88967 100.14 5.77353 59.8088
162.201 8.84 100.168 5.74354 59.7813
162.301 8.79032 100.195 5.71351 59.754
162.401 8.74064 100.222 5.68345 59.7268
162.501 8.69096 100.249 5.65335 59.6998
162.601 8.64128 100.276 5.62321 59.673
162.701 8.5916 100.303 5.59304 59.6463
162.801 8.54193 100.329 5.56283 59.6197
162.901 8.49225 100.356 5.53259 59.5933
163.001 8.44257 100.382 5.50231 59.5671
163.101 8.3929 100.408 5.472 59.5409
163.201 8.34322 100.434 5.44165 59.515
163.301 8.29354 100.46 5.41127 59.4892
163.401 8.24386 100.486 5.38085 59.4635
163.501 8.19419 100.511 5.35039 59.438
163.601 8.14451 100.537 5.31991 59.4126
163.701 8.09484 100.562 5.28939 59.3874
163.801 8.04516 100.587 5.25883 59.3624
163.901 7.99548 100.612 5.22824 59.3375
164.001 7.94581 100.636 5.19762 59.3127
164.101 7.89613 100.661 5.16696 59.2881
164.201 7.84646 100.686 5.13627 59.2636
164.301 7.79678 100.71 5.10555 59.2393
164.401 7.74711 100.734 5.07479 59.2152
164.501 7.69743 100.758 5.044 59.1912
164.601 7.64776 100.782 5.01318 59.1673
164.701 7.59808 100.806 4.98232 59.1436
164.801 7.54841 100.829 4.95144 59.12
164.901 7.49874 100.853 4.92052 59.0966
165.001 7.44906 100.876 4.88957 59.0734
165.101 7.39939 100.899 4.85858 59.0503
165.201 7.34971 100.922 4.82757 59.0273
165.301 7.30004 100.945 4.79652 59.0045
165.401 7.25037 100.967 4.76545 58.9819
165.501 7.20069 100.99 4.73434 58.9594
165.601 7.15102 101.012 4.7032 58.937
165.701 7.10135 101.034 4.67203 58.9148
165.801 7.05167 101.056 4.64083 58.8928
165.901 7.002 101.078 4.6096 58.8709
166.001 6.95233 101.1 4.57834 58.8491
166.101 6.90266 101.122 4.54705 58.8276
166.201 6.85298 101.143 4.51573 58.8061
166.301 6.80331 101.164 4.48438 58.7848
166.401 6.75364 101.185 4.453 58.7637
166.501 6.70397 101.206 4.42159 58.7427
166.601 6.6543 101.227 4.39016 58.7219
166.701 6.60462 101.248 4.35869 58.7012
166.801 6.55495 101.268 4.3272 58.6807
166.901 6.50528 101.289 4.29567 58.6603
167.001 6.45561 101.309 4.26412 58.6401
167.101 6.40594 101.329 4.23254 58.62
167.201 6.35627 101.349 4.20094 58.6001
167.301 6.3066 101.369 4.1693 58.5803
167.401 6.25693 101.388 4.13764 58.5607
167.501 6.20726 101.408 4.10595 58.5413
167.601 6.15759 101.427 4.07423 58.522
167.701 6.10792 101.446 4.04249 58.5028
167.801 6.05825 101.465 4.01072 58.4838
167.901 6.00858 101.484 3.97893 58.4649
168.001 5.95891 101.503 3.9471 58.4463
168.101 5.90924 101.521 3.91525 58.4277
168.201 5.85957 101.54 3.88338 58.4093
168.301 5.8099 101.558 3.85148 58.3911
168.401 5.76023 101.576 3.81955 58.373
168.501 5.71056 101.594 3.7876 58.3551
168.601 5.66089 101.612 3.75563 58.3373
168.701 5.61122 101.629 3.72363 58.3197
168.801 5.56155 101.647 3.6916 58.3022
168.901 5.51188 101.664 3.65955 58.2849
169.001 5.46221 101.681 3.62748 58.2677
169.101 5.41255 101.698 3.59538 58.2507
169.201 5.36288 101.715 3.56326 58.2338
169.301 5.31321 101.732 3.53111 58.2171
169.401 5.26354 101.749 3.49894 58.2006
169.501 5.21387 101.765 3.46675 58.1842
169.601 5.1642 101.781 3.43453 58.168
169.701 5.11454 101.797 3.4023 58.1519
169.801 5.06487 101.813 3.37004 58.1359
169.901 5.0152 101.829 3.33775 58.1201
170.001 4.96553 101.845 3.30545 58.1045
170.101 4.91586 101.86 3.27312 58.089
170.201 4.8662 101.875 3.24077 58.0737
170.301 4.81653 101.891 3.2084 58.0586
170.401 4.76686 101.906 3.17601 58.0436
170.501 4.7172 101.92 3.14359 58.0287
170.601 4.66753 101.935 3.11116 58.014
170.701 4.61786 101.95 3.0787 57.9994
170.801 4.56819 101.964 3.04622 57.985
170.901 4.51853 101.978 3.01373 57.9708
171.001 4.46886 101.992 2.98121 57.9567
171.101 4.41919 102.006 2.94868 57.9428
171.201 4.36953 102.02 2.91612 57.929
171.301 4.31986 102.034 2.88354 57.9154
171.401 4.2702 102.047 2.85095 57.9019
171.501 4.22053 102.061 2.81833 57.8886
171.601 4.17086 102.074 2.7857 57.8755
171.701 4.1212 102.087 2.75305 57.8624
171.801 4.07153 102.1 2.72038 57.8496
171.901 4.02187 102.112 2.68769 57.8369
172.001 3.9722 102.125 2.65498 57.8244
172.101 3.92253 102.137 2.62226 57.812
172.201 3.87287 102.149 2.58952 57.7997
172.301 3.8232 102.161 2.55676 57.7877
172.401 3.77354 102.173 2.52398 57.7758
172.501 3.72387 102.185 2.49119 57.764
172.601 3.67421 102.197 2.45838 57.7524
172.701 3.62454 102.208 2.42555 57.7409
172.801 3.57488 102.22 2.39271 57.7296
172.901 3.52521 102.231 2.35985 57.7185
173.001 3.47555 102.242 2.32697 57.7075
173.101 3.42588 102.252 2.29408 57.6966
173.201 3.37622 102.263 2.26118 57.686
173.301 3.32655 102.274 2.22825 57.6754
173.401 3.27689 102.284 2.19532 57.6651
173.501 3.22722 102.294 2.16237 57.6549
173.601 3.17756 102.304 2.1294 57.6448
173.701 3.12789 102.314 2.09642 57.6349
173.801 3.07823 102.324 2.06343 57.6251
173.901 3.02856 102.334 2.03042 57.6156
174.001 2.9789 102.343 1.99739 57.6061
174.101 2.92923 102.352 1.96436 57.5968
174.201 2.87957 102.361 1.93131 57.5877
174.301 2.82991 102.37 1.89825 57.5787
174.401 2.78024 102.379 1.86517 57.5699
174.501 2.73058 102.388 1.83209 57.5613
174.601 2.68091 102.396 1.79899 57.5528
174.701 2.63125 102.405 1.76587 57.5444
174.801 2.58159 102.413 1.73275 57.5362
174.901 2.53192 102.421 1.69962 57.5282
175.001 2.48226 102.429 1.66647 57.5203
175.101 2.4326 102.437 1.63331 57.5126
175.201 2.38293 102.444 1.60014 57.505
175.301 2.33327 102.452 1.56696 57.4976
175.402 2.2836 102.459 1.53377 57.4903
175.502 2.23394 102.466 1.50057 57.4832
175.602 2.18428 102.473 1.46736 57.4763
175.702 2.13461 102.48 1.43414 57.4695
175.802 2.08495 102.486 1.4009 57.4629
175.902 2.03529 102.493 1.36766 57.4564
176.002 1.98562 102.499 1.33441 57.4501
176.102 1.93596 102.505 1.30116 57.4439
176.202 1.8863 102.511 1.26789 57.4379
176.302 1.83663 102.517 1.23461 57.432
176.402 1.78697 102.523 1.20133 57.4263
176.502 1.73731 102.528 1.16803 57.4208
176.602 1.68764 102.534 1.13473 57.4154
176.702 1.63798 102.539 1.10142 57.4102
176.802 1.58832 102.544 1.06811 57.4051
176.902 1.53866 102.549 1.03479 57.4002
177.002 1.48899 102.554 1.00146 57.3954
177.102 1.43933 102.558 0.968118 57.3908
177.202 1.38967 102.563 0.934774 57.3863
177.302 1.34 102.567 0.901425 57.3821
177.402 1.29034 102.571 0.868068 57.3779
177.502 1.24068 102.575 0.834707 57.3739
177.602 1.19102 102.579 0.801339 57.3701
177.702 1.14135 102.583 0.767966 57.3664
177.802 1.09169 102.586 0.734587 57.3629
177.902 1.04203 102.59 0.701204 57.3596
178.002 0.992365 102.593 0.667816 57.3564
178.102 0.942702 102.596 0.634423 57.3533
178.202 0.893039 102.599 0.601027 57.3504
178.302 0.843377 102.601 0.567626 57.3477
178.402 0.793714 102.604 0.534221 57.3451
178.502 0.744051 102.606 0.500812 57.3427
178.602 0.694389 102.609 0.4674 57.3404
178.702 0.644726 102.611 0.433985 57.3383
178.802 0.595064 102.613 0.400567 57.3364
178.902 0.545401 102.615 0.367146 57.3346
179.002 0.495739 102.616 0.333723 57.3329
179.102 0.446076 102.618 0.300298 57.3315
179.202 0.396413 102.619 0.26687 57.3301
179.302 0.346751 102.62 0.233441 57.329
179.402 0.297088 102.621 0.20001 57.328
179.502 0.247426 102.622 0.166577 57.3271
179.602 0.197763 102.623 0.133144 57.3264
179.702 0.148101 102.623 0.0997095 57.3259
179.802 0.0984385 102.624 0.0662744 57.3255
179.902 0.048776 102.624 0.0328389 57.3252
