! 72Zn energy loss (dE/dX) in He
! apply ZOOM for details
Energy (MeV/u)1	0 - [He-base] F.Hubert et al, AD&ND Tables 46(1990)1	Energy (MeV/u)2	1 - [H -base] J.F.Ziegler et al,Pergamon Press,NY(low energy)	Energy (MeV/u)3	2 - ATIMA 1.2 LS-theory (recommended for high energy)	Energy (MeV/u)4	3 - ATIMA 1.2 without LS-correction	Energy (MeV/u)5	4 - ATIMA 1.4 H.Weick, improved mean charge formula for HI	Energy (MeV/u)6	5 - electrical component of [1] - J.F.Ziegler et al	Energy (MeV/u)7	6 - nuclear component of [1] - J.F.Ziegler et al	
0.001000	0.000177342	0.001000	0.000177342	0.001000	0.000155765	0.001000	0.000155765	0.001000	0.000155775	0.001000	4.54869e-05	0.001000	0.000131855	
0.002000	0.000175286	0.002000	0.000175286	0.002000	0.00015011	0.002000	0.00015011	0.002000	0.000150117	0.002000	5.89893e-05	0.002000	0.000116297	
0.005000	0.000168227	0.005000	0.000168227	0.005000	0.000138511	0.005000	0.000138511	0.005000	0.000138516	0.005000	8.31765e-05	0.005000	8.5051e-05	
0.008000	0.000167458	0.008000	0.000167458	0.008000	0.000135872	0.008000	0.000135872	0.008000	0.000135875	0.008000	9.92077e-05	0.008000	6.82504e-05	
0.010000	0.000168595	0.010000	0.000168595	0.010000	0.000136331	0.010000	0.000136331	0.010000	0.000136334	0.010000	0.000107867	0.010000	6.07284e-05	
0.015000	0.000173829	0.015000	0.000173829	0.015000	0.000140842	0.015000	0.000140842	0.015000	0.000140844	0.015000	0.00012558	0.015000	4.82484e-05	
0.020000	0.000180361	0.020000	0.000180361	0.020000	0.000147393	0.020000	0.000147393	0.020000	0.000147394	0.020000	0.000139886	0.020000	4.04751e-05	
0.025000	0.000187192	0.025000	0.000187192	0.025000	0.000154635	0.025000	0.000154635	0.025000	0.000154636	0.025000	0.000152095	0.025000	3.50971e-05	
0.030000	0.000193979	0.030000	0.000193979	0.030000	0.000162069	0.030000	0.000162069	0.030000	0.00016207	0.030000	0.000162857	0.030000	3.1122e-05	
0.035000	0.000200596	0.035000	0.000200596	0.035000	0.000169485	0.035000	0.000169485	0.035000	0.000169486	0.035000	0.000172549	0.035000	2.80467e-05	
0.040000	0.000209292	0.040000	0.000209292	0.040000	0.000178449	0.040000	0.000178449	0.040000	0.00017845	0.040000	0.000183705	0.040000	2.55866e-05	
0.045000	0.00022818	0.045000	0.00022818	0.045000	0.000195606	0.045000	0.000195606	0.045000	0.000195607	0.045000	0.000204613	0.045000	2.35677e-05	
0.050000	0.000245794	0.050000	0.000245794	0.050000	0.00021294	0.050000	0.00021294	0.050000	0.000212941	0.050000	0.000224122	0.050000	2.16713e-05	
0.055000	0.000262806	0.055000	0.000262806	0.055000	0.000230736	0.055000	0.000230736	0.055000	0.000230736	0.055000	0.000242556	0.055000	2.02501e-05	
0.060000	0.000279202	0.060000	0.000279202	0.060000	0.00024865	0.060000	0.00024865	0.060000	0.000248651	0.060000	0.00026018	0.060000	1.90219e-05	
0.070000	0.000310678	0.070000	0.000310678	0.070000	0.000284478	0.070000	0.000284478	0.070000	0.000284479	0.070000	0.000293676	0.070000	1.7002e-05	
0.080000	0.000340776	0.080000	0.000340776	0.080000	0.000319836	0.080000	0.000319836	0.080000	0.000319837	0.080000	0.000325371	0.080000	1.54054e-05	
0.090000	0.000369579	0.090000	0.000369579	0.090000	0.000354302	0.090000	0.000354302	0.090000	0.000354303	0.090000	0.00035547	0.090000	1.41082e-05	
0.100000	0.000397033	0.100000	0.000397033	0.100000	0.00038757	0.100000	0.00038757	0.100000	0.000387571	0.100000	0.000384002	0.100000	1.30311e-05	
0.120000	0.000453706	0.120000	0.000453706	0.120000	0.000449724	0.120000	0.000449724	0.120000	0.000449724	0.120000	0.000442365	0.120000	1.13405e-05	
0.140000	0.000513691	0.140000	0.000513691	0.140000	0.000505357	0.140000	0.000505357	0.140000	0.000505357	0.140000	0.000503622	0.140000	1.00692e-05	
0.160000	0.000566583	0.160000	0.000566583	0.160000	0.000554283	0.160000	0.000554283	0.160000	0.000554284	0.160000	0.000557508	0.160000	9.07489e-06	
0.180000	0.000613032	0.180000	0.000613032	0.180000	0.000596781	0.180000	0.000596781	0.180000	0.000596782	0.180000	0.000604758	0.180000	8.27383e-06	
0.200000	0.000653821	0.200000	0.000653821	0.200000	0.000633388	0.200000	0.000633388	0.200000	0.000633389	0.200000	0.000646208	0.200000	7.6133e-06	
0.250000	0.000736481	0.250000	0.000736481	0.250000	0.000703491	0.250000	0.000703491	0.250000	0.000703491	0.250000	0.000730108	0.250000	6.37336e-06	
0.300000	0.000805163	0.300000	0.000805163	0.300000	0.000750985	0.300000	0.000750985	0.300000	0.000750986	0.300000	0.000799659	0.300000	5.50363e-06	
0.350000	0.000857041	0.350000	0.000857041	0.350000	0.000783819	0.350000	0.000783819	0.350000	0.00078382	0.350000	0.000852184	0.350000	4.8569e-06	
0.400000	0.000896841	0.400000	0.000896841	0.400000	0.000811198	0.400000	0.000811198	0.400000	0.000811199	0.400000	0.000892486	0.400000	4.35552e-06	
0.450000	0.000927749	0.450000	0.000927749	0.450000	0.000842738	0.450000	0.000842738	0.450000	0.000842739	0.450000	0.000923795	0.450000	3.95448e-06	
0.500000	0.00096447	0.500000	0.00096447	0.500000	0.000867335	0.500000	0.000867335	0.500000	0.000867336	0.500000	0.000960845	0.500000	3.62577e-06	
0.600000	0.00103385	0.600000	0.00103385	0.600000	0.000902866	0.600000	0.000902866	0.600000	0.000902867	0.600000	0.00103073	0.600000	3.11773e-06	
0.700000	0.00108064	0.700000	0.00108064	0.700000	0.000926828	0.700000	0.000926828	0.700000	0.000926829	0.700000	0.00107789	0.700000	2.74209e-06	
0.800000	0.00111196	0.800000	0.00111196	0.800000	0.000943453	0.800000	0.000943453	0.800000	0.000943453	0.800000	0.00110951	0.800000	2.4522e-06	
0.900000	0.00112576	0.900000	0.00112576	0.900000	0.000954956	0.900000	0.000954956	0.900000	0.000954956	0.900000	0.00112354	0.900000	2.22118e-06	
1.000000	0.00112975	1.000000	0.00112975	1.000000	0.000962652	1.000000	0.000962652	1.000000	0.000962653	1.000000	0.00112772	1.000000	2.03243e-06	
1.250000	0.00112371	1.250000	0.00112371	1.250000	0.000970334	1.250000	0.000970334	1.250000	0.000970334	1.250000	0.00112203	1.250000	1.68249e-06	
1.500000	0.00109901	1.500000	0.00109901	1.500000	0.000967318	1.500000	0.000967318	1.500000	0.000967319	1.500000	0.00109757	1.500000	1.44057e-06	
1.750000	0.00106053	1.750000	0.00106053	1.750000	0.000957969	1.750000	0.000957969	1.750000	0.000957969	1.750000	0.00105926	1.750000	1.26268e-06	
2.000000	0.00102548	2.000000	0.00102548	2.000000	0.000944833	2.000000	0.000944833	2.000000	0.000944834	2.000000	0.00102435	2.000000	1.12599e-06	
2.250000	0.000993269	2.250000	0.000993269	2.250000	0.000929475	2.250000	0.000929475	2.250000	0.000929475	2.250000	0.000992252	2.250000	1.01746e-06	
2.500000	0.00111508	2.500000	0.000962904	2.500000	0.000910861	2.500000	0.000910861	2.500000	0.000910861	2.500000	0.000961975	2.500000	9.29064e-07	
3.000000	0.00105291	3.000000	0.000907772	3.000000	0.000870199	3.000000	0.000870199	3.000000	0.0008702 	3.000000	0.000906979	3.000000	7.9347e-07	
3.500000	0.000995543	3.500000	0.000860137	3.500000	0.000832875	3.500000	0.000832875	3.500000	0.000832876	3.500000	0.000859443	3.500000	6.94067e-07	
4.000000	0.000943452	4.000000	0.000818173	4.000000	0.000798561	4.000000	0.000798561	4.000000	0.000798561	4.000000	0.000817555	4.000000	6.17883e-07	
4.500000	0.000896362	4.500000	0.00077974	4.500000	0.000766954	4.500000	0.000766954	4.500000	0.000766955	4.500000	0.000779182	4.500000	5.57519e-07	
5.000000	0.000853781	5.000000	0.000745438	5.000000	0.000737777	5.000000	0.000737777	5.000000	0.000737777	5.000000	0.00074493	5.000000	5.08442e-07	
5.500000	0.00081519	5.500000	0.000714657	5.500000	0.000710775	5.500000	0.000710775	5.500000	0.000710775	5.500000	0.000714189	5.500000	4.67709e-07	
6.000000	0.000780104	6.000000	0.000686859	6.000000	0.000685722	6.000000	0.000685722	6.000000	0.000685723	6.000000	0.000686425	6.000000	4.33326e-07	
6.500000	0.00074809	6.500000	0.0006613 	6.500000	0.000662419	6.500000	0.000662419	6.500000	0.00066242	6.500000	0.000660896	6.500000	4.03894e-07	
7.000000	0.000718776	7.000000	0.000637694	7.000000	0.000640691	7.000000	0.000640691	7.000000	0.000640691	7.000000	0.000637316	7.000000	3.78398e-07	
7.500000	0.000691839	7.500000	0.000615798	7.500000	0.000620382	7.500000	0.000620382	7.500000	0.000620382	7.500000	0.000615442	7.500000	3.56085e-07	
8.000000	0.000667004	8.000000	0.000595418	8.000000	0.000601357	8.000000	0.000601357	8.000000	0.000601358	8.000000	0.000595081	8.000000	3.36385e-07	
8.500000	0.000644035	8.500000	0.000576406	8.500000	0.000583497	8.500000	0.000583497	8.500000	0.000583498	8.500000	0.000576087	8.500000	3.18856e-07	
9.000000	0.000622727	9.000000	0.000558621	9.000000	0.000566697	9.000000	0.000566697	9.000000	0.000566697	9.000000	0.000558317	9.000000	3.03154e-07	
9.500000	0.000602905	9.500000	0.000541938	9.500000	0.000550863	9.500000	0.000550863	9.500000	0.000550864	9.500000	0.000541649	9.500000	2.89001e-07	
10.000000	0.000584417	10.000000	0.000504364	10.000000	0.000535914	10.000000	0.000535914	10.000000	0.000535914	10.000000	0.000504088	10.000000	2.76176e-07	
11.000000	0.000550933	11.000000	0.000483337	11.000000	0.000505366	11.000000	0.000509105	11.000000	0.000510462	11.000000	0.000483083	11.000000	2.53813e-07	
12.000000	0.000521402	12.000000	0.000463846	12.000000	0.000478352	12.000000	0.000485069	12.000000	0.000487244	12.000000	0.000463611	12.000000	2.34959e-07	
13.000000	0.000495154	13.000000	0.000445791	13.000000	0.000454311	13.000000	0.000463411	13.000000	0.000466026	13.000000	0.000445572	13.000000	2.18835e-07	
14.000000	0.000471659	14.000000	0.000429058	14.000000	0.000432795	14.000000	0.000443803	14.000000	0.000446594	14.000000	0.000428853	14.000000	2.04881e-07	
15.000000	0.000450499	15.000000	0.000413531	15.000000	0.000413437	15.000000	0.000425979	15.000000	0.00042876	15.000000	0.000413338	15.000000	1.92679e-07	
16.000000	0.000431334	16.000000	0.0003991 	16.000000	0.000395939	16.000000	0.000409712	16.000000	0.000412358	16.000000	0.000398918	16.000000	1.81914e-07	
17.000000	0.00041389	17.000000	0.000385663	17.000000	0.000380057	17.000000	0.000394817	17.000000	0.000397242	17.000000	0.000385491	17.000000	1.72343e-07	
18.000000	0.000397941	18.000000	0.000373129	18.000000	0.000365589	18.000000	0.000381133	18.000000	0.000383264	18.000000	0.000372965	18.000000	1.63774e-07	
19.000000	0.000383299	19.000000	0.000361413	19.000000	0.000352371	19.000000	0.000368526	19.000000	0.000370334	19.000000	0.000361257	19.000000	1.56056e-07	
20.000000	0.000369806	20.000000	0.000350443	20.000000	0.000340265	20.000000	0.000356881	20.000000	0.000358356	20.000000	0.000350294	20.000000	1.49065e-07	
21.000000	0.000357329	21.000000	0.00034015	21.000000	0.000329142	21.000000	0.000346098	21.000000	0.000347209	21.000000	0.000340007	21.000000	1.42703e-07	
22.000000	0.000345755	22.000000	0.000330477	22.000000	0.00031888	22.000000	0.000336092	22.000000	0.000336854	22.000000	0.00033034	22.000000	1.36886e-07	
23.000000	0.000334988	23.000000	0.000321369	23.000000	0.000309394	23.000000	0.000326787	23.000000	0.000327197	23.000000	0.000321237	23.000000	1.31547e-07	
24.000000	0.000324945	24.000000	0.00031278	24.000000	0.00030062	24.000000	0.000318119	24.000000	0.000318192	24.000000	0.000312654	24.000000	1.26627e-07	
25.000000	0.000315553	25.000000	0.000304668	25.000000	0.000292489	25.000000	0.000310029	25.000000	0.000309776	25.000000	0.000304546	25.000000	1.22079e-07	
27.000000	0.000298482	27.000000	0.000289723	27.000000	0.000277894	27.000000	0.000295391	27.000000	0.000294531	27.000000	0.000289609	27.000000	1.13939e-07	
29.000000	0.00028336	29.000000	0.000276275	29.000000	0.000265215	29.000000	0.000282532	29.000000	0.000281133	29.000000	0.000276168	29.000000	1.06862e-07	
31.000000	0.000269866	31.000000	0.00026411	31.000000	0.000254077	31.000000	0.000270295	31.000000	0.000268446	31.000000	0.00026401	31.000000	1.00649e-07	
33.000000	0.000257746	33.000000	0.000253055	33.000000	0.000243944	33.000000	0.000258437	33.000000	0.000256303	33.000000	0.000252959	33.000000	9.51491e-08	
35.000000	0.000246797	35.000000	0.000242963	35.000000	0.000234684	35.000000	0.000247662	35.000000	0.000245366	35.000000	0.000242873	35.000000	9.02445e-08	
38.000000	0.000232216	38.000000	0.000229377	38.000000	0.00022213	38.000000	0.000233226	38.000000	0.000230842	38.000000	0.000229293	38.000000	8.38054e-08	
41.000000	0.000219467	41.000000	0.000217364	41.000000	0.000210983	41.000000	0.000220528	41.000000	0.000218171	41.000000	0.000217286	41.000000	7.82603e-08	
44.000000	0.000208221	44.000000	0.000206667	44.000000	0.000201013	44.000000	0.000209272	44.000000	0.000207008	44.000000	0.000206594	44.000000	7.34327e-08	
47.000000	0.000198222	47.000000	0.000197081	47.000000	0.000192047	47.000000	0.000199226	47.000000	0.000197094	47.000000	0.000197012	47.000000	6.919e-08 	
50.000000	0.00018927	50.000000	0.000188441	50.000000	0.000183953	50.000000	0.000190203	50.000000	0.000188225	50.000000	0.000188376	50.000000	6.54306e-08	
55.000000	0.000176259	55.000000	0.000175794	55.000000	0.000172042	55.000000	0.00017705	55.000000	0.000175336	55.000000	0.000175734	55.000000	6.00313e-08	
60.000000	0.000165168	60.000000	0.000164935	60.000000	0.00016177	60.000000	0.000165807	60.000000	0.000164353	60.000000	0.000164879	60.000000	5.5488e-08	
65.000000	0.000155593	65.000000	0.00015551	65.000000	0.000152837	65.000000	0.000156088	65.000000	0.000154873	65.000000	0.000155458	65.000000	5.16097e-08	
70.000000	0.00014724	70.000000	0.000147252	70.000000	0.000144987	70.000000	0.000147601	70.000000	0.000146603	70.000000	0.000147204	70.000000	4.82586e-08	
75.000000	0.000139883	75.000000	0.000139959	75.000000	0.00013802	75.000000	0.000140128	75.000000	0.000139341	75.000000	0.000139914	75.000000	4.53328e-08	
80.000000	0.000133353	80.000000	0.00013347	80.000000	0.000131822	80.000000	0.000133496	80.000000	0.0001329 	80.000000	0.000133427	80.000000	4.2755e-08	
85.000000	0.000127514	85.000000	0.00012766	85.000000	0.000126257	85.000000	0.000127571	85.000000	0.000127141	85.000000	0.000127619	85.000000	4.04659e-08	
90.000000	0.000122261	90.000000	0.000122427	90.000000	0.000121231	90.000000	0.000122246	90.000000	0.000121963	90.000000	0.000122388	90.000000	3.8419e-08	
95.000000	0.000117507	95.000000	0.000117689	95.000000	0.000116669	95.000000	0.000117435	95.000000	0.000117285	95.000000	0.000117653	95.000000	3.65772e-08	
100.000000	0.000113184	100.000000	0.00011338	100.000000	0.000112521	100.000000	0.000113066	100.000000	0.000113036	100.000000	0.000113345	100.000000	3.49108e-08	
105.000000	0.000109234	105.000000	0.000109444	105.000000	0.000108721	105.000000	0.000109081	105.000000	0.000109155	105.000000	0.00010941	105.000000	3.33955e-08	
110.000000	0.00010561	110.000000	0.000105834	110.000000	0.000105238	110.000000	0.000105432	110.000000	0.000105606	110.000000	0.000105802	110.000000	3.20115e-08	
115.000000	0.000102273	115.000000	0.000102512	115.000000	0.000102025	115.000000	0.000102079	115.000000	0.000102336	115.000000	0.000102481	115.000000	3.07421e-08	
120.000000	9.91887e-05	120.000000	9.94446e-05	120.000000	9.90565e-05	120.000000	9.89858e-05	120.000000	9.93229e-05	120.000000	9.9415e-05	120.000000	2.95736e-08	
125.000000	9.63291e-05	125.000000	9.66035e-05	125.000000	9.63054e-05	125.000000	9.61244e-05	125.000000	9.65297e-05	125.000000	9.6575e-05	125.000000	2.84941e-08	
130.000000	9.36701e-05	130.000000	9.39648e-05	130.000000	9.37436e-05	130.000000	9.34696e-05	130.000000	9.39401e-05	130.000000	9.39373e-05	130.000000	2.74937e-08	
135.000000	9.11907e-05	135.000000	9.15075e-05	135.000000	9.13597e-05	135.000000	9.09998e-05	135.000000	9.15255e-05	135.000000	9.1481e-05	135.000000	2.6564e-08	
140.000000	8.88729e-05	140.000000	8.92137e-05	140.000000	8.91301e-05	140.000000	8.86964e-05	140.000000	8.92765e-05	140.000000	8.9188e-05	140.000000	2.56975e-08	
145.000000	8.67012e-05	145.000000	8.70675e-05	145.000000	8.70402e-05	145.000000	8.65432e-05	145.000000	8.71676e-05	145.000000	8.70426e-05	145.000000	2.48881e-08	
150.000000	8.46617e-05	150.000000	8.50552e-05	150.000000	8.5082e-05	150.000000	8.4526e-05	150.000000	8.51943e-05	150.000000	8.50311e-05	150.000000	2.413e-08 	
155.000000	8.17765e-05	155.000000	8.31647e-05	155.000000	8.32438e-05	155.000000	8.26324e-05	155.000000	8.3339e-05	155.000000	8.31413e-05	155.000000	2.34187e-08	
160.000000	8.00915e-05	160.000000	8.13853e-05	160.000000	8.15115e-05	160.000000	8.08514e-05	160.000000	8.15932e-05	160.000000	8.13625e-05	160.000000	2.27497e-08	
165.000000	7.85012e-05	165.000000	7.97075e-05	165.000000	7.98741e-05	165.000000	7.91733e-05	165.000000	7.99492e-05	165.000000	7.96853e-05	165.000000	2.21194e-08	
170.000000	7.69979e-05	170.000000	7.81228e-05	170.000000	7.83272e-05	170.000000	7.75895e-05	170.000000	7.83931e-05	170.000000	7.81013e-05	170.000000	2.15244e-08	
175.000000	7.55745e-05	175.000000	7.66238e-05	175.000000	7.68653e-05	175.000000	7.60924e-05	175.000000	7.69233e-05	175.000000	7.66028e-05	175.000000	2.09619e-08	
180.000000	7.42247e-05	180.000000	7.52037e-05	180.000000	7.54814e-05	180.000000	7.4675e-05	180.000000	7.5531e-05	180.000000	7.51833e-05	180.000000	2.04292e-08	
185.000000	7.2943e-05	185.000000	7.38565e-05	185.000000	7.41658e-05	185.000000	7.33311e-05	185.000000	7.42084e-05	185.000000	7.38365e-05	185.000000	1.9924e-08	
190.000000	7.17241e-05	190.000000	7.25767e-05	190.000000	7.29129e-05	190.000000	7.20553e-05	190.000000	7.29538e-05	190.000000	7.25572e-05	190.000000	1.94441e-08	
195.000000	7.05637e-05	195.000000	7.13594e-05	195.000000	7.17247e-05	195.000000	7.08426e-05	195.000000	7.17606e-05	195.000000	7.13404e-05	195.000000	1.89877e-08	
200.000000	6.94575e-05	200.000000	7.02002e-05	200.000000	7.05961e-05	200.000000	6.96885e-05	200.000000	7.06226e-05	200.000000	7.01816e-05	200.000000	1.85531e-08	
210.000000	6.73932e-05	210.000000	6.80402e-05	210.000000	6.84794e-05	210.000000	6.75397e-05	210.000000	6.85058e-05	210.000000	6.80225e-05	210.000000	1.77432e-08	
220.000000	6.55051e-05	220.000000	6.60686e-05	220.000000	6.65509e-05	220.000000	6.55806e-05	220.000000	6.65708e-05	220.000000	6.60516e-05	220.000000	1.70037e-08	
230.000000	6.37715e-05	230.000000	6.4262e-05	230.000000	6.47878e-05	230.000000	6.37874e-05	230.000000	6.48001e-05	230.000000	6.42457e-05	230.000000	1.63256e-08	
240.000000	6.2174e-05	240.000000	6.26007e-05	240.000000	6.31615e-05	240.000000	6.21402e-05	240.000000	6.31706e-05	240.000000	6.2585e-05	240.000000	1.57016e-08	
250.000000	6.06973e-05	250.000000	6.1068e-05	250.000000	6.166e-05 	250.000000	6.06221e-05	250.000000	6.16685e-05	250.000000	6.10529e-05	250.000000	1.51252e-08	
260.000000	5.9328e-05	260.000000	5.96496e-05	260.000000	6.02718e-05	260.000000	5.92187e-05	260.000000	6.02777e-05	260.000000	5.9635e-05	260.000000	1.45913e-08	
270.000000	5.8055e-05	270.000000	5.83335e-05	270.000000	5.89847e-05	270.000000	5.79177e-05	270.000000	5.89885e-05	270.000000	5.83194e-05	270.000000	1.40951e-08	
280.000000	5.68683e-05	280.000000	5.7109e-05	280.000000	5.77877e-05	280.000000	5.67087e-05	280.000000	5.77881e-05	280.000000	5.70953e-05	280.000000	1.36329e-08	
290.000000	5.57596e-05	290.000000	5.59671e-05	290.000000	5.66674e-05	290.000000	5.55822e-05	290.000000	5.66707e-05	290.000000	5.59539e-05	290.000000	1.32011e-08	
300.000000	5.47214e-05	300.000000	5.48998e-05	300.000000	5.56237e-05	300.000000	5.45305e-05	300.000000	5.56244e-05	300.000000	5.4887e-05	300.000000	1.27968e-08	
310.000000	5.37473e-05	310.000000	5.39002e-05	310.000000	5.46483e-05	310.000000	5.35464e-05	310.000000	5.46462e-05	310.000000	5.38878e-05	310.000000	1.24175e-08	
320.000000	5.28315e-05	320.000000	5.29621e-05	320.000000	5.37299e-05	320.000000	5.26238e-05	320.000000	5.37281e-05	320.000000	5.29501e-05	320.000000	1.20609e-08	
330.000000	5.19691e-05	330.000000	5.20803e-05	330.000000	5.28667e-05	330.000000	5.17573e-05	330.000000	5.2865e-05	330.000000	5.20685e-05	330.000000	1.1725e-08	
340.000000	5.11556e-05	340.000000	5.12498e-05	340.000000	5.20549e-05	340.000000	5.09421e-05	340.000000	5.20537e-05	340.000000	5.12384e-05	340.000000	1.14079e-08	
350.000000	5.03869e-05	350.000000	5.04665e-05	350.000000	5.12894e-05	350.000000	5.01739e-05	350.000000	5.12872e-05	350.000000	5.04554e-05	350.000000	1.11082e-08	
360.000000	4.96596e-05	360.000000	4.97265e-05	360.000000	5.05673e-05	360.000000	4.9449e-05	360.000000	5.05641e-05	360.000000	4.97157e-05	360.000000	1.08244e-08	
370.000000	4.89705e-05	370.000000	4.90265e-05	370.000000	4.98844e-05	370.000000	4.87638e-05	370.000000	4.98811e-05	370.000000	4.90159e-05	370.000000	1.05554e-08	
380.000000	4.83166e-05	380.000000	4.83634e-05	380.000000	4.92354e-05	380.000000	4.81153e-05	380.000000	4.9233e-05	380.000000	4.83531e-05	380.000000	1.02998e-08	
390.000000	4.76956e-05	390.000000	4.77344e-05	390.000000	4.86198e-05	390.000000	4.75008e-05	390.000000	4.86191e-05	390.000000	4.77244e-05	390.000000	1.00568e-08	
400.000000	4.71049e-05	400.000000	4.71372e-05	400.000000	4.80382e-05	400.000000	4.69178e-05	400.000000	4.80372e-05	400.000000	4.71273e-05	400.000000	9.82543e-09	
410.000000	4.65425e-05	410.000000	4.65693e-05	410.000000	4.74858e-05	410.000000	4.63641e-05	410.000000	4.7483e-05	410.000000	4.65597e-05	410.000000	9.60487e-09	
420.000000	4.60064e-05	420.000000	4.60289e-05	420.000000	4.69582e-05	420.000000	4.58375e-05	420.000000	4.69561e-05	420.000000	4.60195e-05	420.000000	9.39435e-09	
430.000000	4.5495e-05	430.000000	4.55141e-05	430.000000	4.64556e-05	430.000000	4.53363e-05	430.000000	4.6455e-05	430.000000	4.55049e-05	430.000000	9.19321e-09	
440.000000	4.50067e-05	440.000000	4.50231e-05	440.000000	4.59785e-05	440.000000	4.48587e-05	440.000000	4.59769e-05	440.000000	4.50141e-05	440.000000	9.00082e-09	
450.000000	4.45399e-05	450.000000	4.45544e-05	450.000000	4.55241e-05	450.000000	4.44032e-05	450.000000	4.55204e-05	450.000000	4.45456e-05	450.000000	8.81662e-09	
460.000000	4.40934e-05	460.000000	4.41067e-05	460.000000	4.5089e-05	460.000000	4.39685e-05	460.000000	4.50849e-05	460.000000	4.4098e-05	460.000000	8.64009e-09	
470.000000	4.36659e-05	470.000000	4.36785e-05	470.000000	4.46721e-05	470.000000	4.35531e-05	470.000000	4.46691e-05	470.000000	4.36701e-05	470.000000	8.47075e-09	
480.000000	4.32562e-05	480.000000	4.32688e-05	480.000000	4.42732e-05	480.000000	4.31559e-05	480.000000	4.42705e-05	480.000000	4.32605e-05	480.000000	8.30817e-09	
490.000000	4.28635e-05	490.000000	4.28765e-05	490.000000	4.38917e-05	490.000000	4.27758e-05	490.000000	4.38891e-05	490.000000	4.28683e-05	490.000000	8.15195e-09	
500.000000	4.24866e-05	500.000000	4.25005e-05	500.000000	4.35265e-05	500.000000	4.24118e-05	500.000000	4.35241e-05	500.000000	4.24925e-05	500.000000	8.00171e-09	
520.000000	4.17771e-05	520.000000	4.17937e-05	520.000000	4.28405e-05	520.000000	4.17285e-05	520.000000	4.28384e-05	520.000000	4.1786e-05	520.000000	7.71784e-09	
540.000000	4.11213e-05	540.000000	4.1142e-05	540.000000	4.22084e-05	540.000000	4.10992e-05	540.000000	4.22063e-05	540.000000	4.11346e-05	540.000000	7.45413e-09	
560.000000	4.05139e-05	560.000000	4.05396e-05	560.000000	4.1625e-05	560.000000	4.05183e-05	560.000000	4.16228e-05	560.000000	4.05324e-05	560.000000	7.20848e-09	
580.000000	3.995e-05 	580.000000	3.99815e-05	580.000000	4.10853e-05	580.000000	3.99808e-05	580.000000	4.10821e-05	580.000000	3.99745e-05	580.000000	6.97907e-09	
600.000000	3.94255e-05	600.000000	3.94634e-05	600.000000	4.05825e-05	600.000000	3.94824e-05	600.000000	4.05813e-05	600.000000	3.94566e-05	600.000000	6.76434e-09	
620.000000	3.89368e-05	620.000000	3.89815e-05	620.000000	4.01146e-05	620.000000	3.90193e-05	620.000000	4.01147e-05	620.000000	3.89749e-05	620.000000	6.56288e-09	
640.000000	3.84808e-05	640.000000	3.85326e-05	640.000000	3.96806e-05	640.000000	3.85882e-05	640.000000	3.96809e-05	640.000000	3.85262e-05	640.000000	6.3735e-09	
660.000000	3.80546e-05	660.000000	3.81137e-05	660.000000	3.9277e-05	660.000000	3.81863e-05	660.000000	3.92761e-05	660.000000	3.81075e-05	660.000000	6.19514e-09	
680.000000	3.76557e-05	680.000000	3.77222e-05	680.000000	3.88998e-05	680.000000	3.78109e-05	680.000000	3.88976e-05	680.000000	3.77162e-05	680.000000	6.02683e-09	
700.000000	3.72819e-05	700.000000	3.73559e-05	700.000000	3.85458e-05	700.000000	3.74599e-05	700.000000	3.8544e-05	700.000000	3.735e-05 	700.000000	5.86775e-09	
720.000000	3.69313e-05	720.000000	3.70127e-05	720.000000	3.8213e-05	720.000000	3.7131e-05	720.000000	3.82122e-05	720.000000	3.7007e-05	720.000000	5.71715e-09	
740.000000	3.6602e-05	740.000000	3.66908e-05	740.000000	3.79012e-05	740.000000	3.68227e-05	740.000000	3.79009e-05	740.000000	3.66852e-05	740.000000	5.57436e-09	
760.000000	3.62925e-05	760.000000	3.63885e-05	760.000000	3.76097e-05	760.000000	3.65331e-05	760.000000	3.7609e-05	760.000000	3.63831e-05	760.000000	5.43878e-09	
780.000000	3.60013e-05	780.000000	3.61045e-05	780.000000	3.73358e-05	780.000000	3.62609e-05	780.000000	3.7334e-05	780.000000	3.60991e-05	780.000000	5.30987e-09	
800.000000	3.57271e-05	800.000000	3.58372e-05	800.000000	3.70772e-05	800.000000	3.60048e-05	800.000000	3.70751e-05	800.000000	3.5832e-05	800.000000	5.18715e-09	
820.000000	3.54688e-05	820.000000	3.55856e-05	820.000000	3.68327e-05	820.000000	3.57635e-05	820.000000	3.68315e-05	820.000000	3.55805e-05	820.000000	5.07017e-09	
840.000000	3.52252e-05	840.000000	3.53485e-05	840.000000	3.66018e-05	840.000000	3.5536e-05	840.000000	3.66016e-05	840.000000	3.53436e-05	840.000000	4.95854e-09	
860.000000	3.49955e-05	860.000000	3.51251e-05	860.000000	3.63839e-05	860.000000	3.53212e-05	860.000000	3.63842e-05	860.000000	3.51202e-05	860.000000	4.85189e-09	
880.000000	3.47787e-05	880.000000	3.49142e-05	880.000000	3.61784e-05	880.000000	3.51184e-05	880.000000	3.61791e-05	880.000000	3.49095e-05	880.000000	4.7499e-09	
900.000000	3.45739e-05	900.000000	3.47152e-05	900.000000	3.59847e-05	900.000000	3.49267e-05	900.000000	3.59855e-05	900.000000	3.47106e-05	900.000000	4.65225e-09	
920.000000	3.43806e-05	920.000000	3.45273e-05	920.000000	3.5802e-05	920.000000	3.47454e-05	920.000000	3.58016e-05	920.000000	3.45227e-05	920.000000	4.55868e-09	
940.000000	3.41979e-05	940.000000	3.43497e-05	940.000000	3.56291e-05	940.000000	3.45737e-05	940.000000	3.56277e-05	940.000000	3.43453e-05	940.000000	4.46894e-09	
960.000000	3.40253e-05	960.000000	3.41819e-05	960.000000	3.54649e-05	960.000000	3.44111e-05	960.000000	3.54631e-05	960.000000	3.41776e-05	960.000000	4.38278e-09	
980.000000	3.38621e-05	980.000000	3.40233e-05	980.000000	3.53088e-05	980.000000	3.42569e-05	980.000000	3.53072e-05	980.000000	3.4019e-05	980.000000	4.3e-09   	
1000.000000	3.37079e-05	1000.000000	3.38733e-05	1000.000000	3.51604e-05	1000.000000	3.41108e-05	1000.000000	3.51588e-05	1000.000000	3.38691e-05	1000.000000	4.2204e-09	
1020.000000	3.35621e-05	1020.000000	3.37315e-05	1020.000000	3.50194e-05	1020.000000	3.3972e-05	1020.000000	3.50181e-05	1020.000000	3.37273e-05	1020.000000	4.1438e-09	
1040.000000	3.34243e-05	1040.000000	3.35973e-05	1040.000000	3.48856e-05	1040.000000	3.38404e-05	1040.000000	3.48847e-05	1040.000000	3.35932e-05	1040.000000	4.07002e-09	
1060.000000	3.32941e-05	1060.000000	3.34704e-05	1060.000000	3.47585e-05	1060.000000	3.37153e-05	1060.000000	3.47581e-05	1060.000000	3.34664e-05	1060.000000	3.99892e-09	
1080.000000	3.3171e-05	1080.000000	3.33503e-05	1080.000000	3.46378e-05	1080.000000	3.35965e-05	1080.000000	3.46373e-05	1080.000000	3.33464e-05	1080.000000	3.93035e-09	
1100.000000	3.30547e-05	1100.000000	3.32367e-05	1100.000000	3.45231e-05	1100.000000	3.34835e-05	1100.000000	3.45225e-05	1100.000000	3.32328e-05	1100.000000	3.86417e-09	
1120.000000	3.29449e-05	1120.000000	3.31293e-05	1120.000000	3.44139e-05	1120.000000	3.33761e-05	1120.000000	3.44135e-05	1120.000000	3.31255e-05	1120.000000	3.80026e-09	
1140.000000	3.28412e-05	1140.000000	3.30277e-05	1140.000000	3.43101e-05	1140.000000	3.32739e-05	1140.000000	3.43098e-05	1140.000000	3.30239e-05	1140.000000	3.73851e-09	
1160.000000	3.27434e-05	1160.000000	3.29316e-05	1160.000000	3.42112e-05	1160.000000	3.31767e-05	1160.000000	3.4211e-05	1160.000000	3.29279e-05	1160.000000	3.6788e-09	
1180.000000	3.26511e-05	1180.000000	3.28408e-05	1180.000000	3.41171e-05	1180.000000	3.30841e-05	1180.000000	3.41168e-05	1180.000000	3.28371e-05	1180.000000	3.62104e-09	
1200.000000	3.25642e-05	1200.000000	3.2755e-05	1200.000000	3.40274e-05	1200.000000	3.2996e-05	1200.000000	3.40272e-05	1200.000000	3.27514e-05	1200.000000	3.56512e-09	
1220.000000	3.24822e-05	1220.000000	3.26739e-05	1220.000000	3.3942e-05	1220.000000	3.29121e-05	1220.000000	3.39419e-05	1220.000000	3.26704e-05	1220.000000	3.51097e-09	
1240.000000	3.24052e-05	1240.000000	3.25974e-05	1240.000000	3.38606e-05	1240.000000	3.28322e-05	1240.000000	3.38607e-05	1240.000000	3.25939e-05	1240.000000	3.4585e-09	
1260.000000	3.23327e-05	1260.000000	3.25252e-05	1260.000000	3.37831e-05	1260.000000	3.2756e-05	1260.000000	3.37831e-05	1260.000000	3.25218e-05	1260.000000	3.40762e-09	
1280.000000	3.22647e-05	1280.000000	3.24571e-05	1280.000000	3.37092e-05	1280.000000	3.26835e-05	1280.000000	3.37092e-05	1280.000000	3.24537e-05	1280.000000	3.35827e-09	
1300.000000	3.22008e-05	1300.000000	3.23929e-05	1300.000000	3.36388e-05	1300.000000	3.26144e-05	1300.000000	3.36387e-05	1300.000000	3.23896e-05	1300.000000	3.31039e-09	
1320.000000	3.21411e-05	1320.000000	3.23326e-05	1320.000000	3.35717e-05	1320.000000	3.25485e-05	1320.000000	3.35716e-05	1320.000000	3.23293e-05	1320.000000	3.26389e-09	
1340.000000	3.20852e-05	1340.000000	3.22758e-05	1340.000000	3.35076e-05	1340.000000	3.24857e-05	1340.000000	3.35077e-05	1340.000000	3.22726e-05	1340.000000	3.21873e-09	
1360.000000	3.2033e-05	1360.000000	3.22224e-05	1360.000000	3.34466e-05	1360.000000	3.24259e-05	1360.000000	3.34467e-05	1360.000000	3.22192e-05	1360.000000	3.17485e-09	
1380.000000	3.19844e-05	1380.000000	3.21724e-05	1380.000000	3.33884e-05	1380.000000	3.23688e-05	1380.000000	3.33884e-05	1380.000000	3.21692e-05	1380.000000	3.13219e-09	
1400.000000	3.19392e-05	1400.000000	3.21254e-05	1400.000000	3.33329e-05	1400.000000	3.23145e-05	1400.000000	3.33328e-05	1400.000000	3.21223e-05	1400.000000	3.0907e-09	
1420.000000	3.18973e-05	1420.000000	3.20815e-05	1420.000000	3.328e-05 	1420.000000	3.22627e-05	1420.000000	3.32799e-05	1420.000000	3.20785e-05	1420.000000	3.05033e-09	
1440.000000	3.18586e-05	1440.000000	3.20406e-05	1440.000000	3.32296e-05	1440.000000	3.22133e-05	1440.000000	3.32295e-05	1440.000000	3.20375e-05	1440.000000	3.01104e-09	
1460.000000	3.18229e-05	1460.000000	3.20023e-05	1460.000000	3.31815e-05	1460.000000	3.21662e-05	1460.000000	3.31815e-05	1460.000000	3.19994e-05	1460.000000	2.97279e-09	
1480.000000	3.17902e-05	1480.000000	3.19668e-05	1480.000000	3.31356e-05	1480.000000	3.21214e-05	1480.000000	3.31356e-05	1480.000000	3.19639e-05	1480.000000	2.93552e-09	
1500.000000	3.17603e-05	1500.000000	3.19338e-05	1500.000000	3.30919e-05	1500.000000	3.20787e-05	1500.000000	3.30918e-05	1500.000000	3.19309e-05	1500.000000	2.89922e-09	
1520.000000	3.17331e-05	1520.000000	3.19033e-05	1520.000000	3.30503e-05	1520.000000	3.2038e-05	1520.000000	3.30501e-05	1520.000000	3.19004e-05	1520.000000	2.86383e-09	
1540.000000	3.17085e-05	1540.000000	3.18751e-05	1540.000000	3.30106e-05	1540.000000	3.19993e-05	1540.000000	3.30104e-05	1540.000000	3.18723e-05	1540.000000	2.82933e-09	
1560.000000	3.16864e-05	1560.000000	3.18493e-05	1560.000000	3.29729e-05	1560.000000	3.19624e-05	1560.000000	3.29726e-05	1560.000000	3.18465e-05	1560.000000	2.79567e-09	
1580.000000	3.16668e-05	1580.000000	3.18256e-05	1580.000000	3.29369e-05	1580.000000	3.19273e-05	1580.000000	3.29367e-05	1580.000000	3.18228e-05	1580.000000	2.76284e-09	
1600.000000	3.16496e-05	1600.000000	3.1804e-05	1600.000000	3.29027e-05	1600.000000	3.18939e-05	1600.000000	3.29024e-05	1600.000000	3.18013e-05	1600.000000	2.73079e-09	
1620.000000	3.16346e-05	1620.000000	3.17845e-05	1620.000000	3.28702e-05	1620.000000	3.18622e-05	1620.000000	3.28697e-05	1620.000000	3.17818e-05	1620.000000	2.69951e-09	
1640.000000	3.16218e-05	1640.000000	3.17669e-05	1640.000000	3.28392e-05	1640.000000	3.1832e-05	1640.000000	3.28386e-05	1640.000000	3.17642e-05	1640.000000	2.66896e-09	
1660.000000	3.16112e-05	1660.000000	3.17512e-05	1660.000000	3.28098e-05	1660.000000	3.18033e-05	1660.000000	3.2809e-05	1660.000000	3.17486e-05	1660.000000	2.63911e-09	
1680.000000	3.16026e-05	1680.000000	3.17373e-05	1680.000000	3.27818e-05	1680.000000	3.1776e-05	1680.000000	3.2781e-05	1680.000000	3.17347e-05	1680.000000	2.60995e-09	
1700.000000	3.1596e-05	1700.000000	3.17252e-05	1700.000000	3.27552e-05	1700.000000	3.17502e-05	1700.000000	3.27544e-05	1700.000000	3.17227e-05	1700.000000	2.58145e-09	
1750.000000	3.15878e-05	1750.000000	3.17023e-05	1750.000000	3.26944e-05	1750.000000	3.16912e-05	1750.000000	3.26935e-05	1750.000000	3.16998e-05	1750.000000	2.51294e-09	
1800.000000	3.15908e-05	1800.000000	3.16891e-05	1800.000000	3.2641e-05	1800.000000	3.16397e-05	1800.000000	3.26401e-05	1800.000000	3.16866e-05	1800.000000	2.4481e-09	
1850.000000	3.16041e-05	1850.000000	3.16849e-05	1850.000000	3.25943e-05	1850.000000	3.15951e-05	1850.000000	3.25938e-05	1850.000000	3.16825e-05	1850.000000	2.38662e-09	
1900.000000	3.1627e-05	1900.000000	3.16889e-05	1900.000000	3.25538e-05	1900.000000	3.15566e-05	1900.000000	3.25536e-05	1900.000000	3.16865e-05	1900.000000	2.32826e-09	
1950.000000	3.16588e-05	1950.000000	3.17005e-05	1950.000000	3.25189e-05	1950.000000	3.15237e-05	1950.000000	3.25191e-05	1950.000000	3.16983e-05	1950.000000	2.27278e-09	
2000.000000	3.1699e-05	2000.000000	3.17192e-05	2000.000000	3.24894e-05	2000.000000	3.1496e-05	2000.000000	3.249e-05 	2000.000000	3.1717e-05	2000.000000	2.21997e-09	
2100.000000	3.18021e-05	2100.000000	3.17758e-05	2100.000000	3.24445e-05	2100.000000	3.14541e-05	2100.000000	3.24453e-05	2100.000000	3.17737e-05	2100.000000	2.12162e-09	
2200.000000	3.19326e-05	2200.000000	3.18551e-05	2200.000000	3.2416e-05	2200.000000	3.14278e-05	2200.000000	3.24167e-05	2200.000000	3.18531e-05	2200.000000	2.03188e-09	
2300.000000	3.20873e-05	2300.000000	3.1954e-05	2300.000000	3.24009e-05	2300.000000	3.14148e-05	2300.000000	3.24011e-05	2300.000000	3.19521e-05	2300.000000	1.94966e-09	
2400.000000	3.22636e-05	2400.000000	3.20702e-05	2400.000000	3.2397e-05	2400.000000	3.14127e-05	2400.000000	3.23971e-05	2400.000000	3.20683e-05	2400.000000	1.87404e-09	
2500.000000	3.24591e-05	2500.000000	3.22015e-05	2500.000000	3.24024e-05	2500.000000	3.14201e-05	2500.000000	3.24024e-05	2500.000000	3.21997e-05	2500.000000	1.80425e-09	
2600.000000	3.26722e-05	2600.000000	3.23462e-05	2600.000000	3.24158e-05	2600.000000	3.14354e-05	2600.000000	3.24161e-05	2600.000000	3.23445e-05	2600.000000	1.73963e-09	
2700.000000	3.2901e-05	2700.000000	3.25028e-05	2700.000000	3.2436e-05	2700.000000	3.14575e-05	2700.000000	3.24364e-05	2700.000000	3.25011e-05	2700.000000	1.67963e-09	
2800.000000	3.31441e-05	2800.000000	3.267e-05 	2800.000000	3.24621e-05	2800.000000	3.14854e-05	2800.000000	3.24628e-05	2800.000000	3.26683e-05	2800.000000	1.62376e-09	
2900.000000	3.34004e-05	2900.000000	3.28466e-05	2900.000000	3.24932e-05	2900.000000	3.15182e-05	2900.000000	3.24941e-05	2900.000000	3.2845e-05	2900.000000	1.5716e-09	
3000.000000	3.36688e-05	3000.000000	3.30318e-05	3000.000000	3.25287e-05	3000.000000	3.15551e-05	3000.000000	3.25298e-05	3000.000000	3.30303e-05	3000.000000	1.52279e-09	
3200.000000	3.42382e-05	3200.000000	3.34243e-05	3200.000000	3.26103e-05	3200.000000	3.16394e-05	3200.000000	3.26115e-05	3200.000000	3.34229e-05	3200.000000	1.43401e-09	
3400.000000	3.48462e-05	3400.000000	3.38421e-05	3400.000000	3.27029e-05	3400.000000	3.17342e-05	3400.000000	3.27041e-05	3400.000000	3.38408e-05	3400.000000	1.3553e-09	
3600.000000	3.54877e-05	3600.000000	3.42807e-05	3600.000000	3.28034e-05	3600.000000	3.18366e-05	3600.000000	3.28046e-05	3600.000000	3.42794e-05	3600.000000	1.28503e-09	
3800.000000	3.6159e-05	3800.000000	3.47368e-05	3800.000000	3.29097e-05	3800.000000	3.19444e-05	3800.000000	3.29106e-05	3800.000000	3.47356e-05	3800.000000	1.22191e-09	
4000.000000	3.68568e-05	4000.000000	3.52075e-05	4000.000000	3.30199e-05	4000.000000	3.20561e-05	4000.000000	3.30206e-05	4000.000000	3.52063e-05	4000.000000	1.16487e-09	
4200.000000	3.75787e-05	4200.000000	3.56907e-05	4200.000000	3.31328e-05	4200.000000	3.21702e-05	4200.000000	3.31333e-05	4200.000000	3.56896e-05	4200.000000	1.11308e-09	
4400.000000	3.83226e-05	4400.000000	3.61845e-05	4400.000000	3.32472e-05	4400.000000	3.22859e-05	4400.000000	3.32475e-05	4400.000000	3.61835e-05	4400.000000	1.06584e-09	
4600.000000	3.90866e-05	4600.000000	3.66875e-05	4600.000000	3.33625e-05	4600.000000	3.24024e-05	4600.000000	3.33628e-05	4600.000000	3.66865e-05	4600.000000	1.02256e-09	
4800.000000	3.98694e-05	4800.000000	3.71984e-05	4800.000000	3.3478e-05	4800.000000	3.25192e-05	4800.000000	3.34782e-05	4800.000000	3.71975e-05	4800.000000	9.82759e-10	
5000.000000	4.06696e-05	5000.000000	3.77162e-05	5000.000000	3.35933e-05	5000.000000	3.26357e-05	5000.000000	3.35935e-05	5000.000000	3.77153e-05	5000.000000	9.46035e-10	
5250.000000	4.16929e-05	5250.000000	3.83717e-05	5250.000000	3.37367e-05	5250.000000	3.27805e-05	5250.000000	3.37369e-05	5250.000000	3.83708e-05	5250.000000	9.03929e-10	
5500.000000	4.27401e-05	5500.000000	3.90352e-05	5500.000000	3.38786e-05	5500.000000	3.29239e-05	5500.000000	3.38789e-05	5500.000000	3.90344e-05	5500.000000	8.65521e-10	
6000.000000	4.49007e-05	6000.000000	4.03814e-05	6000.000000	3.41572e-05	6000.000000	3.32051e-05	6000.000000	3.41575e-05	6000.000000	4.03806e-05	6000.000000	7.97987e-10	
6500.000000	4.71424e-05	6500.000000	4.17476e-05	6500.000000	3.44275e-05	6500.000000	3.34777e-05	6500.000000	3.44276e-05	6500.000000	4.17468e-05	6500.000000	7.40504e-10	
7000.000000	4.94588e-05	7000.000000	4.31285e-05	7000.000000	3.46886e-05	7000.000000	3.37408e-05	7000.000000	3.46883e-05	7000.000000	4.31278e-05	7000.000000	6.90964e-10	
7500.000000	5.18449e-05	7500.000000	4.45206e-05	7500.000000	3.49383e-05	7500.000000	3.39942e-05	7500.000000	3.49393e-05	7500.000000	4.452e-05 	7500.000000	6.47814e-10	
8000.000000	5.42972e-05	8000.000000	4.5921e-05	8000.000000	3.51808e-05	8000.000000	3.42381e-05	8000.000000	3.51808e-05	8000.000000	4.59204e-05	8000.000000	6.0988e-10	
8500.000000	5.68128e-05	8500.000000	4.73278e-05	8500.000000	3.5414e-05	8500.000000	3.44727e-05	8500.000000	3.5413e-05	8500.000000	4.73272e-05	8500.000000	5.76264e-10	
9000.000000	5.93896e-05	9000.000000	4.87393e-05	9000.000000	3.5637e-05	9000.000000	3.46985e-05	9000.000000	3.56363e-05	9000.000000	4.87387e-05	9000.000000	5.46261e-10	
9500.000000	6.20259e-05	9500.000000	5.01543e-05	9500.000000	3.58509e-05	9500.000000	3.49158e-05	9500.000000	3.58511e-05	9500.000000	5.01538e-05	9500.000000	5.19313e-10	
10000.000000	6.47202e-05	10000.000000	5.15719e-05	10000.000000	3.6057e-05	10000.000000	3.51251e-05	10000.000000	3.60579e-05	10000.000000	5.15715e-05	10000.000000	4.94972e-10	
11000.000000	7.02789e-05	11000.000000	5.44121e-05	11000.000000	3.6448e-05	11000.000000	3.55217e-05	11000.000000	3.64492e-05	11000.000000	5.44117e-05	11000.000000	4.52719e-10	
12000.000000	7.60589e-05	12000.000000	5.72555e-05	12000.000000	3.68133e-05	12000.000000	3.58915e-05	12000.000000	3.68134e-05	12000.000000	5.72551e-05	12000.000000	4.17289e-10	
13000.000000	8.20558e-05	13000.000000	6.00994e-05	13000.000000	3.71541e-05	13000.000000	3.62375e-05	13000.000000	3.71535e-05	13000.000000	6.0099e-05	13000.000000	3.8714e-10	
14000.000000	8.82665e-05	14000.000000	6.29418e-05	14000.000000	3.74724e-05	14000.000000	3.65623e-05	14000.000000	3.74722e-05	14000.000000	6.29414e-05	14000.000000	3.61164e-10	
15000.000000	9.46891e-05	15000.000000	6.57816e-05	15000.000000	3.77709e-05	15000.000000	3.68683e-05	15000.000000	3.77716e-05	15000.000000	6.57812e-05	15000.000000	3.38543e-10	
16000.000000	0.000101322	16000.000000	6.86179e-05	16000.000000	3.80521e-05	16000.000000	3.71573e-05	16000.000000	3.80538e-05	16000.000000	6.86176e-05	16000.000000	3.18662e-10	
17000.000000	0.000108165	17000.000000	7.14503e-05	17000.000000	3.8318e-05	17000.000000	3.74311e-05	17000.000000	3.83205e-05	17000.000000	7.145e-05 	17000.000000	3.01047e-10	
18000.000000	0.000115216	18000.000000	7.42783e-05	18000.000000	3.85704e-05	18000.000000	3.76911e-05	18000.000000	3.85731e-05	18000.000000	7.4278e-05	18000.000000	2.85328e-10	
19000.000000	0.000122477	19000.000000	7.71018e-05	19000.000000	3.88108e-05	19000.000000	3.79386e-05	19000.000000	3.88127e-05	19000.000000	7.71015e-05	19000.000000	2.71212e-10	
20000.000000	0.000129946	20000.000000	7.99206e-05	20000.000000	3.90401e-05	20000.000000	3.81746e-05	20000.000000	3.90407e-05	20000.000000	7.99203e-05	20000.000000	2.58463e-10	
21000.000000	0.000137624	21000.000000	8.27346e-05	21000.000000	3.92587e-05	21000.000000	3.84003e-05	21000.000000	3.9258e-05	21000.000000	8.27344e-05	21000.000000	2.46892e-10	
22000.000000	0.000145512	22000.000000	8.5544e-05	22000.000000	3.94656e-05	22000.000000	3.86164e-05	22000.000000	3.94653e-05	22000.000000	8.55437e-05	22000.000000	2.36339e-10	
23000.000000	0.000153609	23000.000000	8.83486e-05	23000.000000	3.96636e-05	23000.000000	3.88236e-05	23000.000000	3.96637e-05	23000.000000	8.83484e-05	23000.000000	2.26676e-10	
24000.000000	0.000161916	24000.000000	9.11486e-05	24000.000000	3.98535e-05	24000.000000	3.90228e-05	24000.000000	3.98534e-05	24000.000000	9.11484e-05	24000.000000	2.17792e-10	
25000.000000	0.000170435	25000.000000	9.39439e-05	25000.000000	4.00355e-05	25000.000000	3.92144e-05	25000.000000	4.00356e-05	25000.000000	9.39437e-05	25000.000000	2.09598e-10	
26000.000000	0.000179165	26000.000000	9.67348e-05	26000.000000	4.02099e-05	26000.000000	3.9399e-05	26000.000000	4.02102e-05	26000.000000	9.67346e-05	26000.000000	2.02014e-10	
27000.000000	0.000188107	27000.000000	9.95212e-05	27000.000000	4.03776e-05	27000.000000	3.95771e-05	27000.000000	4.03784e-05	27000.000000	9.9521e-05	27000.000000	1.94975e-10	
28000.000000	0.000197262	28000.000000	0.000102303	28000.000000	4.05391e-05	28000.000000	3.97491e-05	28000.000000	4.05399e-05	28000.000000	0.000102303	28000.000000	1.88423e-10	
29000.000000	0.000206631	29000.000000	0.000105081	29000.000000	4.0695e-05	29000.000000	3.99155e-05	29000.000000	4.06956e-05	29000.000000	0.000105081	29000.000000	1.82309e-10	
30000.000000	0.000216215	30000.000000	0.000107855	30000.000000	4.08456e-05	30000.000000	4.00765e-05	30000.000000	4.08457e-05	30000.000000	0.000107854	30000.000000	1.7659e-10	
32000.000000	0.00023603	32000.000000	0.000113389	32000.000000	4.11316e-05	32000.000000	4.03839e-05	32000.000000	4.11306e-05	32000.000000	0.000113389	32000.000000	1.66192e-10	
34000.000000	0.000256716	34000.000000	0.000118909	34000.000000	4.13987e-05	34000.000000	4.06736e-05	34000.000000	4.13966e-05	34000.000000	0.000118909	34000.000000	1.56981e-10	
36000.000000	0.000278278	36000.000000	0.000124413	36000.000000	4.16481e-05	36000.000000	4.09475e-05	36000.000000	4.16459e-05	36000.000000	0.000124413	36000.000000	1.48762e-10	
38000.000000	0.000300726	38000.000000	0.000129903	38000.000000	4.18814e-05	38000.000000	4.12072e-05	38000.000000	4.18803e-05	38000.000000	0.000129903	38000.000000	1.41383e-10	
40000.000000	0.000324068	40000.000000	0.00013538	40000.000000	4.21008e-05	40000.000000	4.14541e-05	40000.000000	4.21009e-05	40000.000000	0.00013538	40000.000000	1.3472e-10	
42000.000000	0.000348312	42000.000000	0.000140843	42000.000000	4.23082e-05	42000.000000	4.16894e-05	42000.000000	4.23091e-05	42000.000000	0.000140843	42000.000000	1.28673e-10	
44000.000000	0.000373468	44000.000000	0.000146294	44000.000000	4.25052e-05	44000.000000	4.19141e-05	44000.000000	4.25063e-05	44000.000000	0.000146294	44000.000000	1.23159e-10	
46000.000000	0.000399543	46000.000000	0.000151733	46000.000000	4.26932e-05	46000.000000	4.21291e-05	46000.000000	4.26926e-05	46000.000000	0.000151733	46000.000000	1.18111e-10	
48000.000000	0.000426547	48000.000000	0.000157161	48000.000000	4.28725e-05	48000.000000	4.23353e-05	48000.000000	4.28698e-05	48000.000000	0.000157161	48000.000000	1.1347e-10	
50000.000000	0.000454489	50000.000000	0.000162577	50000.000000	4.30427e-05	50000.000000	4.25334e-05	50000.000000	4.30379e-05	50000.000000	0.000162577	50000.000000	1.0919e-10	
