! 89Rb energy loss (dE/dX) in He
! apply ZOOM for details
Energy (MeV/u)1	0 - [He-base] F.Hubert et al, AD&ND Tables 46(1990)1	Energy (MeV/u)2	1 - [H -base] J.F.Ziegler et al,Pergamon Press,NY(low energy)	Energy (MeV/u)3	2 - ATIMA 1.2 LS-theory (recommended for high energy)	Energy (MeV/u)4	3 - ATIMA 1.2 without LS-correction	Energy (MeV/u)5	4 - ATIMA 1.4 H.Weick, improved mean charge formula for HI	Energy (MeV/u)6	5 - electrical component of [1] - J.F.Ziegler et al	Energy (MeV/u)7	6 - nuclear component of [1] - J.F.Ziegler et al	
0.001000	0.000218462	0.001000	0.000218462	0.001000	0.000188578	0.001000	0.000188578	0.001000	0.000188588	0.001000	5.59305e-05	0.001000	0.000162532	
0.002000	0.000220492	0.002000	0.000220492	0.002000	0.000184792	0.002000	0.000184792	0.002000	0.0001848 	0.002000	7.25329e-05	0.002000	0.000147959	
0.005000	0.000215073	0.005000	0.000215073	0.005000	0.000171035	0.005000	0.000171035	0.005000	0.00017104	0.005000	0.000102273	0.005000	0.000112799	
0.008000	0.000214212	0.008000	0.000214212	0.008000	0.000165888	0.008000	0.000165888	0.008000	0.000165892	0.008000	0.000121985	0.008000	9.22265e-05	
0.010000	0.000215353	0.010000	0.000215353	0.010000	0.000165077	0.010000	0.000165077	0.010000	0.00016508	0.010000	0.000132632	0.010000	8.2721e-05	
0.015000	0.000220995	0.015000	0.000220995	0.015000	0.000167447	0.015000	0.000167447	0.015000	0.000167449	0.015000	0.000154413	0.015000	6.65827e-05	
0.020000	0.000228312	0.020000	0.000228312	0.020000	0.000172777	0.020000	0.000172777	0.020000	0.000172779	0.020000	0.000172003	0.020000	5.63092e-05	
0.025000	0.00023612	0.025000	0.00023612	0.025000	0.000179319	0.025000	0.000179319	0.025000	0.000179321	0.025000	0.000187015	0.025000	4.91047e-05	
0.030000	0.000243977	0.030000	0.000243977	0.030000	0.000186372	0.030000	0.000186372	0.030000	0.000186373	0.030000	0.000200248	0.030000	4.3729e-05	
0.035000	0.000251706	0.035000	0.000251706	0.035000	0.000193612	0.035000	0.000193612	0.035000	0.000193613	0.035000	0.000212165	0.035000	3.95405e-05	
0.040000	0.000259231	0.040000	0.000259231	0.040000	0.00020088	0.040000	0.00020088	0.040000	0.000200882	0.040000	0.00022306	0.040000	3.61713e-05	
0.045000	0.000266526	0.045000	0.000266526	0.045000	0.000208094	0.045000	0.000208094	0.045000	0.000208095	0.045000	0.000233133	0.045000	3.33936e-05	
0.050000	0.000273587	0.050000	0.000273587	0.050000	0.000215209	0.050000	0.000215209	0.050000	0.00021521	0.050000	0.000242528	0.050000	3.10586e-05	
0.055000	0.000287694	0.055000	0.000287694	0.055000	0.000229736	0.055000	0.000229736	0.055000	0.000229737	0.055000	0.00025863	0.055000	2.90643e-05	
0.060000	0.000305584	0.060000	0.000305584	0.060000	0.000248952	0.060000	0.000248952	0.060000	0.000248953	0.060000	0.000278246	0.060000	2.73385e-05	
0.070000	0.000339946	0.070000	0.000339946	0.070000	0.000287796	0.070000	0.000287796	0.070000	0.000287797	0.070000	0.000315676	0.070000	2.42702e-05	
0.080000	0.000373282	0.080000	0.000373282	0.080000	0.000327071	0.080000	0.000327071	0.080000	0.000327072	0.080000	0.000351241	0.080000	2.20406e-05	
0.090000	0.000405361	0.090000	0.000405361	0.090000	0.000365912	0.090000	0.000365912	0.090000	0.000365913	0.090000	0.000385139	0.090000	2.02222e-05	
0.100000	0.000436089	0.100000	0.000436089	0.100000	0.000403873	0.100000	0.000403873	0.100000	0.000403873	0.100000	0.000417381	0.100000	1.87076e-05	
0.120000	0.000493208	0.120000	0.000493208	0.120000	0.000475937	0.120000	0.000475937	0.120000	0.000475937	0.120000	0.000476887	0.120000	1.63217e-05	
0.140000	0.00054454	0.140000	0.00054454	0.140000	0.00054167	0.140000	0.00054167	0.140000	0.00054167	0.140000	0.000530019	0.140000	1.45205e-05	
0.160000	0.000600855	0.160000	0.000600855	0.160000	0.000600477	0.160000	0.000600477	0.160000	0.000600478	0.160000	0.000587748	0.160000	1.31076e-05	
0.180000	0.000659222	0.180000	0.000659222	0.180000	0.000652396	0.180000	0.000652396	0.180000	0.000652397	0.180000	0.000647256	0.180000	1.19664e-05	
0.200000	0.000711339	0.200000	0.000711339	0.200000	0.000697838	0.200000	0.000697838	0.200000	0.000697839	0.200000	0.000700316	0.200000	1.10236e-05	
0.250000	0.000818722	0.250000	0.000818722	0.250000	0.000787248	0.250000	0.000787248	0.250000	0.000787248	0.250000	0.000809473	0.250000	9.24891e-06	
0.300000	0.000900864	0.300000	0.000900864	0.300000	0.000850394	0.300000	0.000850394	0.300000	0.000850395	0.300000	0.000892863	0.300000	8.00023e-06	
0.350000	0.000967241	0.350000	0.000967241	0.350000	0.000895979	0.350000	0.000895979	0.350000	0.00089598	0.350000	0.000960172	0.350000	7.06954e-06	
0.400000	0.00102214	0.400000	0.00102214	0.400000	0.000930103	0.400000	0.000930103	0.400000	0.000930104	0.400000	0.0010158 	0.400000	6.34669e-06	
0.450000	0.00106616	0.450000	0.00106616	0.450000	0.000956713	0.450000	0.000956713	0.450000	0.000956714	0.450000	0.00106039	0.450000	5.76761e-06	
0.500000	0.00110182	0.500000	0.00110182	0.500000	0.000978277	0.500000	0.000978277	0.500000	0.000978278	0.500000	0.00109652	0.500000	5.29237e-06	
0.600000	0.00115483	0.600000	0.00115483	0.600000	0.00103186	0.600000	0.00103186	0.600000	0.00103186	0.600000	0.00115027	0.600000	4.55671e-06	
0.700000	0.00120274	0.700000	0.00120274	0.700000	0.00107361	0.700000	0.00107361	0.700000	0.00107361	0.700000	0.00119873	0.700000	4.01185e-06	
0.800000	0.00123894	0.800000	0.00123894	0.800000	0.00110503	0.800000	0.00110503	0.800000	0.00110503	0.800000	0.00123535	0.800000	3.59079e-06	
0.900000	0.0012639 	0.900000	0.0012639 	0.900000	0.00112903	0.900000	0.00112903	0.900000	0.00112903	0.900000	0.00126065	0.900000	3.25487e-06	
1.000000	0.0012807 	1.000000	0.0012807 	1.000000	0.0011474 	1.000000	0.0011474 	1.000000	0.0011474 	1.000000	0.00127772	1.000000	2.98014e-06	
1.250000	0.00129066	1.250000	0.00129066	1.250000	0.00117573	1.250000	0.00117573	1.250000	0.00117573	1.250000	0.00128819	1.250000	2.47012e-06	
1.500000	0.00127985	1.500000	0.00127985	1.500000	0.00118722	1.500000	0.00118722	1.500000	0.00118723	1.500000	0.00127774	1.500000	2.117e-06 	
1.750000	0.00126256	1.750000	0.00126256	1.750000	0.00118818	1.750000	0.00118818	1.750000	0.00118818	1.750000	0.0012607 	1.750000	1.85701e-06	
2.000000	0.00124079	2.000000	0.00124079	2.000000	0.00118237	2.000000	0.00118237	2.000000	0.00118237	2.000000	0.00123914	2.000000	1.65705e-06	
2.250000	0.00121682	2.250000	0.00121682	2.250000	0.00117217	2.250000	0.00117217	2.250000	0.00117217	2.250000	0.00121532	2.250000	1.49815e-06	
2.500000	0.0015078 	2.500000	0.00119276	2.500000	0.0011591 	2.500000	0.0011591 	2.500000	0.0011591 	2.500000	0.0011914 	2.500000	1.36864e-06	
3.000000	0.00143313	3.000000	0.00114569	3.000000	0.00112816	3.000000	0.00112816	3.000000	0.00112817	3.000000	0.00114452	3.000000	1.16982e-06	
3.500000	0.00136275	3.500000	0.00110145	3.500000	0.00108994	3.500000	0.00108994	3.500000	0.00108994	3.500000	0.00110042	3.500000	1.02392e-06	
4.000000	0.00129787	4.000000	0.00105988	4.000000	0.00105152	4.000000	0.00105152	4.000000	0.00105152	4.000000	0.00105897	4.000000	9.12014e-07	
4.500000	0.00123854	4.500000	0.00102063	4.500000	0.00101561	4.500000	0.00101561	4.500000	0.00101561	4.500000	0.00101981	4.500000	8.23289e-07	
5.000000	0.00118438	5.000000	0.000983997	5.000000	0.000982038	5.000000	0.000982038	5.000000	0.000982039	5.000000	0.000983246	5.000000	7.51113e-07	
5.500000	0.00113491	5.500000	0.00094973	5.500000	0.000950617	5.500000	0.000950617	5.500000	0.000950618	5.500000	0.000949039	5.500000	6.91179e-07	
6.000000	0.00108962	6.000000	0.000917471	6.000000	0.000921173	6.000000	0.000921173	6.000000	0.000921174	6.000000	0.000916831	6.000000	6.40568e-07	
6.500000	0.00104805	6.500000	0.000887547	6.500000	0.000893539	6.500000	0.000893539	6.500000	0.00089354	6.500000	0.000886949	6.500000	5.97226e-07	
7.000000	0.00100978	7.000000	0.000859671	7.000000	0.000867561	7.000000	0.000867561	7.000000	0.000867562	7.000000	0.000859112	7.000000	5.59668e-07	
7.500000	0.00097444	7.500000	0.000833652	7.500000	0.000843098	7.500000	0.000843098	7.500000	0.000843098	7.500000	0.000833125	7.500000	5.26789e-07	
8.000000	0.000941715	8.000000	0.00080924	8.000000	0.000820023	8.000000	0.000820023	8.000000	0.000820023	8.000000	0.000808742	8.000000	4.97751e-07	
8.500000	0.000911325	8.500000	0.000786263	8.500000	0.00079822	8.500000	0.00079822	8.500000	0.000798221	8.500000	0.000785791	8.500000	4.71908e-07	
9.000000	0.000883027	9.000000	0.000764595	9.000000	0.000777588	9.000000	0.000777588	9.000000	0.000777589	9.000000	0.000764147	9.000000	4.48751e-07	
9.500000	0.00085661	9.500000	0.000744124	9.500000	0.000758034	9.500000	0.000758034	9.500000	0.000758034	9.500000	0.000743696	9.500000	4.27875e-07	
10.000000	0.000831891	10.000000	0.000694602	10.000000	0.000739473	10.000000	0.000739473	10.000000	0.000739474	10.000000	0.000694193	10.000000	4.08952e-07	
11.000000	0.000786921	11.000000	0.000669273	11.000000	0.000699916	11.000000	0.000706157	11.000000	0.000709397	11.000000	0.000668897	11.000000	3.75949e-07	
12.000000	0.000747044	12.000000	0.000645433	12.000000	0.000664699	12.000000	0.000676035	12.000000	0.00068146	12.000000	0.000645085	12.000000	3.48114e-07	
13.000000	0.000711425	13.000000	0.000623069	13.000000	0.000633175	13.000000	0.000648689	13.000000	0.000655531	13.000000	0.000622745	13.000000	3.24302e-07	
14.000000	0.000679402	14.000000	0.000602117	14.000000	0.000604817	14.000000	0.000623766	14.000000	0.000631462	14.000000	0.000601814	14.000000	3.03688e-07	
15.000000	0.000650442	15.000000	0.00058249	15.000000	0.000579181	15.000000	0.00060097	15.000000	0.000609107	15.000000	0.000582205	15.000000	2.85658e-07	
16.000000	0.000624117	16.000000	0.000564095	16.000000	0.000555919	16.000000	0.000580051	16.000000	0.000588327	16.000000	0.000563825	16.000000	2.69748e-07	
17.000000	0.000600073	17.000000	0.000546838	17.000000	0.000534735	17.000000	0.000560797	17.000000	0.000568993	17.000000	0.000546583	17.000000	2.55599e-07	
18.000000	0.000578019	18.000000	0.00053063	18.000000	0.000515378	18.000000	0.000543026	18.000000	0.000550955	18.000000	0.000530387	18.000000	2.42929e-07	
19.000000	0.000557712	19.000000	0.000515385	19.000000	0.000497636	19.000000	0.000526582	19.000000	0.000534137	19.000000	0.000515154	19.000000	2.31514e-07	
20.000000	0.000538946	20.000000	0.000501028	20.000000	0.000481329	20.000000	0.000511331	20.000000	0.000518445	20.000000	0.000500807	20.000000	2.21174e-07	
21.000000	0.000521549	21.000000	0.000487487	21.000000	0.000466302	21.000000	0.000497156	21.000000	0.000503737	21.000000	0.000487275	21.000000	2.11761e-07	
22.000000	0.000505371	22.000000	0.000474698	22.000000	0.000452418	22.000000	0.000483955	22.000000	0.000489994	22.000000	0.000474495	22.000000	2.03154e-07	
23.000000	0.000490287	23.000000	0.000462601	23.000000	0.000439569	23.000000	0.000471639	23.000000	0.000477099	23.000000	0.000462406	23.000000	1.95253e-07	
24.000000	0.000476185	24.000000	0.000451145	24.000000	0.000427663	24.000000	0.000460129	24.000000	0.000465011	24.000000	0.000450957	24.000000	1.87972e-07	
25.000000	0.000462971	25.000000	0.000440279	25.000000	0.000416611	25.000000	0.000449357	25.000000	0.000453656	25.000000	0.000440098	25.000000	1.8124e-07	
27.000000	0.000438882	27.000000	0.000420153	27.000000	0.000396724	27.000000	0.000429785	27.000000	0.000432945	27.000000	0.000419983	27.000000	1.69188e-07	
29.000000	0.000417468	29.000000	0.000401917	29.000000	0.000379431	29.000000	0.000412506	29.000000	0.00041459	29.000000	0.000401758	29.000000	1.58707e-07	
31.000000	0.000398297	31.000000	0.000385319	31.000000	0.000364553	31.000000	0.000395821	31.000000	0.00039662	31.000000	0.00038517	31.000000	1.49504e-07	
33.000000	0.000381026	33.000000	0.00037015	33.000000	0.000351222	33.000000	0.000379421	33.000000	0.000379001	33.000000	0.000370009	33.000000	1.41356e-07	
35.000000	0.000365381	35.000000	0.000356234	35.000000	0.000338919	35.000000	0.000364445	35.000000	0.000363142	35.000000	0.000356099	35.000000	1.34089e-07	
38.000000	0.000344481	38.000000	0.000337388	38.000000	0.000322148	38.000000	0.000344265	38.000000	0.000342085	38.000000	0.000337264	38.000000	1.24545e-07	
41.000000	0.000326146	41.000000	0.000320621	41.000000	0.000307107	41.000000	0.000326404	41.000000	0.000323716	41.000000	0.000320504	41.000000	1.16325e-07	
44.000000	0.000309922	44.000000	0.000305605	44.000000	0.00029357	44.000000	0.000310482	44.000000	0.000307532	44.000000	0.000305496	44.000000	1.09167e-07	
47.000000	0.000295456	47.000000	0.000292081	47.000000	0.000281336	47.000000	0.0002962 	47.000000	0.00029315	47.000000	0.000291978	47.000000	1.02875e-07	
50.000000	0.000282473	50.000000	0.000279836	50.000000	0.000270193	50.000000	0.000283315	50.000000	0.00028026	50.000000	0.000279739	50.000000	9.72989e-08	
55.000000	0.000263546	55.000000	0.000261814	55.000000	0.0002537 	55.000000	0.000264431	55.000000	0.000261497	55.000000	0.000261725	55.000000	8.92884e-08	
60.000000	0.000247356	60.000000	0.000246246	60.000000	0.000239346	60.000000	0.000248195	60.000000	0.000245479	60.000000	0.000246164	60.000000	8.25464e-08	
65.000000	0.000233339	65.000000	0.000232663	65.000000	0.000226779	65.000000	0.000234087	65.000000	0.000231629	65.000000	0.000232586	65.000000	7.679e-08 	
70.000000	0.000221078	70.000000	0.000220708	70.000000	0.00021567	70.000000	0.000221714	70.000000	0.000219523	70.000000	0.000220636	70.000000	7.18151e-08	
75.000000	0.000210255	75.000000	0.000210105	75.000000	0.000205765	75.000000	0.000210775	75.000000	0.00020895	75.000000	0.000210037	75.000000	6.74706e-08	
80.000000	0.000200627	80.000000	0.000200637	80.000000	0.000196906	80.000000	0.000201036	80.000000	0.000199544	80.000000	0.000200573	80.000000	6.36424e-08	
85.000000	0.000192002	85.000000	0.000192131	85.000000	0.00018892	85.000000	0.000192309	85.000000	0.000191113	85.000000	0.000192071	85.000000	6.02423e-08	
90.000000	0.000184228	90.000000	0.000184448	90.000000	0.000181683	90.000000	0.000184445	90.000000	0.000183514	90.000000	0.000184391	90.000000	5.72015e-08	
95.000000	0.000177183	95.000000	0.000177474	95.000000	0.000175092	95.000000	0.000177323	95.000000	0.000176642	95.000000	0.00017742	95.000000	5.44651e-08	
100.000000	0.000170767	100.000000	0.000171116	100.000000	0.000169064	100.000000	0.000170842	100.000000	0.000170388	100.000000	0.000171064	100.000000	5.1989e-08	
105.000000	0.000164897	105.000000	0.000165295	105.000000	0.000163547	105.000000	0.00016492	105.000000	0.000164665	105.000000	0.000165245	105.000000	4.97372e-08	
110.000000	0.000159506	110.000000	0.000159947	110.000000	0.000158462	110.000000	0.000159487	110.000000	0.000159425	110.000000	0.000159899	110.000000	4.76802e-08	
115.000000	0.000154535	115.000000	0.000155016	115.000000	0.000153772	115.000000	0.000154487	115.000000	0.000154587	115.000000	0.00015497	115.000000	4.57934e-08	
120.000000	0.000149936	120.000000	0.000150455	120.000000	0.00014943	120.000000	0.000149868	120.000000	0.000150126	120.000000	0.000150411	120.000000	4.40562e-08	
125.000000	0.000145668	125.000000	0.000146224	125.000000	0.000145388	125.000000	0.000145591	125.000000	0.000145985	125.000000	0.000146182	125.000000	4.24513e-08	
130.000000	0.000141696	130.000000	0.000142289	130.000000	0.000141621	130.000000	0.000141617	130.000000	0.000142145	130.000000	0.000142248	130.000000	4.09639e-08	
135.000000	0.000137989	135.000000	0.00013862	135.000000	0.00013811	135.000000	0.000137916	135.000000	0.00013856	135.000000	0.000138581	135.000000	3.95814e-08	
140.000000	0.000134521	140.000000	0.000135192	140.000000	0.000134822	140.000000	0.000134462	140.000000	0.00013522	140.000000	0.000135153	140.000000	3.82929e-08	
145.000000	0.000131269	145.000000	0.00013198	145.000000	0.000131736	145.000000	0.00013123	145.000000	0.000132083	145.000000	0.000131943	145.000000	3.70891e-08	
150.000000	0.000128213	150.000000	0.000128966	150.000000	0.000128842	150.000000	0.000128199	150.000000	0.000129147	150.000000	0.00012893	150.000000	3.59617e-08	
155.000000	0.000123873	155.000000	0.000126131	155.000000	0.000126122	155.000000	0.000125353	155.000000	0.000126383	155.000000	0.000126096	155.000000	3.49036e-08	
160.000000	0.000121346	160.000000	0.000123461	160.000000	0.000123557	160.000000	0.000122673	160.000000	0.00012378	160.000000	0.000123427	160.000000	3.39084e-08	
165.000000	0.000118961	165.000000	0.000120941	165.000000	0.000121131	165.000000	0.000120147	165.000000	0.000121328	165.000000	0.000120908	165.000000	3.29707e-08	
170.000000	0.000116705	170.000000	0.000118559	170.000000	0.00011883	170.000000	0.000117762	170.000000	0.000119004	170.000000	0.000118527	170.000000	3.20856e-08	
175.000000	0.000114567	175.000000	0.000116304	175.000000	0.000116652	175.000000	0.000115506	175.000000	0.000116809	175.000000	0.000116273	175.000000	3.12487e-08	
180.000000	0.00011254	180.000000	0.000114167	180.000000	0.000114594	180.000000	0.000113369	180.000000	0.000114729	180.000000	0.000114137	180.000000	3.04561e-08	
185.000000	0.000110613	185.000000	0.000112138	185.000000	0.000112641	185.000000	0.000111341	185.000000	0.000112751	185.000000	0.000112108	185.000000	2.97043e-08	
190.000000	0.00010878	190.000000	0.00011021	190.000000	0.000110779	190.000000	0.000109416	190.000000	0.000110875	190.000000	0.000110181	190.000000	2.89902e-08	
195.000000	0.000107035	195.000000	0.000108375	195.000000	0.000109003	195.000000	0.000107585	195.000000	0.000109091	195.000000	0.000108346	195.000000	2.83111e-08	
200.000000	0.00010537	200.000000	0.000106626	200.000000	0.000107308	200.000000	0.000105842	200.000000	0.000107387	200.000000	0.000106598	200.000000	2.76643e-08	
210.000000	0.000102262	210.000000	0.000103366	210.000000	0.000104149	210.000000	0.000102596	210.000000	0.000104217	210.000000	0.000103339	210.000000	2.64589e-08	
220.000000	9.94175e-05	220.000000	0.000100388	220.000000	0.000101265	220.000000	9.96338e-05	220.000000	0.000101315	220.000000	0.000100362	220.000000	2.53581e-08	
230.000000	9.68041e-05	230.000000	9.76567e-05	230.000000	9.86229e-05	230.000000	9.69213e-05	230.000000	9.86581e-05	230.000000	9.76324e-05	230.000000	2.43487e-08	
240.000000	9.43946e-05	240.000000	9.51438e-05	240.000000	9.61848e-05	240.000000	9.44284e-05	240.000000	9.62104e-05	240.000000	9.51203e-05	240.000000	2.34196e-08	
250.000000	9.21661e-05	250.000000	9.2824e-05	250.000000	9.39321e-05	250.000000	9.21299e-05	250.000000	9.39532e-05	250.000000	9.28015e-05	250.000000	2.25615e-08	
260.000000	9.00989e-05	260.000000	9.06763e-05	260.000000	9.18483e-05	260.000000	9.00044e-05	260.000000	9.18616e-05	260.000000	9.06546e-05	260.000000	2.17664e-08	
270.000000	8.81761e-05	270.000000	8.86825e-05	270.000000	8.99151e-05	270.000000	8.80334e-05	270.000000	8.99222e-05	270.000000	8.86614e-05	270.000000	2.10276e-08	
280.000000	8.63831e-05	280.000000	8.68268e-05	280.000000	8.81165e-05	280.000000	8.6201e-05	280.000000	8.81152e-05	280.000000	8.68065e-05	280.000000	2.03392e-08	
290.000000	8.47072e-05	290.000000	8.50956e-05	290.000000	8.64335e-05	290.000000	8.44935e-05	290.000000	8.64334e-05	290.000000	8.50759e-05	290.000000	1.96961e-08	
300.000000	8.31375e-05	300.000000	8.34771e-05	300.000000	8.48591e-05	300.000000	8.28988e-05	300.000000	8.48566e-05	300.000000	8.3458e-05	300.000000	1.9094e-08	
310.000000	8.16642e-05	310.000000	8.19608e-05	310.000000	8.33866e-05	310.000000	8.14063e-05	310.000000	8.33827e-05	310.000000	8.19423e-05	310.000000	1.85291e-08	
320.000000	8.02788e-05	320.000000	8.05375e-05	320.000000	8.20052e-05	320.000000	8.00069e-05	320.000000	8.19984e-05	320.000000	8.05195e-05	320.000000	1.79978e-08	
330.000000	7.89737e-05	330.000000	7.91992e-05	330.000000	8.0702e-05	330.000000	7.86923e-05	330.000000	8.06965e-05	330.000000	7.91817e-05	330.000000	1.74974e-08	
340.000000	7.77423e-05	340.000000	7.79385e-05	340.000000	7.94747e-05	340.000000	7.74554e-05	340.000000	7.94729e-05	340.000000	7.79215e-05	340.000000	1.7025e-08	
350.000000	7.65786e-05	350.000000	7.67493e-05	350.000000	7.83225e-05	350.000000	7.62896e-05	350.000000	7.83157e-05	350.000000	7.67327e-05	350.000000	1.65785e-08	
360.000000	7.54772e-05	360.000000	7.56256e-05	360.000000	7.72329e-05	360.000000	7.51892e-05	360.000000	7.72241e-05	360.000000	7.56095e-05	360.000000	1.61557e-08	
370.000000	7.44334e-05	370.000000	7.45625e-05	370.000000	7.61988e-05	370.000000	7.41491e-05	370.000000	7.61931e-05	370.000000	7.45468e-05	370.000000	1.57547e-08	
380.000000	7.34429e-05	380.000000	7.35553e-05	380.000000	7.52198e-05	380.000000	7.31647e-05	380.000000	7.52135e-05	380.000000	7.35399e-05	380.000000	1.53739e-08	
390.000000	7.25019e-05	390.000000	7.25999e-05	390.000000	7.42924e-05	390.000000	7.22317e-05	390.000000	7.42861e-05	390.000000	7.25849e-05	390.000000	1.50118e-08	
400.000000	7.16067e-05	400.000000	7.16925e-05	400.000000	7.34122e-05	400.000000	7.13465e-05	400.000000	7.34069e-05	400.000000	7.16778e-05	400.000000	1.4667e-08	
410.000000	7.07543e-05	410.000000	7.08297e-05	410.000000	7.25755e-05	410.000000	7.05055e-05	410.000000	7.25687e-05	410.000000	7.08154e-05	410.000000	1.43383e-08	
420.000000	6.99418e-05	420.000000	7.00085e-05	420.000000	7.17795e-05	420.000000	6.97058e-05	420.000000	7.1772e-05	420.000000	6.99945e-05	420.000000	1.40246e-08	
430.000000	6.91665e-05	430.000000	6.92261e-05	430.000000	7.10219e-05	430.000000	6.89446e-05	430.000000	7.10142e-05	430.000000	6.92124e-05	430.000000	1.37248e-08	
440.000000	6.8426e-05	440.000000	6.84799e-05	440.000000	7.03004e-05	440.000000	6.82192e-05	440.000000	7.0291e-05	440.000000	6.84664e-05	440.000000	1.3438e-08	
450.000000	6.77182e-05	450.000000	6.77676e-05	450.000000	6.96113e-05	450.000000	6.75273e-05	450.000000	6.96001e-05	450.000000	6.77544e-05	450.000000	1.31635e-08	
460.000000	6.70409e-05	460.000000	6.7087e-05	460.000000	6.8951e-05	460.000000	6.68669e-05	460.000000	6.89412e-05	460.000000	6.70741e-05	460.000000	1.29003e-08	
470.000000	6.63925e-05	470.000000	6.64362e-05	470.000000	6.83188e-05	470.000000	6.62358e-05	470.000000	6.83122e-05	470.000000	6.64235e-05	470.000000	1.26479e-08	
480.000000	6.57711e-05	480.000000	6.58134e-05	480.000000	6.77157e-05	480.000000	6.56324e-05	480.000000	6.77085e-05	480.000000	6.5801e-05	480.000000	1.24055e-08	
490.000000	6.51753e-05	490.000000	6.52169e-05	490.000000	6.71403e-05	490.000000	6.50549e-05	490.000000	6.7131e-05	490.000000	6.52047e-05	490.000000	1.21726e-08	
500.000000	6.46035e-05	500.000000	6.46452e-05	500.000000	6.65892e-05	500.000000	6.45019e-05	500.000000	6.65783e-05	500.000000	6.46333e-05	500.000000	1.19486e-08	
520.000000	6.35268e-05	520.000000	6.35707e-05	520.000000	6.55496e-05	520.000000	6.34636e-05	520.000000	6.55396e-05	520.000000	6.35592e-05	520.000000	1.15254e-08	
540.000000	6.25316e-05	540.000000	6.25798e-05	540.000000	6.45905e-05	540.000000	6.25074e-05	540.000000	6.45818e-05	540.000000	6.25687e-05	540.000000	1.11322e-08	
560.000000	6.16095e-05	560.000000	6.16637e-05	560.000000	6.37054e-05	560.000000	6.16245e-05	560.000000	6.36976e-05	560.000000	6.1653e-05	560.000000	1.07659e-08	
580.000000	6.07535e-05	580.000000	6.0815e-05	580.000000	6.28859e-05	580.000000	6.08076e-05	580.000000	6.28776e-05	580.000000	6.08046e-05	580.000000	1.04238e-08	
600.000000	5.99572e-05	600.000000	6.00271e-05	600.000000	6.21264e-05	600.000000	6.00501e-05	600.000000	6.21185e-05	600.000000	6.0017e-05	600.000000	1.01036e-08	
620.000000	5.92152e-05	620.000000	5.92943e-05	620.000000	6.14195e-05	620.000000	5.93462e-05	620.000000	6.14107e-05	620.000000	5.92845e-05	620.000000	9.80317e-09	
640.000000	5.85227e-05	640.000000	5.86116e-05	640.000000	6.07582e-05	640.000000	5.8691e-05	640.000000	6.07525e-05	640.000000	5.86021e-05	640.000000	9.52072e-09	
660.000000	5.78754e-05	660.000000	5.79745e-05	660.000000	6.0142e-05	660.000000	5.808e-05 	660.000000	6.01384e-05	660.000000	5.79652e-05	660.000000	9.25468e-09	
680.000000	5.72696e-05	680.000000	5.73791e-05	680.000000	5.95692e-05	680.000000	5.75094e-05	680.000000	5.95638e-05	680.000000	5.73701e-05	680.000000	9.00363e-09	
700.000000	5.67018e-05	700.000000	5.6822e-05	700.000000	5.90324e-05	700.000000	5.69757e-05	700.000000	5.90272e-05	700.000000	5.68133e-05	700.000000	8.76634e-09	
720.000000	5.61692e-05	720.000000	5.63e-05  	720.000000	5.85272e-05	720.000000	5.64759e-05	720.000000	5.85234e-05	720.000000	5.62915e-05	720.000000	8.54168e-09	
740.000000	5.56689e-05	740.000000	5.58104e-05	740.000000	5.80535e-05	740.000000	5.60071e-05	740.000000	5.80507e-05	740.000000	5.58021e-05	740.000000	8.32866e-09	
760.000000	5.51987e-05	760.000000	5.53507e-05	760.000000	5.76108e-05	760.000000	5.55668e-05	760.000000	5.76074e-05	760.000000	5.53426e-05	760.000000	8.12639e-09	
780.000000	5.47562e-05	780.000000	5.49186e-05	780.000000	5.7195e-05	780.000000	5.5153e-05	780.000000	5.71897e-05	780.000000	5.49107e-05	780.000000	7.93407e-09	
800.000000	5.43396e-05	800.000000	5.45121e-05	800.000000	5.68021e-05	800.000000	5.47636e-05	800.000000	5.67963e-05	800.000000	5.45044e-05	800.000000	7.75096e-09	
820.000000	5.39471e-05	820.000000	5.41294e-05	820.000000	5.64307e-05	820.000000	5.43967e-05	820.000000	5.64263e-05	820.000000	5.41218e-05	820.000000	7.57642e-09	
840.000000	5.3577e-05	840.000000	5.37689e-05	840.000000	5.60802e-05	840.000000	5.40508e-05	840.000000	5.6077e-05	840.000000	5.37614e-05	840.000000	7.40985e-09	
860.000000	5.32279e-05	860.000000	5.34289e-05	860.000000	5.57496e-05	860.000000	5.37244e-05	860.000000	5.57466e-05	860.000000	5.34217e-05	860.000000	7.25071e-09	
880.000000	5.28984e-05	880.000000	5.31082e-05	880.000000	5.54375e-05	880.000000	5.3416e-05	880.000000	5.54349e-05	880.000000	5.31011e-05	880.000000	7.09851e-09	
900.000000	5.25873e-05	900.000000	5.28055e-05	900.000000	5.51424e-05	900.000000	5.31245e-05	900.000000	5.51407e-05	900.000000	5.27986e-05	900.000000	6.9528e-09	
920.000000	5.22934e-05	920.000000	5.25197e-05	920.000000	5.4863e-05	920.000000	5.28488e-05	920.000000	5.48611e-05	920.000000	5.25129e-05	920.000000	6.81316e-09	
940.000000	5.20158e-05	940.000000	5.22496e-05	940.000000	5.45985e-05	940.000000	5.25877e-05	940.000000	5.45966e-05	940.000000	5.22429e-05	940.000000	6.67922e-09	
960.000000	5.17534e-05	960.000000	5.19944e-05	960.000000	5.43479e-05	960.000000	5.23405e-05	960.000000	5.43464e-05	960.000000	5.19878e-05	960.000000	6.55064e-09	
980.000000	5.15054e-05	980.000000	5.17531e-05	980.000000	5.41103e-05	980.000000	5.21061e-05	980.000000	5.41093e-05	980.000000	5.17467e-05	980.000000	6.42709e-09	
1000.000000	5.1271e-05	1000.000000	5.1525e-05	1000.000000	5.38849e-05	1000.000000	5.18838e-05	1000.000000	5.38835e-05	1000.000000	5.15187e-05	1000.000000	6.30828e-09	
1020.000000	5.10494e-05	1020.000000	5.13092e-05	1020.000000	5.3671e-05	1020.000000	5.16729e-05	1020.000000	5.36695e-05	1020.000000	5.1303e-05	1020.000000	6.19394e-09	
1040.000000	5.08399e-05	1040.000000	5.11051e-05	1040.000000	5.34678e-05	1040.000000	5.14727e-05	1040.000000	5.34666e-05	1040.000000	5.1099e-05	1040.000000	6.08382e-09	
1060.000000	5.0642e-05	1060.000000	5.0912e-05	1060.000000	5.32747e-05	1060.000000	5.12825e-05	1060.000000	5.3274e-05	1060.000000	5.09061e-05	1060.000000	5.97769e-09	
1080.000000	5.04549e-05	1080.000000	5.07294e-05	1080.000000	5.30913e-05	1080.000000	5.11018e-05	1080.000000	5.30901e-05	1080.000000	5.07235e-05	1080.000000	5.87533e-09	
1100.000000	5.02782e-05	1100.000000	5.05566e-05	1100.000000	5.29169e-05	1100.000000	5.09301e-05	1100.000000	5.29154e-05	1100.000000	5.05508e-05	1100.000000	5.77655e-09	
1120.000000	5.01112e-05	1120.000000	5.03932e-05	1120.000000	5.27511e-05	1120.000000	5.07667e-05	1120.000000	5.27495e-05	1120.000000	5.03875e-05	1120.000000	5.68114e-09	
1140.000000	4.99536e-05	1140.000000	5.02386e-05	1140.000000	5.25934e-05	1140.000000	5.06113e-05	1140.000000	5.25918e-05	1140.000000	5.0233e-05	1140.000000	5.58896e-09	
1160.000000	4.98049e-05	1160.000000	5.00925e-05	1160.000000	5.24433e-05	1160.000000	5.04635e-05	1160.000000	5.24414e-05	1160.000000	5.0087e-05	1160.000000	5.49982e-09	
1180.000000	4.96646e-05	1180.000000	4.99544e-05	1180.000000	5.23002e-05	1180.000000	5.03227e-05	1180.000000	5.22979e-05	1180.000000	4.99489e-05	1180.000000	5.41358e-09	
1200.000000	4.95324e-05	1200.000000	4.98238e-05	1200.000000	5.21637e-05	1200.000000	5.01888e-05	1200.000000	5.21614e-05	1200.000000	4.98185e-05	1200.000000	5.3301e-09	
1220.000000	4.94079e-05	1220.000000	4.97005e-05	1220.000000	5.20334e-05	1220.000000	5.00612e-05	1220.000000	5.20316e-05	1220.000000	4.96953e-05	1220.000000	5.24925e-09	
1240.000000	4.92907e-05	1240.000000	4.95841e-05	1240.000000	5.1909e-05	1240.000000	4.99396e-05	1240.000000	5.19081e-05	1240.000000	4.9579e-05	1240.000000	5.1709e-09	
1260.000000	4.91806e-05	1260.000000	4.94743e-05	1260.000000	5.17903e-05	1260.000000	4.98239e-05	1260.000000	5.179e-05 	1260.000000	4.94692e-05	1260.000000	5.09494e-09	
1280.000000	4.90771e-05	1280.000000	4.93708e-05	1280.000000	5.16772e-05	1280.000000	4.97136e-05	1280.000000	5.16773e-05	1280.000000	4.93657e-05	1280.000000	5.02126e-09	
1300.000000	4.89801e-05	1300.000000	4.92732e-05	1300.000000	5.15694e-05	1300.000000	4.96084e-05	1300.000000	5.15699e-05	1300.000000	4.92682e-05	1300.000000	4.94976e-09	
1320.000000	4.88893e-05	1320.000000	4.91813e-05	1320.000000	5.14668e-05	1320.000000	4.95083e-05	1320.000000	5.14678e-05	1320.000000	4.91765e-05	1320.000000	4.88034e-09	
1340.000000	4.88043e-05	1340.000000	4.90949e-05	1340.000000	5.13691e-05	1340.000000	4.94128e-05	1340.000000	5.13705e-05	1340.000000	4.90901e-05	1340.000000	4.8129e-09	
1360.000000	4.8725e-05	1360.000000	4.90138e-05	1360.000000	5.12761e-05	1360.000000	4.93218e-05	1360.000000	5.12776e-05	1360.000000	4.9009e-05	1360.000000	4.74737e-09	
1380.000000	4.86511e-05	1380.000000	4.89376e-05	1380.000000	5.11876e-05	1380.000000	4.92351e-05	1380.000000	5.11887e-05	1380.000000	4.8933e-05	1380.000000	4.68367e-09	
1400.000000	4.85824e-05	1400.000000	4.88663e-05	1400.000000	5.11032e-05	1400.000000	4.91524e-05	1400.000000	5.1104e-05	1400.000000	4.88617e-05	1400.000000	4.62171e-09	
1420.000000	4.85187e-05	1420.000000	4.87995e-05	1420.000000	5.10229e-05	1420.000000	4.90736e-05	1420.000000	5.10234e-05	1420.000000	4.8795e-05	1420.000000	4.56143e-09	
1440.000000	4.84598e-05	1440.000000	4.87372e-05	1440.000000	5.09463e-05	1440.000000	4.89986e-05	1440.000000	5.09467e-05	1440.000000	4.87327e-05	1440.000000	4.50275e-09	
1460.000000	4.84056e-05	1460.000000	4.8679e-05	1460.000000	5.08734e-05	1460.000000	4.8927e-05	1460.000000	5.08736e-05	1460.000000	4.86746e-05	1460.000000	4.44562e-09	
1480.000000	4.83558e-05	1480.000000	4.8625e-05	1480.000000	5.08038e-05	1480.000000	4.88588e-05	1480.000000	5.08036e-05	1480.000000	4.86206e-05	1480.000000	4.38998e-09	
1500.000000	4.83103e-05	1500.000000	4.85748e-05	1500.000000	5.07375e-05	1500.000000	4.87939e-05	1500.000000	5.07368e-05	1500.000000	4.85705e-05	1500.000000	4.33575e-09	
1520.000000	4.8269e-05	1520.000000	4.85284e-05	1520.000000	5.06743e-05	1520.000000	4.8732e-05	1520.000000	5.06732e-05	1520.000000	4.85241e-05	1520.000000	4.2829e-09	
1540.000000	4.82316e-05	1540.000000	4.84855e-05	1540.000000	5.0614e-05	1540.000000	4.86731e-05	1540.000000	5.06126e-05	1540.000000	4.84813e-05	1540.000000	4.23137e-09	
1560.000000	4.81981e-05	1560.000000	4.84462e-05	1560.000000	5.05566e-05	1560.000000	4.86171e-05	1560.000000	5.05551e-05	1560.000000	4.8442e-05	1560.000000	4.18111e-09	
1580.000000	4.81683e-05	1580.000000	4.84102e-05	1580.000000	5.05018e-05	1580.000000	4.85637e-05	1580.000000	5.05004e-05	1580.000000	4.8406e-05	1580.000000	4.13207e-09	
1600.000000	4.81421e-05	1600.000000	4.83773e-05	1600.000000	5.04495e-05	1600.000000	4.85129e-05	1600.000000	5.0448e-05	1600.000000	4.83733e-05	1600.000000	4.0842e-09	
1620.000000	4.81194e-05	1620.000000	4.83476e-05	1620.000000	5.03997e-05	1620.000000	4.84646e-05	1620.000000	5.0398e-05	1620.000000	4.83436e-05	1620.000000	4.03748e-09	
1640.000000	4.80999e-05	1640.000000	4.83209e-05	1640.000000	5.03522e-05	1640.000000	4.84187e-05	1640.000000	5.03506e-05	1640.000000	4.83169e-05	1640.000000	3.99184e-09	
1660.000000	4.80838e-05	1660.000000	4.8297e-05	1660.000000	5.03069e-05	1660.000000	4.83751e-05	1660.000000	5.03055e-05	1660.000000	4.82931e-05	1660.000000	3.94727e-09	
1680.000000	4.80707e-05	1680.000000	4.82759e-05	1680.000000	5.02639e-05	1680.000000	4.83336e-05	1680.000000	5.02627e-05	1680.000000	4.8272e-05	1680.000000	3.90371e-09	
1700.000000	4.80607e-05	1700.000000	4.82575e-05	1700.000000	5.02229e-05	1700.000000	4.82943e-05	1700.000000	5.02221e-05	1700.000000	4.82537e-05	1700.000000	3.86114e-09	
1750.000000	4.80483e-05	1750.000000	4.82226e-05	1750.000000	5.01293e-05	1750.000000	4.82046e-05	1750.000000	5.01291e-05	1750.000000	4.82189e-05	1750.000000	3.7588e-09	
1800.000000	4.80529e-05	1800.000000	4.82026e-05	1800.000000	5.00473e-05	1800.000000	4.81264e-05	1800.000000	5.00475e-05	1800.000000	4.81989e-05	1800.000000	3.66193e-09	
1850.000000	4.80731e-05	1850.000000	4.81961e-05	1850.000000	4.9976e-05	1850.000000	4.80584e-05	1850.000000	4.99769e-05	1850.000000	4.81925e-05	1850.000000	3.57009e-09	
1900.000000	4.8108e-05	1900.000000	4.82022e-05	1900.000000	4.99143e-05	1900.000000	4.79999e-05	1900.000000	4.99154e-05	1900.000000	4.81988e-05	1900.000000	3.48291e-09	
1950.000000	4.81564e-05	1950.000000	4.822e-05 	1950.000000	4.98613e-05	1950.000000	4.795e-05 	1950.000000	4.98626e-05	1950.000000	4.82166e-05	1950.000000	3.40002e-09	
2000.000000	4.82175e-05	2000.000000	4.82484e-05	2000.000000	4.98164e-05	2000.000000	4.79078e-05	2000.000000	4.9818e-05	2000.000000	4.82451e-05	2000.000000	3.32112e-09	
2100.000000	4.83744e-05	2100.000000	4.83345e-05	2100.000000	4.97478e-05	2100.000000	4.78441e-05	2100.000000	4.97493e-05	2100.000000	4.83314e-05	2100.000000	3.17416e-09	
2200.000000	4.85729e-05	2200.000000	4.84551e-05	2200.000000	4.97035e-05	2200.000000	4.78042e-05	2200.000000	4.97053e-05	2200.000000	4.8452e-05	2200.000000	3.04007e-09	
2300.000000	4.88082e-05	2300.000000	4.86056e-05	2300.000000	4.96796e-05	2300.000000	4.77843e-05	2300.000000	4.96811e-05	2300.000000	4.86027e-05	2300.000000	2.91721e-09	
2400.000000	4.90764e-05	2400.000000	4.87823e-05	2400.000000	4.96728e-05	2400.000000	4.77813e-05	2400.000000	4.96745e-05	2400.000000	4.87795e-05	2400.000000	2.8042e-09	
2500.000000	4.93739e-05	2500.000000	4.8982e-05	2500.000000	4.96804e-05	2500.000000	4.77925e-05	2500.000000	4.96821e-05	2500.000000	4.89793e-05	2500.000000	2.6999e-09	
2600.000000	4.96979e-05	2600.000000	4.92022e-05	2600.000000	4.97004e-05	2600.000000	4.78158e-05	2600.000000	4.97024e-05	2600.000000	4.91995e-05	2600.000000	2.60332e-09	
2700.000000	5.0046e-05	2700.000000	4.94403e-05	2700.000000	4.9731e-05	2700.000000	4.78495e-05	2700.000000	4.97329e-05	2700.000000	4.94378e-05	2700.000000	2.51364e-09	
2800.000000	5.04158e-05	2800.000000	4.96946e-05	2800.000000	4.97707e-05	2800.000000	4.78918e-05	2800.000000	4.97727e-05	2800.000000	4.96922e-05	2800.000000	2.43012e-09	
2900.000000	5.08057e-05	2900.000000	4.99633e-05	2900.000000	4.98181e-05	2900.000000	4.79417e-05	2900.000000	4.98198e-05	2900.000000	4.9961e-05	2900.000000	2.35216e-09	
3000.000000	5.1214e-05	3000.000000	5.0245e-05	3000.000000	4.98723e-05	3000.000000	4.7998e-05	3000.000000	4.98737e-05	3000.000000	5.02427e-05	3000.000000	2.2792e-09	
3200.000000	5.20801e-05	3200.000000	5.08421e-05	3200.000000	4.99966e-05	3200.000000	4.81262e-05	3200.000000	4.99973e-05	3200.000000	5.084e-05 	3200.000000	2.14646e-09	
3400.000000	5.30048e-05	3400.000000	5.14776e-05	3400.000000	5.01375e-05	3400.000000	4.82704e-05	3400.000000	5.01375e-05	3400.000000	5.14756e-05	3400.000000	2.02879e-09	
3600.000000	5.39807e-05	3600.000000	5.21448e-05	3600.000000	5.02902e-05	3600.000000	4.84262e-05	3600.000000	5.02897e-05	3600.000000	5.21428e-05	3600.000000	1.92373e-09	
3800.000000	5.50018e-05	3800.000000	5.28385e-05	3800.000000	5.04514e-05	3800.000000	4.85902e-05	3800.000000	5.04504e-05	3800.000000	5.28366e-05	3800.000000	1.82934e-09	
4000.000000	5.60633e-05	4000.000000	5.35545e-05	4000.000000	5.06185e-05	4000.000000	4.876e-05 	4000.000000	5.0617e-05	4000.000000	5.35528e-05	4000.000000	1.74405e-09	
4200.000000	5.71614e-05	4200.000000	5.42895e-05	4200.000000	5.07895e-05	4200.000000	4.89337e-05	4200.000000	5.0788e-05	4200.000000	5.42878e-05	4200.000000	1.6666e-09	
4400.000000	5.82929e-05	4400.000000	5.50407e-05	4400.000000	5.09628e-05	4400.000000	4.91097e-05	4400.000000	5.09611e-05	4400.000000	5.50391e-05	4400.000000	1.59593e-09	
4600.000000	5.94551e-05	4600.000000	5.58058e-05	4600.000000	5.11373e-05	4600.000000	4.92869e-05	4600.000000	5.11358e-05	4600.000000	5.58043e-05	4600.000000	1.5312e-09	
4800.000000	6.06458e-05	4800.000000	5.65829e-05	4800.000000	5.13122e-05	4800.000000	4.94645e-05	4800.000000	5.13109e-05	4800.000000	5.65815e-05	4800.000000	1.47167e-09	
5000.000000	6.1863e-05	5000.000000	5.73705e-05	5000.000000	5.14868e-05	5000.000000	4.96417e-05	5000.000000	5.14858e-05	5000.000000	5.73691e-05	5000.000000	1.41674e-09	
5250.000000	6.34195e-05	5250.000000	5.83677e-05	5250.000000	5.17038e-05	5250.000000	4.98619e-05	5250.000000	5.17032e-05	5250.000000	5.83663e-05	5250.000000	1.35375e-09	
5500.000000	6.50124e-05	5500.000000	5.93769e-05	5500.000000	5.19188e-05	5500.000000	5.00801e-05	5500.000000	5.19185e-05	5500.000000	5.93756e-05	5500.000000	1.2963e-09	
6000.000000	6.8299e-05	6000.000000	6.14246e-05	6000.000000	5.2341e-05	6000.000000	5.05079e-05	6000.000000	5.23411e-05	6000.000000	6.14234e-05	6000.000000	1.19526e-09	
6500.000000	7.17089e-05	6500.000000	6.35027e-05	6500.000000	5.2751e-05	6500.000000	5.09226e-05	6500.000000	5.27507e-05	6500.000000	6.35016e-05	6500.000000	1.10925e-09	
7000.000000	7.52323e-05	7000.000000	6.56033e-05	7000.000000	5.31441e-05	7000.000000	5.13228e-05	7000.000000	5.31459e-05	7000.000000	6.56022e-05	7000.000000	1.03512e-09	
7500.000000	7.88619e-05	7500.000000	6.77208e-05	7500.000000	5.3527e-05	7500.000000	5.17082e-05	7500.000000	5.35264e-05	7500.000000	6.77198e-05	7500.000000	9.70541e-10	
8000.000000	8.25921e-05	8000.000000	6.9851e-05	8000.000000	5.38919e-05	8000.000000	5.20792e-05	8000.000000	5.38924e-05	8000.000000	6.98501e-05	8000.000000	9.13769e-10	
8500.000000	8.64186e-05	8500.000000	7.19908e-05	8500.000000	5.42421e-05	8500.000000	5.24361e-05	8500.000000	5.42441e-05	8500.000000	7.199e-05 	8500.000000	8.63454e-10	
9000.000000	9.03382e-05	9000.000000	7.41379e-05	9000.000000	5.45803e-05	9000.000000	5.27795e-05	9000.000000	5.45823e-05	9000.000000	7.4137e-05	9000.000000	8.18544e-10	
9500.000000	9.43483e-05	9500.000000	7.62903e-05	9500.000000	5.4906e-05	9500.000000	5.311e-05 	9500.000000	5.49077e-05	9500.000000	7.62895e-05	9500.000000	7.78205e-10	
10000.000000	9.84467e-05	10000.000000	7.84467e-05	10000.000000	5.5219e-05	10000.000000	5.34285e-05	10000.000000	5.52206e-05	10000.000000	7.84459e-05	10000.000000	7.41766e-10	
11000.000000	0.000106902	11000.000000	8.27669e-05	11000.000000	5.58106e-05	11000.000000	5.40317e-05	11000.000000	5.58127e-05	11000.000000	8.27662e-05	11000.000000	6.78507e-10	
12000.000000	0.000115694	12000.000000	8.7092e-05	12000.000000	5.63609e-05	12000.000000	5.45942e-05	12000.000000	5.63634e-05	12000.000000	8.70914e-05	12000.000000	6.25458e-10	
13000.000000	0.000124816	13000.000000	9.14178e-05	13000.000000	5.68748e-05	13000.000000	5.51205e-05	13000.000000	5.68773e-05	13000.000000	9.14172e-05	13000.000000	5.80313e-10	
14000.000000	0.000134263	14000.000000	9.57414e-05	14000.000000	5.73564e-05	14000.000000	5.56146e-05	14000.000000	5.73584e-05	14000.000000	9.57409e-05	14000.000000	5.41412e-10	
15000.000000	0.000144033	15000.000000	0.000100061	15000.000000	5.7809e-05	15000.000000	5.608e-05 	15000.000000	5.781e-05 	15000.000000	0.000100061	15000.000000	5.07534e-10	
16000.000000	0.000154122	16000.000000	0.000104375	16000.000000	5.82347e-05	16000.000000	5.65196e-05	16000.000000	5.82353e-05	16000.000000	0.000104375	16000.000000	4.77757e-10	
17000.000000	0.00016453	17000.000000	0.000108684	17000.000000	5.86362e-05	17000.000000	5.69361e-05	17000.000000	5.86369e-05	17000.000000	0.000108683	17000.000000	4.51371e-10	
18000.000000	0.000175257	18000.000000	0.000112986	18000.000000	5.90159e-05	18000.000000	5.73315e-05	18000.000000	5.90169e-05	18000.000000	0.000112985	18000.000000	4.27825e-10	
19000.000000	0.0001863 	19000.000000	0.00011728	19000.000000	5.93764e-05	19000.000000	5.7708e-05	19000.000000	5.9377e-05	19000.000000	0.00011728	19000.000000	4.06679e-10	
20000.000000	0.000197662	20000.000000	0.000121568	20000.000000	5.97197e-05	20000.000000	5.80671e-05	20000.000000	5.97194e-05	20000.000000	0.000121568	20000.000000	3.87581e-10	
21000.000000	0.000209341	21000.000000	0.000125849	21000.000000	6.00462e-05	21000.000000	5.84103e-05	21000.000000	6.00453e-05	21000.000000	0.000125848	21000.000000	3.70244e-10	
22000.000000	0.000221339	22000.000000	0.000130122	22000.000000	6.03552e-05	22000.000000	5.8739e-05	22000.000000	6.0356e-05	22000.000000	0.000130122	22000.000000	3.54433e-10	
23000.000000	0.000233656	23000.000000	0.000134388	23000.000000	6.0651e-05	23000.000000	5.90542e-05	23000.000000	6.0653e-05	23000.000000	0.000134388	23000.000000	3.39954e-10	
24000.000000	0.000246293	24000.000000	0.000138647	24000.000000	6.09355e-05	24000.000000	5.93571e-05	24000.000000	6.09366e-05	24000.000000	0.000138647	24000.000000	3.26644e-10	
25000.000000	0.00025925	25000.000000	0.000142899	25000.000000	6.12087e-05	25000.000000	5.96486e-05	25000.000000	6.12088e-05	25000.000000	0.000142899	25000.000000	3.14365e-10	
26000.000000	0.00027253	26000.000000	0.000147144	26000.000000	6.14699e-05	26000.000000	5.99294e-05	26000.000000	6.14693e-05	26000.000000	0.000147144	26000.000000	3.03001e-10	
27000.000000	0.000286132	27000.000000	0.000151383	27000.000000	6.17192e-05	27000.000000	6.02003e-05	27000.000000	6.17199e-05	27000.000000	0.000151382	27000.000000	2.92452e-10	
28000.000000	0.000300058	28000.000000	0.000155614	28000.000000	6.19588e-05	28000.000000	6.0462e-05	28000.000000	6.19602e-05	28000.000000	0.000155614	28000.000000	2.82633e-10	
29000.000000	0.000314309	29000.000000	0.00015984	29000.000000	6.219e-05 	29000.000000	6.07151e-05	29000.000000	6.21919e-05	29000.000000	0.000159839	29000.000000	2.7347e-10	
30000.000000	0.000328887	30000.000000	0.000164059	30000.000000	6.24136e-05	30000.000000	6.096e-05 	30000.000000	6.24147e-05	30000.000000	0.000164058	30000.000000	2.64899e-10	
32000.000000	0.000359029	32000.000000	0.000172478	32000.000000	6.28374e-05	32000.000000	6.14276e-05	32000.000000	6.28371e-05	32000.000000	0.000172478	32000.000000	2.49314e-10	
34000.000000	0.000390493	34000.000000	0.000180874	34000.000000	6.32318e-05	34000.000000	6.18682e-05	34000.000000	6.32306e-05	34000.000000	0.000180873	34000.000000	2.35508e-10	
36000.000000	0.000423292	36000.000000	0.000189246	36000.000000	6.35994e-05	36000.000000	6.22848e-05	36000.000000	6.35984e-05	36000.000000	0.000189246	36000.000000	2.23189e-10	
38000.000000	0.000457438	38000.000000	0.000197598	38000.000000	6.39432e-05	38000.000000	6.26798e-05	38000.000000	6.39435e-05	38000.000000	0.000197597	38000.000000	2.12128e-10	
40000.000000	0.000492944	40000.000000	0.000205928	40000.000000	6.42662e-05	40000.000000	6.30554e-05	40000.000000	6.42676e-05	40000.000000	0.000205928	40000.000000	2.02139e-10	
42000.000000	0.000529822	42000.000000	0.000214239	42000.000000	6.4571e-05	42000.000000	6.34133e-05	42000.000000	6.45726e-05	42000.000000	0.000214238	42000.000000	1.93073e-10	
44000.000000	0.000568086	44000.000000	0.00022253	44000.000000	6.48599e-05	44000.000000	6.37551e-05	44000.000000	6.4861e-05	44000.000000	0.00022253	44000.000000	1.84807e-10	
46000.000000	0.000607749	46000.000000	0.000230803	46000.000000	6.5135e-05	46000.000000	6.40822e-05	46000.000000	6.51328e-05	46000.000000	0.000230803	46000.000000	1.77237e-10	
48000.000000	0.000648825	48000.000000	0.000239059	48000.000000	6.53969e-05	48000.000000	6.43959e-05	48000.000000	6.53908e-05	48000.000000	0.000239059	48000.000000	1.70279e-10	
50000.000000	0.000691328	50000.000000	0.000247298	50000.000000	6.56446e-05	50000.000000	6.46971e-05	50000.000000	6.56349e-05	50000.000000	0.000247298	50000.000000	1.63862e-10	
