! 100Mo energy loss (dE/dX) in He
! apply ZOOM for details
Energy (MeV/u)1	0 - [He-base] F.Hubert et al, AD&ND Tables 46(1990)1	Energy (MeV/u)2	1 - [H -base] J.F.Ziegler et al,Pergamon Press,NY(low energy)	Energy (MeV/u)3	2 - ATIMA 1.2 LS-theory (recommended for high energy)	Energy (MeV/u)4	3 - ATIMA 1.2 without LS-correction	Energy (MeV/u)5	4 - ATIMA 1.4 H.Weick, improved mean charge formula for HI	Energy (MeV/u)6	5 - electrical component of [1] - J.F.Ziegler et al	Energy (MeV/u)7	6 - nuclear component of [1] - J.F.Ziegler et al	
0.001000	0.000202369	0.001000	0.000245154	0.001000	0.000208224	0.001000	0.000208224	0.001000	0.000208235	0.001000	6.18856e-05	0.001000	0.000183269	
0.002000	0.000207971	0.002000	0.000250271	0.002000	0.000205306	0.002000	0.000205306	0.002000	0.000205315	0.002000	8.02557e-05	0.002000	0.000170015	
0.005000	0.000207639	0.005000	0.000246169	0.005000	0.000188803	0.005000	0.000188803	0.005000	0.000188809	0.005000	0.000113163	0.005000	0.000133007	
0.008000	0.00020882	0.008000	0.000245034	0.008000	0.000180637	0.008000	0.000180637	0.008000	0.000180641	0.008000	0.000134973	0.008000	0.000110061	
0.010000	0.000210732	0.010000	0.000245984	0.010000	0.000178137	0.010000	0.000178137	0.010000	0.00017814	0.010000	0.000146754	0.010000	9.92304e-05	
0.015000	0.000217456	0.015000	0.000251407	0.015000	0.000177193	0.015000	0.000177193	0.015000	0.000177196	0.015000	0.000170854	0.015000	8.05536e-05	
0.020000	0.000225313	0.020000	0.000258804	0.020000	0.000180077	0.020000	0.000180077	0.020000	0.000180079	0.020000	0.000190316	0.020000	6.84877e-05	
0.025000	0.000233427	0.025000	0.000266875	0.025000	0.000184708	0.025000	0.000184708	0.025000	0.00018471	0.025000	0.000206927	0.025000	5.99484e-05	
0.030000	0.000241472	0.030000	0.000275105	0.030000	0.000190203	0.030000	0.000190203	0.030000	0.000190205	0.030000	0.00022157	0.030000	5.35358e-05	
0.035000	0.000249319	0.035000	0.000283271	0.035000	0.000196133	0.035000	0.000196133	0.035000	0.000196134	0.035000	0.000234755	0.035000	4.85154e-05	
0.040000	0.000256921	0.040000	0.000291271	0.040000	0.000202271	0.040000	0.000202271	0.040000	0.000202273	0.040000	0.00024681	0.040000	4.44618e-05	
0.045000	0.000264265	0.045000	0.000299065	0.045000	0.000208492	0.045000	0.000208492	0.045000	0.000208493	0.045000	0.000257955	0.045000	4.11097e-05	
0.050000	0.00027169	0.050000	0.000306636	0.050000	0.000214721	0.050000	0.000214721	0.050000	0.000214722	0.050000	0.000268351	0.050000	3.82847e-05	
0.055000	0.000288189	0.055000	0.000313983	0.055000	0.000220914	0.055000	0.000220914	0.055000	0.000220915	0.055000	0.000278116	0.055000	3.58667e-05	
0.060000	0.000303612	0.060000	0.00032111	0.060000	0.000227046	0.060000	0.000227046	0.060000	0.000227047	0.060000	0.00028734	0.060000	3.37702e-05	
0.070000	0.000331006	0.070000	0.000357974	0.070000	0.000262064	0.070000	0.000262064	0.070000	0.000262065	0.070000	0.000327667	0.070000	3.03072e-05	
0.080000	0.000360474	0.080000	0.000397415	0.080000	0.000301606	0.080000	0.000301606	0.080000	0.000301607	0.080000	0.000370112	0.080000	2.73029e-05	
0.090000	0.000387026	0.090000	0.00043587	0.090000	0.00034169	0.090000	0.00034169	0.090000	0.000341691	0.090000	0.000410789	0.090000	2.50817e-05	
0.100000	0.000410949	0.100000	0.000472833	0.100000	0.000381443	0.100000	0.000381443	0.100000	0.000381444	0.100000	0.000449605	0.100000	2.32276e-05	
0.120000	0.000442749	0.120000	0.000541696	0.120000	0.000458301	0.120000	0.000458301	0.120000	0.000458301	0.120000	0.000521396	0.120000	2.02996e-05	
0.140000	0.00046944	0.140000	0.00060356	0.140000	0.000529868	0.140000	0.000529868	0.140000	0.000529869	0.140000	0.000585477	0.140000	1.80832e-05	
0.160000	0.000493998	0.160000	0.000658789	0.160000	0.000595048	0.160000	0.000595048	0.160000	0.000595049	0.160000	0.000642448	0.160000	1.63409e-05	
0.180000	0.000524822	0.180000	0.000710726	0.180000	0.00065353	0.180000	0.00065353	0.180000	0.000653531	0.180000	0.000695795	0.180000	1.49315e-05	
0.200000	0.000557037	0.200000	0.000768912	0.200000	0.000705496	0.200000	0.000705496	0.200000	0.000705497	0.200000	0.000755147	0.200000	1.37654e-05	
0.250000	0.000615549	0.250000	0.000889748	0.250000	0.000810229	0.250000	0.000810229	0.250000	0.00081023	0.250000	0.000878182	0.250000	1.15664e-05	
0.300000	0.000668474	0.300000	0.000983174	0.300000	0.000886722	0.300000	0.000886722	0.300000	0.000886723	0.300000	0.000973158	0.300000	1.0016e-05	
0.350000	0.00071605	0.350000	0.00105672	0.350000	0.000943685	0.350000	0.000943685	0.350000	0.000943685	0.350000	0.00104786	0.350000	8.85855e-06	
0.400000	0.00076356	0.400000	0.00112026	0.400000	0.000987519	0.400000	0.000987519	0.400000	0.00098752	0.400000	0.00111231	0.400000	7.95848e-06	
0.450000	0.00081008	0.450000	0.00118326	0.450000	0.00102251	0.450000	0.00102251	0.450000	0.00102251	0.450000	0.00117603	0.450000	7.23669e-06	
0.500000	0.000850751	0.500000	0.00123498	0.500000	0.00105139	0.500000	0.00105139	0.500000	0.00105139	0.500000	0.00122833	0.500000	6.64384e-06	
0.600000	0.000886805	0.600000	0.00131325	0.600000	0.0011034 	0.600000	0.0011034 	0.600000	0.0011034 	0.600000	0.00130753	0.600000	5.72518e-06	
0.700000	0.000903462	0.700000	0.00136771	0.700000	0.00115849	0.700000	0.00115849	0.700000	0.00115849	0.700000	0.00136266	0.700000	5.04401e-06	
0.800000	0.00094435	0.800000	0.00140856	0.800000	0.00120121	0.800000	0.00120121	0.800000	0.00120121	0.800000	0.00140404	0.800000	4.51713e-06	
0.900000	0.000977009	0.900000	0.00143873	0.900000	0.0012349 	0.900000	0.0012349 	0.900000	0.0012349 	0.900000	0.00143464	0.900000	4.09647e-06	
1.000000	0.00100264	1.000000	0.00145978	1.000000	0.00126167	1.000000	0.00126167	1.000000	0.00126167	1.000000	0.00145602	1.000000	3.75223e-06	
1.250000	0.00104224	1.250000	0.00148601	1.250000	0.00130667	1.250000	0.00130667	1.250000	0.00130668	1.250000	0.0014829 	1.250000	3.11261e-06	
1.500000	0.00105443	1.500000	0.0014798 	1.500000	0.00133034	1.500000	0.00133034	1.500000	0.00133034	1.500000	0.00147713	1.500000	2.6693e-06	
1.750000	0.00105522	1.750000	0.00146258	1.750000	0.00134034	1.750000	0.00134034	1.750000	0.00134034	1.750000	0.00146023	1.750000	2.34266e-06	
2.000000	0.00105005	2.000000	0.00144141	2.000000	0.0013413 	2.000000	0.0013413 	2.000000	0.0013413 	2.000000	0.00143932	2.000000	2.09127e-06	
2.250000	0.00104214	2.250000	0.00141754	2.250000	0.00133618	2.250000	0.00133618	2.250000	0.00133618	2.250000	0.00141565	2.250000	1.89141e-06	
2.500000	0.00144454	2.500000	0.00138785	2.500000	0.00132693	2.500000	0.00132693	2.500000	0.00132693	2.500000	0.00138612	2.500000	1.72843e-06	
3.000000	0.00139073	3.000000	0.00133302	3.000000	0.00130088	3.000000	0.00130088	3.000000	0.00130088	3.000000	0.00133154	3.000000	1.47809e-06	
3.500000	0.00133489	3.500000	0.0012831 	3.500000	0.00126956	3.500000	0.00126956	3.500000	0.00126956	3.500000	0.00128181	3.500000	1.29428e-06	
4.000000	0.00128053	4.000000	0.00123774	4.000000	0.00123302	4.000000	0.00123302	4.000000	0.00123302	4.000000	0.00123659	4.000000	1.15322e-06	
4.500000	0.00122905	4.500000	0.00119591	4.500000	0.00119491	4.500000	0.00119491	4.500000	0.00119491	4.500000	0.00119486	4.500000	1.04133e-06	
5.000000	0.00118089	5.000000	0.00115674	5.000000	0.00115896	5.000000	0.00115896	5.000000	0.00115896	5.000000	0.00115579	5.000000	9.50278e-07	
5.500000	0.0011361 	5.500000	0.00112005	5.500000	0.00112506	5.500000	0.00112506	5.500000	0.00112506	5.500000	0.00111918	5.500000	8.74647e-07	
6.000000	0.00109451	6.000000	0.00108565	6.000000	0.00109309	6.000000	0.00109309	6.000000	0.00109309	6.000000	0.00108484	6.000000	8.10763e-07	
6.500000	0.00105591	6.500000	0.0010531 	6.500000	0.00106291	6.500000	0.00106291	6.500000	0.00106291	6.500000	0.00105235	6.500000	7.56041e-07	
7.000000	0.00102005	7.000000	0.0010221 	7.000000	0.00103438	7.000000	0.00103438	7.000000	0.00103438	7.000000	0.00102139	7.000000	7.08611e-07	
7.500000	0.00098669	7.500000	0.000993269	7.500000	0.00100739	7.500000	0.00100739	7.500000	0.00100739	7.500000	0.000992602	7.500000	6.67081e-07	
8.000000	0.000955596	8.000000	0.0009663 	8.000000	0.000981819	8.000000	0.000981819	8.000000	0.000981819	8.000000	0.00096567	8.000000	6.30397e-07	
8.500000	0.00092656	8.500000	0.000940963	8.500000	0.00095756	8.500000	0.00095756	8.500000	0.00095756	8.500000	0.000940365	8.500000	5.97742e-07	
9.000000	0.000899394	9.000000	0.000916986	9.000000	0.000934515	9.000000	0.000934515	9.000000	0.000934516	9.000000	0.000916418	9.000000	5.68477e-07	
9.500000	0.000873926	9.500000	0.000894195	9.500000	0.000912597	9.500000	0.000912597	9.500000	0.000912598	9.500000	0.000893653	9.500000	5.42091e-07	
10.000000	0.000850006	10.000000	0.00083622	10.000000	0.000891724	10.000000	0.000891724	10.000000	0.000891725	10.000000	0.000835702	10.000000	5.1817e-07	
11.000000	0.000806279	11.000000	0.000808452	11.000000	0.000845908	11.000000	0.000854247	11.000000	0.000859378	11.000000	0.000807976	11.000000	4.76443e-07	
12.000000	0.00076729	12.000000	0.000782037	12.000000	0.000804947	12.000000	0.000820182	12.000000	0.000828928	12.000000	0.000781596	12.000000	4.41241e-07	
13.000000	0.000732303	13.000000	0.000757039	13.000000	0.000768147	13.000000	0.000789112	13.000000	0.000800349	13.000000	0.000756628	13.000000	4.11122e-07	
14.000000	0.000700723	14.000000	0.000733444	14.000000	0.000734932	14.000000	0.000760676	14.000000	0.000773564	14.000000	0.000733059	14.000000	3.85042e-07	
15.000000	0.000672067	15.000000	0.0007112 	15.000000	0.000704816	15.000000	0.000734569	15.000000	0.000748477	15.000000	0.000710838	15.000000	3.62228e-07	
16.000000	0.000645938	16.000000	0.000690234	16.000000	0.000677419	16.000000	0.000710531	16.000000	0.000724984	16.000000	0.000689892	16.000000	3.42093e-07	
17.000000	0.00062201	17.000000	0.000670467	17.000000	0.000652408	17.000000	0.000688336	17.000000	0.000702981	17.000000	0.000670143	17.000000	3.24184e-07	
18.000000	0.000600008	18.000000	0.000651816	18.000000	0.000629482	18.000000	0.000667792	18.000000	0.000682326	18.000000	0.000651508	18.000000	3.08145e-07	
19.000000	0.000579705	19.000000	0.000634203	19.000000	0.000608421	19.000000	0.000648733	19.000000	0.000662963	19.000000	0.000633909	19.000000	2.93693e-07	
20.000000	0.000560904	20.000000	0.000617552	20.000000	0.000589062	20.000000	0.000631012	20.000000	0.000644808	20.000000	0.000617271	20.000000	2.80601e-07	
21.000000	0.000543442	21.000000	0.000601793	21.000000	0.000571211	21.000000	0.000614505	21.000000	0.000627709	21.000000	0.000601524	21.000000	2.68681e-07	
22.000000	0.000527176	22.000000	0.00058686	22.000000	0.000554676	22.000000	0.0005991 	22.000000	0.000611665	22.000000	0.000586603	22.000000	2.57781e-07	
23.000000	0.000511985	23.000000	0.000572695	23.000000	0.000539339	23.000000	0.000584699	23.000000	0.000596551	23.000000	0.000572447	23.000000	2.47773e-07	
24.000000	0.000497762	24.000000	0.000559241	24.000000	0.000525126	24.000000	0.000571217	24.000000	0.00058233	24.000000	0.000559002	24.000000	2.3855e-07	
25.000000	0.000484415	25.000000	0.000546448	25.000000	0.000511936	25.000000	0.000558577	25.000000	0.000568925	25.000000	0.000546218	25.000000	2.30022e-07	
27.000000	0.000460038	27.000000	0.000522664	27.000000	0.000488175	27.000000	0.000535557	27.000000	0.00054436	27.000000	0.000522449	27.000000	2.14753e-07	
29.000000	0.000438314	29.000000	0.000501018	29.000000	0.000467494	29.000000	0.000515177	29.000000	0.000522464	29.000000	0.000500816	29.000000	2.01472e-07	
31.000000	0.000418823	31.000000	0.000481238	31.000000	0.000449948	31.000000	0.000495311	31.000000	0.0005004 	31.000000	0.000481048	31.000000	1.89809e-07	
33.000000	0.000401228	33.000000	0.000463095	33.000000	0.000434404	33.000000	0.000475606	33.000000	0.000478305	33.000000	0.000462915	33.000000	1.79482e-07	
35.000000	0.00038526	35.000000	0.000446393	35.000000	0.00042004	35.000000	0.000457551	35.000000	0.000458422	35.000000	0.000446223	35.000000	1.7027e-07	
38.000000	0.000363882	38.000000	0.000423692	38.000000	0.000400363	38.000000	0.000433135	38.000000	0.000432036	38.000000	0.000423534	38.000000	1.58171e-07	
41.000000	0.000345084	41.000000	0.00040341	41.000000	0.000382663	41.000000	0.000411437	41.000000	0.000409027	41.000000	0.000403262	41.000000	1.47748e-07	
44.000000	0.000328414	44.000000	0.00038518	44.000000	0.000366626	44.000000	0.000392025	44.000000	0.000388756	44.000000	0.000385042	44.000000	1.3867e-07	
47.000000	0.000313521	47.000000	0.000368706	47.000000	0.00035205	47.000000	0.000374553	47.000000	0.000370743	47.000000	0.000368575	47.000000	1.3069e-07	
50.000000	0.000300129	50.000000	0.000353745	50.000000	0.000338726	50.000000	0.000358744	50.000000	0.00035461	50.000000	0.000353621	50.000000	1.23617e-07	
55.000000	0.000280562	55.000000	0.000331645	55.000000	0.000318903	55.000000	0.00033549	55.000000	0.000331139	55.000000	0.000331531	55.000000	1.13455e-07	
60.000000	0.000263781	60.000000	0.000312477	60.000000	0.000301603	60.000000	0.000315416	60.000000	0.000311107	60.000000	0.000312372	60.000000	1.04901e-07	
65.000000	0.000249218	65.000000	0.000295693	65.000000	0.000286365	65.000000	0.000297911	65.000000	0.000293778	65.000000	0.000295596	65.000000	9.7596e-08	
70.000000	0.000236451	70.000000	0.000280874	70.000000	0.000272839	70.000000	0.000282512	70.000000	0.000278592	70.000000	0.000280783	70.000000	9.12821e-08	
75.000000	0.00022516	75.000000	0.000267694	75.000000	0.00026075	75.000000	0.000268861	75.000000	0.000265485	75.000000	0.000267608	75.000000	8.57677e-08	
80.000000	0.000215096	80.000000	0.000255895	80.000000	0.000249878	80.000000	0.000256677	80.000000	0.000253804	80.000000	0.000255814	80.000000	8.09081e-08	
85.000000	0.000206066	85.000000	0.000245271	85.000000	0.000240048	85.000000	0.000245735	85.000000	0.000243317	85.000000	0.000245194	85.000000	7.65916e-08	
90.000000	0.000197914	90.000000	0.000235654	90.000000	0.000231115	90.000000	0.000235856	90.000000	0.000233849	90.000000	0.000235582	90.000000	7.27307e-08	
95.000000	0.000190515	95.000000	0.000226909	95.000000	0.000222961	95.000000	0.000226893	95.000000	0.00022527	95.000000	0.00022684	95.000000	6.92561e-08	
100.000000	0.000183766	100.000000	0.000218922	100.000000	0.000215512	100.000000	0.000218724	100.000000	0.000217451	100.000000	0.000218856	100.000000	6.61118e-08	
105.000000	0.000177585	105.000000	0.000211598	105.000000	0.00020866	105.000000	0.000211249	105.000000	0.00021029	105.000000	0.000211535	105.000000	6.3252e-08	
110.000000	0.000171899	110.000000	0.000204859	110.000000	0.000202331	110.000000	0.000204383	110.000000	0.000203726	110.000000	0.000204799	110.000000	6.06395e-08	
115.000000	0.000166651	115.000000	0.000198638	115.000000	0.00019649	115.000000	0.000198055	115.000000	0.000197657	115.000000	0.00019858	115.000000	5.8243e-08	
120.000000	0.00016179	120.000000	0.000192876	120.000000	0.000191056	120.000000	0.000192205	120.000000	0.000192059	120.000000	0.00019282	120.000000	5.60364e-08	
125.000000	0.000157275	125.000000	0.000187526	125.000000	0.000185994	125.000000	0.00018678	125.000000	0.000186857	125.000000	0.000187472	125.000000	5.39976e-08	
130.000000	0.000153068	130.000000	0.000182545	130.000000	0.000181298	130.000000	0.000181737	130.000000	0.00018203	130.000000	0.000182493	130.000000	5.21081e-08	
135.000000	0.000149138	135.000000	0.000177895	135.000000	0.000176901	135.000000	0.000177036	135.000000	0.000177517	135.000000	0.000177845	135.000000	5.03517e-08	
140.000000	0.000145459	140.000000	0.000173546	140.000000	0.000172777	140.000000	0.000172644	140.000000	0.000173312	140.000000	0.000173497	140.000000	4.87147e-08	
145.000000	0.000142005	145.000000	0.000169469	145.000000	0.0001689 	145.000000	0.000168532	145.000000	0.000169356	145.000000	0.000169422	145.000000	4.71851e-08	
150.000000	0.000138757	150.000000	0.000165639	150.000000	0.000165249	150.000000	0.000164675	150.000000	0.000165653	150.000000	0.000165594	150.000000	4.57526e-08	
155.000000	0.000134112	155.000000	0.000162035	155.000000	0.000161826	155.000000	0.000161048	155.000000	0.000162164	155.000000	0.000161991	155.000000	4.44081e-08	
160.000000	0.000131425	160.000000	0.000158638	160.000000	0.000158596	160.000000	0.000157633	160.000000	0.000158877	160.000000	0.000158595	160.000000	4.31435e-08	
165.000000	0.000128887	165.000000	0.00015543	165.000000	0.000155526	165.000000	0.000154412	165.000000	0.000155779	165.000000	0.000155388	165.000000	4.19519e-08	
170.000000	0.000126484	170.000000	0.000152395	170.000000	0.000152631	170.000000	0.000151369	170.000000	0.00015284	170.000000	0.000152355	170.000000	4.0827e-08	
175.000000	0.000124206	175.000000	0.000149522	175.000000	0.000149894	175.000000	0.000148489	175.000000	0.000150064	175.000000	0.000149482	175.000000	3.97634e-08	
180.000000	0.000122044	180.000000	0.000146796	180.000000	0.000147283	180.000000	0.000145759	180.000000	0.000147432	180.000000	0.000146757	180.000000	3.8756e-08	
185.000000	0.000119988	185.000000	0.000144207	185.000000	0.0001448 	185.000000	0.00014317	185.000000	0.000144929	185.000000	0.000144169	185.000000	3.78005e-08	
190.000000	0.000118032	190.000000	0.000141745	190.000000	0.000142446	190.000000	0.000140709	190.000000	0.000142553	190.000000	0.000141709	190.000000	3.68929e-08	
195.000000	0.000116167	195.000000	0.000139402	195.000000	0.000140203	195.000000	0.000138369	195.000000	0.000140292	195.000000	0.000139366	195.000000	3.60296e-08	
200.000000	0.000114388	200.000000	0.000137168	200.000000	0.000138059	200.000000	0.00013614	200.000000	0.000138131	200.000000	0.000137132	200.000000	3.52074e-08	
210.000000	0.000111063	210.000000	0.000133  	210.000000	0.000134064	210.000000	0.000131986	210.000000	0.00013411	210.000000	0.000132966	210.000000	3.36751e-08	
220.000000	0.000108018	220.000000	0.00012919	220.000000	0.0001304 	220.000000	0.000128194	220.000000	0.000130425	220.000000	0.000129157	220.000000	3.22757e-08	
230.000000	0.000105217	230.000000	0.000125694	230.000000	0.000127037	230.000000	0.00012472	230.000000	0.00012705	230.000000	0.000125663	230.000000	3.09924e-08	
240.000000	0.000102633	240.000000	0.000122475	240.000000	0.000123944	240.000000	0.000121526	240.000000	0.000123938	240.000000	0.000122445	240.000000	2.98112e-08	
250.000000	0.00010024	250.000000	0.000119502	250.000000	0.00012108	250.000000	0.000118579	250.000000	0.000121067	250.000000	0.000119473	250.000000	2.87201e-08	
260.000000	9.80194e-05	260.000000	0.000116749	260.000000	0.000118423	260.000000	0.000115854	260.000000	0.000118405	260.000000	0.000116721	260.000000	2.77091e-08	
270.000000	9.59523e-05	270.000000	0.000114191	270.000000	0.000115959	270.000000	0.000113326	270.000000	0.000115936	270.000000	0.000114164	270.000000	2.67696e-08	
280.000000	9.40233e-05	280.000000	0.00011181	280.000000	0.000113665	280.000000	0.000110975	280.000000	0.000113634	280.000000	0.000111784	280.000000	2.58942e-08	
290.000000	9.22193e-05	290.000000	0.000109588	290.000000	0.000111517	290.000000	0.000108783	290.000000	0.000111491	290.000000	0.000109563	290.000000	2.50764e-08	
300.000000	9.05285e-05	300.000000	0.00010751	300.000000	0.000109508	300.000000	0.000106736	300.000000	0.00010948	300.000000	0.000107486	300.000000	2.43107e-08	
310.000000	8.89406e-05	310.000000	0.000105562	310.000000	0.000107627	310.000000	0.00010482	310.000000	0.0001076 	310.000000	0.000105539	310.000000	2.35921e-08	
320.000000	8.74466e-05	320.000000	0.000103734	320.000000	0.000105862	320.000000	0.000103022	320.000000	0.000105833	320.000000	0.000103711	320.000000	2.29165e-08	
330.000000	8.60385e-05	330.000000	0.000102014	330.000000	0.000104204	330.000000	0.000101334	330.000000	0.000104171	330.000000	0.000101992	330.000000	2.22799e-08	
340.000000	8.47093e-05	340.000000	0.000100394	340.000000	0.00010264	340.000000	9.97449e-05	340.000000	0.000102609	340.000000	0.000100372	340.000000	2.16791e-08	
350.000000	8.34525e-05	350.000000	9.88653e-05	350.000000	0.00010116	350.000000	9.8247e-05	350.000000	0.00010113	350.000000	9.88442e-05	350.000000	2.11112e-08	
360.000000	8.22625e-05	360.000000	9.74207e-05	360.000000	9.97653e-05	360.000000	9.6833e-05	360.000000	9.97347e-05	360.000000	9.74001e-05	360.000000	2.05733e-08	
370.000000	8.11343e-05	370.000000	9.60536e-05	370.000000	9.84502e-05	370.000000	9.54963e-05	370.000000	9.84172e-05	370.000000	9.60335e-05	370.000000	2.00633e-08	
380.000000	8.00633e-05	380.000000	9.47582e-05	380.000000	9.7202e-05	380.000000	9.42309e-05	380.000000	9.7164e-05	380.000000	9.47386e-05	380.000000	1.95788e-08	
390.000000	7.90452e-05	390.000000	9.35292e-05	390.000000	9.60137e-05	390.000000	9.30316e-05	390.000000	9.59777e-05	390.000000	9.35101e-05	390.000000	1.91182e-08	
400.000000	7.80765e-05	400.000000	9.23619e-05	400.000000	9.48821e-05	400.000000	9.18935e-05	400.000000	9.48532e-05	400.000000	9.23432e-05	400.000000	1.86795e-08	
410.000000	7.71538e-05	410.000000	9.12519e-05	410.000000	9.38068e-05	410.000000	9.08122e-05	410.000000	9.37803e-05	410.000000	9.12336e-05	410.000000	1.82613e-08	
420.000000	7.62738e-05	420.000000	9.01953e-05	420.000000	9.2787e-05	420.000000	8.9784e-05	420.000000	9.27604e-05	420.000000	9.01774e-05	420.000000	1.78621e-08	
430.000000	7.54339e-05	430.000000	8.91884e-05	430.000000	9.18179e-05	430.000000	8.8805e-05	430.000000	9.17908e-05	430.000000	8.91709e-05	430.000000	1.74807e-08	
440.000000	7.46315e-05	440.000000	8.8228e-05	440.000000	9.08943e-05	440.000000	8.78721e-05	440.000000	9.08649e-05	440.000000	8.82109e-05	440.000000	1.71158e-08	
450.000000	7.38642e-05	450.000000	8.73112e-05	450.000000	9.00118e-05	450.000000	8.69823e-05	450.000000	8.99801e-05	450.000000	8.72945e-05	450.000000	1.67665e-08	
460.000000	7.31299e-05	460.000000	8.64352e-05	460.000000	8.91668e-05	460.000000	8.61327e-05	460.000000	8.91362e-05	460.000000	8.64188e-05	460.000000	1.64317e-08	
470.000000	7.24266e-05	470.000000	8.55975e-05	470.000000	8.83576e-05	470.000000	8.5321e-05	470.000000	8.83307e-05	470.000000	8.55814e-05	470.000000	1.61105e-08	
480.000000	7.17524e-05	480.000000	8.47957e-05	480.000000	8.75833e-05	480.000000	8.45448e-05	480.000000	8.75571e-05	480.000000	8.47799e-05	480.000000	1.58021e-08	
490.000000	7.11058e-05	490.000000	8.40278e-05	490.000000	8.68425e-05	490.000000	8.38019e-05	490.000000	8.68168e-05	490.000000	8.40123e-05	490.000000	1.55057e-08	
500.000000	7.04851e-05	500.000000	8.32917e-05	500.000000	8.6133e-05	500.000000	8.30904e-05	500.000000	8.61085e-05	500.000000	8.32765e-05	500.000000	1.52207e-08	
520.000000	6.9316e-05	520.000000	8.19082e-05	520.000000	8.47999e-05	520.000000	8.17544e-05	520.000000	8.47771e-05	520.000000	8.18935e-05	520.000000	1.46821e-08	
540.000000	6.82348e-05	540.000000	8.06322e-05	540.000000	8.35727e-05	540.000000	8.0524e-05	540.000000	8.35488e-05	540.000000	8.0618e-05	540.000000	1.41817e-08	
560.000000	6.72327e-05	560.000000	7.94525e-05	560.000000	8.24368e-05	560.000000	7.93879e-05	560.000000	8.24149e-05	560.000000	7.94387e-05	560.000000	1.37155e-08	
580.000000	6.63019e-05	580.000000	7.83594e-05	580.000000	8.13808e-05	580.000000	7.83366e-05	580.000000	8.13629e-05	580.000000	7.83461e-05	580.000000	1.32801e-08	
600.000000	6.54357e-05	600.000000	7.73446e-05	600.000000	8.04046e-05	600.000000	7.73616e-05	600.000000	8.03891e-05	600.000000	7.73317e-05	600.000000	1.28725e-08	
620.000000	6.46283e-05	620.000000	7.64007e-05	620.000000	7.94993e-05	620.000000	7.64557e-05	620.000000	7.94803e-05	620.000000	7.63882e-05	620.000000	1.24901e-08	
640.000000	6.38745e-05	640.000000	7.55213e-05	640.000000	7.86525e-05	640.000000	7.56123e-05	640.000000	7.86355e-05	640.000000	7.55092e-05	640.000000	1.21306e-08	
660.000000	6.31696e-05	660.000000	7.47006e-05	660.000000	7.78609e-05	660.000000	7.48259e-05	660.000000	7.78471e-05	660.000000	7.46888e-05	660.000000	1.1792e-08	
680.000000	6.25097e-05	680.000000	7.39337e-05	680.000000	7.7122e-05	680.000000	7.40914e-05	680.000000	7.71091e-05	680.000000	7.39222e-05	680.000000	1.14724e-08	
700.000000	6.18911e-05	700.000000	7.3216e-05	700.000000	7.6431e-05	700.000000	7.34043e-05	700.000000	7.64199e-05	700.000000	7.32048e-05	700.000000	1.11703e-08	
720.000000	6.13106e-05	720.000000	7.25435e-05	720.000000	7.57834e-05	720.000000	7.27608e-05	720.000000	7.57727e-05	720.000000	7.25327e-05	720.000000	1.08843e-08	
740.000000	6.07652e-05	740.000000	7.19128e-05	740.000000	7.51757e-05	740.000000	7.21573e-05	740.000000	7.51653e-05	740.000000	7.19022e-05	740.000000	1.06131e-08	
760.000000	6.02524e-05	760.000000	7.13205e-05	760.000000	7.46047e-05	760.000000	7.15906e-05	760.000000	7.45959e-05	760.000000	7.13101e-05	760.000000	1.03556e-08	
780.000000	5.97698e-05	780.000000	7.07638e-05	780.000000	7.40681e-05	780.000000	7.10578e-05	780.000000	7.4059e-05	780.000000	7.07537e-05	780.000000	1.01108e-08	
800.000000	5.93152e-05	800.000000	7.02401e-05	800.000000	7.35635e-05	800.000000	7.05564e-05	800.000000	7.35534e-05	800.000000	7.02302e-05	800.000000	9.87765e-09	
820.000000	5.88868e-05	820.000000	6.9747e-05	820.000000	7.30877e-05	820.000000	7.0084e-05	820.000000	7.30778e-05	820.000000	6.97374e-05	820.000000	9.65542e-09	
840.000000	5.84828e-05	840.000000	6.92825e-05	840.000000	7.26375e-05	840.000000	6.96386e-05	840.000000	7.26287e-05	840.000000	6.9273e-05	840.000000	9.44334e-09	
860.000000	5.81016e-05	860.000000	6.88445e-05	860.000000	7.2211e-05	860.000000	6.92183e-05	860.000000	7.22038e-05	860.000000	6.88353e-05	860.000000	9.24071e-09	
880.000000	5.77417e-05	880.000000	6.84313e-05	880.000000	7.18079e-05	880.000000	6.88212e-05	880.000000	7.18031e-05	880.000000	6.84223e-05	880.000000	9.04692e-09	
900.000000	5.74018e-05	900.000000	6.80413e-05	900.000000	7.14278e-05	900.000000	6.84459e-05	900.000000	7.14249e-05	900.000000	6.80325e-05	900.000000	8.86137e-09	
920.000000	5.70807e-05	920.000000	6.7673e-05	920.000000	7.10696e-05	920.000000	6.80908e-05	920.000000	7.10651e-05	920.000000	6.76643e-05	920.000000	8.68357e-09	
940.000000	5.67772e-05	940.000000	6.73251e-05	940.000000	7.07307e-05	940.000000	6.77547e-05	940.000000	7.07249e-05	940.000000	6.73166e-05	940.000000	8.51301e-09	
960.000000	5.64904e-05	960.000000	6.69962e-05	960.000000	7.04088e-05	960.000000	6.74363e-05	960.000000	7.04031e-05	960.000000	6.69879e-05	960.000000	8.34927e-09	
980.000000	5.62192e-05	980.000000	6.66854e-05	980.000000	7.01023e-05	980.000000	6.71345e-05	980.000000	7.00981e-05	980.000000	6.66772e-05	980.000000	8.19194e-09	
1000.000000	5.59628e-05	1000.000000	6.63914e-05	1000.000000	6.9811e-05	1000.000000	6.68483e-05	1000.000000	6.98074e-05	1000.000000	6.63834e-05	1000.000000	8.04065e-09	
1020.000000	5.57204e-05	1020.000000	6.61134e-05	1020.000000	6.95348e-05	1020.000000	6.65767e-05	1020.000000	6.95319e-05	1020.000000	6.61055e-05	1020.000000	7.89504e-09	
1040.000000	5.54912e-05	1040.000000	6.58504e-05	1040.000000	6.92733e-05	1040.000000	6.63189e-05	1040.000000	6.92707e-05	1040.000000	6.58427e-05	1040.000000	7.7548e-09	
1060.000000	5.52746e-05	1060.000000	6.56017e-05	1060.000000	6.90257e-05	1060.000000	6.6074e-05	1060.000000	6.90229e-05	1060.000000	6.5594e-05	1060.000000	7.61964e-09	
1080.000000	5.50697e-05	1080.000000	6.53663e-05	1080.000000	6.87907e-05	1080.000000	6.58413e-05	1080.000000	6.87859e-05	1080.000000	6.53588e-05	1080.000000	7.48928e-09	
1100.000000	5.48762e-05	1100.000000	6.51437e-05	1100.000000	6.85671e-05	1100.000000	6.56201e-05	1100.000000	6.8561e-05	1100.000000	6.51363e-05	1100.000000	7.36347e-09	
1120.000000	5.46933e-05	1120.000000	6.49331e-05	1120.000000	6.83539e-05	1120.000000	6.54097e-05	1120.000000	6.83474e-05	1120.000000	6.49259e-05	1120.000000	7.24197e-09	
1140.000000	5.45207e-05	1140.000000	6.4734e-05	1140.000000	6.81504e-05	1140.000000	6.52096e-05	1140.000000	6.81445e-05	1140.000000	6.47269e-05	1140.000000	7.12455e-09	
1160.000000	5.43577e-05	1160.000000	6.45457e-05	1160.000000	6.79563e-05	1160.000000	6.50192e-05	1160.000000	6.79508e-05	1160.000000	6.45387e-05	1160.000000	7.01102e-09	
1180.000000	5.42039e-05	1180.000000	6.43677e-05	1180.000000	6.77712e-05	1180.000000	6.4838e-05	1180.000000	6.77659e-05	1180.000000	6.43608e-05	1180.000000	6.90119e-09	
1200.000000	5.40589e-05	1200.000000	6.41995e-05	1200.000000	6.7595e-05	1200.000000	6.46655e-05	1200.000000	6.75901e-05	1200.000000	6.41927e-05	1200.000000	6.79486e-09	
1220.000000	5.39223e-05	1220.000000	6.40406e-05	1220.000000	6.74272e-05	1220.000000	6.45011e-05	1220.000000	6.7423e-05	1220.000000	6.40339e-05	1220.000000	6.69188e-09	
1240.000000	5.37938e-05	1240.000000	6.38906e-05	1240.000000	6.72674e-05	1240.000000	6.43446e-05	1240.000000	6.7264e-05	1240.000000	6.38841e-05	1240.000000	6.59209e-09	
1260.000000	5.36728e-05	1260.000000	6.37491e-05	1260.000000	6.71152e-05	1260.000000	6.41955e-05	1260.000000	6.71118e-05	1260.000000	6.37426e-05	1260.000000	6.49534e-09	
1280.000000	5.35593e-05	1280.000000	6.36157e-05	1280.000000	6.69702e-05	1280.000000	6.40535e-05	1280.000000	6.69666e-05	1280.000000	6.36093e-05	1280.000000	6.40148e-09	
1300.000000	5.34527e-05	1300.000000	6.349e-05 	1300.000000	6.68319e-05	1300.000000	6.39181e-05	1300.000000	6.68283e-05	1300.000000	6.34837e-05	1300.000000	6.3104e-09	
1320.000000	5.33528e-05	1320.000000	6.33716e-05	1320.000000	6.67e-05  	1320.000000	6.37891e-05	1320.000000	6.66967e-05	1320.000000	6.33654e-05	1320.000000	6.22197e-09	
1340.000000	5.32594e-05	1340.000000	6.32603e-05	1340.000000	6.65743e-05	1340.000000	6.36661e-05	1340.000000	6.65715e-05	1340.000000	6.32542e-05	1340.000000	6.13607e-09	
1360.000000	5.31722e-05	1360.000000	6.31558e-05	1360.000000	6.64543e-05	1360.000000	6.3549e-05	1360.000000	6.64518e-05	1360.000000	6.31497e-05	1360.000000	6.0526e-09	
1380.000000	5.30908e-05	1380.000000	6.30576e-05	1380.000000	6.634e-05 	1380.000000	6.34373e-05	1380.000000	6.63372e-05	1380.000000	6.30517e-05	1380.000000	5.97145e-09	
1400.000000	5.30152e-05	1400.000000	6.29657e-05	1400.000000	6.62309e-05	1400.000000	6.33308e-05	1400.000000	6.62281e-05	1400.000000	6.29598e-05	1400.000000	5.89252e-09	
1420.000000	5.2945e-05	1420.000000	6.28797e-05	1420.000000	6.6127e-05	1420.000000	6.32294e-05	1420.000000	6.61242e-05	1420.000000	6.28738e-05	1420.000000	5.81573e-09	
1440.000000	5.28801e-05	1440.000000	6.27993e-05	1440.000000	6.6028e-05	1440.000000	6.31327e-05	1440.000000	6.60254e-05	1440.000000	6.27936e-05	1440.000000	5.74099e-09	
1460.000000	5.28203e-05	1460.000000	6.27244e-05	1460.000000	6.59337e-05	1460.000000	6.30405e-05	1460.000000	6.59313e-05	1460.000000	6.27187e-05	1460.000000	5.66821e-09	
1480.000000	5.27653e-05	1480.000000	6.26547e-05	1480.000000	6.58438e-05	1480.000000	6.29528e-05	1480.000000	6.5841e-05	1480.000000	6.26491e-05	1480.000000	5.59732e-09	
1500.000000	5.2715e-05	1500.000000	6.25901e-05	1500.000000	6.57581e-05	1500.000000	6.28691e-05	1500.000000	6.57549e-05	1500.000000	6.25846e-05	1500.000000	5.52824e-09	
1520.000000	5.26693e-05	1520.000000	6.25303e-05	1520.000000	6.56764e-05	1520.000000	6.27895e-05	1520.000000	6.56729e-05	1520.000000	6.25248e-05	1520.000000	5.46091e-09	
1540.000000	5.26279e-05	1540.000000	6.24751e-05	1540.000000	6.55985e-05	1540.000000	6.27136e-05	1540.000000	6.55949e-05	1540.000000	6.24697e-05	1540.000000	5.39526e-09	
1560.000000	5.25907e-05	1560.000000	6.24244e-05	1560.000000	6.55241e-05	1560.000000	6.26414e-05	1560.000000	6.55208e-05	1560.000000	6.24191e-05	1560.000000	5.33123e-09	
1580.000000	5.25575e-05	1580.000000	6.2378e-05	1580.000000	6.54532e-05	1580.000000	6.25727e-05	1580.000000	6.54503e-05	1580.000000	6.23727e-05	1580.000000	5.26875e-09	
1600.000000	5.25283e-05	1600.000000	6.23357e-05	1600.000000	6.53855e-05	1600.000000	6.25073e-05	1600.000000	6.53829e-05	1600.000000	6.23305e-05	1600.000000	5.20777e-09	
1620.000000	5.25029e-05	1620.000000	6.22974e-05	1620.000000	6.53209e-05	1620.000000	6.24451e-05	1620.000000	6.53184e-05	1620.000000	6.22922e-05	1620.000000	5.14824e-09	
1640.000000	5.24811e-05	1640.000000	6.22629e-05	1640.000000	6.52593e-05	1640.000000	6.2386e-05	1640.000000	6.52572e-05	1640.000000	6.22579e-05	1640.000000	5.0901e-09	
1660.000000	5.24628e-05	1660.000000	6.22322e-05	1660.000000	6.52007e-05	1660.000000	6.23298e-05	1660.000000	6.51991e-05	1660.000000	6.22272e-05	1660.000000	5.0333e-09	
1680.000000	5.2448e-05	1680.000000	6.2205e-05	1680.000000	6.51448e-05	1680.000000	6.22764e-05	1680.000000	6.51439e-05	1680.000000	6.22001e-05	1680.000000	4.97781e-09	
1700.000000	5.24365e-05	1700.000000	6.21813e-05	1700.000000	6.50918e-05	1700.000000	6.22258e-05	1700.000000	6.50917e-05	1700.000000	6.21764e-05	1700.000000	4.92357e-09	
1750.000000	5.24216e-05	1750.000000	6.21363e-05	1750.000000	6.49706e-05	1750.000000	6.21103e-05	1750.000000	6.49717e-05	1750.000000	6.21316e-05	1750.000000	4.79318e-09	
1800.000000	5.24252e-05	1800.000000	6.21105e-05	1800.000000	6.4865e-05	1800.000000	6.20095e-05	1800.000000	6.48665e-05	1800.000000	6.21058e-05	1800.000000	4.66975e-09	
1850.000000	5.2446e-05	1850.000000	6.21022e-05	1850.000000	6.47736e-05	1850.000000	6.19221e-05	1850.000000	6.47754e-05	1850.000000	6.20976e-05	1850.000000	4.55274e-09	
1900.000000	5.24828e-05	1900.000000	6.21101e-05	1900.000000	6.46949e-05	1900.000000	6.18467e-05	1900.000000	6.4696e-05	1900.000000	6.21056e-05	1900.000000	4.44164e-09	
1950.000000	5.25344e-05	1950.000000	6.21329e-05	1950.000000	6.46276e-05	1950.000000	6.17824e-05	1950.000000	6.46278e-05	1950.000000	6.21286e-05	1950.000000	4.33602e-09	
2000.000000	5.25999e-05	2000.000000	6.21696e-05	2000.000000	6.45703e-05	2000.000000	6.17281e-05	2000.000000	6.45703e-05	2000.000000	6.21654e-05	2000.000000	4.23548e-09	
2100.000000	5.27689e-05	2100.000000	6.22805e-05	2100.000000	6.4482e-05	2100.000000	6.16461e-05	2100.000000	6.44815e-05	2100.000000	6.22765e-05	2100.000000	4.04821e-09	
2200.000000	5.29835e-05	2200.000000	6.24359e-05	2200.000000	6.4424e-05	2200.000000	6.15948e-05	2200.000000	6.44246e-05	2200.000000	6.2432e-05	2200.000000	3.87733e-09	
2300.000000	5.32384e-05	2300.000000	6.26298e-05	2300.000000	6.4392e-05	2300.000000	6.15692e-05	2300.000000	6.4393e-05	2300.000000	6.26261e-05	2300.000000	3.72075e-09	
2400.000000	5.35293e-05	2400.000000	6.28575e-05	2400.000000	6.43823e-05	2400.000000	6.15654e-05	2400.000000	6.43843e-05	2400.000000	6.28539e-05	2400.000000	3.57673e-09	
2500.000000	5.38524e-05	2500.000000	6.31149e-05	2500.000000	6.43918e-05	2500.000000	6.15799e-05	2500.000000	6.43938e-05	2500.000000	6.31114e-05	2500.000000	3.4438e-09	
2600.000000	5.42046e-05	2600.000000	6.33985e-05	2600.000000	6.44174e-05	2600.000000	6.161e-05 	2600.000000	6.44197e-05	2600.000000	6.33952e-05	2600.000000	3.32071e-09	
2700.000000	5.45831e-05	2700.000000	6.37054e-05	2700.000000	6.44566e-05	2700.000000	6.16533e-05	2700.000000	6.44586e-05	2700.000000	6.37022e-05	2700.000000	3.2064e-09	
2800.000000	5.49856e-05	2800.000000	6.40331e-05	2800.000000	6.45074e-05	2800.000000	6.1708e-05	2800.000000	6.45097e-05	2800.000000	6.403e-05 	2800.000000	3.09994e-09	
2900.000000	5.541e-05 	2900.000000	6.43793e-05	2900.000000	6.4568e-05	2900.000000	6.17723e-05	2900.000000	6.457e-05 	2900.000000	6.43763e-05	2900.000000	3.00056e-09	
3000.000000	5.58546e-05	3000.000000	6.47422e-05	3000.000000	6.46369e-05	3000.000000	6.18448e-05	3000.000000	6.46392e-05	3000.000000	6.47393e-05	3000.000000	2.90756e-09	
3200.000000	5.67982e-05	3200.000000	6.55116e-05	3200.000000	6.47954e-05	3200.000000	6.201e-05 	3200.000000	6.47979e-05	3200.000000	6.55089e-05	3200.000000	2.73836e-09	
3400.000000	5.78062e-05	3400.000000	6.63305e-05	3400.000000	6.49752e-05	3400.000000	6.21959e-05	3400.000000	6.4978e-05	3400.000000	6.63279e-05	3400.000000	2.58835e-09	
3600.000000	5.88704e-05	3600.000000	6.71902e-05	3600.000000	6.51708e-05	3600.000000	6.23966e-05	3600.000000	6.51736e-05	3600.000000	6.71877e-05	3600.000000	2.45441e-09	
3800.000000	5.99843e-05	3800.000000	6.8084e-05	3800.000000	6.53776e-05	3800.000000	6.26081e-05	3800.000000	6.53801e-05	3800.000000	6.80817e-05	3800.000000	2.33406e-09	
4000.000000	6.11428e-05	4000.000000	6.90067e-05	4000.000000	6.55924e-05	4000.000000	6.28269e-05	4000.000000	6.55944e-05	4000.000000	6.90044e-05	4000.000000	2.22532e-09	
4200.000000	6.23415e-05	4200.000000	6.99537e-05	4200.000000	6.58124e-05	4200.000000	6.30507e-05	4200.000000	6.58141e-05	4200.000000	6.99516e-05	4200.000000	2.12656e-09	
4400.000000	6.35769e-05	4400.000000	7.09216e-05	4400.000000	6.60354e-05	4400.000000	6.32775e-05	4400.000000	6.60366e-05	4400.000000	7.09196e-05	4400.000000	2.03646e-09	
4600.000000	6.48462e-05	4600.000000	7.19075e-05	4600.000000	6.62601e-05	4600.000000	6.35058e-05	4600.000000	6.62613e-05	4600.000000	7.19056e-05	4600.000000	1.95392e-09	
4800.000000	6.61469e-05	4800.000000	7.29089e-05	4800.000000	6.64852e-05	4800.000000	6.37346e-05	4800.000000	6.64863e-05	4800.000000	7.2907e-05	4800.000000	1.87801e-09	
5000.000000	6.74769e-05	5000.000000	7.39237e-05	5000.000000	6.67099e-05	5000.000000	6.3963e-05	5000.000000	6.67112e-05	5000.000000	7.39219e-05	5000.000000	1.80796e-09	
5250.000000	6.9178e-05	5250.000000	7.52086e-05	5250.000000	6.69892e-05	5250.000000	6.42468e-05	5250.000000	6.69906e-05	5250.000000	7.52069e-05	5250.000000	1.72764e-09	
5500.000000	7.09193e-05	5500.000000	7.6509e-05	5500.000000	6.72658e-05	5500.000000	6.45279e-05	5500.000000	6.72675e-05	5500.000000	7.65073e-05	5500.000000	1.65436e-09	
6000.000000	7.45132e-05	6000.000000	7.91476e-05	6000.000000	6.78089e-05	6000.000000	6.50792e-05	6000.000000	6.78107e-05	6000.000000	7.9146e-05	6000.000000	1.5255e-09	
6500.000000	7.82435e-05	6500.000000	8.18252e-05	6500.000000	6.83363e-05	6500.000000	6.56135e-05	6500.000000	6.8337e-05	6500.000000	8.18238e-05	6500.000000	1.4158e-09	
7000.000000	8.20996e-05	7000.000000	8.45319e-05	7000.000000	6.88418e-05	7000.000000	6.61292e-05	7000.000000	6.88449e-05	7000.000000	8.45306e-05	7000.000000	1.32124e-09	
7500.000000	8.60733e-05	7500.000000	8.72604e-05	7500.000000	6.93303e-05	7500.000000	6.66259e-05	7500.000000	6.93337e-05	7500.000000	8.72591e-05	7500.000000	1.23887e-09	
8000.000000	9.01586e-05	8000.000000	9.00052e-05	8000.000000	6.97994e-05	8000.000000	6.71039e-05	8000.000000	6.98038e-05	8000.000000	9.0004e-05	8000.000000	1.16645e-09	
8500.000000	9.4351e-05	8500.000000	9.27625e-05	8500.000000	7.02512e-05	8500.000000	6.75637e-05	8500.000000	7.02555e-05	8500.000000	9.27613e-05	8500.000000	1.10226e-09	
9000.000000	9.86467e-05	9000.000000	9.5529e-05	9000.000000	7.06872e-05	9000.000000	6.80062e-05	9000.000000	7.06897e-05	9000.000000	9.55279e-05	9000.000000	1.04497e-09	
9500.000000	0.000103043	9500.000000	9.83025e-05	9500.000000	7.11058e-05	9500.000000	6.84321e-05	9500.000000	7.11073e-05	9500.000000	9.83015e-05	9500.000000	9.93502e-10	
10000.000000	0.000107538	10000.000000	0.000101081	10000.000000	7.15074e-05	10000.000000	6.88424e-05	10000.000000	7.1509e-05	10000.000000	0.00010108	10000.000000	9.47012e-10	
11000.000000	0.000116815	11000.000000	0.000106648	11000.000000	7.22656e-05	11000.000000	6.96197e-05	11000.000000	7.22684e-05	11000.000000	0.000106647	11000.000000	8.66299e-10	
12000.000000	0.000126467	12000.000000	0.000112221	12000.000000	7.29716e-05	12000.000000	7.03444e-05	12000.000000	7.29744e-05	12000.000000	0.00011222	12000.000000	7.98609e-10	
13000.000000	0.000136487	13000.000000	0.000117795	13000.000000	7.36302e-05	13000.000000	7.10226e-05	13000.000000	7.36328e-05	13000.000000	0.000117794	13000.000000	7.41e-10  	
14000.000000	0.000146871	14000.000000	0.000123366	14000.000000	7.42462e-05	14000.000000	7.16593e-05	14000.000000	7.42487e-05	14000.000000	0.000123365	14000.000000	6.91357e-10	
15000.000000	0.000157615	15000.000000	0.000128932	15000.000000	7.4824e-05	15000.000000	7.2259e-05	15000.000000	7.48266e-05	15000.000000	0.000128931	15000.000000	6.48122e-10	
16000.000000	0.000168716	16000.000000	0.000134491	16000.000000	7.53669e-05	16000.000000	7.28254e-05	16000.000000	7.53703e-05	16000.000000	0.00013449	16000.000000	6.10119e-10	
17000.000000	0.000180174	17000.000000	0.000140042	17000.000000	7.58787e-05	17000.000000	7.3362e-05	17000.000000	7.58834e-05	17000.000000	0.000140042	17000.000000	5.76443e-10	
18000.000000	0.000191989	18000.000000	0.000145585	18000.000000	7.63627e-05	18000.000000	7.38716e-05	18000.000000	7.63686e-05	18000.000000	0.000145585	18000.000000	5.4639e-10	
19000.000000	0.000204159	19000.000000	0.000151119	19000.000000	7.68223e-05	19000.000000	7.43566e-05	19000.000000	7.68279e-05	19000.000000	0.000151119	19000.000000	5.19399e-10	
20000.000000	0.000216685	20000.000000	0.000156644	20000.000000	7.726e-05 	20000.000000	7.48193e-05	20000.000000	7.72644e-05	20000.000000	0.000156644	20000.000000	4.95022e-10	
21000.000000	0.000229568	21000.000000	0.00016216	21000.000000	7.7677e-05	21000.000000	7.52615e-05	21000.000000	7.76796e-05	21000.000000	0.000162159	21000.000000	4.72891e-10	
22000.000000	0.000242809	22000.000000	0.000167666	22000.000000	7.80721e-05	22000.000000	7.5685e-05	22000.000000	7.80749e-05	22000.000000	0.000167666	22000.000000	4.52709e-10	
23000.000000	0.000256408	23000.000000	0.000173163	23000.000000	7.84484e-05	23000.000000	7.60913e-05	23000.000000	7.84526e-05	23000.000000	0.000173163	23000.000000	4.34226e-10	
24000.000000	0.000270366	24000.000000	0.000178651	24000.000000	7.8809e-05	24000.000000	7.64815e-05	24000.000000	7.8813e-05	24000.000000	0.000178651	24000.000000	4.17234e-10	
25000.000000	0.000284684	25000.000000	0.00018413	25000.000000	7.91557e-05	25000.000000	7.68571e-05	25000.000000	7.91585e-05	25000.000000	0.00018413	25000.000000	4.01558e-10	
26000.000000	0.000299365	26000.000000	0.0001896 	26000.000000	7.94871e-05	26000.000000	7.72189e-05	26000.000000	7.94889e-05	26000.000000	0.0001896 	26000.000000	3.8705e-10	
27000.000000	0.000314409	27000.000000	0.000195061	27000.000000	7.98032e-05	27000.000000	7.7568e-05	27000.000000	7.98066e-05	27000.000000	0.000195061	27000.000000	3.73583e-10	
28000.000000	0.000329818	28000.000000	0.000200514	28000.000000	8.01065e-05	28000.000000	7.79052e-05	28000.000000	8.01109e-05	28000.000000	0.000200514	28000.000000	3.61047e-10	
29000.000000	0.000345594	29000.000000	0.000205959	29000.000000	8.03994e-05	29000.000000	7.82312e-05	29000.000000	8.0404e-05	29000.000000	0.000205958	29000.000000	3.49348e-10	
30000.000000	0.000361737	30000.000000	0.000211395	30000.000000	8.06823e-05	30000.000000	7.85469e-05	30000.000000	8.06857e-05	30000.000000	0.000211394	30000.000000	3.38405e-10	
32000.000000	0.000395135	32000.000000	0.000222243	32000.000000	8.12183e-05	32000.000000	7.91493e-05	32000.000000	8.12191e-05	32000.000000	0.000222243	32000.000000	3.18507e-10	
34000.000000	0.000430026	34000.000000	0.000233061	34000.000000	8.17161e-05	34000.000000	7.97171e-05	34000.000000	8.17151e-05	34000.000000	0.000233061	34000.000000	3.00878e-10	
36000.000000	0.000466425	36000.000000	0.00024385	36000.000000	8.21784e-05	36000.000000	8.02539e-05	36000.000000	8.21779e-05	36000.000000	0.00024385	36000.000000	2.85148e-10	
38000.000000	0.000504346	38000.000000	0.000254611	38000.000000	8.26094e-05	38000.000000	8.07629e-05	38000.000000	8.26115e-05	38000.000000	0.000254611	38000.000000	2.71024e-10	
40000.000000	0.000543805	40000.000000	0.000265345	40000.000000	8.30133e-05	40000.000000	8.12468e-05	40000.000000	8.3018e-05	40000.000000	0.000265345	40000.000000	2.58269e-10	
42000.000000	0.000584819	42000.000000	0.000276053	42000.000000	8.33941e-05	42000.000000	8.17079e-05	42000.000000	8.34e-05  	42000.000000	0.000276053	42000.000000	2.46691e-10	
44000.000000	0.000627402	44000.000000	0.000286737	44000.000000	8.37552e-05	44000.000000	8.21483e-05	44000.000000	8.37606e-05	44000.000000	0.000286737	44000.000000	2.36134e-10	
46000.000000	0.000671572	46000.000000	0.000297398	46000.000000	8.40995e-05	46000.000000	8.25698e-05	46000.000000	8.40999e-05	46000.000000	0.000297397	46000.000000	2.26468e-10	
48000.000000	0.000717345	48000.000000	0.000308035	48000.000000	8.44275e-05	48000.000000	8.2974e-05	48000.000000	8.44216e-05	48000.000000	0.000308035	48000.000000	2.17582e-10	
50000.000000	0.000764738	50000.000000	0.000318652	50000.000000	8.47373e-05	50000.000000	8.33621e-05	50000.000000	8.47256e-05	50000.000000	0.000318651	50000.000000	2.09385e-10	
