! 103Tc energy loss (dE/dX) in He
! apply ZOOM for details
Energy (MeV/u)1	0 - [He-base] F.Hubert et al, AD&ND Tables 46(1990)1	Energy (MeV/u)2	1 - [H -base] J.F.Ziegler et al,Pergamon Press,NY(low energy)	Energy (MeV/u)3	2 - ATIMA 1.2 LS-theory (recommended for high energy)	Energy (MeV/u)4	3 - ATIMA 1.2 without LS-correction	Energy (MeV/u)5	4 - ATIMA 1.4 H.Weick, improved mean charge formula for HI	Energy (MeV/u)6	5 - electrical component of [1] - J.F.Ziegler et al	Energy (MeV/u)7	6 - nuclear component of [1] - J.F.Ziegler et al	
0.001000	0.000206326	0.001000	0.000250346	0.001000	0.000214837	0.001000	0.000214837	0.001000	0.000214847	0.001000	6.29804e-05	0.001000	0.000187366	
0.002000	0.000212254	0.002000	0.000256088	0.002000	0.000213261	0.002000	0.000213261	0.002000	0.000213269	0.002000	8.16755e-05	0.002000	0.000174413	
0.005000	0.000211839	0.005000	0.000252265	0.005000	0.000198521	0.005000	0.000198521	0.005000	0.000198526	0.005000	0.000115165	0.005000	0.0001371 	
0.008000	0.000212784	0.008000	0.000251065	0.008000	0.000191394	0.008000	0.000191394	0.008000	0.000191398	0.008000	0.000137361	0.008000	0.000113704	
0.010000	0.000214562	0.010000	0.000251966	0.010000	0.000189475	0.010000	0.000189475	0.010000	0.000189478	0.010000	0.00014935	0.010000	0.000102615	
0.015000	0.00022104	0.015000	0.000257312	0.015000	0.000189815	0.015000	0.000189815	0.015000	0.000189818	0.015000	0.000173876	0.015000	8.34359e-05	
0.020000	0.00022874	0.020000	0.000264693	0.020000	0.000193846	0.020000	0.000193846	0.020000	0.000193848	0.020000	0.000193683	0.020000	7.10099e-05	
0.025000	0.000236753	0.025000	0.000272788	0.025000	0.000199535	0.025000	0.000199535	0.025000	0.000199536	0.025000	0.000210588	0.025000	6.22003e-05	
0.030000	0.000244732	0.030000	0.000281066	0.030000	0.000206018	0.030000	0.000206018	0.030000	0.00020602	0.030000	0.000225489	0.030000	5.55765e-05	
0.035000	0.000252536	0.035000	0.000289294	0.035000	0.000212882	0.035000	0.000212882	0.035000	0.000212883	0.035000	0.000238908	0.035000	5.03861e-05	
0.040000	0.000260111	0.040000	0.000297368	0.040000	0.000219907	0.040000	0.000219907	0.040000	0.000219908	0.040000	0.000251176	0.040000	4.61921e-05	
0.045000	0.000267441	0.045000	0.00030524	0.045000	0.000226974	0.045000	0.000226974	0.045000	0.000226975	0.045000	0.000262519	0.045000	4.27219e-05	
0.050000	0.000274525	0.050000	0.000312894	0.050000	0.000234015	0.050000	0.000234015	0.050000	0.000234016	0.050000	0.000273098	0.050000	3.97959e-05	
0.055000	0.000288835	0.055000	0.000320326	0.055000	0.000240989	0.055000	0.000240989	0.055000	0.00024099	0.055000	0.000283036	0.055000	3.72904e-05	
0.060000	0.000305063	0.060000	0.000327541	0.060000	0.000247873	0.060000	0.000247873	0.060000	0.000247874	0.060000	0.000292423	0.060000	3.51174e-05	
0.070000	0.00033409	0.070000	0.000360573	0.070000	0.00027906	0.070000	0.00027906	0.070000	0.000279061	0.070000	0.000329046	0.070000	3.15261e-05	
0.080000	0.000365205	0.080000	0.000402302	0.080000	0.000319743	0.080000	0.000319743	0.080000	0.000319744	0.080000	0.000373896	0.080000	2.84068e-05	
0.090000	0.000393365	0.090000	0.000443086	0.090000	0.000360853	0.090000	0.000360853	0.090000	0.000360854	0.090000	0.000416984	0.090000	2.61021e-05	
0.100000	0.000418818	0.100000	0.000482347	0.100000	0.000401513	0.100000	0.000401513	0.100000	0.000401514	0.100000	0.000458169	0.100000	2.41775e-05	
0.120000	0.000453168	0.120000	0.000555579	0.120000	0.000479864	0.120000	0.000479864	0.120000	0.000479865	0.120000	0.000534442	0.120000	2.11366e-05	
0.140000	0.000481994	0.140000	0.000621383	0.140000	0.000552564	0.140000	0.000552564	0.140000	0.000552564	0.140000	0.00060255	0.140000	1.88336e-05	
0.160000	0.000508381	0.160000	0.000680072	0.160000	0.000618584	0.160000	0.000618584	0.160000	0.000618584	0.160000	0.00066305	0.160000	1.70225e-05	
0.180000	0.000537109	0.180000	0.000732361	0.180000	0.000677676	0.180000	0.000677676	0.180000	0.000677677	0.180000	0.000716804	0.180000	1.55569e-05	
0.200000	0.00056872	0.200000	0.000788411	0.200000	0.000730073	0.200000	0.000730073	0.200000	0.000730074	0.200000	0.000774067	0.200000	1.4344e-05	
0.250000	0.000625873	0.250000	0.000907034	0.250000	0.000835364	0.250000	0.000835364	0.250000	0.000835365	0.250000	0.000894978	0.250000	1.2056e-05	
0.300000	0.000677982	0.300000	0.00099876	0.300000	0.00091201	0.300000	0.00091201	0.300000	0.00091201	0.300000	0.000988318	0.300000	1.04422e-05	
0.350000	0.000725102	0.350000	0.00107112	0.350000	0.000968967	0.350000	0.000968967	0.350000	0.000968968	0.350000	0.00106188	0.350000	9.23702e-06	
0.400000	0.000770258	0.400000	0.00112972	0.400000	0.00101276	0.400000	0.00101276	0.400000	0.00101276	0.400000	0.00112142	0.400000	8.29962e-06	
0.450000	0.000818315	0.450000	0.00119497	0.450000	0.00104772	0.450000	0.00104772	0.450000	0.00104772	0.450000	0.00118742	0.450000	7.54776e-06	
0.500000	0.000860406	0.500000	0.00124871	0.500000	0.00107663	0.500000	0.00107663	0.500000	0.00107663	0.500000	0.00124178	0.500000	6.93011e-06	
0.600000	0.000898584	0.600000	0.00133047	0.600000	0.00112261	0.600000	0.00112261	0.600000	0.00112261	0.600000	0.0013245 	0.600000	5.97283e-06	
0.700000	0.000916842	0.700000	0.00138778	0.700000	0.00117363	0.700000	0.00117363	0.700000	0.00117363	0.700000	0.00138251	0.700000	5.26286e-06	
0.800000	0.00095889	0.800000	0.00142999	0.800000	0.00121865	0.800000	0.00121865	0.800000	0.00121865	0.800000	0.00142528	0.800000	4.71362e-06	
0.900000	0.000993152	0.900000	0.00146229	0.900000	0.00125434	0.900000	0.00125434	0.900000	0.00125434	0.900000	0.00145801	0.900000	4.27505e-06	
1.000000	0.00102018	1.000000	0.00148512	1.000000	0.00128284	1.000000	0.00128284	1.000000	0.00128284	1.000000	0.0014812 	1.000000	3.9161e-06	
1.250000	0.00106251	1.250000	0.00151477	1.250000	0.00133133	1.250000	0.00133133	1.250000	0.00133133	1.250000	0.00151152	1.250000	3.24905e-06	
1.500000	0.00107707	1.500000	0.00151163	1.500000	0.00135758	1.500000	0.00135758	1.500000	0.00135758	1.500000	0.00150885	1.500000	2.78663e-06	
1.750000	0.00107802	1.750000	0.0014941 	1.750000	0.00136953	1.750000	0.00136953	1.750000	0.00136953	1.750000	0.00149165	1.750000	2.44586e-06	
2.000000	0.00107307	2.000000	0.00147285	2.000000	0.00137197	2.000000	0.00137197	2.000000	0.00137197	2.000000	0.00147067	2.000000	2.18358e-06	
2.250000	0.00106607	2.250000	0.00144965	2.250000	0.00136799	2.250000	0.00136799	2.250000	0.00136799	2.250000	0.00144767	2.250000	1.97502e-06	
2.500000	0.00149254	2.500000	0.0014221 	2.500000	0.00135961	2.500000	0.00135961	2.500000	0.00135961	2.500000	0.0014203 	2.500000	1.80494e-06	
3.000000	0.00143837	3.000000	0.00136851	3.000000	0.00133473	3.000000	0.00133473	3.000000	0.00133473	3.000000	0.00136697	3.000000	1.54367e-06	
3.500000	0.00138172	3.500000	0.00131901	3.500000	0.00130406	3.500000	0.00130406	3.500000	0.00130406	3.500000	0.00131766	3.500000	1.3518e-06	
4.000000	0.00132635	4.000000	0.0012733 	4.000000	0.00126926	4.000000	0.00126926	4.000000	0.00126926	4.000000	0.0012721 	4.000000	1.20455e-06	
4.500000	0.00127375	4.500000	0.00123108	4.500000	0.00123079	4.500000	0.00123079	4.500000	0.00123079	4.500000	0.00123   	4.500000	1.08774e-06	
5.000000	0.00122445	5.000000	0.00119149	5.000000	0.00119444	5.000000	0.00119444	5.000000	0.00119444	5.000000	0.0011905 	5.000000	9.92681e-07	
5.500000	0.00117853	5.500000	0.00115435	5.500000	0.00116011	5.500000	0.00116011	5.500000	0.00116011	5.500000	0.00115344	5.500000	9.13714e-07	
6.000000	0.00113583	6.000000	0.00111947	6.000000	0.00112769	6.000000	0.00112769	6.000000	0.00112769	6.000000	0.00111862	6.000000	8.47008e-07	
6.500000	0.00109617	6.500000	0.00108667	6.500000	0.00109705	6.500000	0.00109705	6.500000	0.00109705	6.500000	0.00108588	6.500000	7.89867e-07	
7.000000	0.00105929	7.000000	0.00105516	7.000000	0.00106806	7.000000	0.00106806	7.000000	0.00106806	7.000000	0.00105442	7.000000	7.40337e-07	
7.500000	0.00102494	7.500000	0.00102569	7.500000	0.0010406 	7.500000	0.0010406 	7.500000	0.00104061	7.500000	0.00102499	7.500000	6.96967e-07	
8.000000	0.000992915	8.000000	0.000998134	8.000000	0.00101457	8.000000	0.00101457	8.000000	0.00101457	8.000000	0.000997475	8.000000	6.58656e-07	
8.500000	0.000962989	8.500000	0.000972249	8.500000	0.000989857	8.500000	0.000989857	8.500000	0.000989858	8.500000	0.000971624	8.500000	6.24553e-07	
9.000000	0.000934974	9.000000	0.00094782	9.000000	0.000966363	9.000000	0.000966363	9.000000	0.000966364	9.000000	0.000947227	9.000000	5.93988e-07	
9.500000	0.000908699	9.500000	0.000924599	9.500000	0.000944002	9.500000	0.000944002	9.500000	0.000944002	9.500000	0.000924033	9.500000	5.66429e-07	
10.000000	0.000884009	10.000000	0.000864951	10.000000	0.000922693	10.000000	0.000922693	10.000000	0.000922694	10.000000	0.000864409	10.000000	5.41445e-07	
11.000000	0.000838847	11.000000	0.000836759	11.000000	0.000875647	11.000000	0.000884433	11.000000	0.000889997	11.000000	0.000836261	11.000000	4.97861e-07	
12.000000	0.000798551	12.000000	0.000809883	12.000000	0.00083356	12.000000	0.000849622	12.000000	0.000859131	12.000000	0.000809422	12.000000	4.61091e-07	
13.000000	0.000762368	13.000000	0.000784404	13.000000	0.000795705	13.000000	0.000817842	13.000000	0.000830096	13.000000	0.000783975	13.000000	4.29629e-07	
14.000000	0.000729691	14.000000	0.000760321	14.000000	0.000761509	14.000000	0.000788735	14.000000	0.000802832	14.000000	0.000759918	14.000000	4.02386e-07	
15.000000	0.000700025	15.000000	0.000737587	15.000000	0.000730513	15.000000	0.000761993	15.000000	0.000777252	15.000000	0.000737209	15.000000	3.78553e-07	
16.000000	0.000672964	16.000000	0.000716136	16.000000	0.000702294	16.000000	0.000737353	16.000000	0.000753262	16.000000	0.000715779	16.000000	3.57519e-07	
17.000000	0.000648171	17.000000	0.000695891	17.000000	0.000676506	17.000000	0.00071459	17.000000	0.000730764	17.000000	0.000695552	17.000000	3.38809e-07	
18.000000	0.000625367	18.000000	0.000676773	18.000000	0.000652874	18.000000	0.000693509	18.000000	0.000709619	18.000000	0.000676451	18.000000	3.22052e-07	
19.000000	0.000604315	19.000000	0.000658705	19.000000	0.000631169	19.000000	0.000673941	19.000000	0.000689775	19.000000	0.000658398	19.000000	3.06954e-07	
20.000000	0.000584816	20.000000	0.000641611	20.000000	0.000611191	20.000000	0.00065574	20.000000	0.000671151	20.000000	0.000641317	20.000000	2.93275e-07	
21.000000	0.0005667 	21.000000	0.000625422	21.000000	0.000592756	21.000000	0.000638778	21.000000	0.000653594	21.000000	0.000625141	21.000000	2.80822e-07	
22.000000	0.00054982	22.000000	0.000610072	22.000000	0.000575695	22.000000	0.000622942	22.000000	0.000637107	22.000000	0.000609803	22.000000	2.69433e-07	
23.000000	0.000534052	23.000000	0.000595503	23.000000	0.000559879	23.000000	0.000608134	23.000000	0.000621563	23.000000	0.000595244	23.000000	2.58976e-07	
24.000000	0.000519285	24.000000	0.000581657	24.000000	0.000545201	24.000000	0.000594265	24.000000	0.000606927	24.000000	0.000581408	24.000000	2.49339e-07	
25.000000	0.000505424	25.000000	0.000568486	25.000000	0.000531561	25.000000	0.000581259	25.000000	0.000593121	25.000000	0.000568245	25.000000	2.40428e-07	
27.000000	0.0004801 	27.000000	0.000543981	27.000000	0.000507029	27.000000	0.000557562	27.000000	0.000567799	27.000000	0.000543756	27.000000	2.24474e-07	
29.000000	0.000457525	29.000000	0.00052166	29.000000	0.000485663	29.000000	0.000536572	29.000000	0.000545202	29.000000	0.000521449	29.000000	2.10596e-07	
31.000000	0.000437263	31.000000	0.000501247	31.000000	0.000467571	31.000000	0.000516075	31.000000	0.000522298	31.000000	0.000501049	31.000000	1.98409e-07	
33.000000	0.000418966	33.000000	0.00048251	33.000000	0.000451638	33.000000	0.000495707	33.000000	0.000499261	33.000000	0.000482323	33.000000	1.87617e-07	
35.000000	0.000402356	35.000000	0.000465252	35.000000	0.00043685	35.000000	0.000477035	35.000000	0.000478528	35.000000	0.000465074	35.000000	1.7799e-07	
38.000000	0.000380112	38.000000	0.000441776	38.000000	0.000416621	38.000000	0.000451766	38.000000	0.00045101	38.000000	0.000441611	38.000000	1.65347e-07	
41.000000	0.000360545	41.000000	0.000420786	41.000000	0.000398373	41.000000	0.000429293	41.000000	0.000427015	41.000000	0.000420631	41.000000	1.54454e-07	
44.000000	0.000343187	44.000000	0.000401906	44.000000	0.000381855	44.000000	0.000409172	44.000000	0.000405873	44.000000	0.000401761	44.000000	1.44968e-07	
47.000000	0.000327676	47.000000	0.000384833	47.000000	0.000366806	47.000000	0.000391052	47.000000	0.000387089	47.000000	0.000384696	47.000000	1.36628e-07	
50.000000	0.000313724	50.000000	0.000369319	50.000000	0.000353044	50.000000	0.000374646	50.000000	0.000370272	50.000000	0.00036919	50.000000	1.29235e-07	
55.000000	0.000293333	55.000000	0.000346387	55.000000	0.000332595	55.000000	0.000350498	55.000000	0.000345786	55.000000	0.000346268	55.000000	1.18614e-07	
60.000000	0.000275839	60.000000	0.000326482	60.000000	0.000314675	60.000000	0.000329637	60.000000	0.000324889	60.000000	0.000326372	60.000000	1.09673e-07	
65.000000	0.000260653	65.000000	0.00030904	65.000000	0.0002989 	65.000000	0.000311432	65.000000	0.000306823	65.000000	0.000308938	65.000000	1.02038e-07	
70.000000	0.000247335	70.000000	0.000293631	70.000000	0.000284887	70.000000	0.000295408	70.000000	0.000291019	70.000000	0.000293535	70.000000	9.54387e-08	
75.000000	0.000235554	75.000000	0.000279918	75.000000	0.000272334	75.000000	0.000281196	75.000000	0.000277394	75.000000	0.000279828	75.000000	8.96747e-08	
80.000000	0.000225052	80.000000	0.000267636	80.000000	0.000261067	80.000000	0.000268504	80.000000	0.000265244	80.000000	0.000267552	80.000000	8.4595e-08	
85.000000	0.000215626	85.000000	0.000256572	85.000000	0.000250842	85.000000	0.000257102	85.000000	0.000254332	85.000000	0.000256492	85.000000	8.00829e-08	
90.000000	0.000207115	90.000000	0.000246554	90.000000	0.000241577	90.000000	0.000246803	90.000000	0.00024448	90.000000	0.000246478	90.000000	7.60472e-08	
95.000000	0.000199389	95.000000	0.00023744	95.000000	0.000233115	95.000000	0.000237455	95.000000	0.000235552	95.000000	0.000237367	95.000000	7.2415e-08	
100.000000	0.000192341	100.000000	0.000229112	100.000000	0.000225355	100.000000	0.000228934	100.000000	0.000227412	100.000000	0.000229043	100.000000	6.91281e-08	
105.000000	0.000185884	105.000000	0.000221475	105.000000	0.000218236	105.000000	0.000221133	105.000000	0.000219955	105.000000	0.000221409	105.000000	6.61386e-08	
110.000000	0.000179945	110.000000	0.000214445	110.000000	0.000211664	110.000000	0.000213966	110.000000	0.000213118	110.000000	0.000214382	110.000000	6.34075e-08	
115.000000	0.000174462	115.000000	0.000207953	115.000000	0.000205574	115.000000	0.00020736	115.000000	0.000206796	115.000000	0.000207892	115.000000	6.09022e-08	
120.000000	0.000169383	120.000000	0.00020194	120.000000	0.000199916	120.000000	0.00020125	120.000000	0.000200964	120.000000	0.000201881	120.000000	5.85954e-08	
125.000000	0.000164665	125.000000	0.000196354	125.000000	0.000194649	125.000000	0.000195584	125.000000	0.00019554	125.000000	0.000196298	125.000000	5.64641e-08	
130.000000	0.000160268	130.000000	0.000191153	130.000000	0.000189746	130.000000	0.000190315	130.000000	0.000190506	130.000000	0.000191098	130.000000	5.44887e-08	
135.000000	0.00015616	135.000000	0.000186297	135.000000	0.000185173	135.000000	0.000185404	135.000000	0.000185802	135.000000	0.000186244	135.000000	5.26525e-08	
140.000000	0.000152314	140.000000	0.000181754	140.000000	0.000180869	140.000000	0.000180814	140.000000	0.000181418	140.000000	0.000181703	140.000000	5.09411e-08	
145.000000	0.000148704	145.000000	0.000177494	145.000000	0.000176825	145.000000	0.000176516	145.000000	0.000177293	145.000000	0.000177445	145.000000	4.9342e-08	
150.000000	0.000145308	150.000000	0.000173492	150.000000	0.000173042	150.000000	0.000172484	150.000000	0.000173432	150.000000	0.000173444	150.000000	4.78443e-08	
155.000000	0.000140448	155.000000	0.000169726	155.000000	0.00016946	155.000000	0.000168693	155.000000	0.000169793	155.000000	0.000169679	155.000000	4.64386e-08	
160.000000	0.00013764	160.000000	0.000166174	160.000000	0.000166076	160.000000	0.000165122	160.000000	0.000166364	160.000000	0.000166129	160.000000	4.51166e-08	
165.000000	0.000134985	165.000000	0.000162821	165.000000	0.000162895	165.000000	0.000161753	165.000000	0.000163133	165.000000	0.000162777	165.000000	4.38707e-08	
170.000000	0.000132473	170.000000	0.000159648	170.000000	0.000159871	170.000000	0.00015857	170.000000	0.000160066	170.000000	0.000159606	170.000000	4.26947e-08	
175.000000	0.000130091	175.000000	0.000156643	175.000000	0.000156995	175.000000	0.000155558	175.000000	0.000157168	175.000000	0.000156602	175.000000	4.15826e-08	
180.000000	0.000127829	180.000000	0.000153793	180.000000	0.000154279	180.000000	0.000152703	180.000000	0.00015442	180.000000	0.000153752	180.000000	4.05294e-08	
185.000000	0.000125679	185.000000	0.000151085	185.000000	0.000151701	185.000000	0.000149994	185.000000	0.000151805	185.000000	0.000151046	185.000000	3.95304e-08	
190.000000	0.000123633	190.000000	0.00014851	190.000000	0.000149241	190.000000	0.00014742	190.000000	0.000149323	190.000000	0.000148472	190.000000	3.85815e-08	
195.000000	0.000121683	195.000000	0.000146059	195.000000	0.000146892	195.000000	0.000144971	195.000000	0.000146963	195.000000	0.000146021	195.000000	3.76789e-08	
200.000000	0.000119821	200.000000	0.000143722	200.000000	0.00014465	200.000000	0.000142639	200.000000	0.000144707	200.000000	0.000143685	200.000000	3.68193e-08	
210.000000	0.000116344	210.000000	0.000139361	210.000000	0.000140468	210.000000	0.000138292	210.000000	0.000140509	210.000000	0.000139326	210.000000	3.52172e-08	
220.000000	0.000113157	220.000000	0.000135374	220.000000	0.000136646	220.000000	0.000134323	220.000000	0.00013666	220.000000	0.00013534	220.000000	3.3754e-08	
230.000000	0.000110227	230.000000	0.000131715	230.000000	0.000133141	230.000000	0.000130687	230.000000	0.000133136	230.000000	0.000131682	230.000000	3.24122e-08	
240.000000	0.000107523	240.000000	0.000128346	240.000000	0.000129904	240.000000	0.000127343	240.000000	0.000129885	240.000000	0.000128314	240.000000	3.11771e-08	
250.000000	0.000105019	250.000000	0.000125233	250.000000	0.000126913	250.000000	0.000124259	250.000000	0.000126885	250.000000	0.000125203	250.000000	3.00362e-08	
260.000000	0.000102695	260.000000	0.000122351	260.000000	0.000124138	260.000000	0.000121405	260.000000	0.000124103	260.000000	0.000122322	260.000000	2.89792e-08	
270.000000	0.000100532	270.000000	0.000119673	270.000000	0.000121555	270.000000	0.000118758	270.000000	0.000121522	270.000000	0.000119645	270.000000	2.79968e-08	
280.000000	9.85132e-05	280.000000	0.00011718	280.000000	0.000119152	280.000000	0.000116296	280.000000	0.000119114	280.000000	0.000117152	280.000000	2.70814e-08	
290.000000	9.6625e-05	290.000000	0.000114853	290.000000	0.000116911	290.000000	0.000114001	290.000000	0.000116874	290.000000	0.000114826	290.000000	2.62263e-08	
300.000000	9.48551e-05	300.000000	0.000112676	300.000000	0.000114816	300.000000	0.000111857	300.000000	0.000114771	300.000000	0.000112651	300.000000	2.54257e-08	
310.000000	9.3193e-05	310.000000	0.000110637	310.000000	0.000112852	310.000000	0.000109851	310.000000	0.000112806	310.000000	0.000110612	310.000000	2.46743e-08	
320.000000	9.16291e-05	320.000000	0.000108721	320.000000	0.000111002	320.000000	0.000107968	320.000000	0.000110958	320.000000	0.000108697	320.000000	2.39678e-08	
330.000000	9.01551e-05	330.000000	0.00010692	330.000000	0.000109263	330.000000	0.0001062 	330.000000	0.00010922	330.000000	0.000106897	330.000000	2.33022e-08	
340.000000	8.87635e-05	340.000000	0.000105223	340.000000	0.000107626	340.000000	0.000104535	340.000000	0.000107586	340.000000	0.0001052 	340.000000	2.2674e-08	
350.000000	8.74477e-05	350.000000	0.000103621	350.000000	0.000106081	350.000000	0.000102966	350.000000	0.00010604	350.000000	0.000103599	350.000000	2.208e-08 	
360.000000	8.62019e-05	360.000000	0.000102108	360.000000	0.000104623	360.000000	0.000101485	360.000000	0.00010458	360.000000	0.000102086	360.000000	2.15176e-08	
370.000000	8.50207e-05	370.000000	0.000100676	370.000000	0.000103244	370.000000	0.000100085	370.000000	0.000103202	370.000000	0.000100655	370.000000	2.09842e-08	
380.000000	8.38992e-05	380.000000	9.93186e-05	380.000000	0.000101934	380.000000	9.87594e-05	380.000000	0.000101891	380.000000	9.92981e-05	380.000000	2.04777e-08	
390.000000	8.28333e-05	390.000000	9.8031e-05	390.000000	0.000100689	390.000000	9.75031e-05	390.000000	0.00010065	390.000000	9.8011e-05	390.000000	1.9996e-08	
400.000000	8.1819e-05	400.000000	9.68079e-05	400.000000	9.95075e-05	400.000000	9.63108e-05	400.000000	9.94737e-05	400.000000	9.67884e-05	400.000000	1.95373e-08	
410.000000	8.08528e-05	410.000000	9.56449e-05	410.000000	9.83853e-05	410.000000	9.51781e-05	410.000000	9.83509e-05	410.000000	9.56258e-05	410.000000	1.90999e-08	
420.000000	7.99313e-05	420.000000	9.45377e-05	420.000000	9.73175e-05	420.000000	9.41008e-05	420.000000	9.72837e-05	420.000000	9.4519e-05	420.000000	1.86825e-08	
430.000000	7.90518e-05	430.000000	9.34827e-05	430.000000	9.63003e-05	430.000000	9.30752e-05	430.000000	9.62689e-05	430.000000	9.34644e-05	430.000000	1.82836e-08	
440.000000	7.82115e-05	440.000000	9.24764e-05	440.000000	9.53305e-05	440.000000	9.20978e-05	440.000000	9.52996e-05	440.000000	9.24585e-05	440.000000	1.79021e-08	
450.000000	7.7408e-05	450.000000	9.15157e-05	450.000000	9.44055e-05	450.000000	9.11655e-05	450.000000	9.43733e-05	450.000000	9.14981e-05	450.000000	1.75368e-08	
460.000000	7.6639e-05	460.000000	9.05977e-05	460.000000	9.35228e-05	460.000000	9.02755e-05	460.000000	9.34899e-05	460.000000	9.05805e-05	460.000000	1.71866e-08	
470.000000	7.59025e-05	470.000000	8.97198e-05	470.000000	9.26788e-05	470.000000	8.9425e-05	470.000000	9.2647e-05	470.000000	8.9703e-05	470.000000	1.68507e-08	
480.000000	7.51965e-05	480.000000	8.88796e-05	480.000000	9.1869e-05	480.000000	8.86117e-05	480.000000	9.18373e-05	480.000000	8.88631e-05	480.000000	1.65282e-08	
490.000000	7.45193e-05	490.000000	8.80749e-05	490.000000	9.10916e-05	490.000000	8.78333e-05	490.000000	9.10625e-05	490.000000	8.80587e-05	490.000000	1.62183e-08	
500.000000	7.38692e-05	500.000000	8.73036e-05	500.000000	9.03474e-05	500.000000	8.70878e-05	500.000000	9.03212e-05	500.000000	8.72876e-05	500.000000	1.59202e-08	
520.000000	7.26448e-05	520.000000	8.58537e-05	520.000000	8.89559e-05	520.000000	8.56881e-05	520.000000	8.89275e-05	520.000000	8.58383e-05	520.000000	1.5357e-08	
540.000000	7.15124e-05	540.000000	8.45164e-05	540.000000	8.76708e-05	540.000000	8.43988e-05	540.000000	8.76416e-05	540.000000	8.45015e-05	540.000000	1.48337e-08	
560.000000	7.04627e-05	560.000000	8.328e-05 	560.000000	8.648e-05 	560.000000	8.32084e-05	560.000000	8.64546e-05	560.000000	8.32656e-05	560.000000	1.43462e-08	
580.000000	6.94878e-05	580.000000	8.21344e-05	580.000000	8.53788e-05	580.000000	8.21068e-05	580.000000	8.5353e-05	580.000000	8.21205e-05	580.000000	1.38908e-08	
600.000000	6.85805e-05	600.000000	8.10708e-05	600.000000	8.43531e-05	600.000000	8.10851e-05	600.000000	8.43333e-05	600.000000	8.10574e-05	600.000000	1.34646e-08	
620.000000	6.77348e-05	620.000000	8.00816e-05	620.000000	8.33978e-05	620.000000	8.01358e-05	620.000000	8.33816e-05	620.000000	8.00685e-05	620.000000	1.30647e-08	
640.000000	6.69452e-05	640.000000	7.91599e-05	640.000000	8.25119e-05	640.000000	7.9252e-05	640.000000	8.24971e-05	640.000000	7.91472e-05	640.000000	1.26887e-08	
660.000000	6.62068e-05	660.000000	7.82997e-05	660.000000	8.16876e-05	660.000000	7.84279e-05	660.000000	8.16715e-05	660.000000	7.82874e-05	660.000000	1.23345e-08	
680.000000	6.55156e-05	680.000000	7.74959e-05	680.000000	8.09171e-05	680.000000	7.76582e-05	680.000000	8.08986e-05	680.000000	7.74839e-05	680.000000	1.20003e-08	
700.000000	6.48675e-05	700.000000	7.67437e-05	700.000000	8.01942e-05	700.000000	7.69383e-05	700.000000	8.0177e-05	700.000000	7.6732e-05	700.000000	1.16844e-08	
720.000000	6.42594e-05	720.000000	7.60389e-05	720.000000	7.95147e-05	720.000000	7.62639e-05	720.000000	7.94992e-05	720.000000	7.60275e-05	720.000000	1.13853e-08	
740.000000	6.3688e-05	740.000000	7.53777e-05	740.000000	7.88766e-05	740.000000	7.56314e-05	740.000000	7.8863e-05	740.000000	7.53666e-05	740.000000	1.11016e-08	
760.000000	6.31508e-05	760.000000	7.47569e-05	760.000000	7.82775e-05	760.000000	7.50375e-05	760.000000	7.82666e-05	760.000000	7.47461e-05	760.000000	1.08323e-08	
780.000000	6.26452e-05	780.000000	7.41734e-05	780.000000	7.77144e-05	780.000000	7.44792e-05	780.000000	7.77043e-05	780.000000	7.41629e-05	780.000000	1.05763e-08	
800.000000	6.2169e-05	800.000000	7.36245e-05	800.000000	7.71842e-05	800.000000	7.39538e-05	800.000000	7.71746e-05	800.000000	7.36142e-05	800.000000	1.03324e-08	
820.000000	6.17202e-05	820.000000	7.31077e-05	820.000000	7.66845e-05	820.000000	7.34588e-05	820.000000	7.66765e-05	820.000000	7.30976e-05	820.000000	1.01e-08  	
840.000000	6.1297e-05	840.000000	7.26208e-05	840.000000	7.62132e-05	840.000000	7.2992e-05	840.000000	7.6206e-05	840.000000	7.26109e-05	840.000000	9.87821e-09	
860.000000	6.08976e-05	860.000000	7.21617e-05	860.000000	7.57683e-05	860.000000	7.25515e-05	860.000000	7.57609e-05	860.000000	7.21521e-05	860.000000	9.66629e-09	
880.000000	6.05205e-05	880.000000	7.17287e-05	880.000000	7.5348e-05	880.000000	7.21354e-05	880.000000	7.53411e-05	880.000000	7.17192e-05	880.000000	9.4636e-09	
900.000000	6.01645e-05	900.000000	7.13199e-05	900.000000	7.49504e-05	900.000000	7.1742e-05	900.000000	7.49449e-05	900.000000	7.13106e-05	900.000000	9.26955e-09	
920.000000	5.9828e-05	920.000000	7.09338e-05	920.000000	7.45741e-05	920.000000	7.13699e-05	920.000000	7.4568e-05	920.000000	7.09247e-05	920.000000	9.08358e-09	
940.000000	5.95101e-05	940.000000	7.05691e-05	940.000000	7.42179e-05	940.000000	7.10177e-05	940.000000	7.42115e-05	940.000000	7.05602e-05	940.000000	8.90521e-09	
960.000000	5.92096e-05	960.000000	7.02245e-05	960.000000	7.38807e-05	960.000000	7.0684e-05	960.000000	7.38744e-05	960.000000	7.02157e-05	960.000000	8.73395e-09	
980.000000	5.89255e-05	980.000000	6.98986e-05	980.000000	7.35612e-05	980.000000	7.03677e-05	980.000000	7.3555e-05	980.000000	6.989e-05 	980.000000	8.5694e-09	
1000.000000	5.86569e-05	1000.000000	6.95905e-05	1000.000000	7.32579e-05	1000.000000	7.00678e-05	1000.000000	7.32504e-05	1000.000000	6.95821e-05	1000.000000	8.41116e-09	
1020.000000	5.84029e-05	1020.000000	6.92991e-05	1020.000000	7.29694e-05	1020.000000	6.97831e-05	1020.000000	7.29616e-05	1020.000000	6.92908e-05	1020.000000	8.25887e-09	
1040.000000	5.81628e-05	1040.000000	6.90234e-05	1040.000000	7.26947e-05	1040.000000	6.95129e-05	1040.000000	7.2688e-05	1040.000000	6.90153e-05	1040.000000	8.11219e-09	
1060.000000	5.79358e-05	1060.000000	6.87627e-05	1060.000000	7.24329e-05	1060.000000	6.92563e-05	1060.000000	7.24284e-05	1060.000000	6.87547e-05	1060.000000	7.97082e-09	
1080.000000	5.77212e-05	1080.000000	6.8516e-05	1080.000000	7.2184e-05	1080.000000	6.90124e-05	1080.000000	7.21801e-05	1080.000000	6.85082e-05	1080.000000	7.83448e-09	
1100.000000	5.75184e-05	1100.000000	6.82827e-05	1100.000000	7.19475e-05	1100.000000	6.87806e-05	1100.000000	7.19443e-05	1100.000000	6.8275e-05	1100.000000	7.70289e-09	
1120.000000	5.73268e-05	1120.000000	6.8062e-05	1120.000000	7.17233e-05	1120.000000	6.85601e-05	1120.000000	7.17205e-05	1120.000000	6.80544e-05	1120.000000	7.57581e-09	
1140.000000	5.71459e-05	1140.000000	6.78532e-05	1140.000000	7.15106e-05	1140.000000	6.83504e-05	1140.000000	7.15079e-05	1140.000000	6.78458e-05	1140.000000	7.453e-09 	
1160.000000	5.69751e-05	1160.000000	6.76558e-05	1160.000000	7.13084e-05	1160.000000	6.81509e-05	1160.000000	7.13049e-05	1160.000000	6.76485e-05	1160.000000	7.33426e-09	
1180.000000	5.6814e-05	1180.000000	6.74693e-05	1180.000000	7.1116e-05	1180.000000	6.79609e-05	1180.000000	7.11112e-05	1180.000000	6.74621e-05	1180.000000	7.21937e-09	
1200.000000	5.66621e-05	1200.000000	6.7293e-05	1200.000000	7.09324e-05	1200.000000	6.77801e-05	1200.000000	7.0927e-05	1200.000000	6.72859e-05	1200.000000	7.10817e-09	
1220.000000	5.6519e-05	1220.000000	6.71265e-05	1220.000000	7.07571e-05	1220.000000	6.76079e-05	1220.000000	7.07518e-05	1220.000000	6.71195e-05	1220.000000	7.00045e-09	
1240.000000	5.63843e-05	1240.000000	6.69693e-05	1240.000000	7.05896e-05	1240.000000	6.74439e-05	1240.000000	7.05853e-05	1240.000000	6.69624e-05	1240.000000	6.89608e-09	
1260.000000	5.62576e-05	1260.000000	6.68209e-05	1260.000000	7.04297e-05	1260.000000	6.72876e-05	1260.000000	7.04257e-05	1260.000000	6.68141e-05	1260.000000	6.79488e-09	
1280.000000	5.61386e-05	1280.000000	6.66811e-05	1280.000000	7.02771e-05	1280.000000	6.71387e-05	1280.000000	7.02735e-05	1280.000000	6.66744e-05	1280.000000	6.69671e-09	
1300.000000	5.6027e-05	1300.000000	6.65493e-05	1300.000000	7.01316e-05	1300.000000	6.69969e-05	1300.000000	7.01286e-05	1300.000000	6.65427e-05	1300.000000	6.60145e-09	
1320.000000	5.59223e-05	1320.000000	6.64252e-05	1320.000000	6.99928e-05	1320.000000	6.68617e-05	1320.000000	6.99907e-05	1320.000000	6.64187e-05	1320.000000	6.50895e-09	
1340.000000	5.58245e-05	1340.000000	6.63086e-05	1340.000000	6.98606e-05	1340.000000	6.67328e-05	1340.000000	6.98595e-05	1340.000000	6.63021e-05	1340.000000	6.41911e-09	
1360.000000	5.57331e-05	1360.000000	6.6199e-05	1360.000000	6.97346e-05	1360.000000	6.661e-05 	1360.000000	6.9734e-05	1360.000000	6.61926e-05	1360.000000	6.3318e-09	
1380.000000	5.56479e-05	1380.000000	6.60961e-05	1380.000000	6.96145e-05	1380.000000	6.64929e-05	1380.000000	6.96139e-05	1380.000000	6.60899e-05	1380.000000	6.24692e-09	
1400.000000	5.55686e-05	1400.000000	6.59997e-05	1400.000000	6.95e-05  	1400.000000	6.63814e-05	1400.000000	6.94995e-05	1400.000000	6.59936e-05	1400.000000	6.16436e-09	
1420.000000	5.54951e-05	1420.000000	6.59096e-05	1420.000000	6.93909e-05	1420.000000	6.6275e-05	1420.000000	6.93907e-05	1420.000000	6.59035e-05	1420.000000	6.08404e-09	
1440.000000	5.54271e-05	1440.000000	6.58253e-05	1440.000000	6.9287e-05	1440.000000	6.61737e-05	1440.000000	6.92871e-05	1440.000000	6.58193e-05	1440.000000	6.00586e-09	
1460.000000	5.53644e-05	1460.000000	6.57468e-05	1460.000000	6.91879e-05	1460.000000	6.60772e-05	1460.000000	6.91885e-05	1460.000000	6.57409e-05	1460.000000	5.92974e-09	
1480.000000	5.53068e-05	1480.000000	6.56738e-05	1480.000000	6.90935e-05	1480.000000	6.59852e-05	1480.000000	6.90939e-05	1480.000000	6.5668e-05	1480.000000	5.85559e-09	
1500.000000	5.52542e-05	1500.000000	6.5606e-05	1500.000000	6.90035e-05	1500.000000	6.58975e-05	1500.000000	6.90036e-05	1500.000000	6.56003e-05	1500.000000	5.78334e-09	
1520.000000	5.52062e-05	1520.000000	6.55433e-05	1520.000000	6.89177e-05	1520.000000	6.5814e-05	1520.000000	6.89177e-05	1520.000000	6.55376e-05	1520.000000	5.71291e-09	
1540.000000	5.51629e-05	1540.000000	6.54855e-05	1540.000000	6.88359e-05	1540.000000	6.57345e-05	1540.000000	6.8836e-05	1540.000000	6.54799e-05	1540.000000	5.64424e-09	
1560.000000	5.51239e-05	1560.000000	6.54323e-05	1560.000000	6.8758e-05	1560.000000	6.56588e-05	1560.000000	6.87583e-05	1560.000000	6.54268e-05	1560.000000	5.57726e-09	
1580.000000	5.50892e-05	1580.000000	6.53837e-05	1580.000000	6.86838e-05	1580.000000	6.55868e-05	1580.000000	6.86845e-05	1580.000000	6.53782e-05	1580.000000	5.51191e-09	
1600.000000	5.50586e-05	1600.000000	6.53394e-05	1600.000000	6.8613e-05	1600.000000	6.55183e-05	1600.000000	6.86138e-05	1600.000000	6.53339e-05	1600.000000	5.44813e-09	
1620.000000	5.5032e-05	1620.000000	6.52992e-05	1620.000000	6.85456e-05	1620.000000	6.54531e-05	1620.000000	6.85462e-05	1620.000000	6.52939e-05	1620.000000	5.38585e-09	
1640.000000	5.50092e-05	1640.000000	6.52631e-05	1640.000000	6.84815e-05	1640.000000	6.53911e-05	1640.000000	6.84821e-05	1640.000000	6.52578e-05	1640.000000	5.32504e-09	
1660.000000	5.49901e-05	1660.000000	6.52309e-05	1660.000000	6.84204e-05	1660.000000	6.53323e-05	1660.000000	6.84211e-05	1660.000000	6.52256e-05	1660.000000	5.26564e-09	
1680.000000	5.49746e-05	1680.000000	6.52024e-05	1680.000000	6.83623e-05	1680.000000	6.52763e-05	1680.000000	6.83634e-05	1680.000000	6.51972e-05	1680.000000	5.20759e-09	
1700.000000	5.49625e-05	1700.000000	6.51776e-05	1700.000000	6.83071e-05	1700.000000	6.52233e-05	1700.000000	6.83086e-05	1700.000000	6.51724e-05	1700.000000	5.15085e-09	
1750.000000	5.49469e-05	1750.000000	6.51304e-05	1750.000000	6.81809e-05	1750.000000	6.51022e-05	1750.000000	6.81829e-05	1750.000000	6.51254e-05	1750.000000	5.01446e-09	
1800.000000	5.49508e-05	1800.000000	6.51033e-05	1800.000000	6.80706e-05	1800.000000	6.49966e-05	1800.000000	6.80726e-05	1800.000000	6.50984e-05	1800.000000	4.88536e-09	
1850.000000	5.49726e-05	1850.000000	6.50946e-05	1850.000000	6.79745e-05	1850.000000	6.4905e-05	1850.000000	6.79771e-05	1850.000000	6.50899e-05	1850.000000	4.76296e-09	
1900.000000	5.50112e-05	1900.000000	6.51029e-05	1900.000000	6.78916e-05	1900.000000	6.4826e-05	1900.000000	6.78939e-05	1900.000000	6.50983e-05	1900.000000	4.64675e-09	
1950.000000	5.50653e-05	1950.000000	6.51268e-05	1950.000000	6.78204e-05	1950.000000	6.47586e-05	1950.000000	6.78224e-05	1950.000000	6.51223e-05	1950.000000	4.53627e-09	
2000.000000	5.5134e-05	2000.000000	6.51653e-05	2000.000000	6.776e-05 	2000.000000	6.47017e-05	2000.000000	6.77621e-05	2000.000000	6.51609e-05	2000.000000	4.4311e-09	
2100.000000	5.53112e-05	2100.000000	6.52816e-05	2100.000000	6.76678e-05	2100.000000	6.46158e-05	2100.000000	6.7669e-05	2100.000000	6.52773e-05	2100.000000	4.23522e-09	
2200.000000	5.55362e-05	2200.000000	6.54444e-05	2200.000000	6.76084e-05	2200.000000	6.45621e-05	2200.000000	6.76094e-05	2200.000000	6.54403e-05	2200.000000	4.05647e-09	
2300.000000	5.58035e-05	2300.000000	6.56477e-05	2300.000000	6.75763e-05	2300.000000	6.45353e-05	2300.000000	6.75762e-05	2300.000000	6.56438e-05	2300.000000	3.89267e-09	
2400.000000	5.61084e-05	2400.000000	6.58863e-05	2400.000000	6.7567e-05	2400.000000	6.45312e-05	2400.000000	6.75671e-05	2400.000000	6.58826e-05	2400.000000	3.74202e-09	
2500.000000	5.64471e-05	2500.000000	6.61561e-05	2500.000000	6.75771e-05	2500.000000	6.45465e-05	2500.000000	6.75769e-05	2500.000000	6.61525e-05	2500.000000	3.60296e-09	
2600.000000	5.68163e-05	2600.000000	6.64534e-05	2600.000000	6.76036e-05	2600.000000	6.4578e-05	2600.000000	6.7604e-05	2600.000000	6.64499e-05	2600.000000	3.4742e-09	
2700.000000	5.7213e-05	2700.000000	6.67751e-05	2700.000000	6.76443e-05	2700.000000	6.46235e-05	2700.000000	6.76448e-05	2700.000000	6.67717e-05	2700.000000	3.35463e-09	
2800.000000	5.76349e-05	2800.000000	6.71186e-05	2800.000000	6.76969e-05	2800.000000	6.46808e-05	2800.000000	6.76983e-05	2800.000000	6.71153e-05	2800.000000	3.24327e-09	
2900.000000	5.80798e-05	2900.000000	6.74815e-05	2900.000000	6.77599e-05	2900.000000	6.47482e-05	2900.000000	6.77614e-05	2900.000000	6.74783e-05	2900.000000	3.13931e-09	
3000.000000	5.85458e-05	3000.000000	6.78619e-05	3000.000000	6.78318e-05	3000.000000	6.48242e-05	3000.000000	6.7834e-05	3000.000000	6.78588e-05	3000.000000	3.04202e-09	
3200.000000	5.9535e-05	3200.000000	6.86684e-05	3200.000000	6.79973e-05	3200.000000	6.49974e-05	3200.000000	6.80002e-05	3200.000000	6.86655e-05	3200.000000	2.86502e-09	
3400.000000	6.05915e-05	3400.000000	6.95267e-05	3400.000000	6.81854e-05	3400.000000	6.51922e-05	3400.000000	6.81888e-05	3400.000000	6.9524e-05	3400.000000	2.70809e-09	
3600.000000	6.1707e-05	3600.000000	7.04278e-05	3600.000000	6.83901e-05	3600.000000	6.54027e-05	3600.000000	6.83938e-05	3600.000000	7.04252e-05	3600.000000	2.56797e-09	
3800.000000	6.28746e-05	3800.000000	7.13647e-05	3800.000000	6.86066e-05	3800.000000	6.56243e-05	3800.000000	6.86101e-05	3800.000000	7.13623e-05	3800.000000	2.44207e-09	
4000.000000	6.40889e-05	4000.000000	7.23318e-05	4000.000000	6.88315e-05	4000.000000	6.58537e-05	4000.000000	6.88346e-05	4000.000000	7.23295e-05	4000.000000	2.32831e-09	
4200.000000	6.53454e-05	4200.000000	7.33245e-05	4200.000000	6.90618e-05	4200.000000	6.60882e-05	4200.000000	6.90648e-05	4200.000000	7.33223e-05	4200.000000	2.225e-09 	
4400.000000	6.66404e-05	4400.000000	7.43391e-05	4400.000000	6.92955e-05	4400.000000	6.6326e-05	4400.000000	6.92979e-05	4400.000000	7.43369e-05	4400.000000	2.13074e-09	
4600.000000	6.79709e-05	4600.000000	7.53724e-05	4600.000000	6.95308e-05	4600.000000	6.65653e-05	4600.000000	6.95333e-05	4600.000000	7.53704e-05	4600.000000	2.04439e-09	
4800.000000	6.93342e-05	4800.000000	7.64221e-05	4800.000000	6.97666e-05	4800.000000	6.68052e-05	4800.000000	6.9769e-05	4800.000000	7.64201e-05	4800.000000	1.96498e-09	
5000.000000	7.07283e-05	5000.000000	7.74858e-05	5000.000000	7.0002e-05	5000.000000	6.70445e-05	5000.000000	7.00046e-05	5000.000000	7.74839e-05	5000.000000	1.89169e-09	
5250.000000	7.25114e-05	5250.000000	7.88326e-05	5250.000000	7.02945e-05	5250.000000	6.7342e-05	5250.000000	7.02974e-05	5250.000000	7.88308e-05	5250.000000	1.80766e-09	
5500.000000	7.43366e-05	5500.000000	8.01956e-05	5500.000000	7.05843e-05	5500.000000	6.76367e-05	5500.000000	7.05874e-05	5500.000000	8.01939e-05	5500.000000	1.731e-09 	
6000.000000	7.81036e-05	6000.000000	8.29614e-05	6000.000000	7.11534e-05	6000.000000	6.82145e-05	6000.000000	7.11564e-05	6000.000000	8.29598e-05	6000.000000	1.59618e-09	
6500.000000	8.20137e-05	6500.000000	8.5768e-05	6500.000000	7.17061e-05	6500.000000	6.87745e-05	6500.000000	7.17078e-05	6500.000000	8.57666e-05	6500.000000	1.48141e-09	
7000.000000	8.60556e-05	7000.000000	8.86051e-05	7000.000000	7.22357e-05	7000.000000	6.93151e-05	7000.000000	7.22398e-05	7000.000000	8.86038e-05	7000.000000	1.38249e-09	
7500.000000	9.02208e-05	7500.000000	9.14651e-05	7500.000000	7.27477e-05	7500.000000	6.98357e-05	7500.000000	7.27519e-05	7500.000000	9.14638e-05	7500.000000	1.29631e-09	
8000.000000	9.4503e-05	8000.000000	9.43422e-05	8000.000000	7.32391e-05	8000.000000	7.03367e-05	8000.000000	7.32442e-05	8000.000000	9.4341e-05	8000.000000	1.22054e-09	
8500.000000	9.88974e-05	8500.000000	9.72323e-05	8500.000000	7.37124e-05	8500.000000	7.08187e-05	8500.000000	7.37172e-05	8500.000000	9.72311e-05	8500.000000	1.15338e-09	
9000.000000	0.0001034 	9000.000000	0.000100132	9000.000000	7.4169e-05	9000.000000	7.12825e-05	9000.000000	7.4172e-05	9000.000000	0.000100131	9000.000000	1.09344e-09	
9500.000000	0.000108008	9500.000000	0.000103039	9500.000000	7.46071e-05	9500.000000	7.1729e-05	9500.000000	7.46093e-05	9500.000000	0.000103038	9500.000000	1.03959e-09	
10000.000000	0.000112719	10000.000000	0.000105952	10000.000000	7.50268e-05	10000.000000	7.21591e-05	10000.000000	7.50299e-05	10000.000000	0.000105951	10000.000000	9.90951e-10	
11000.000000	0.000122443	11000.000000	0.000111787	11000.000000	7.58195e-05	11000.000000	7.29738e-05	11000.000000	7.5825e-05	11000.000000	0.000111786	11000.000000	9.06503e-10	
12000.000000	0.000132561	12000.000000	0.000117628	12000.000000	7.65588e-05	12000.000000	7.37334e-05	12000.000000	7.65641e-05	12000.000000	0.000117627	12000.000000	8.35679e-10	
13000.000000	0.000143064	13000.000000	0.000123471	13000.000000	7.72487e-05	13000.000000	7.44443e-05	13000.000000	7.72532e-05	13000.000000	0.00012347	13000.000000	7.75403e-10	
14000.000000	0.000153948	14000.000000	0.00012931	14000.000000	7.78939e-05	14000.000000	7.51117e-05	14000.000000	7.78978e-05	14000.000000	0.00012931	14000.000000	7.23461e-10	
15000.000000	0.000165209	15000.000000	0.000135145	15000.000000	7.84989e-05	15000.000000	7.57402e-05	15000.000000	7.85025e-05	15000.000000	0.000135144	15000.000000	6.78224e-10	
16000.000000	0.000176846	16000.000000	0.000140972	16000.000000	7.90672e-05	16000.000000	7.6334e-05	16000.000000	7.90714e-05	16000.000000	0.000140971	16000.000000	6.38459e-10	
17000.000000	0.000188856	17000.000000	0.000146791	17000.000000	7.96027e-05	17000.000000	7.68964e-05	17000.000000	7.9608e-05	17000.000000	0.00014679	17000.000000	6.03224e-10	
18000.000000	0.00020124	18000.000000	0.000152601	18000.000000	8.01091e-05	18000.000000	7.74305e-05	18000.000000	8.01154e-05	18000.000000	0.0001526 	18000.000000	5.71778e-10	
19000.000000	0.000213996	19000.000000	0.000158401	19000.000000	8.05899e-05	19000.000000	7.79389e-05	19000.000000	8.05958e-05	19000.000000	0.000158401	19000.000000	5.43536e-10	
20000.000000	0.000227126	20000.000000	0.000164192	20000.000000	8.10478e-05	20000.000000	7.84239e-05	20000.000000	8.1052e-05	20000.000000	0.000164192	20000.000000	5.18028e-10	
21000.000000	0.00024063	21000.000000	0.000169974	21000.000000	8.14836e-05	21000.000000	7.88875e-05	21000.000000	8.1486e-05	21000.000000	0.000169973	21000.000000	4.94872e-10	
22000.000000	0.000254509	22000.000000	0.000175745	22000.000000	8.18964e-05	22000.000000	7.93314e-05	22000.000000	8.18991e-05	22000.000000	0.000175745	22000.000000	4.73754e-10	
23000.000000	0.000268763	23000.000000	0.000181507	23000.000000	8.22914e-05	23000.000000	7.97572e-05	23000.000000	8.22938e-05	23000.000000	0.000181507	23000.000000	4.54413e-10	
24000.000000	0.000283394	24000.000000	0.00018726	24000.000000	8.26683e-05	24000.000000	8.01663e-05	24000.000000	8.26702e-05	24000.000000	0.000187259	24000.000000	4.36633e-10	
25000.000000	0.000298402	25000.000000	0.000193003	25000.000000	8.30267e-05	25000.000000	8.05599e-05	25000.000000	8.30311e-05	25000.000000	0.000193002	25000.000000	4.2023e-10	
26000.000000	0.00031379	26000.000000	0.000198736	26000.000000	8.3371e-05	26000.000000	8.09391e-05	26000.000000	8.33761e-05	26000.000000	0.000198736	26000.000000	4.05049e-10	
27000.000000	0.00032956	27000.000000	0.000204461	27000.000000	8.37038e-05	27000.000000	8.1305e-05	27000.000000	8.37078e-05	27000.000000	0.00020446	27000.000000	3.90957e-10	
28000.000000	0.000345711	28000.000000	0.000210176	28000.000000	8.40237e-05	28000.000000	8.16585e-05	28000.000000	8.40254e-05	28000.000000	0.000210176	28000.000000	3.7784e-10	
29000.000000	0.000362247	29000.000000	0.000215883	29000.000000	8.43299e-05	29000.000000	8.20002e-05	29000.000000	8.43313e-05	29000.000000	0.000215883	29000.000000	3.65598e-10	
30000.000000	0.000379168	30000.000000	0.000221581	30000.000000	8.46232e-05	30000.000000	8.23311e-05	30000.000000	8.46253e-05	30000.000000	0.000221581	30000.000000	3.54147e-10	
32000.000000	0.000414175	32000.000000	0.000232952	32000.000000	8.51781e-05	32000.000000	8.29626e-05	32000.000000	8.51816e-05	32000.000000	0.000232952	32000.000000	3.33325e-10	
34000.000000	0.000450747	34000.000000	0.000244292	34000.000000	8.56967e-05	34000.000000	8.35577e-05	34000.000000	8.56988e-05	34000.000000	0.000244291	34000.000000	3.14878e-10	
36000.000000	0.0004889 	36000.000000	0.0002556 	36000.000000	8.61795e-05	36000.000000	8.41203e-05	36000.000000	8.61812e-05	36000.000000	0.0002556 	36000.000000	2.98418e-10	
38000.000000	0.000528648	38000.000000	0.000266879	38000.000000	8.66292e-05	38000.000000	8.46538e-05	38000.000000	8.66329e-05	38000.000000	0.000266879	38000.000000	2.83638e-10	
40000.000000	0.000570009	40000.000000	0.000278131	40000.000000	8.705e-05 	40000.000000	8.5161e-05	40000.000000	8.70563e-05	40000.000000	0.00027813	40000.000000	2.7029e-10	
42000.000000	0.000612999	42000.000000	0.000289355	42000.000000	8.74463e-05	42000.000000	8.56444e-05	42000.000000	8.7454e-05	42000.000000	0.000289355	42000.000000	2.58175e-10	
44000.000000	0.000657634	44000.000000	0.000300554	44000.000000	8.78217e-05	44000.000000	8.61061e-05	44000.000000	8.78292e-05	44000.000000	0.000300554	44000.000000	2.47128e-10	
46000.000000	0.000703932	46000.000000	0.000311728	46000.000000	8.81794e-05	46000.000000	8.65479e-05	46000.000000	8.81823e-05	46000.000000	0.000311728	46000.000000	2.37012e-10	
48000.000000	0.000751911	48000.000000	0.000322878	48000.000000	8.852e-05 	48000.000000	8.69715e-05	48000.000000	8.85168e-05	48000.000000	0.000322878	48000.000000	2.27713e-10	
50000.000000	0.000801587	50000.000000	0.000334006	50000.000000	8.88418e-05	50000.000000	8.73783e-05	50000.000000	8.88329e-05	50000.000000	0.000334006	50000.000000	2.19136e-10	
