0.125 0 1.533
0.125 0.5 1.507
0.125 1 1.431
0.125 1.5 1.313
0.125 2 1.163
0.125 2.5 0.9948
0.125 3 0.8206
0.125 3.5 0.6526
0.125 4 0.5001
0.125 4.5 0.3691
0.125 5 0.2627
0.125 5.5 0.1809
0.125 6 0.1217
0.125 6.5 0.08163
0.125 7 0.05674
0.125 7.5 0.043
0.125 8 0.03684
0.125 8.5 0.0353
0.125 9 0.03616
0.125 9.5 0.03787
0.125 10 0.03942
0.375 0 3.62
0.375 0.5 3.561
0.375 1 3.39
0.375 1.5 3.123
0.375 2 2.783
0.375 2.5 2.398
0.375 3 1.997
0.375 3.5 1.607
0.375 4 1.249
0.375 4.5 0.9376
0.375 5 0.6806
0.375 5.5 0.4794
0.375 6 0.3304
0.375 6.5 0.2266
0.375 7 0.1596
0.375 7.5 0.1204
0.375 8 0.1008
0.375 8.5 0.09381
0.375 9 0.09389
0.375 9.5 0.09704
0.375 10 0.1006
0.625 0 3.658
0.625 0.5 3.602
0.625 1 3.439
0.625 1.5 3.183
0.625 2 2.855
0.625 2.5 2.482
0.625 3 2.091
0.625 3.5 1.705
0.625 4 1.347
0.625 4.5 1.03
0.625 5 0.7644
0.625 5.5 0.5517
0.625 6 0.3901
0.625 6.5 0.274
0.625 7 0.196
0.625 7.5 0.1477
0.625 8 0.1213
0.625 8.5 0.1096
0.625 9 0.1068
0.625 9.5 0.1085
0.625 10 0.1116
0.875 0 3.087
0.875 0.5 3.042
0.875 1 2.913
0.875 1.5 2.709
0.875 2 2.447
0.875 2.5 2.147
0.875 3 1.828
0.875 3.5 1.511
0.875 4 1.212
0.875 4.5 0.9446
0.875 5 0.7154
0.875 5.5 0.5282
0.875 6 0.3824
0.875 6.5 0.2746
0.875 7 0.1995
0.875 7.5 0.1508
0.875 8 0.1221
0.875 8.5 0.1076
0.875 9 0.1023
0.875 9.5 0.1021
0.875 10 0.104
1.125 0 2.476
1.125 0.5 2.443
1.125 1 2.346
1.125 1.5 2.192
1.125 2 1.994
1.125 2.5 1.765
1.125 3 1.519
1.125 3.5 1.272
1.125 4 1.036
1.125 4.5 0.8214
1.125 5 0.6342
1.125 5.5 0.4781
1.125 6 0.3537
1.125 6.5 0.2592
1.125 7 0.1911
1.125 7.5 0.1452
1.125 8 0.1166
1.125 8.5 0.1008
1.125 9 0.09364
1.125 9.5 0.09175
1.125 10 0.09242
1.375 0 1.962
1.375 0.5 1.937
1.375 1 1.866
1.375 1.5 1.752
1.375 2 1.604
1.375 2.5 1.432
1.375 3 1.245
1.375 3.5 1.056
1.375 4 0.8725
1.375 4.5 0.7028
1.375 5 0.5523
1.375 5.5 0.4244
1.375 6 0.3202
1.375 6.5 0.239
1.375 7 0.1788
1.375 7.5 0.1367
1.375 8 0.1093
1.375 8.5 0.09306
1.375 9 0.08479
1.375 9.5 0.08163
1.375 10 0.08124
1.625 0 1.555
1.625 0.5 1.537
1.625 1 1.484
1.625 1.5 1.4
1.625 2 1.29
1.625 2.5 1.161
1.625 3 1.02
1.625 3.5 0.8753
1.625 4 0.733
1.625 4.5 0.5993
1.625 5 0.4788
1.625 5.5 0.3743
1.625 6 0.2875
1.625 6.5 0.2182
1.625 7 0.1655
1.625 7.5 0.1275
1.625 8 0.1018
1.625 8.5 0.08572
1.625 9 0.07681
1.625 9.5 0.07273
1.625 10 0.07149
1.875 0 1.24
1.875 0.5 1.227
1.875 1 1.188
1.875 1.5 1.126
1.875 2 1.044
1.875 2.5 0.9466
1.875 3 0.8396
1.875 3.5 0.7281
1.875 4 0.6173
1.875 4.5 0.5117
1.875 5 0.415
1.875 5.5 0.3296
1.875 6 0.2573
1.875 6.5 0.1983
1.875 7 0.1524
1.875 7.5 0.1183
1.875 8 0.09451
1.875 8.5 0.079
1.875 9 0.06984
1.875 9.5 0.06514
1.875 10 0.06324
2.125 0 0.9976
2.125 0.5 0.9878
2.125 1 0.9588
2.125 1.5 0.9123
2.125 2 0.8506
2.125 2.5 0.777
2.125 3 0.6952
2.125 3.5 0.6091
2.125 4 0.5223
2.125 4.5 0.4384
2.125 5 0.3604
2.125 5.5 0.2904
2.125 6 0.23
2.125 6.5 0.1798
2.125 7 0.1399
2.125 7.5 0.1095
2.125 8 0.08767
2.125 8.5 0.07293
2.125 9 0.06378
2.125 9.5 0.05871
2.125 10 0.05632
2.375 0 0.8102
2.375 0.5 0.8028
2.375 1 0.781
2.375 1.5 0.7459
2.375 2 0.6991
2.375 2.5 0.6429
2.375 3 0.5798
2.375 3.5 0.5127
2.375 4 0.4442
2.375 4.5 0.3772
2.375 5 0.3139
2.375 5.5 0.2562
2.375 6 0.2056
2.375 6.5 0.1629
2.375 7 0.1281
2.375 7.5 0.1012
2.375 8 0.08128
2.375 8.5 0.06744
2.375 9 0.05849
2.375 9.5 0.05322
2.375 10 0.05049
2.625 0 0.6646
2.625 0.5 0.659
2.625 1 0.6424
2.625 1.5 0.6157
2.625 2 0.5798
2.625 2.5 0.5364
2.625 3 0.4872
2.625 3.5 0.4343
2.625 4 0.3799
2.625 4.5 0.3258
2.625 5 0.2742
2.625 5.5 0.2265
2.625 6 0.1839
2.625 6.5 0.1474
2.625 7 0.1172
2.625 7.5 0.09335
2.625 8 0.07532
2.625 8.5 0.06244
2.625 9 0.05382
2.625 9.5 0.04851
2.625 10 0.04554
2.875 0 0.5508
2.875 0.5 0.5465
2.875 1 0.5337
2.875 1.5 0.513
2.875 2 0.4851
2.875 2.5 0.4512
2.875 3 0.4124
2.875 3.5 0.3704
2.875 4 0.3266
2.875 4.5 0.2827
2.875 5 0.2402
2.875 5.5 0.2005
2.875 6 0.1647
2.875 6.5 0.1334
2.875 7 0.1072
2.875 7.5 0.08604
2.875 8 0.06976
2.875 8.5 0.05786
2.875 9 0.04967
2.875 9.5 0.04441
2.875 10 0.04131
3.125 0 0.4612
3.125 0.5 0.4578
3.125 1 0.4478
3.125 1.5 0.4316
3.125 2 0.4096
3.125 2.5 0.3826
3.125 3 0.3517
3.125 3.5 0.3178
3.125 4 0.2823
3.125 4.5 0.2463
3.125 5 0.2112
3.125 5.5 0.1779
3.125 6 0.1475
3.125 6.5 0.1207
3.125 7 0.09791
3.125 7.5 0.07923
3.125 8 0.0646
3.125 8.5 0.05366
3.125 9 0.04594
3.125 9.5 0.04081
3.125 10 0.03765
3.375 0 0.3901
3.375 0.5 0.3874
3.375 1 0.3794
3.375 1.5 0.3664
3.375 2 0.3488
3.375 2.5 0.327
3.375 3 0.302
3.375 3.5 0.2744
3.375 4 0.2452
3.375 4.5 0.2155
3.375 5 0.1862
3.375 5.5 0.1582
3.375 6 0.1323
3.375 6.5 0.1093
3.375 7 0.08941
3.375 7.5 0.07292
3.375 8 0.05979
3.375 8.5 0.04979
3.375 9 0.04256
3.375 9.5 0.03763
3.375 10 0.03447
3.625 0 0.3331
3.625 0.5 0.3309
3.625 1 0.3245
3.625 1.5 0.3139
3.625 2 0.2995
3.625 2.5 0.2817
3.625 3 0.2611
3.625 3.5 0.2383
3.625 4 0.2141
3.625 4.5 0.1893
3.625 5 0.1646
3.625 5.5 0.1409
3.625 6 0.1188
3.625 6.5 0.09896
3.625 7 0.08163
3.625 7.5 0.06708
3.625 8 0.05532
3.625 8.5 0.04622
3.625 9 0.0395
3.625 9.5 0.03479
3.625 10 0.03168
3.875 0 0.2872
3.875 0.5 0.2854
3.875 1 0.28
3.875 1.5 0.2712
3.875 2 0.2592
3.875 2.5 0.2444
3.875 3 0.2272
3.875 3.5 0.2081
3.875 4 0.1878
3.875 4.5 0.1668
3.875 5 0.146
3.875 5.5 0.1258
3.875 6 0.1069
3.875 6.5 0.08966
3.875 7 0.07453
3.875 7.5 0.06169
3.875 8 0.05118
3.875 8.5 0.04291
3.875 9 0.03669
3.875 9.5 0.03223
3.875 10 0.0292
4.125 0 0.2498
4.125 0.5 0.2482
4.125 1 0.2437
4.125 1.5 0.2362
4.125 2 0.226
4.125 2.5 0.2135
4.125 3 0.1989
4.125 3.5 0.1827
4.125 4 0.1655
4.125 4.5 0.1476
4.125 5 0.1298
4.125 5.5 0.1125
4.125 6 0.0962
4.125 6.5 0.08129
4.125 7 0.06807
4.125 7.5 0.05673
4.125 8 0.04734
4.125 8.5 0.03985
4.125 9 0.03412
4.125 9.5 0.02992
4.125 10 0.027
4.375 0 0.219
4.375 0.5 0.2177
4.375 1 0.2138
4.375 1.5 0.2073
4.375 2 0.1985
4.375 2.5 0.1877
4.375 3 0.1752
4.375 3.5 0.1612
4.375 4 0.1464
4.375 4.5 0.1311
4.375 5 0.1158
4.375 5.5 0.1008
4.375 6 0.08673
4.375 6.5 0.07376
4.375 7 0.06218
4.375 7.5 0.05217
4.375 8 0.04378
4.375 8.5 0.03701
4.375 9 0.03175
4.375 9.5 0.02782
4.375 10 0.02502
4.625 0 0.1936
4.625 0.5 0.1924
4.625 1 0.1889
4.625 1.5 0.1832
4.625 2 0.1755
4.625 2.5 0.1661
4.625 3 0.1551
4.625 3.5 0.143
4.625 4 0.1301
4.625 4.5 0.1168
4.625 5 0.1035
4.625 5.5 0.09058
4.625 6 0.07831
4.625 6.5 0.06699
4.625 7 0.05683
4.625 7.5 0.04798
4.625 8 0.0405
4.625 8.5 0.03438
4.625 9 0.02956
4.625 9.5 0.0259
4.625 10 0.02324
4.875 0 0.1723
4.875 0.5 0.1712
4.875 1 0.1681
4.875 1.5 0.163
4.875 2 0.1562
4.875 2.5 0.1477
4.875 3 0.138
4.875 3.5 0.1274
4.875 4 0.1161
4.875 4.5 0.1044
4.875 5 0.09284
4.875 5.5 0.08154
4.875 6 0.07082
4.875 6.5 0.06091
4.875 7 0.05198
4.875 7.5 0.04415
4.875 8 0.03747
4.875 8.5 0.03195
4.875 9 0.02754
4.875 9.5 0.02414
4.875 10 0.02162
5.125 0 0.1543
5.125 0.5 0.1534
5.125 1 0.1505
5.125 1.5 0.1459
5.125 2 0.1397
5.125 2.5 0.1321
5.125 3 0.1235
5.125 3.5 0.114
5.125 4 0.1039
5.125 4.5 0.09368
5.125 5 0.08347
5.125 5.5 0.07356
5.125 6 0.06416
5.125 6.5 0.05545
5.125 7 0.04758
5.125 7.5 0.04064
5.125 8 0.03468
5.125 8.5 0.0297
5.125 9 0.02568
5.125 9.5 0.02253
5.125 10 0.02015
5.375 0 0.1391
5.375 0.5 0.1382
5.375 1 0.1356
5.375 1.5 0.1313
5.375 2 0.1257
5.375 2.5 0.1188
5.375 3 0.1109
5.375 3.5 0.1024
5.375 4 0.0934
5.375 4.5 0.08428
5.375 5 0.07525
5.375 5.5 0.0665
5.375 6 0.05822
5.375 6.5 0.05055
5.375 7 0.04359
5.375 7.5 0.03743
5.375 8 0.03211
5.375 8.5 0.02762
5.375 9 0.02395
5.375 9.5 0.02104
5.375 10 0.0188
5.625 0 0.126
5.625 0.5 0.1251
5.625 1 0.1227
5.625 1.5 0.1188
5.625 2 0.1136
5.625 2.5 0.1072
5.625 3 0.1001
5.625 3.5 0.0923
5.625 4 0.08423
5.625 4.5 0.07606
5.625 5 0.06801
5.625 5.5 0.06025
5.625 6 0.05292
5.625 6.5 0.04614
5.625 7 0.03998
5.625 7.5 0.03451
5.625 8 0.02975
5.625 8.5 0.0257
5.625 9 0.02235
5.625 9.5 0.01967
5.625 10 0.01757
5.875 0 0.1146
5.875 0.5 0.1139
5.875 1 0.1116
5.875 1.5 0.1079
5.875 2 0.1031
5.875 2.5 0.0972
5.875 3 0.09061
5.875 3.5 0.08352
5.875 4 0.0762
5.875 4.5 0.06884
5.875 5 0.06163
5.875 5.5 0.05471
5.875 6 0.0482
5.875 6.5 0.04218
5.875 7 0.03671
5.875 7.5 0.03184
5.875 8 0.02757
5.875 8.5 0.02392
5.875 9 0.02088
5.875 9.5 0.0184
5.875 10 0.01644
6.125 0 0.1048
6.125 0.5 0.104
6.125 1 0.1019
6.125 1.5 0.09846
6.125 2 0.0939
6.125 2.5 0.08845
6.125 3 0.08234
6.125 3.5 0.07584
6.125 4 0.06915
6.125 4.5 0.06248
6.125 5 0.05599
6.125 5.5 0.04979
6.125 6 0.04398
6.125 6.5 0.03862
6.125 7 0.03375
6.125 7.5 0.0294
6.125 8 0.02558
6.125 8.5 0.02228
6.125 9 0.01951
6.125 9.5 0.01722
6.125 10 0.01539
6.375 0 0.09611
6.375 0.5 0.09542
6.375 1 0.09339
6.375 1.5 0.09014
6.375 2 0.08586
6.375 2.5 0.08076
6.375 3 0.07508
6.375 3.5 0.06907
6.375 4 0.06294
6.375 4.5 0.05686
6.375 5 0.05099
6.375 5.5 0.04541
6.375 6 0.04021
6.375 6.5 0.03542
6.375 7 0.03108
6.375 7.5 0.02718
6.375 8 0.02375
6.375 8.5 0.02077
6.375 9 0.01824
6.375 9.5 0.01614
6.375 10 0.01443
6.625 0 0.08845
6.625 0.5 0.08779
6.625 1 0.08587
6.625 1.5 0.08279
6.625 2 0.07875
6.625 2.5 0.07396
6.625 3 0.06867
6.625 3.5 0.06309
6.625 4 0.05744
6.625 4.5 0.05189
6.625 5 0.04655
6.625 5.5 0.04151
6.625 6 0.03683
6.625 6.5 0.03254
6.625 7 0.02865
6.625 7.5 0.02516
6.625 8 0.02207
6.625 8.5 0.01938
6.625 9 0.01707
6.625 9.5 0.01513
6.625 10 0.01354
6.875 0 0.08162
6.875 0.5 0.081
6.875 1 0.07917
6.875 1.5 0.07626
6.875 2 0.07244
6.875 2.5 0.06793
6.875 3 0.06298
6.875 3.5 0.05779
6.875 4 0.05257
6.875 4.5 0.04747
6.875 5 0.0426
6.875 5.5 0.03803
6.875 6 0.03381
6.875 6.5 0.02995
6.875 7 0.02645
6.875 7.5 0.02331
6.875 8 0.02053
6.875 8.5 0.01809
6.875 9 0.01598
6.875 9.5 0.0142
6.875 10 0.01272
7.125 0 0.07551
7.125 0.5 0.07491
7.125 1 0.07318
7.125 1.5 0.07041
7.125 2 0.0668
7.125 2.5 0.06256
7.125 3 0.05791
7.125 3.5 0.05307
7.125 4 0.04823
7.125 4.5 0.04353
7.125 5 0.03907
7.125 5.5 0.03492
7.125 6 0.03109
7.125 6.5 0.02761
7.125 7 0.02446
7.125 7.5 0.02163
7.125 8 0.01911
7.125 8.5 0.0169
7.125 9 0.01497
7.125 9.5 0.01333
7.125 10 0.01196
7.375 0 0.07
7.375 0.5 0.06943
7.375 1 0.06778
7.375 1.5 0.06516
7.375 2 0.06174
7.375 2.5 0.05774
7.375 3 0.05337
7.375 3.5 0.04885
7.375 4 0.04435
7.375 4.5 0.04001
7.375 5 0.03592
7.375 5.5 0.03213
7.375 6 0.02865
7.375 6.5 0.0255
7.375 7 0.02265
7.375 7.5 0.0201
7.375 8 0.01782
7.375 8.5 0.0158
7.375 9 0.01404
7.375 9.5 0.01253
7.375 10 0.01125
