0 1.764e-14 3.34868 0 200.314
0.1 0.251398 3.34877 0.017954 200.314
0.2 0.502779 3.34904 0.035908 200.314
0.3 0.754128 3.3495 0.0538619 200.313
0.4 1.00543 3.35013 0.0718157 200.313
0.5 1.25666 3.35094 0.0897694 200.312
0.6 1.50782 3.35193 0.107723 200.311
0.7 1.75887 3.35311 0.125676 200.31
0.8 2.00981 3.35446 0.14363 200.308
0.9 2.26063 3.356 0.161583 200.307
1 2.51129 3.35772 0.179535 200.305
1.1 2.7618 3.35961 0.197488 200.303
1.2 3.01213 3.36169 0.21544 200.301
1.3 3.26226 3.36395 0.233392 200.299
1.4 3.51218 3.36639 0.251343 200.296
1.5 3.76188 3.36901 0.269294 200.294
1.6 4.01134 3.37181 0.287245 200.291
1.7 4.26053 3.37479 0.305195 200.288
1.8 4.50946 3.37796 0.323144 200.285
1.9 4.7581 3.3813 0.341094 200.282
2 5.00643 3.38482 0.359042 200.278
2.1 5.25445 3.38853 0.37699 200.274
2.2 5.50213 3.39241 0.394937 200.27
2.3 5.74947 3.39648 0.412884 200.266
2.4 5.99644 3.40072 0.43083 200.262
2.5 6.24303 3.40515 0.448776 200.258
2.6 6.48922 3.40975 0.466721 200.253
2.7 6.73501 3.41454 0.484665 200.248
2.8 6.98038 3.41951 0.502608 200.243
2.9 7.22531 3.42466 0.52055 200.238
3 7.46978 3.42999 0.538492 200.233
3.1 7.71379 3.4355 0.556433 200.227
3.2 7.95733 3.44118 0.574372 200.222
3.3 8.20037 3.44706 0.592311 200.216
3.4 8.4429 3.45311 0.610249 200.21
3.5 8.68491 3.45934 0.628186 200.203
3.6 8.92639 3.46575 0.646123 200.197
3.7 9.16732 3.47234 0.664058 200.19
3.8 9.40769 3.47911 0.681992 200.184
3.9 9.64749 3.48606 0.699924 200.177
4 9.8867 3.4932 0.717856 200.17
4.1 10.1253 3.50051 0.735787 200.162
4.2 10.3633 3.508 0.753716 200.155
4.3 10.6007 3.51568 0.771645 200.147
4.4 10.8374 3.52353 0.789572 200.139
4.5 11.0735 3.53156 0.807498 200.131
4.6 11.309 3.53978 0.825422 200.123
4.7 11.5438 3.54817 0.843345 200.115
4.8 11.7779 3.55675 0.861267 200.106
4.9 12.0113 3.5655 0.879188 200.097
5 12.2439 3.57443 0.897107 200.088
5.1 12.4759 3.58355 0.915025 200.079
5.2 12.7072 3.59284 0.932941 200.07
5.3 12.9377 3.60232 0.950856 200.06
5.4 13.1675 3.61197 0.968769 200.051
5.5 13.3965 3.62181 0.986681 200.041
5.6 13.6248 3.63182 1.00459 200.031
5.7 13.8523 3.64201 1.0225 200.021
5.8 14.079 3.65239 1.04041 200.01
5.9 14.3049 3.66294 1.05831 200
6 14.53 3.67368 1.07622 199.989
6.1 14.7543 3.68459 1.09412 199.978
6.2 14.9778 3.69568 1.11202 199.967
6.3 15.2004 3.70695 1.12992 199.956
6.4 15.4222 3.71841 1.14781 199.944
6.5 15.6432 3.73004 1.16571 199.933
6.6 15.8633 3.74185 1.1836 199.921
6.7 16.0826 3.75384 1.20149 199.909
6.8 16.301 3.76601 1.21938 199.897
6.9 16.5185 3.77836 1.23727 199.884
7 16.7351 3.79089 1.25515 199.872
7.1 16.9509 3.8036 1.27304 199.859
7.2 17.1657 3.81648 1.29092 199.846
7.3 17.3797 3.82955 1.3088 199.833
7.4 17.5928 3.8428 1.32667 199.82
7.5 17.8049 3.85622 1.34455 199.807
7.6 18.0161 3.86983 1.36242 199.793
7.7 18.2264 3.88361 1.38029 199.779
7.79999 18.4358 3.89757 1.39816 199.765
7.89999 18.6442 3.91172 1.41603 199.751
7.99999 18.8517 3.92604 1.43389 199.737
8.09999 19.0583 3.94054 1.45175 199.722
8.2 19.2639 3.95522 1.46961 199.708
8.3 19.4685 3.97007 1.48747 199.693
8.4 19.6722 3.98511 1.50532 199.678
8.5 19.8749 4.00033 1.52318 199.662
8.6 20.0767 4.01572 1.54103 199.647
8.7 20.2775 4.03129 1.55887 199.632
8.8 20.4773 4.04704 1.57672 199.616
8.9 20.6761 4.06297 1.59456 199.6
9 20.874 4.07908 1.6124 199.584
9.1 21.0709 4.09537 1.63024 199.567
9.2 21.2667 4.11184 1.64807 199.551
9.3 21.4616 4.12848 1.66591 199.534
9.4 21.6556 4.1453 1.68374 199.518
9.5 21.8485 4.1623 1.70156 199.501
9.6 22.0404 4.17948 1.71939 199.483
9.7 22.2313 4.19684 1.73721 199.466
9.8 22.4212 4.21437 1.75503 199.448
9.9 22.6101 4.23209 1.77284 199.431
10 22.798 4.24998 1.79066 199.413
10.1 22.9849 4.26805 1.80847 199.395
10.2 23.1708 4.28629 1.82627 199.377
10.3 23.3557 4.30472 1.84408 199.358
10.4 23.5396 4.32332 1.86188 199.339
10.5 23.7225 4.3421 1.87968 199.321
10.6 23.9043 4.36106 1.89747 199.302
10.7 24.0852 4.3802 1.91527 199.283
10.8 24.265 4.39951 1.93305 199.263
10.9 24.4438 4.419 1.95084 199.244
11 24.6216 4.43867 1.96862 199.224
11.1 24.7984 4.45851 1.9864 199.204
11.2 24.9742 4.47854 2.00418 199.184
11.3 25.1489 4.49874 2.02195 199.164
11.4 25.3227 4.51912 2.03973 199.144
11.5 25.4954 4.53967 2.05749 199.123
11.6 25.6672 4.5604 2.07526 199.102
11.7 25.8379 4.58131 2.09302 199.082
11.8 26.0076 4.6024 2.11077 199.06
11.9 26.1763 4.62366 2.12853 199.039
12 26.3439 4.6451 2.14628 199.018
12.1 26.5106 4.66672 2.16403 198.996
12.2 26.6763 4.68851 2.18177 198.974
12.3 26.841 4.71048 2.19951 198.952
12.4 27.0046 4.73262 2.21725 198.93
12.5 27.1673 4.75495 2.23498 198.908
12.6 27.3289 4.77745 2.25271 198.885
12.7 27.4896 4.80012 2.27043 198.863
12.8 27.6492 4.82297 2.28816 198.84
12.9 27.8079 4.846 2.30587 198.817
13 27.9656 4.86921 2.32359 198.794
13.1 28.1222 4.89259 2.3413 198.77
13.2 28.2779 4.91614 2.35901 198.747
13.3 28.4326 4.93987 2.37671 198.723
13.4 28.5863 4.96378 2.39441 198.699
13.5 28.739 4.98787 2.41211 198.675
13.6 28.8908 5.01213 2.4298 198.651
13.7 29.0415 5.03656 2.44749 198.626
13.8 29.1913 5.06117 2.46517 198.602
13.9 29.3401 5.08596 2.48285 198.577
14 29.488 5.11092 2.50053 198.552
14.1 29.6348 5.13606 2.5182 198.527
14.2 29.7807 5.16137 2.53587 198.501
14.3 29.9257 5.18686 2.55353 198.476
14.4 30.0697 5.21252 2.57119 198.45
14.5 30.2127 5.23836 2.58885 198.424
14.6 30.3548 5.26437 2.6065 198.398
14.7 30.4959 5.29056 2.62415 198.372
14.8 30.636 5.31692 2.64179 198.346
14.9 30.7753 5.34346 2.65943 198.319
15 30.9135 5.37017 2.67707 198.293
15.1 31.0509 5.39706 2.6947 198.266
15.2 31.1873 5.42412 2.71232 198.239
15.3 31.3228 5.45135 2.72994 198.211
15.4 31.4573 5.47876 2.74756 198.184
15.5 31.5909 5.50635 2.76518 198.156
15.6 31.7236 5.5341 2.78278 198.129
15.7 31.8554 5.56204 2.80039 198.101
15.8 31.9863 5.59014 2.81799 198.073
15.9 32.1162 5.61842 2.83558 198.044
16 32.2452 5.64688 2.85317 198.016
16.1 32.3734 5.6755 2.87076 197.987
16.2 32.5006 5.7043 2.88834 197.959
16.3 32.627 5.73328 2.90592 197.93
16.4 32.7524 5.76243 2.92349 197.9
16.5 32.877 5.79175 2.94106 197.871
16.6 33.0006 5.82124 2.95862 197.842
16.7 33.1234 5.85091 2.97618 197.812
16.8 33.2453 5.88075 2.99373 197.782
16.9 33.3664 5.91077 3.01128 197.752
17 33.4865 5.94095 3.02882 197.722
17.1 33.6058 5.97131 3.04636 197.691
17.2 33.7243 6.00185 3.06389 197.661
17.3 33.8419 6.03255 3.08142 197.63
17.4 33.9586 6.06343 3.09894 197.599
17.5 34.0745 6.09448 3.11646 197.568
17.6 34.1895 6.1257 3.13398 197.537
17.7 34.3037 6.1571 3.15149 197.506
17.8 34.417 6.18866 3.16899 197.474
17.9 34.5295 6.2204 3.18649 197.442
18 34.6412 6.25231 3.20398 197.41
18.1 34.752 6.28439 3.22147 197.378
18.2 34.8621 6.31665 3.23895 197.346
18.3 34.9713 6.34908 3.25643 197.314
18.4 35.0797 6.38167 3.2739 197.281
18.5 35.1873 6.41444 3.29137 197.248
18.6 35.294 6.44738 3.30883 197.215
18.7 35.4 6.48049 3.32628 197.182
18.8 35.5052 6.51378 3.34373 197.149
18.9 35.6096 6.54723 3.36118 197.116
19 35.7132 6.58086 3.37862 197.082
19.1 35.816 6.61465 3.39605 197.048
19.2 35.918 6.64862 3.41348 197.014
19.3 36.0192 6.68276 3.43091 196.98
19.4 36.1197 6.71707 3.44832 196.946
19.5 36.2194 6.75154 3.46574 196.911
19.6 36.3183 6.78619 3.48314 196.877
19.7 36.4165 6.82101 3.50054 196.842
19.8 36.5139 6.856 3.51794 196.807
19.9 36.6106 6.89116 3.53533 196.772
20 36.7065 6.92649 3.55271 196.736
20.1 36.8016 6.96199 3.57009 196.701
20.2 36.8961 6.99766 3.58746 196.665
20.3 36.9897 7.0335 3.60483 196.629
20.4 37.0827 7.0695 3.62219 196.593
20.5 37.1749 7.10568 3.63954 196.557
20.6 37.2664 7.14203 3.65689 196.521
20.7 37.3572 7.17854 3.67423 196.484
20.8 37.4472 7.21523 3.69157 196.448
20.9 37.5366 7.25208 3.7089 196.411
21 37.6252 7.2891 3.72623 196.374
21.1 37.7131 7.32629 3.74354 196.337
21.2 37.8004 7.36365 3.76086 196.299
21.3 37.8869 7.40118 3.77816 196.262
21.4 37.9727 7.43888 3.79546 196.224
21.5 38.0579 7.47674 3.81276 196.186
21.6 38.1423 7.51478 3.83004 196.148
21.7 38.2261 7.55298 3.84733 196.11
21.8 38.3092 7.59135 3.8646 196.071
21.9 38.3916 7.62988 3.88187 196.033
22 38.4734 7.66859 3.89913 195.994
22.1 38.5545 7.70746 3.91639 195.955
22.2 38.6349 7.7465 3.93364 195.916
22.3 38.7147 7.78571 3.95088 195.877
22.4 38.7938 7.82508 3.96812 195.838
22.5 38.8722 7.86462 3.98535 195.798
22.6 38.95 7.90433 4.00257 195.758
22.7001 39.0272 7.9442 4.01979 195.719
22.8001 39.1037 7.98425 4.037 195.679
22.9001 39.1796 8.02445 4.0542 195.638
23.0001 39.2549 8.06483 4.0714 195.598
23.1001 39.3295 8.10537 4.08859 195.557
23.2001 39.4035 8.14608 4.10577 195.517
23.3001 39.4769 8.18695 4.12295 195.476
23.4001 39.5497 8.22799 4.14012 195.435
23.5001 39.6219 8.2692 4.15729 195.394
23.6001 39.6934 8.31057 4.17444 195.352
23.7001 39.7644 8.3521 4.19159 195.311
23.8001 39.8347 8.3938 4.20874 195.269
23.9001 39.9044 8.43567 4.22587 195.227
24.0001 39.9736 8.4777 4.243 195.185
24.1001 40.0421 8.5199 4.26012 195.143
24.2001 40.1101 8.56226 4.27724 195.101
24.3001 40.1775 8.60479 4.29435 195.058
24.4001 40.2443 8.64748 4.31145 195.015
24.5001 40.3105 8.69034 4.32854 194.972
24.6001 40.3761 8.73336 4.34563 194.929
24.7001 40.4412 8.77655 4.36271 194.886
24.8001 40.5057 8.8199 4.37978 194.843
24.9001 40.5697 8.86341 4.39684 194.799
25.0001 40.633 8.90709 4.4139 194.756
25.1001 40.6959 8.95093 4.43095 194.712
25.2001 40.7581 8.99494 4.448 194.668
25.3001 40.8199 9.0391 4.46503 194.624
25.4001 40.881 9.08344 4.48206 194.579
25.5001 40.9417 9.12793 4.49908 194.535
25.6001 41.0018 9.17259 4.5161 194.49
25.7001 41.0613 9.21741 4.5331 194.445
25.8001 41.1203 9.2624 4.5501 194.4
25.9001 41.1788 9.30754 4.56709 194.355
26.0001 41.2368 9.35285 4.58408 194.31
26.1001 41.2942 9.39832 4.60105 194.264
26.2001 41.3511 9.44396 4.61802 194.219
26.3001 41.4075 9.48975 4.63498 194.173
26.4001 41.4634 9.53571 4.65193 194.127
26.5001 41.5188 9.58183 4.66888 194.081
26.6001 41.5737 9.62811 4.68582 194.035
26.7001 41.628 9.67456 4.70275 193.988
26.8001 41.6819 9.72116 4.71967 193.942
26.9001 41.7352 9.76793 4.73658 193.895
27.0001 41.7881 9.81486 4.75349 193.848
27.1001 41.8405 9.86195 4.77039 193.801
27.2001 41.8924 9.90919 4.78728 193.754
27.3001 41.9438 9.9566 4.80416 193.706
27.4001 41.9947 10.0042 4.82103 193.659
27.5001 42.0451 10.0519 4.8379 193.611
27.6001 42.095 10.0998 4.85476 193.563
27.7001 42.1445 10.1478 4.87161 193.515
27.8001 42.1935 10.1961 4.88845 193.467
27.9001 42.2421 10.2444 4.90529 193.418
28.0001 42.2901 10.293 4.92211 193.37
28.1001 42.3377 10.3417 4.93893 193.321
28.2001 42.3849 10.3905 4.95574 193.272
28.3001 42.4316 10.4395 4.97254 193.223
28.4001 42.4778 10.4887 4.98933 193.174
28.5001 42.5236 10.538 5.00612 193.125
28.6001 42.5689 10.5875 5.02289 193.075
28.7001 42.6138 10.6371 5.03966 193.026
28.8001 42.6582 10.6869 5.05642 192.976
28.9001 42.7022 10.7369 5.07317 192.926
29.0001 42.7458 10.787 5.08991 192.876
29.1001 42.7889 10.8373 5.10665 192.826
29.2001 42.8316 10.8877 5.12337 192.775
29.3001 42.8739 10.9383 5.14009 192.724
29.4001 42.9157 10.9891 5.1568 192.674
29.5001 42.9571 11.04 5.1735 192.623
29.6001 42.9981 11.0911 5.19019 192.572
29.7001 43.0387 11.1423 5.20687 192.521
29.8001 43.0788 11.1937 5.22354 192.469
29.9001 43.1186 11.2452 5.24021 192.418
30.0001 43.1579 11.2969 5.25686 192.366
30.1001 43.1968 11.3487 5.27351 192.314
30.2001 43.2353 11.4008 5.29015 192.262
30.3001 43.2734 11.4529 5.30678 192.21
30.4001 43.3111 11.5052 5.3234 192.158
30.5001 43.3484 11.5577 5.34001 192.105
30.6001 43.3853 11.6103 5.35661 192.052
30.7001 43.4218 11.6631 5.3732 192
30.8001 43.4579 11.7161 5.38979 191.947
30.9001 43.4937 11.7692 5.40636 191.894
31.0001 43.529 11.8224 5.42293 191.84
31.1001 43.5639 11.8758 5.43948 191.787
31.2001 43.5985 11.9294 5.45603 191.733
31.3001 43.6327 11.9831 5.47257 191.68
31.4001 43.6665 12.037 5.4891 191.626
31.5001 43.6999 12.091 5.50562 191.572
31.6001 43.733 12.1452 5.52213 191.518
31.7001 43.7657 12.1995 5.53863 191.463
31.8001 43.798 12.254 5.55512 191.409
31.9001 43.83 12.3086 5.5716 191.354
32.0001 43.8616 12.3634 5.58808 191.299
32.1001 43.8928 12.4184 5.60454 191.244
32.2001 43.9237 12.4735 5.62099 191.189
32.3001 43.9542 12.5287 5.63744 191.134
32.4001 43.9843 12.5841 5.65387 191.079
32.5001 44.0141 12.6397 5.6703 191.023
32.6001 44.0436 12.6954 5.68671 190.967
32.7001 44.0727 12.7512 5.70312 190.912
32.8001 44.1014 12.8073 5.71951 190.856
32.9001 44.1298 12.8634 5.7359 190.799
33.0001 44.1579 12.9197 5.75227 190.743
33.1001 44.1856 12.9762 5.76864 190.687
33.2001 44.213 13.0328 5.785 190.63
33.3001 44.24 13.0896 5.80134 190.573
33.4001 44.2667 13.1465 5.81768 190.516
33.5001 44.2931 13.2036 5.83401 190.459
33.6001 44.3192 13.2608 5.85033 190.402
33.7001 44.3449 13.3182 5.86663 190.345
33.8001 44.3703 13.3757 5.88293 190.287
33.9001 44.3953 13.4334 5.89922 190.229
34.0001 44.4201 13.4912 5.91549 190.172
34.1001 44.4445 13.5492 5.93176 190.114
34.2001 44.4686 13.6073 5.94802 190.055
34.3 44.4924 13.6656 5.96426 189.997
34.4 44.5158 13.724 5.9805 189.939
34.5 44.539 13.7826 5.99672 189.88
34.6 44.5618 13.8413 6.01294 189.821
34.7 44.5844 13.9002 6.02915 189.763
34.8 44.6066 13.9592 6.04534 189.704
34.9 44.6285 14.0184 6.06153 189.644
35 44.6501 14.0777 6.0777 189.585
35.1 44.6715 14.1371 6.09386 189.526
35.2 44.6925 14.1968 6.11002 189.466
35.3 44.7132 14.2565 6.12616 189.406
35.4 44.7336 14.3164 6.14229 189.346
35.5 44.7537 14.3765 6.15841 189.286
35.6 44.7736 14.4367 6.17452 189.226
35.7 44.7931 14.497 6.19062 189.166
35.8 44.8123 14.5575 6.20671 189.105
35.9 44.8313 14.6182 6.22279 189.045
36 44.85 14.6789 6.23886 188.984
36.1 44.8684 14.7399 6.25492 188.923
36.2 44.8865 14.801 6.27097 188.862
36.3 44.9043 14.8622 6.287 188.801
36.4 44.9218 14.9236 6.30303 188.739
36.5 44.9391 14.9851 6.31904 188.678
36.6 44.9561 15.0467 6.33504 188.616
36.7 44.9728 15.1085 6.35104 188.554
36.8 44.9892 15.1705 6.36702 188.492
36.9 45.0054 15.2326 6.38299 188.43
37 45.0213 15.2948 6.39895 188.368
37.1 45.0369 15.3572 6.41489 188.306
37.2 45.0523 15.4197 6.43083 188.243
37.3 45.0673 15.4824 6.44676 188.18
37.4 45.0822 15.5452 6.46267 188.118
37.5 45.0967 15.6082 6.47857 188.055
37.6 45.1111 15.6713 6.49447 187.992
37.7 45.1251 15.7345 6.51035 187.928
37.8 45.1389 15.7979 6.52622 187.865
37.9 45.1524 15.8615 6.54207 187.801
38 45.1657 15.9251 6.55792 187.738
38.1 45.1787 15.989 6.57376 187.674
38.2 45.1915 16.0529 6.58958 187.61
38.3 45.204 16.117 6.60539 187.546
38.4 45.2163 16.1813 6.62119 187.482
38.5 45.2283 16.2457 6.63698 187.417
38.6 45.2401 16.3102 6.65276 187.353
38.7 45.2516 16.3748 6.66852 187.288
38.8 45.2629 16.4397 6.68428 187.223
38.9 45.2739 16.5046 6.70002 187.158
39 45.2847 16.5697 6.71575 187.093
39.1 45.2953 16.6349 6.73147 187.028
39.2 45.3056 16.7003 6.74718 186.963
39.3 45.3157 16.7658 6.76287 186.897
39.4 45.3256 16.8315 6.77856 186.831
39.5 45.3352 16.8973 6.79423 186.766
39.6 45.3446 16.9632 6.80989 186.7
39.7 45.3538 17.0293 6.82553 186.634
39.8 45.3627 17.0955 6.84117 186.567
39.9 45.3714 17.1618 6.85679 186.501
40 45.3798 17.2283 6.8724 186.435
40.1 45.3881 17.2949 6.888 186.368
40.2 45.3961 17.3617 6.90359 186.301
40.3 45.4039 17.4286 6.91917 186.234
40.4 45.4115 17.4956 6.93473 186.167
40.5 45.4188 17.5628 6.95028 186.1
40.6 45.426 17.6301 6.96582 186.033
40.7 45.4329 17.6976 6.98134 185.965
40.7999 45.4396 17.7652 6.99686 185.898
40.8999 45.4461 17.8329 7.01236 185.83
40.9999 45.4523 17.9007 7.02785 185.762
41.0999 45.4584 17.9687 7.04332 185.694
41.1999 45.4642 18.0369 7.05879 185.626
41.2999 45.4698 18.1051 7.07424 185.558
41.3999 45.4753 18.1735 7.08968 185.489
41.4999 45.4805 18.2421 7.1051 185.421
41.5999 45.4855 18.3108 7.12052 185.352
41.6999 45.4903 18.3796 7.13592 185.283
41.7999 45.4949 18.4485 7.15131 185.214
41.8999 45.4992 18.5176 7.16668 185.145
41.9999 45.5034 18.5868 7.18205 185.076
42.0999 45.5074 18.6562 7.1974 185.007
42.1999 45.5112 18.7257 7.21273 184.937
42.2999 45.5148 18.7953 7.22806 184.868
42.3999 45.5181 18.865 7.24337 184.798
42.4999 45.5213 18.9349 7.25867 184.728
42.5999 45.5243 19.0049 7.27395 184.658
42.6999 45.5271 19.0751 7.28922 184.588
42.7999 45.5297 19.1454 7.30448 184.517
42.8999 45.5321 19.2158 7.31973 184.447
42.9999 45.5343 19.2863 7.33496 184.376
43.0999 45.5363 19.357 7.35018 184.306
43.1999 45.5381 19.4278 7.36539 184.235
43.2999 45.5398 19.4988 7.38058 184.164
43.3999 45.5412 19.5698 7.39576 184.093
43.4999 45.5425 19.641 7.41093 184.022
43.5999 45.5436 19.7124 7.42609 183.95
43.6999 45.5445 19.7839 7.44123 183.879
43.7999 45.5452 19.8555 7.45635 183.807
43.8999 45.5457 19.9272 7.47147 183.736
43.9999 45.546 19.999 7.48657 183.664
44.0999 45.5462 20.071 7.50165 183.592
44.1999 45.5462 20.1432 7.51673 183.52
44.2999 45.546 20.2154 7.53179 183.447
44.3999 45.5456 20.2878 7.54683 183.375
44.4999 45.545 20.3603 7.56187 183.303
44.5999 45.5443 20.4329 7.57689 183.23
44.6999 45.5434 20.5057 7.59189 183.157
44.7999 45.5423 20.5786 7.60688 183.084
44.8999 45.541 20.6516 7.62186 183.011
44.9999 45.5396 20.7248 7.63682 182.938
45.0999 45.538 20.7981 7.65177 182.865
45.1999 45.5362 20.8715 7.66671 182.791
45.2999 45.5343 20.945 7.68163 182.718
45.3999 45.5322 21.0187 7.69654 182.644
45.4999 45.5299 21.0924 7.71143 182.57
45.5999 45.5275 21.1664 7.72631 182.496
45.6999 45.5249 21.2404 7.74118 182.422
45.7999 45.5221 21.3146 7.75603 182.348
45.8999 45.5191 21.3889 7.77087 182.274
45.9999 45.516 21.4633 7.78569 182.2
46.0999 45.5128 21.5378 7.8005 182.125
46.1999 45.5093 21.6125 7.8153 182.05
46.2999 45.5057 21.6873 7.83008 181.976
46.3999 45.502 21.7622 7.84485 181.901
46.4999 45.4981 21.8372 7.8596 181.826
46.5999 45.494 21.9124 7.87434 181.75
46.6999 45.4898 21.9877 7.88906 181.675
46.7999 45.4854 22.0631 7.90377 181.6
46.8999 45.4808 22.1387 7.91847 181.524
46.9999 45.4761 22.2143 7.93315 181.448
47.0999 45.4713 22.2901 7.94781 181.373
47.1999 45.4663 22.366 7.96246 181.297
47.2999 45.4611 22.4421 7.9771 181.221
47.3998 45.4558 22.5182 7.99172 181.145
47.4998 45.4504 22.5945 8.00633 181.068
47.5998 45.4447 22.6709 8.02092 180.992
47.6998 45.439 22.7474 8.0355 180.915
47.7998 45.4331 22.8241 8.05006 180.839
47.8998 45.427 22.9008 8.06461 180.762
47.9998 45.4208 22.9777 8.07914 180.685
48.0998 45.4144 23.0547 8.09366 180.608
48.1998 45.4079 23.1318 8.10816 180.531
48.2998 45.4013 23.2091 8.12265 180.454
48.3998 45.3945 23.2865 8.13713 180.376
48.4998 45.3876 23.3639 8.15158 180.299
48.5998 45.3805 23.4416 8.16603 180.221
48.6998 45.3733 23.5193 8.18046 180.144
48.7998 45.3659 23.5971 8.19487 180.066
48.8998 45.3584 23.6751 8.20927 179.988
48.9998 45.3508 23.7532 8.22365 179.91
49.0998 45.343 23.8314 8.23801 179.831
49.1998 45.3351 23.9097 8.25237 179.753
49.2998 45.327 23.9881 8.2667 179.675
49.3998 45.3188 24.0667 8.28102 179.596
49.4998 45.3105 24.1454 8.29533 179.517
49.5998 45.302 24.2242 8.30962 179.439
49.6998 45.2934 24.3031 8.32389 179.36
49.7998 45.2847 24.3821 8.33815 179.281
49.8998 45.2758 24.4612 8.3524 179.202
49.9998 45.2668 24.5405 8.36662 179.122
50.0998 45.2577 24.6199 8.38084 179.043
50.1998 45.2484 24.6994 8.39503 178.963
50.2998 45.239 24.779 8.40921 178.884
50.3998 45.2295 24.8587 8.42338 178.804
50.4998 45.2198 24.9385 8.43753 178.724
50.5998 45.21 25.0185 8.45166 178.644
50.6998 45.2001 25.0986 8.46578 178.564
50.7998 45.19 25.1787 8.47988 178.484
50.8998 45.1799 25.259 8.49397 178.404
50.9998 45.1696 25.3394 8.50804 178.323
51.0998 45.1591 25.42 8.52209 178.243
51.1998 45.1486 25.5006 8.53613 178.162
51.2998 45.1379 25.5814 8.55015 178.081
51.3998 45.1271 25.6622 8.56416 178.001
51.4998 45.1162 25.7432 8.57814 177.92
51.5998 45.1051 25.8243 8.59212 177.839
51.6998 45.094 25.9055 8.60607 177.757
51.7998 45.0827 25.9868 8.62002 177.676
51.8998 45.0713 26.0682 8.63394 177.595
51.9998 45.0597 26.1498 8.64785 177.513
52.0998 45.0481 26.2314 8.66174 177.431
52.1998 45.0363 26.3132 8.67561 177.35
52.2998 45.0244 26.395 8.68947 177.268
52.3998 45.0124 26.477 8.70332 177.186
52.4998 45.0003 26.5591 8.71714 177.104
52.5998 44.988 26.6413 8.73095 177.022
52.6998 44.9756 26.7236 8.74474 176.939
52.7998 44.9632 26.806 8.75852 176.857
52.8998 44.9506 26.8886 8.77228 176.774
52.9998 44.9379 26.9712 8.78602 176.692
53.0998 44.925 27.0539 8.79974 176.609
53.1998 44.9121 27.1368 8.81345 176.526
53.2998 44.8991 27.2198 8.82715 176.443
53.3998 44.8859 27.3028 8.84082 176.36
53.4998 44.8726 27.386 8.85448 176.277
53.5998 44.8592 27.4693 8.86812 176.194
53.6998 44.8457 27.5527 8.88174 176.11
53.7998 44.8321 27.6362 8.89535 176.027
53.8997 44.8184 27.7198 8.90894 175.943
53.9997 44.8046 27.8035 8.92251 175.859
54.0997 44.7906 27.8873 8.93607 175.775
54.1997 44.7766 27.9713 8.94961 175.692
54.2997 44.7624 28.0553 8.96313 175.608
54.3997 44.7482 28.1394 8.97663 175.523
54.4997 44.7338 28.2237 8.99012 175.439
54.5997 44.7193 28.308 9.00359 175.355
54.6997 44.7048 28.3925 9.01704 175.27
54.7997 44.6901 28.477 9.03048 175.186
54.8997 44.6753 28.5617 9.04389 175.101
54.9997 44.6604 28.6464 9.05729 175.016
55.0997 44.6454 28.7313 9.07067 174.931
55.1997 44.6303 28.8163 9.08404 174.847
55.2997 44.6151 28.9014 9.09739 174.761
55.3997 44.5998 28.9865 9.11072 174.676
55.4997 44.5844 29.0718 9.12403 174.591
55.5997 44.5689 29.1572 9.13732 174.506
55.6997 44.5532 29.2427 9.1506 174.42
55.7997 44.5375 29.3283 9.16386 174.335
55.8997 44.5217 29.414 9.1771 174.249
55.9997 44.5058 29.4997 9.19032 174.163
56.0997 44.4898 29.5856 9.20352 174.077
56.1997 44.4737 29.6716 9.21671 173.991
56.2997 44.4575 29.7577 9.22988 173.905
56.3997 44.4412 29.8439 9.24303 173.819
56.4997 44.4248 29.9302 9.25616 173.733
56.5997 44.4083 30.0166 9.26928 173.646
56.6997 44.3917 30.1031 9.28237 173.56
56.7997 44.375 30.1897 9.29545 173.473
56.8997 44.3582 30.2764 9.30851 173.386
56.9997 44.3413 30.3632 9.32155 173.3
57.0997 44.3243 30.45 9.33458 173.213
57.1997 44.3073 30.537 9.34758 173.126
57.2997 44.2901 30.6241 9.36057 173.039
57.3997 44.2728 30.7113 9.37354 172.952
57.4997 44.2555 30.7986 9.38649 172.864
57.5997 44.2381 30.8859 9.39942 172.777
57.6997 44.2205 30.9734 9.41233 172.689
57.7997 44.2029 31.061 9.42522 172.602
57.8997 44.1852 31.1486 9.4381 172.514
57.9997 44.1674 31.2364 9.45096 172.426
58.0997 44.1495 31.3243 9.46379 172.339
58.1997 44.1315 31.4122 9.47661 172.251
58.2997 44.1134 31.5003 9.48941 172.163
58.3997 44.0952 31.5884 9.50219 172.074
58.4997 44.077 31.6766 9.51496 171.986
58.5997 44.0586 31.765 9.5277 171.898
58.6997 44.0402 31.8534 9.54043 171.809
58.7997 44.0217 31.9419 9.55313 171.721
58.8997 44.0031 32.0305 9.56582 171.632
58.9997 43.9844 32.1192 9.57849 171.544
59.0997 43.9656 32.208 9.59114 171.455
59.1997 43.9467 32.2969 9.60377 171.366
59.2997 43.9278 32.3859 9.61638 171.277
59.3997 43.9087 32.475 9.62897 171.188
59.4997 43.8896 32.5641 9.64154 171.099
59.5997 43.8704 32.6534 9.65409 171.009
59.6997 43.8511 32.7428 9.66662 170.92
59.7997 43.8317 32.8322 9.67914 170.831
59.8997 43.8123 32.9217 9.69163 170.741
59.9997 43.7927 33.0114 9.70411 170.651
60.0997 43.7731 33.1011 9.71656 170.562
60.1997 43.7534 33.1909 9.729 170.472
60.2997 43.7336 33.2808 9.74142 170.382
60.3997 43.7138 33.3708 9.75381 170.292
60.4996 43.6938 33.4608 9.76619 170.202
60.5996 43.6738 33.551 9.77855 170.112
60.6996 43.6537 33.6412 9.79088 170.022
60.7996 43.6335 33.7316 9.8032 169.931
60.8996 43.6132 33.822 9.8155 169.841
60.9996 43.5929 33.9125 9.82778 169.75
61.0996 43.5724 34.0031 9.84004 169.66
61.1996 43.5519 34.0938 9.85227 169.569
61.2996 43.5313 34.1846 9.86449 169.478
61.3996 43.5107 34.2755 9.87669 169.387
61.4996 43.4899 34.3664 9.88887 169.296
61.5996 43.4691 34.4574 9.90103 169.205
61.6996 43.4482 34.5486 9.91317 169.114
61.7996 43.4272 34.6398 9.92528 169.023
61.8996 43.4062 34.7311 9.93738 168.932
61.9996 43.3851 34.8225 9.94946 168.84
62.0996 43.3639 34.9139 9.96151 168.749
62.1996 43.3426 35.0055 9.97355 168.657
62.2996 43.3212 35.0971 9.98557 168.566
62.3996 43.2998 35.1888 9.99756 168.474
62.4996 43.2783 35.2806 10.0095 168.382
62.5996 43.2568 35.3725 10.0215 168.29
62.6996 43.2351 35.4645 10.0334 168.198
62.7996 43.2134 35.5565 10.0453 168.106
62.8996 43.1916 35.6487 10.0572 168.014
62.9996 43.1697 35.7409 10.0691 167.922
63.0996 43.1478 35.8332 10.081 167.83
63.1996 43.1258 35.9255 10.0928 167.737
63.2996 43.1037 36.018 10.1046 167.645
63.3996 43.0815 36.1105 10.1164 167.552
63.4996 43.0593 36.2032 10.1282 167.46
63.5996 43.037 36.2959 10.1399 167.367
63.6996 43.0147 36.3887 10.1516 167.274
63.7996 42.9922 36.4815 10.1633 167.181
63.8996 42.9697 36.5745 10.175 167.088
63.9996 42.9471 36.6675 10.1867 166.995
64.0996 42.9245 36.7606 10.1983 166.902
64.1996 42.9018 36.8538 10.2099 166.809
64.2996 42.879 36.947 10.2215 166.716
64.3996 42.8562 37.0404 10.2331 166.622
64.4996 42.8332 37.1338 10.2447 166.529
64.5996 42.8103 37.2273 10.2562 166.436
64.6996 42.7872 37.3208 10.2677 166.342
64.7996 42.7641 37.4145 10.2792 166.248
64.8996 42.7409 37.5082 10.2907 166.155
64.9996 42.7176 37.602 10.3021 166.061
65.0996 42.6943 37.6959 10.3136 165.967
65.1996 42.6709 37.7899 10.325 165.873
65.2996 42.6475 37.8839 10.3364 165.779
65.3996 42.6239 37.978 10.3477 165.685
65.4996 42.6004 38.0722 10.3591 165.591
65.5996 42.5767 38.1664 10.3704 165.496
65.6996 42.553 38.2608 10.3817 165.402
65.7996 42.5292 38.3552 10.393 165.308
65.8996 42.5054 38.4496 10.4042 165.213
65.9996 42.4815 38.5442 10.4154 165.119
66.0996 42.4575 38.6388 10.4266 165.024
66.1996 42.4335 38.7335 10.4378 164.929
66.2996 42.4094 38.8283 10.449 164.835
66.3996 42.3852 38.9231 10.4601 164.74
66.4996 42.361 39.0181 10.4713 164.645
66.5996 42.3367 39.113 10.4824 164.55
66.6996 42.3123 39.2081 10.4934 164.455
66.7996 42.2879 39.3032 10.5045 164.36
66.8996 42.2635 39.3984 10.5155 164.264
66.9995 42.2389 39.4937 10.5265 164.169
67.0995 42.2143 39.5891 10.5375 164.074
67.1995 42.1897 39.6845 10.5485 163.978
67.2995 42.165 39.78 10.5594 163.883
67.3995 42.1402 39.8755 10.5704 163.787
67.4995 42.1154 39.9711 10.5813 163.692
67.5995 42.0905 40.0668 10.5921 163.596
67.6995 42.0655 40.1626 10.603 163.5
67.7995 42.0405 40.2584 10.6138 163.404
67.8995 42.0154 40.3543 10.6246 163.308
67.9995 41.9903 40.4503 10.6354 163.213
68.0995 41.9651 40.5463 10.6462 163.116
68.1995 41.9398 40.6424 10.6569 163.02
68.2995 41.9145 40.7386 10.6676 162.924
68.3995 41.8892 40.8349 10.6783 162.828
68.4995 41.8637 40.9312 10.689 162.732
68.5995 41.8383 41.0275 10.6996 162.635
68.6995 41.8127 41.124 10.7102 162.539
68.7995 41.7871 41.2205 10.7208 162.442
68.8995 41.7615 41.317 10.7314 162.346
68.9995 41.7358 41.4137 10.742 162.249
69.0995 41.71 41.5104 10.7525 162.152
69.1995 41.6842 41.6071 10.763 162.056
69.2995 41.6583 41.7039 10.7735 161.959
69.3995 41.6324 41.8008 10.784 161.862
69.4995 41.6064 41.8978 10.7944 161.765
69.5995 41.5803 41.9948 10.8048 161.668
69.6995 41.5543 42.0919 10.8152 161.571
69.7995 41.5281 42.189 10.8256 161.474
69.8995 41.5019 42.2862 10.8359 161.377
69.9995 41.4756 42.3835 10.8462 161.279
70.0995 41.4493 42.4808 10.8565 161.182
70.1995 41.4229 42.5782 10.8668 161.085
70.2995 41.3965 42.6757 10.877 160.987
70.3995 41.37 42.7732 10.8873 160.89
70.4995 41.3435 42.8707 10.8975 160.792
70.5995 41.3169 42.9684 10.9076 160.694
70.6995 41.2903 43.0661 10.9178 160.597
70.7995 41.2636 43.1638 10.9279 160.499
70.8995 41.2369 43.2616 10.938 160.401
70.9995 41.2101 43.3595 10.9481 160.303
71.0995 41.1832 43.4574 10.9582 160.205
71.1995 41.1563 43.5554 10.9682 160.107
71.2995 41.1294 43.6535 10.9782 160.009
71.3995 41.1024 43.7516 10.9882 159.911
71.4995 41.0753 43.8497 10.9981 159.813
71.5995 41.0482 43.948 11.0081 159.715
71.6995 41.0211 44.0462 11.018 159.617
71.7995 40.9939 44.1446 11.0279 159.518
71.8995 40.9666 44.243 11.0377 159.42
71.9995 40.9393 44.3414 11.0476 159.321
72.0995 40.912 44.4399 11.0574 159.223
72.1995 40.8846 44.5385 11.0672 159.124
72.2995 40.8571 44.6371 11.0769 159.026
72.3995 40.8296 44.7357 11.0867 158.927
72.4995 40.8021 44.8345 11.0964 158.828
72.5995 40.7745 44.9332 11.1061 158.73
72.6995 40.7468 45.0321 11.1157 158.631
72.7995 40.7191 45.131 11.1254 158.532
72.8995 40.6914 45.2299 11.135 158.433
72.9995 40.6636 45.3289 11.1446 158.334
73.0995 40.6357 45.4279 11.1541 158.235
73.1995 40.6078 45.527 11.1637 158.136
73.2995 40.5799 45.6262 11.1732 158.037
73.3995 40.5519 45.7254 11.1827 157.937
73.4995 40.5239 45.8246 11.1921 157.838
73.5994 40.4958 45.9239 11.2016 157.739
73.6994 40.4677 46.0233 11.211 157.64
73.7994 40.4395 46.1227 11.2204 157.54
73.8994 40.4113 46.2221 11.2297 157.441
73.9994 40.383 46.3216 11.239 157.341
74.0994 40.3547 46.4212 11.2484 157.242
74.1994 40.3263 46.5208 11.2576 157.142
74.2994 40.2979 46.6205 11.2669 157.042
74.3994 40.2695 46.7202 11.2761 156.943
74.4994 40.241 46.8199 11.2853 156.843
74.5994 40.2125 46.9197 11.2945 156.743
74.6994 40.1839 47.0196 11.3037 156.643
74.7994 40.1552 47.1195 11.3128 156.543
74.8994 40.1266 47.2194 11.3219 156.443
74.9994 40.0978 47.3194 11.331 156.343
75.0994 40.0691 47.4194 11.34 156.243
75.1994 40.0403 47.5195 11.3491 156.143
75.2994 40.0114 47.6196 11.3581 156.043
75.3994 39.9825 47.7198 11.367 155.943
75.4994 39.9536 47.82 11.376 155.843
75.5994 39.9246 47.9203 11.3849 155.743
75.6994 39.8956 48.0206 11.3938 155.642
75.7994 39.8665 48.121 11.4027 155.542
75.8994 39.8374 48.2214 11.4115 155.441
75.9994 39.8082 48.3218 11.4203 155.341
76.0994 39.779 48.4223 11.4291 155.241
76.1994 39.7498 48.5228 11.4379 155.14
76.2994 39.7205 48.6234 11.4466 155.039
76.3994 39.6912 48.724 11.4553 154.939
76.4994 39.6618 48.8247 11.464 154.838
76.5994 39.6324 48.9254 11.4727 154.737
76.6994 39.6029 49.0261 11.4813 154.637
76.7994 39.5734 49.1269 11.4899 154.536
76.8994 39.5439 49.2277 11.4985 154.435
76.9994 39.5143 49.3286 11.507 154.334
77.0994 39.4847 49.4295 11.5156 154.233
77.1994 39.455 49.5305 11.5241 154.132
77.2994 39.4253 49.6314 11.5325 154.031
77.3994 39.3956 49.7325 11.541 153.93
77.4994 39.3658 49.8335 11.5494 153.829
77.5994 39.336 49.9347 11.5578 153.728
77.6994 39.3061 50.0358 11.5661 153.627
77.7994 39.2762 50.137 11.5745 153.526
77.8994 39.2463 50.2382 11.5828 153.425
77.9994 39.2163 50.3395 11.5911 153.323
78.0994 39.1863 50.4408 11.5993 153.222
78.1994 39.1562 50.5421 11.6075 153.121
78.2994 39.1261 50.6435 11.6157 153.019
78.3994 39.0959 50.7449 11.6239 152.918
78.4994 39.0658 50.8463 11.632 152.816
78.5994 39.0355 50.9478 11.6402 152.715
78.6994 39.0053 51.0493 11.6482 152.613
78.7994 38.975 51.1509 11.6563 152.512
78.8994 38.9447 51.2525 11.6643 152.41
78.9994 38.9143 51.3541 11.6723 152.309
79.0994 38.8839 51.4557 11.6803 152.207
79.1994 38.8534 51.5574 11.6883 152.105
79.2994 38.8229 51.6592 11.6962 152.004
79.3994 38.7924 51.7609 11.7041 151.902
79.4994 38.7618 51.8627 11.7119 151.8
79.5994 38.7312 51.9645 11.7198 151.698
79.6994 38.7006 52.0664 11.7276 151.596
79.7994 38.6699 52.1683 11.7354 151.495
79.8994 38.6392 52.2702 11.7431 151.393
79.9994 38.6084 52.3721 11.7508 151.291
80.0993 38.5777 52.4741 11.7585 151.189
80.1993 38.5468 52.5761 11.7662 151.087
80.2993 38.516 52.6782 11.7738 150.985
80.3993 38.4851 52.7803 11.7814 150.883
80.4993 38.4541 52.8824 11.789 150.78
80.5993 38.4232 52.9845 11.7966 150.678
80.6993 38.3922 53.0867 11.8041 150.576
80.7993 38.3611 53.1889 11.8116 150.474
80.8993 38.33 53.2911 11.8191 150.372
80.9993 38.2989 53.3933 11.8265 150.269
81.0993 38.2678 53.4956 11.8339 150.167
81.1993 38.2366 53.5979 11.8413 150.065
81.2993 38.2054 53.7003 11.8487 149.963
81.3993 38.1741 53.8026 11.856 149.86
81.4993 38.1428 53.905 11.8633 149.758
81.5993 38.1115 54.0074 11.8705 149.655
81.6993 38.0801 54.1099 11.8778 149.553
81.7993 38.0487 54.2124 11.885 149.45
81.8993 38.0173 54.3149 11.8922 149.348
81.9993 37.9859 54.4174 11.8993 149.245
82.0993 37.9544 54.5199 11.9064 149.143
82.1993 37.9228 54.6225 11.9135 149.04
82.2993 37.8913 54.7251 11.9206 148.938
82.3993 37.8597 54.8277 11.9276 148.835
82.4993 37.828 54.9304 11.9346 148.732
82.5993 37.7964 55.033 11.9416 148.63
82.6993 37.7646 55.1357 11.9485 148.527
82.7993 37.7329 55.2384 11.9554 148.424
82.8993 37.7011 55.3412 11.9623 148.322
82.9993 37.6693 55.4439 11.9692 148.219
83.0993 37.6375 55.5467 11.976 148.116
83.1993 37.6056 55.6495 11.9828 148.013
83.2993 37.5737 55.7523 11.9896 147.91
83.3993 37.5418 55.8552 11.9963 147.808
83.4993 37.5098 55.958 12.003 147.705
83.5993 37.4778 56.0609 12.0097 147.602
83.6993 37.4458 56.1638 12.0163 147.499
83.7993 37.4137 56.2668 12.0229 147.396
83.8993 37.3817 56.3697 12.0295 147.293
83.9993 37.3495 56.4727 12.0361 147.19
84.0993 37.3174 56.5757 12.0426 147.087
84.1993 37.2852 56.6787 12.0491 146.984
84.2993 37.253 56.7817 12.0556 146.881
84.3993 37.2207 56.8847 12.062 146.778
84.4993 37.1884 56.9878 12.0684 146.675
84.5993 37.1561 57.0908 12.0748 146.572
84.6993 37.1237 57.1939 12.0811 146.469
84.7993 37.0914 57.297 12.0874 146.366
84.8993 37.059 57.4002 12.0937 146.263
84.9993 37.0265 57.5033 12.1 146.16
85.0993 36.994 57.6065 12.1062 146.056
85.1993 36.9615 57.7096 12.1124 145.953
85.2993 36.929 57.8128 12.1185 145.85
85.3993 36.8964 57.916 12.1247 145.747
85.4993 36.8638 58.0192 12.1308 145.644
85.5993 36.8312 58.1225 12.1368 145.54
85.6993 36.7986 58.2257 12.1429 145.437
85.7993 36.7659 58.329 12.1489 145.334
85.8993 36.7332 58.4322 12.1548 145.231
85.9993 36.7004 58.5355 12.1608 145.127
86.0993 36.6676 58.6388 12.1667 145.024
86.1993 36.6348 58.7421 12.1726 144.921
86.2993 36.602 58.8454 12.1784 144.817
86.3993 36.5691 58.9488 12.1842 144.714
86.4993 36.5362 59.0521 12.19 144.611
86.5993 36.5033 59.1555 12.1958 144.507
86.6992 36.4704 59.2588 12.2015 144.404
86.7992 36.4374 59.3622 12.2072 144.301
86.8992 36.4044 59.4656 12.2129 144.197
86.9992 36.3713 59.569 12.2185 144.094
87.0992 36.3383 59.6724 12.2241 143.99
87.1992 36.3052 59.7758 12.2297 143.887
87.2992 36.2721 59.8792 12.2352 143.784
87.3992 36.2389 59.9827 12.2407 143.68
87.4992 36.2057 60.0861 12.2462 143.577
87.5992 36.1725 60.1895 12.2516 143.473
87.6992 36.1393 60.293 12.257 143.37
87.7992 36.106 60.3965 12.2624 143.266
87.8992 36.0727 60.4999 12.2677 143.163
87.9992 36.0394 60.6034 12.273 143.059
88.0992 36.006 60.7069 12.2783 142.956
88.1992 35.9727 60.8104 12.2836 142.852
88.2992 35.9393 60.9139 12.2888 142.749
88.3992 35.9058 61.0174 12.294 142.645
88.4992 35.8724 61.1209 12.2991 142.542
88.5992 35.8389 61.2244 12.3042 142.438
88.6992 35.8054 61.3279 12.3093 142.335
88.7992 35.7718 61.4314 12.3144 142.231
88.8992 35.7383 61.5349 12.3194 142.128
88.9992 35.7047 61.6385 12.3244 142.024
89.0992 35.671 61.742 12.3293 141.921
89.1992 35.6374 61.8455 12.3342 141.817
89.2992 35.6037 61.949 12.3391 141.714
89.3992 35.57 62.0526 12.344 141.61
89.4992 35.5363 62.1561 12.3488 141.507
89.5992 35.5025 62.2597 12.3536 141.403
89.6992 35.4687 62.3632 12.3584 141.3
89.7992 35.4349 62.4667 12.3631 141.196
89.8992 35.4011 62.5703 12.3678 141.093
89.9992 35.3672 62.6738 12.3724 140.989
90.0992 35.3334 62.7774 12.3771 140.885
90.1992 35.2994 62.8809 12.3816 140.782
90.2992 35.2655 62.9844 12.3862 140.678
90.3992 35.2315 63.088 12.3907 140.575
90.4992 35.1976 63.1915 12.3952 140.471
90.5992 35.1635 63.2951 12.3997 140.368
90.6992 35.1295 63.3986 12.4041 140.264
90.7992 35.0954 63.5021 12.4085 140.161
90.8992 35.0613 63.6057 12.4129 140.057
90.9992 35.0272 63.7092 12.4172 139.954
91.0992 34.9931 63.8127 12.4215 139.85
91.1992 34.9589 63.9162 12.4257 139.747
91.2992 34.9247 64.0197 12.43 139.643
91.3992 34.8905 64.1233 12.4342 139.54
91.4992 34.8563 64.2268 12.4383 139.436
91.5992 34.822 64.3303 12.4424 139.333
91.6992 34.7877 64.4338 12.4465 139.229
91.7992 34.7534 64.5373 12.4506 139.126
91.8992 34.7191 64.6408 12.4546 139.022
91.9992 34.6847 64.7442 12.4586 138.919
92.0992 34.6503 64.8477 12.4625 138.815
92.1992 34.6159 64.9512 12.4665 138.712
92.2992 34.5815 65.0546 12.4703 138.608
92.3992 34.547 65.1581 12.4742 138.505
92.4992 34.5125 65.2615 12.478 138.401
92.5992 34.478 65.365 12.4818 138.298
92.6992 34.4435 65.4684 12.4855 138.194
92.7992 34.4089 65.5718 12.4893 138.091
92.8992 34.3744 65.6753 12.4929 137.988
92.9992 34.3398 65.7787 12.4966 137.884
93.0992 34.3051 65.8821 12.5002 137.781
93.1992 34.2705 65.9854 12.5038 137.677
93.2991 34.2358 66.0888 12.5073 137.574
93.3991 34.2011 66.1922 12.5108 137.471
93.4991 34.1664 66.2955 12.5143 137.367
93.5991 34.1317 66.3989 12.5177 137.264
93.6991 34.0969 66.5022 12.5211 137.161
93.7991 34.0621 66.6055 12.5245 137.057
93.8991 34.0273 66.7088 12.5278 136.954
93.9991 33.9925 66.8121 12.5311 136.851
94.0991 33.9576 66.9154 12.5344 136.747
94.1991 33.9227 67.0187 12.5376 136.644
94.2991 33.8878 67.1219 12.5408 136.541
94.3991 33.8529 67.2252 12.5439 136.438
94.4991 33.818 67.3284 12.5471 136.334
94.5991 33.783 67.4316 12.5502 136.231
94.6991 33.748 67.5348 12.5532 136.128
94.7991 33.713 67.638 12.5562 136.025
94.8991 33.678 67.7412 12.5592 135.922
94.9991 33.6429 67.8443 12.5621 135.818
95.0991 33.6078 67.9475 12.565 135.715
95.1991 33.5727 68.0506 12.5679 135.612
95.2991 33.5376 68.1537 12.5708 135.509
95.3991 33.5025 68.2568 12.5736 135.406
95.4991 33.4673 68.3599 12.5763 135.303
95.5991 33.4321 68.4629 12.5791 135.2
95.6991 33.3969 68.566 12.5817 135.097
95.7991 33.3617 68.669 12.5844 134.994
95.8991 33.3264 68.772 12.587 134.891
95.9991 33.2911 68.875 12.5896 134.788
96.0991 33.2558 68.9779 12.5922 134.685
96.1991 33.2205 69.0809 12.5947 134.582
96.2991 33.1852 69.1838 12.5972 134.479
96.3991 33.1498 69.2867 12.5996 134.376
96.4991 33.1145 69.3896 12.602 134.273
96.5991 33.0791 69.4925 12.6044 134.17
96.6991 33.0436 69.5953 12.6067 134.067
96.7991 33.0082 69.6982 12.609 133.965
96.8991 32.9727 69.801 12.6113 133.862
96.9991 32.9373 69.9037 12.6135 133.759
97.0991 32.9018 70.0065 12.6157 133.656
97.1991 32.8662 70.1092 12.6178 133.554
97.2991 32.8307 70.2119 12.6199 133.451
97.3991 32.7951 70.3146 12.622 133.348
97.4991 32.7595 70.4173 12.6241 133.246
97.5991 32.7239 70.5199 12.6261 133.143
97.6991 32.6883 70.6226 12.628 133.04
97.7991 32.6527 70.7252 12.63 132.938
97.8991 32.617 70.8277 12.6318 132.835
97.9991 32.5813 70.9303 12.6337 132.733
98.0991 32.5456 71.0328 12.6355 132.63
98.1991 32.5099 71.1353 12.6373 132.528
98.2991 32.4741 71.2378 12.639 132.425
98.3991 32.4384 71.3402 12.6408 132.323
98.4991 32.4026 71.4426 12.6424 132.22
98.5991 32.3668 71.545 12.6441 132.118
98.6991 32.331 71.6474 12.6457 132.015
98.7991 32.2951 71.7497 12.6472 131.913
98.8991 32.2593 71.852 12.6487 131.811
98.9991 32.2234 71.9543 12.6502 131.708
99.0991 32.1875 72.0566 12.6517 131.606
99.1991 32.1516 72.1588 12.6531 131.504
99.2991 32.1156 72.261 12.6544 131.402
99.3991 32.0797 72.3632 12.6558 131.3
99.4991 32.0437 72.4653 12.6571 131.198
99.5991 32.0077 72.5674 12.6583 131.095
99.6991 31.9717 72.6695 12.6596 130.993
99.799 31.9356 72.7715 12.6607 130.891
99.899 31.8996 72.8735 12.6619 130.789
99.999 31.8635 72.9755 12.663 130.687
100.099 31.8274 73.0775 12.6641 130.585
100.199 31.7913 73.1794 12.6651 130.483
100.299 31.7552 73.2813 12.6661 130.382
100.399 31.719 73.3831 12.667 130.28
100.499 31.6829 73.485 12.668 130.178
100.599 31.6467 73.5868 12.6688 130.076
100.699 31.6105 73.6885 12.6697 129.974
100.799 31.5743 73.7902 12.6705 129.873
100.899 31.538 73.8919 12.6712 129.771
100.999 31.5018 73.9936 12.672 129.669
101.099 31.4655 74.0952 12.6726 129.568
101.199 31.4292 74.1968 12.6733 129.466
101.299 31.3929 74.2984 12.6739 129.364
101.399 31.3566 74.3999 12.6745 129.263
101.499 31.3202 74.5014 12.675 129.161
101.599 31.2839 74.6028 12.6755 129.06
101.699 31.2475 74.7042 12.676 128.959
101.799 31.2111 74.8056 12.6764 128.857
101.899 31.1747 74.9069 12.6767 128.756
101.999 31.1382 75.0082 12.6771 128.655
102.099 31.1018 75.1095 12.6774 128.553
102.199 31.0653 75.2107 12.6776 128.452
102.299 31.0288 75.3119 12.6779 128.351
102.399 30.9923 75.413 12.6781 128.25
102.499 30.9558 75.5141 12.6782 128.149
102.599 30.9193 75.6152 12.6783 128.048
102.699 30.8827 75.7162 12.6784 127.947
102.799 30.8461 75.8172 12.6784 127.846
102.899 30.8096 75.9182 12.6784 127.745
102.999 30.773 76.0191 12.6783 127.644
103.099 30.7363 76.12 12.6782 127.543
103.199 30.6997 76.2208 12.6781 127.442
103.299 30.663 76.3216 12.6779 127.341
103.399 30.6264 76.4223 12.6777 127.241
103.499 30.5897 76.523 12.6775 127.14
103.599 30.553 76.6237 12.6772 127.039
103.699 30.5162 76.7243 12.6768 126.939
103.799 30.4795 76.8249 12.6765 126.838
103.899 30.4427 76.9254 12.6761 126.737
103.999 30.406 77.0259 12.6756 126.637
104.099 30.3692 77.1263 12.6751 126.536
104.199 30.3324 77.2267 12.6746 126.436
104.299 30.2955 77.3271 12.674 126.336
104.399 30.2587 77.4274 12.6734 126.235
104.499 30.2218 77.5277 12.6728 126.135
104.599 30.185 77.6279 12.6721 126.035
104.699 30.1481 77.7281 12.6714 125.935
104.799 30.1112 77.8282 12.6706 125.835
104.899 30.0743 77.9283 12.6698 125.735
104.999 30.0373 78.0283 12.6689 125.634
105.099 30.0004 78.1283 12.668 125.535
105.199 29.9634 78.2282 12.6671 125.435
105.299 29.9264 78.3281 12.6661 125.335
105.399 29.8894 78.428 12.6651 125.235
105.499 29.8524 78.5278 12.6641 125.135
105.599 29.8154 78.6275 12.663 125.035
105.699 29.7783 78.7272 12.6618 124.936
105.799 29.7413 78.8269 12.6607 124.836
105.899 29.7042 78.9265 12.6595 124.736
105.999 29.6671 79.0261 12.6582 124.637
106.099 29.63 79.1256 12.6569 124.537
106.199 29.5929 79.225 12.6556 124.438
106.299 29.5557 79.3244 12.6542 124.338
106.399 29.5186 79.4238 12.6528 124.239
106.499 29.4814 79.5231 12.6513 124.14
106.599 29.4442 79.6223 12.6498 124.04
106.699 29.407 79.7215 12.6483 123.941
106.799 29.3698 79.8207 12.6467 123.842
106.899 29.3326 79.9198 12.6451 123.743
106.999 29.2953 80.0188 12.6434 123.644
107.099 29.2581 80.1178 12.6417 123.545
107.199 29.2208 80.2168 12.64 123.446
107.299 29.1835 80.3157 12.6382 123.347
107.399 29.1462 80.4145 12.6363 123.248
107.499 29.1089 80.5133 12.6345 123.15
107.599 29.0715 80.612 12.6326 123.051
107.699 29.0342 80.7107 12.6306 122.952
107.799 28.9968 80.8093 12.6286 122.854
107.899 28.9594 80.9078 12.6266 122.755
107.999 28.9221 81.0063 12.6245 122.656
108.099 28.8846 81.1048 12.6224 122.558
108.199 28.8472 81.2032 12.6202 122.46
108.299 28.8098 81.3015 12.618 122.361
108.399 28.7723 81.3998 12.6158 122.263
108.499 28.7349 81.498 12.6135 122.165
108.599 28.6974 81.5962 12.6111 122.067
108.699 28.6599 81.6943 12.6088 121.969
108.799 28.6224 81.7923 12.6064 121.871
108.899 28.5849 81.8903 12.6039 121.773
108.999 28.5473 81.9882 12.6014 121.675
109.099 28.5098 82.0861 12.5989 121.577
109.199 28.4722 82.1839 12.5963 121.479
109.299 28.4346 82.2817 12.5937 121.381
109.399 28.397 82.3794 12.591 121.283
109.499 28.3594 82.477 12.5883 121.186
109.599 28.3218 82.5746 12.5855 121.088
109.699 28.2842 82.6721 12.5827 120.991
109.799 28.2465 82.7695 12.5799 120.893
109.899 28.2089 82.8669 12.577 120.796
109.999 28.1712 82.9643 12.5741 120.699
110.099 28.1335 83.0615 12.5711 120.601
110.199 28.0958 83.1587 12.5681 120.504
110.299 28.0581 83.2559 12.5651 120.407
110.399 28.0204 83.3529 12.562 120.31
110.499 27.9826 83.45 12.5589 120.213
110.599 27.9449 83.5469 12.5557 120.116
110.699 27.9071 83.6438 12.5525 120.019
110.799 27.8693 83.7406 12.5492 119.922
110.899 27.8315 83.8374 12.5459 119.825
110.999 27.7937 83.9341 12.5426 119.729
111.099 27.7559 84.0307 12.5392 119.632
111.199 27.718 84.1273 12.5357 119.536
111.299 27.6802 84.2238 12.5323 119.439
111.399 27.6423 84.3202 12.5287 119.343
111.499 27.6045 84.4166 12.5252 119.246
111.599 27.5666 84.5129 12.5216 119.15
111.699 27.5287 84.6091 12.5179 119.054
111.799 27.4908 84.7053 12.5142 118.957
111.899 27.4528 84.8014 12.5105 118.861
111.999 27.4149 84.8975 12.5067 118.765
112.099 27.3769 84.9934 12.5029 118.669
112.199 27.339 85.0893 12.499 118.573
112.299 27.301 85.1852 12.4951 118.478
112.399 27.263 85.2809 12.4912 118.382
112.499 27.225 85.3766 12.4872 118.286
112.599 27.187 85.4722 12.4832 118.191
112.699 27.1489 85.5678 12.4791 118.095
112.799 27.1109 85.6633 12.4749 118
112.899 27.0729 85.7587 12.4708 117.904
112.999 27.0348 85.8541 12.4666 117.809
113.099 26.9967 85.9493 12.4623 117.713
113.199 26.9586 86.0445 12.458 117.618
113.299 26.9205 86.1397 12.4537 117.523
113.399 26.8824 86.2347 12.4493 117.428
113.499 26.8443 86.3297 12.4448 117.333
113.599 26.8061 86.4246 12.4404 117.238
113.699 26.768 86.5195 12.4358 117.143
113.799 26.7298 86.6143 12.4313 117.049
113.899 26.6916 86.709 12.4267 116.954
113.999 26.6534 86.8036 12.422 116.859
114.099 26.6152 86.8981 12.4173 116.765
114.199 26.577 86.9926 12.4126 116.67
114.299 26.5388 87.087 12.4078 116.576
114.399 26.5006 87.1814 12.403 116.481
114.499 26.4623 87.2756 12.3981 116.387
114.599 26.4241 87.3698 12.3932 116.293
114.699 26.3858 87.4639 12.3882 116.199
114.799 26.3475 87.5579 12.3832 116.105
114.899 26.3092 87.6519 12.3782 116.011
114.999 26.2709 87.7458 12.3731 115.917
115.099 26.2326 87.8396 12.3679 115.823
115.199 26.1942 87.9333 12.3627 115.73
115.299 26.1559 88.027 12.3575 115.636
115.399 26.1175 88.1205 12.3522 115.542
115.499 26.0792 88.214 12.3469 115.449
115.599 26.0408 88.3074 12.3416 115.355
115.699 26.0024 88.4008 12.3362 115.262
115.799 25.964 88.494 12.3307 115.169
115.899 25.9256 88.5872 12.3252 115.076
115.999 25.8872 88.6803 12.3197 114.982
116.099 25.8487 88.7734 12.3141 114.889
116.199 25.8103 88.8663 12.3085 114.797
116.299 25.7718 88.9592 12.3028 114.704
116.399 25.7334 89.0519 12.2971 114.611
116.499 25.6949 89.1447 12.2913 114.518
116.599 25.6564 89.2373 12.2855 114.426
116.699 25.6179 89.3298 12.2796 114.333
116.799 25.5794 89.4223 12.2737 114.241
116.899 25.5409 89.5147 12.2678 114.148
116.999 25.5023 89.607 12.2618 114.056
117.099 25.4638 89.6992 12.2558 113.964
117.199 25.4252 89.7913 12.2497 113.872
117.299 25.3866 89.8834 12.2435 113.779
117.399 25.3481 89.9753 12.2374 113.687
117.499 25.3095 90.0672 12.2312 113.596
117.599 25.2709 90.159 12.2249 113.504
117.699 25.2323 90.2507 12.2186 113.412
117.799 25.1936 90.3424 12.2122 113.32
117.899 25.155 90.4339 12.2058 113.229
117.999 25.1164 90.5254 12.1994 113.137
118.099 25.0777 90.6168 12.1929 113.046
118.199 25.039 90.7081 12.1864 112.955
118.299 25.0004 90.7993 12.1798 112.864
118.399 24.9617 90.8904 12.1732 112.772
118.499 24.923 90.9814 12.1665 112.681
118.599 24.8843 91.0724 12.1598 112.59
118.699 24.8456 91.1633 12.153 112.5
118.799 24.8068 91.254 12.1462 112.409
118.899 24.7681 91.3447 12.1393 112.318
118.999 24.7293 91.4353 12.1324 112.227
119.099 24.6906 91.5258 12.1255 112.137
119.199 24.6518 91.6163 12.1185 112.047
119.299 24.613 91.7066 12.1115 111.956
119.399 24.5742 91.7969 12.1044 111.866
119.499 24.5354 91.887 12.0973 111.776
119.599 24.4966 91.9771 12.0901 111.686
119.699 24.4578 92.0671 12.0829 111.596
119.799 24.419 92.157 12.0756 111.506
119.899 24.3801 92.2468 12.0683 111.416
119.999 24.3413 92.3365 12.0609 111.326
120.099 24.3024 92.4261 12.0535 111.237
120.199 24.2636 92.5157 12.0461 111.147
120.299 24.2247 92.6051 12.0386 111.058
120.399 24.1858 92.6945 12.031 110.968
120.499 24.1469 92.7837 12.0234 110.879
120.599 24.108 92.8729 12.0158 110.79
120.699 24.069 92.962 12.0081 110.701
120.799 24.0301 93.051 12.0004 110.612
120.899 23.9912 93.1399 11.9926 110.523
120.999 23.9522 93.2287 11.9848 110.434
121.099 23.9133 93.3174 11.9769 110.345
121.199 23.8743 93.406 11.969 110.257
121.299 23.8353 93.4945 11.9611 110.168
121.399 23.7963 93.5829 11.953 110.08
121.499 23.7573 93.6713 11.945 109.992
121.599 23.7183 93.7595 11.9369 109.903
121.699 23.6793 93.8476 11.9287 109.815
121.799 23.6403 93.9357 11.9206 109.727
121.899 23.6012 94.0236 11.9123 109.639
121.999 23.5622 94.1115 11.904 109.551
122.099 23.5231 94.1993 11.8957 109.464
122.199 23.4841 94.2869 11.8873 109.376
122.299 23.445 94.3745 11.8789 109.288
122.399 23.4059 94.462 11.8704 109.201
122.499 23.3668 94.5493 11.8619 109.113
122.599 23.3277 94.6366 11.8533 109.026
122.699 23.2886 94.7238 11.8447 108.939
122.799 23.2495 94.8109 11.8361 108.852
122.899 23.2103 94.8979 11.8274 108.765
122.999 23.1712 94.9848 11.8186 108.678
123.099 23.1321 95.0715 11.8098 108.591
123.199 23.0929 95.1582 11.801 108.505
123.299 23.0537 95.2448 11.7921 108.418
123.399 23.0146 95.3313 11.7831 108.331
123.499 22.9754 95.4177 11.7741 108.245
123.599 22.9362 95.504 11.7651 108.159
123.699 22.897 95.5902 11.756 108.073
123.799 22.8578 95.6763 11.7469 107.987
123.899 22.8185 95.7623 11.7377 107.901
123.999 22.7793 95.8482 11.7285 107.815
124.099 22.7401 95.934 11.7192 107.729
124.199 22.7008 96.0197 11.7099 107.643
124.299 22.6616 96.1052 11.7005 107.558
124.399 22.6223 96.1907 11.6911 107.472
124.499 22.583 96.2761 11.6817 107.387
124.599 22.5438 96.3614 11.6722 107.301
124.699 22.5045 96.4466 11.6626 107.216
124.799 22.4652 96.5317 11.653 107.131
124.899 22.4259 96.6166 11.6434 107.046
124.999 22.3865 96.7015 11.6337 106.961
125.099 22.3472 96.7863 11.6239 106.877
125.199 22.3079 96.8709 11.6141 106.792
125.299 22.2685 96.9555 11.6043 106.707
125.399 22.2292 97.0399 11.5944 106.623
125.499 22.1898 97.1243 11.5845 106.539
125.599 22.1504 97.2085 11.5745 106.454
125.699 22.1111 97.2927 11.5645 106.37
125.799 22.0717 97.3767 11.5544 106.286
125.899 22.0323 97.4606 11.5443 106.202
125.999 21.9929 97.5445 11.5341 106.118
126.099 21.9535 97.6282 11.5239 106.035
126.199 21.9141 97.7118 11.5137 105.951
126.299 21.8746 97.7953 11.5033 105.868
126.399 21.8352 97.8787 11.493 105.784
126.499 21.7958 97.962 11.4826 105.701
126.599 21.7563 98.0451 11.4721 105.618
126.699 21.7168 98.1282 11.4616 105.535
126.799 21.6774 98.2112 11.4511 105.452
126.899 21.6379 98.294 11.4405 105.369
126.999 21.5984 98.3768 11.4298 105.286
127.099 21.5589 98.4594 11.4192 105.203
127.199 21.5194 98.542 11.4084 105.121
127.299 21.4799 98.6244 11.3976 105.038
127.399 21.4404 98.7067 11.3868 104.956
127.499 21.4009 98.7889 11.3759 104.874
127.599 21.3613 98.871 11.365 104.792
127.699 21.3218 98.953 11.354 104.71
127.799 21.2822 99.0348 11.343 104.628
127.899 21.2427 99.1166 11.3319 104.546
127.999 21.2031 99.1982 11.3208 104.465
128.099 21.1636 99.2798 11.3097 104.383
128.199 21.124 99.3612 11.2984 104.302
128.299 21.0844 99.4425 11.2872 104.22
128.399 21.0448 99.5237 11.2759 104.139
128.499 21.0052 99.6048 11.2645 104.058
128.599 20.9656 99.6858 11.2531 103.977
128.699 20.9259 99.7667 11.2417 103.896
128.799 20.8863 99.8474 11.2302 103.815
128.899 20.8467 99.9281 11.2186 103.735
128.999 20.807 100.009 11.207 103.654
129.099 20.7674 100.089 11.1954 103.574
129.199 20.7277 100.169 11.1837 103.493
129.299 20.688 100.25 11.1719 103.413
129.399 20.6484 100.33 11.1602 103.333
129.499 20.6087 100.41 11.1483 103.253
129.599 20.569 100.489 11.1364 103.173
129.699 20.5293 100.569 11.1245 103.094
129.799 20.4896 100.649 11.1125 103.014
129.899 20.4499 100.728 11.1005 102.935
129.999 20.4102 100.808 11.0884 102.855
130.099 20.3704 100.887 11.0763 102.776
130.199 20.3307 100.966 11.0641 102.697
130.299 20.291 101.045 11.0519 102.618
130.399 20.2512 101.124 11.0397 102.539
130.499 20.2115 101.203 11.0274 102.46
130.599 20.1717 101.281 11.015 102.381
130.699 20.1319 101.36 11.0026 102.303
130.799 20.0921 101.439 10.9901 102.224
130.899 20.0524 101.517 10.9776 102.146
130.999 20.0126 101.595 10.9651 102.068
131.099 19.9728 101.673 10.9525 101.99
131.199 19.933 101.751 10.9398 101.912
131.299 19.8931 101.829 10.9271 101.834
131.399 19.8533 101.907 10.9144 101.756
131.499 19.8135 101.984 10.9016 101.678
131.599 19.7737 102.062 10.8888 101.601
131.699 19.7338 102.139 10.8759 101.524
131.799 19.694 102.216 10.8629 101.446
131.899 19.6541 102.294 10.85 101.369
131.999 19.6143 102.371 10.8369 101.292
132.099 19.5744 102.447 10.8239 101.215
132.199 19.5345 102.524 10.8107 101.139
132.299 19.4946 102.601 10.7976 101.062
132.399 19.4547 102.677 10.7843 100.985
132.499 19.4148 102.754 10.7711 100.909
132.599 19.3749 102.83 10.7578 100.833
132.699 19.335 102.906 10.7444 100.757
132.799 19.2951 102.982 10.731 100.68
132.899 19.2552 103.058 10.7175 100.605
132.999 19.2153 103.134 10.704 100.529
133.099 19.1753 103.21 10.6905 100.453
133.199 19.1354 103.285 10.6769 100.378
133.299 19.0954 103.361 10.6632 100.302
133.399 19.0555 103.436 10.6495 100.227
133.499 19.0155 103.511 10.6358 100.152
133.599 18.9755 103.586 10.622 100.077
133.699 18.9356 103.661 10.6081 100.002
133.799 18.8956 103.736 10.5942 99.9269
133.899 18.8556 103.811 10.5803 99.8522
133.999 18.8156 103.885 10.5663 99.7776
134.099 18.7756 103.96 10.5523 99.7032
134.199 18.7356 104.034 10.5382 99.6289
134.299 18.6956 104.108 10.5241 99.5547
134.399 18.6555 104.182 10.5099 99.4807
134.499 18.6155 104.256 10.4957 99.4068
134.599 18.5755 104.33 10.4814 99.333
134.699 18.5354 104.404 10.4671 99.2593
134.799 18.4954 104.477 10.4527 99.1858
134.899 18.4553 104.55 10.4383 99.1124
134.999 18.4153 104.624 10.4239 99.0391
135.099 18.3752 104.697 10.4093 98.9659
135.199 18.3351 104.77 10.3948 98.8929
135.299 18.295 104.843 10.3802 98.82
135.399 18.255 104.916 10.3655 98.7472
135.499 18.2149 104.988 10.3508 98.6746
135.599 18.1748 105.061 10.3361 98.602
135.699 18.1347 105.133 10.3213 98.5297
135.799 18.0945 105.205 10.3065 98.4574
135.899 18.0544 105.278 10.2916 98.3853
135.999 18.0143 105.35 10.2766 98.3133
136.099 17.9742 105.421 10.2616 98.2414
136.199 17.934 105.493 10.2466 98.1697
136.299 17.8939 105.565 10.2315 98.0981
136.399 17.8538 105.636 10.2164 98.0266
136.499 17.8136 105.708 10.2012 97.9552
136.599 17.7734 105.779 10.186 97.884
136.699 17.7333 105.85 10.1707 97.8129
136.799 17.6931 105.921 10.1554 97.742
136.899 17.6529 105.992 10.1401 97.6712
136.999 17.6127 106.062 10.1247 97.6005
137.099 17.5726 106.133 10.1092 97.5299
137.199 17.5324 106.203 10.0937 97.4595
137.299 17.4922 106.274 10.0781 97.3892
137.399 17.452 106.344 10.0625 97.3191
137.499 17.4117 106.414 10.0469 97.249
137.599 17.3715 106.484 10.0312 97.1791
137.699 17.3313 106.553 10.0155 97.1094
137.799 17.2911 106.623 9.99968 97.0398
137.899 17.2508 106.693 9.98384 96.9703
137.999 17.2106 106.762 9.96796 96.9009
138.099 17.1704 106.831 9.95203 96.8317
138.199 17.1301 106.9 9.93606 96.7626
138.299 17.0898 106.969 9.92004 96.6936
138.399 17.0496 107.038 9.90397 96.6248
138.499 17.0093 107.107 9.88785 96.5561
138.599 16.969 107.175 9.87169 96.4876
138.699 16.9288 107.244 9.85547 96.4192
138.799 16.8885 107.312 9.83922 96.3509
138.899 16.8482 107.38 9.82291 96.2828
138.999 16.8079 107.448 9.80656 96.2148
139.099 16.7676 107.516 9.79016 96.1469
139.199 16.7273 107.584 9.77372 96.0792
139.299 16.687 107.651 9.75723 96.0116
139.399 16.6466 107.719 9.74069 95.9441
139.499 16.6063 107.786 9.72411 95.8768
139.599 16.566 107.853 9.70747 95.8096
139.699 16.5257 107.92 9.6908 95.7426
139.799 16.4853 107.987 9.67407 95.6757
139.899 16.445 108.054 9.6573 95.6089
139.999 16.4046 108.121 9.64048 95.5423
140.099 16.3643 108.187 9.62362 95.4758
140.199 16.3239 108.253 9.60671 95.4094
140.299 16.2835 108.32 9.58975 95.3432
140.399 16.2432 108.386 9.57275 95.2771
140.499 16.2028 108.452 9.5557 95.2112
140.599 16.1624 108.517 9.5386 95.1454
140.699 16.122 108.583 9.52146 95.0797
140.799 16.0816 108.649 9.50427 95.0142
140.899 16.0412 108.714 9.48704 94.9488
140.999 16.0008 108.779 9.46975 94.8836
141.099 15.9604 108.844 9.45243 94.8185
141.199 15.92 108.909 9.43505 94.7536
141.299 15.8796 108.974 9.41763 94.6887
141.399 15.8392 109.039 9.40017 94.6241
141.499 15.7987 109.103 9.38266 94.5595
141.599 15.7583 109.168 9.3651 94.4951
141.699 15.7179 109.232 9.3475 94.4309
141.799 15.6774 109.296 9.32985 94.3668
141.899 15.637 109.36 9.31215 94.3028
141.999 15.5965 109.424 9.29441 94.239
142.099 15.5561 109.487 9.27662 94.1753
142.199 15.5156 109.551 9.25879 94.1118
142.299 15.4751 109.614 9.24091 94.0484
142.399 15.4347 109.678 9.22299 93.9851
142.499 15.3942 109.741 9.20502 93.922
142.6 15.3537 109.804 9.187 93.8591
142.7 15.3132 109.867 9.16894 93.7962
142.8 15.2727 109.929 9.15084 93.7336
142.9 15.2322 109.992 9.13269 93.671
143 15.1917 110.054 9.11449 93.6086
143.1 15.1512 110.116 9.09625 93.5464
143.2 15.1107 110.179 9.07796 93.4843
143.3 15.0702 110.24 9.05963 93.4223
143.4 15.0297 110.302 9.04125 93.3605
143.5 14.9891 110.364 9.02282 93.2988
143.6 14.9486 110.425 9.00436 93.2373
143.7 14.9081 110.487 8.98584 93.1759
143.8 14.8675 110.548 8.96728 93.1147
143.9 14.827 110.609 8.94868 93.0536
144 14.7864 110.67 8.93003 92.9927
144.1 14.7459 110.731 8.91134 92.9319
144.2 14.7053 110.792 8.8926 92.8713
144.3 14.6647 110.852 8.87382 92.8108
144.4 14.6242 110.912 8.85499 92.7504
144.5 14.5836 110.973 8.83612 92.6902
144.6 14.543 111.033 8.8172 92.6301
144.7 14.5024 111.093 8.79824 92.5702
144.8 14.4619 111.152 8.77923 92.5105
144.9 14.4213 111.212 8.76018 92.4508
145 14.3807 111.271 8.74109 92.3914
145.1 14.3401 111.331 8.72195 92.3321
145.2 14.2995 111.39 8.70276 92.2729
145.3 14.2589 111.449 8.68354 92.2139
145.4 14.2183 111.508 8.66426 92.155
145.5 14.1776 111.567 8.64495 92.0963
145.6 14.137 111.625 8.62559 92.0377
145.7 14.0964 111.684 8.60618 91.9793
145.8 14.0558 111.742 8.58673 91.921
145.9 14.0151 111.8 8.56724 91.8628
146 13.9745 111.858 8.54771 91.8049
146.1 13.9338 111.916 8.52813 91.747
146.2 13.8932 111.973 8.5085 91.6894
146.3 13.8525 112.031 8.48883 91.6318
146.4 13.8119 112.088 8.46912 91.5745
146.5 13.7712 112.146 8.44937 91.5172
146.6 13.7306 112.203 8.42957 91.4601
146.7 13.6899 112.26 8.40973 91.4032
146.8 13.6492 112.316 8.38984 91.3464
146.9 13.6085 112.373 8.36991 91.2898
147 13.5679 112.429 8.34994 91.2333
147.1 13.5272 112.486 8.32993 91.177
147.2 13.4865 112.542 8.30987 91.1209
147.3 13.4458 112.598 8.28977 91.0648
147.4 13.4051 112.654 8.26962 91.009
147.5 13.3644 112.71 8.24944 90.9533
147.6 13.3237 112.765 8.22921 90.8977
147.7 13.283 112.821 8.20893 90.8423
147.8 13.2423 112.876 8.18862 90.787
147.9 13.2015 112.931 8.16826 90.7319
148 13.1608 112.986 8.14786 90.677
148.1 13.1201 113.041 8.12741 90.6222
148.2 13.0794 113.095 8.10693 90.5675
148.3 13.0386 113.15 8.0864 90.513
148.4 12.9979 113.204 8.06583 90.4587
148.5 12.9572 113.258 8.04521 90.4045
148.6 12.9164 113.312 8.02456 90.3505
148.7 12.8757 113.366 8.00386 90.2966
148.8 12.8349 113.42 7.98312 90.2429
148.9 12.7941 113.473 7.96234 90.1893
149 12.7534 113.527 7.94152 90.1359
149.1 12.7126 113.58 7.92065 90.0827
149.2 12.6719 113.633 7.89974 90.0296
149.3 12.6311 113.686 7.87879 89.9766
149.4 12.5903 113.739 7.8578 89.9238
149.5 12.5495 113.792 7.83677 89.8712
149.6 12.5087 113.844 7.8157 89.8187
149.7 12.4679 113.896 7.79458 89.7664
149.8 12.4272 113.949 7.77342 89.7142
149.9 12.3864 114.001 7.75223 89.6622
150 12.3456 114.052 7.73099 89.6104
150.1 12.3048 114.104 7.70971 89.5587
150.2 12.264 114.156 7.68839 89.5072
150.3 12.2231 114.207 7.66702 89.4558
150.4 12.1823 114.258 7.64562 89.4045
150.5 12.1415 114.309 7.62418 89.3535
150.6 12.1007 114.36 7.60269 89.3026
150.7 12.0599 114.411 7.58117 89.2518
150.8 12.019 114.462 7.5596 89.2012
150.9 11.9782 114.512 7.53799 89.1508
151 11.9374 114.562 7.51635 89.1005
151.1 11.8965 114.612 7.49466 89.0504
151.2 11.8557 114.662 7.47293 89.0004
151.3 11.8149 114.712 7.45116 88.9506
151.4 11.774 114.762 7.42936 88.9009
151.5 11.7331 114.811 7.40751 88.8515
151.6 11.6923 114.861 7.38562 88.8021
151.7 11.6514 114.91 7.36369 88.753
151.8 11.6106 114.959 7.34173 88.7039
151.9 11.5697 115.008 7.31972 88.6551
152 11.5288 115.056 7.29767 88.6064
152.1 11.488 115.105 7.27559 88.5579
152.2 11.4471 115.153 7.25346 88.5095
152.3 11.4062 115.202 7.2313 88.4613
152.4 11.3653 115.25 7.20909 88.4132
152.5 11.3244 115.297 7.18685 88.3653
152.6 11.2835 115.345 7.16457 88.3176
152.7 11.2427 115.393 7.14225 88.27
152.8 11.2018 115.44 7.11989 88.2226
152.9 11.1609 115.487 7.09749 88.1754
153 11.12 115.535 7.07505 88.1283
153.1 11.079 115.581 7.05257 88.0813
153.2 11.0381 115.628 7.03006 88.0346
153.3 10.9972 115.675 7.00751 87.988
153.4 10.9563 115.721 6.98491 87.9415
153.5 10.9154 115.768 6.96228 87.8952
153.6 10.8745 115.814 6.93962 87.8491
153.7 10.8335 115.86 6.91691 87.8032
153.8 10.7926 115.905 6.89417 87.7574
153.9 10.7517 115.951 6.87138 87.7117
154 10.7107 115.997 6.84857 87.6662
154.1 10.6698 116.042 6.82571 87.6209
154.2 10.6289 116.087 6.80281 87.5758
154.3 10.5879 116.132 6.77988 87.5308
154.4 10.547 116.177 6.75691 87.486
154.5 10.506 116.222 6.7339 87.4413
154.6 10.4651 116.266 6.71086 87.3968
154.7 10.4241 116.31 6.68778 87.3525
154.8 10.3832 116.355 6.66466 87.3083
154.9 10.3422 116.399 6.64151 87.2643
155 10.3012 116.442 6.61831 87.2205
155.1 10.2603 116.486 6.59508 87.1768
155.2 10.2193 116.53 6.57182 87.1333
155.3 10.1783 116.573 6.54852 87.0899
155.4 10.1373 116.616 6.52518 87.0467
155.5 10.0964 116.659 6.5018 87.0037
155.6 10.0554 116.702 6.47839 86.9608
155.7 10.0144 116.745 6.45495 86.9181
155.8 9.9734 116.787 6.43146 86.8756
155.9 9.93241 116.83 6.40795 86.8333
156 9.89142 116.872 6.38439 86.7911
156.1 9.85042 116.914 6.3608 86.749
156.2 9.80942 116.956 6.33718 86.7072
156.3 9.76842 116.997 6.31351 86.6654
156.4 9.72741 117.039 6.28982 86.6239
156.5 9.6864 117.08 6.26609 86.5825
156.6 9.64539 117.121 6.24232 86.5413
156.7 9.60438 117.163 6.21852 86.5003
156.8 9.56336 117.203 6.19468 86.4594
156.9 9.52234 117.244 6.17081 86.4187
157 9.48132 117.285 6.1469 86.3782
157.1 9.44029 117.325 6.12296 86.3378
157.2 9.39926 117.365 6.09899 86.2976
157.3 9.35823 117.405 6.07498 86.2575
157.4 9.3172 117.445 6.05093 86.2177
157.5 9.27617 117.485 6.02686 86.1779
157.6 9.23513 117.524 6.00274 86.1384
157.7 9.19409 117.564 5.9786 86.099
157.8 9.15304 117.603 5.95442 86.0598
157.9 9.112 117.642 5.9302 86.0208
158 9.07095 117.681 5.90596 85.9819
158.1 9.0299 117.72 5.88168 85.9432
158.2 8.98884 117.758 5.85736 85.9047
158.3 8.94779 117.797 5.83301 85.8663
158.4 8.90673 117.835 5.80863 85.8281
158.5 8.86567 117.873 5.78422 85.7901
158.6 8.8246 117.911 5.75977 85.7522
158.7 8.78353 117.948 5.73529 85.7145
158.8 8.74247 117.986 5.71078 85.677
158.9 8.70139 118.023 5.68624 85.6396
159.001 8.66032 118.06 5.66166 85.6024
159.101 8.61924 118.097 5.63705 85.5654
159.201 8.57817 118.134 5.61241 85.5285
159.301 8.53708 118.171 5.58774 85.4918
159.401 8.496 118.207 5.56303 85.4553
159.501 8.45491 118.244 5.5383 85.419
159.601 8.41383 118.28 5.51353 85.3828
159.701 8.37273 118.316 5.48873 85.3468
159.801 8.33164 118.352 5.46389 85.311
159.901 8.29055 118.388 5.43903 85.2753
160.001 8.24945 118.423 5.41414 85.2398
160.101 8.20835 118.458 5.38921 85.2045
160.201 8.16725 118.494 5.36425 85.1693
160.301 8.12614 118.529 5.33927 85.1343
160.401 8.08503 118.563 5.31425 85.0995
160.501 8.04392 118.598 5.2892 85.0648
160.601 8.00281 118.632 5.26412 85.0304
160.701 7.9617 118.667 5.23901 84.996
160.801 7.92058 118.701 5.21387 84.9619
160.901 7.87946 118.735 5.1887 84.9279
161.001 7.83834 118.769 5.1635 84.8941
161.101 7.79722 118.802 5.13827 84.8605
161.201 7.7561 118.836 5.11301 84.8271
161.301 7.71497 118.869 5.08772 84.7938
161.401 7.67384 118.902 5.0624 84.7607
161.501 7.63271 118.935 5.03706 84.7277
161.601 7.59158 118.968 5.01168 84.695
161.701 7.55044 119 4.98627 84.6624
161.801 7.5093 119.033 4.96084 84.6299
161.901 7.46816 119.065 4.93537 84.5977
162.001 7.42702 119.097 4.90988 84.5656
162.101 7.38588 119.129 4.88436 84.5337
162.201 7.34473 119.161 4.85881 84.5019
162.301 7.30358 119.192 4.83323 84.4704
162.401 7.26243 119.224 4.80763 84.439
162.501 7.22128 119.255 4.78199 84.4078
162.601 7.18013 119.286 4.75633 84.3767
162.701 7.13897 119.317 4.73064 84.3458
162.801 7.09781 119.348 4.70493 84.3151
162.901 7.05665 119.378 4.67918 84.2846
163.001 7.01549 119.409 4.65341 84.2542
163.101 6.97433 119.439 4.62761 84.224
163.201 6.93316 119.469 4.60178 84.194
163.301 6.89199 119.499 4.57593 84.1642
163.401 6.85082 119.528 4.55005 84.1345
163.501 6.80965 119.558 4.52414 84.105
163.601 6.76848 119.587 4.49821 84.0757
163.701 6.7273 119.616 4.47225 84.0466
163.801 6.68612 119.645 4.44626 84.0176
163.901 6.64495 119.674 4.42025 83.9888
164.001 6.60376 119.703 4.39421 83.9601
164.101 6.56258 119.731 4.36815 83.9317
164.201 6.5214 119.759 4.34206 83.9034
164.301 6.48021 119.788 4.31595 83.8753
164.401 6.43902 119.815 4.28981 83.8474
164.501 6.39783 119.843 4.26364 83.8196
164.601 6.35664 119.871 4.23745 83.792
164.701 6.31545 119.898 4.21123 83.7646
164.801 6.27425 119.925 4.18499 83.7374
164.901 6.23306 119.952 4.15873 83.7103
165.001 6.19186 119.979 4.13244 83.6834
165.101 6.15066 120.006 4.10612 83.6567
165.201 6.10945 120.033 4.07978 83.6302
165.301 6.06825 120.059 4.05342 83.6038
165.401 6.02705 120.085 4.02703 83.5776
165.501 5.98584 120.111 4.00062 83.5516
165.601 5.94463 120.137 3.97419 83.5258
165.701 5.90342 120.163 3.94773 83.5001
165.801 5.86221 120.188 3.92125 83.4746
165.901 5.82099 120.213 3.89475 83.4493
166.001 5.77978 120.239 3.86822 83.4242
166.101 5.73856 120.264 3.84167 83.3992
166.201 5.69734 120.288 3.81509 83.3744
166.301 5.65612 120.313 3.7885 83.3498
166.401 5.6149 120.337 3.76188 83.3254
166.501 5.57368 120.362 3.73524 83.3011
166.601 5.53245 120.386 3.70857 83.2771
166.701 5.49123 120.41 3.68189 83.2531
166.801 5.45 120.433 3.65518 83.2294
166.901 5.40877 120.457 3.62845 83.2059
167.001 5.36754 120.48 3.6017 83.1825
167.101 5.32631 120.504 3.57493 83.1593
167.201 5.28508 120.527 3.54814 83.1362
167.301 5.24384 120.549 3.52132 83.1134
167.401 5.2026 120.572 3.49449 83.0907
167.501 5.16137 120.595 3.46763 83.0682
167.601 5.12013 120.617 3.44075 83.0459
167.701 5.07889 120.639 3.41386 83.0238
167.801 5.03764 120.661 3.38694 83.0018
167.901 4.9964 120.683 3.36 82.98
168.001 4.95516 120.704 3.33304 82.9584
168.101 4.91391 120.726 3.30606 82.9369
168.201 4.87266 120.747 3.27906 82.9157
168.301 4.83141 120.768 3.25204 82.8946
168.401 4.79016 120.789 3.22501 82.8737
168.501 4.74891 120.81 3.19795 82.853
168.601 4.70766 120.83 3.17087 82.8324
168.701 4.66641 120.851 3.14378 82.812
168.801 4.62515 120.871 3.11666 82.7918
168.901 4.5839 120.891 3.08953 82.7718
169.001 4.54264 120.911 3.06238 82.752
169.101 4.50138 120.931 3.03521 82.7323
169.201 4.46012 120.95 3.00802 82.7128
169.301 4.41886 120.969 2.98082 82.6935
169.401 4.37759 120.988 2.95359 82.6744
169.501 4.33633 121.007 2.92635 82.6554
169.601 4.29507 121.026 2.89909 82.6366
169.701 4.2538 121.045 2.87181 82.618
169.801 4.21253 121.063 2.84452 82.5996
169.901 4.17126 121.081 2.81721 82.5813
170.001 4.12999 121.1 2.78988 82.5633
170.101 4.08872 121.117 2.76254 82.5454
170.201 4.04745 121.135 2.73517 82.5277
170.301 4.00618 121.153 2.7078 82.5101
170.401 3.9649 121.17 2.6804 82.4928
170.501 3.92363 121.187 2.65299 82.4756
170.601 3.88235 121.204 2.62556 82.4586
170.701 3.84108 121.221 2.59812 82.4418
170.801 3.7998 121.238 2.57066 82.4251
170.901 3.75852 121.254 2.54319 82.4087
171.001 3.71724 121.27 2.5157 82.3924
171.101 3.67596 121.287 2.48819 82.3763
171.201 3.63468 121.302 2.46067 82.3604
171.301 3.59339 121.318 2.43314 82.3446
171.401 3.55211 121.334 2.40559 82.329
171.501 3.51082 121.349 2.37803 82.3136
171.601 3.46954 121.364 2.35045 82.2984
171.701 3.42825 121.379 2.32286 82.2834
171.801 3.38696 121.394 2.29525 82.2685
171.901 3.34567 121.409 2.26763 82.2539
172.001 3.30438 121.423 2.23999 82.2394
172.101 3.26309 121.438 2.21235 82.225
172.201 3.2218 121.452 2.18468 82.2109
172.301 3.18051 121.466 2.15701 82.1969
172.401 3.13921 121.48 2.12932 82.1832
172.501 3.09792 121.493 2.10162 82.1696
172.601 3.05663 121.507 2.07391 82.1561
172.701 3.01533 121.52 2.04618 82.1429
172.801 2.97403 121.533 2.01844 82.1298
172.901 2.93274 121.546 1.99069 82.1169
173.001 2.89144 121.559 1.96293 82.1042
173.101 2.85014 121.571 1.93515 82.0917
173.201 2.80884 121.583 1.90737 82.0794
173.301 2.76754 121.596 1.87957 82.0672
173.401 2.72624 121.608 1.85176 82.0552
173.501 2.68493 121.619 1.82394 82.0434
173.601 2.64363 121.631 1.79611 82.0318
173.701 2.60233 121.643 1.76826 82.0203
173.801 2.56102 121.654 1.74041 82.009
173.901 2.51972 121.665 1.71255 81.9979
174.001 2.47841 121.676 1.68467 81.987
174.101 2.43711 121.687 1.65679 81.9763
174.201 2.3958 121.697 1.62889 81.9657
174.301 2.35449 121.707 1.60099 81.9554
174.401 2.31319 121.718 1.57307 81.9452
174.501 2.27188 121.728 1.54515 81.9352
174.601 2.23057 121.737 1.51721 81.9253
174.701 2.18926 121.747 1.48927 81.9157
174.801 2.14795 121.757 1.46132 81.9062
174.901 2.10664 121.766 1.43336 81.8969
175.001 2.06532 121.775 1.40539 81.8878
175.101 2.02401 121.784 1.37741 81.8789
175.201 1.9827 121.793 1.34942 81.8701
175.301 1.94139 121.801 1.32142 81.8616
175.402 1.90007 121.81 1.29342 81.8532
175.502 1.85876 121.818 1.26541 81.8449
175.602 1.81744 121.826 1.23739 81.8369
175.702 1.77613 121.834 1.20936 81.8291
175.802 1.73481 121.841 1.18133 81.8214
175.902 1.6935 121.849 1.15329 81.8139
176.002 1.65218 121.856 1.12524 81.8066
176.102 1.61086 121.863 1.09719 81.7995
176.202 1.56954 121.87 1.06912 81.7925
176.302 1.52823 121.877 1.04106 81.7857
176.402 1.48691 121.884 1.01298 81.7792
176.502 1.44559 121.89 0.984901 81.7727
176.602 1.40427 121.896 0.956814 81.7665
176.702 1.36295 121.902 0.928721 81.7605
176.802 1.32163 121.908 0.900622 81.7546
176.902 1.28031 121.914 0.872518 81.7489
177.002 1.23899 121.919 0.844409 81.7434
177.102 1.19767 121.925 0.816294 81.7381
177.202 1.15635 121.93 0.788175 81.7329
177.302 1.11502 121.935 0.760051 81.728
177.402 1.0737 121.94 0.731922 81.7232
177.502 1.03238 121.944 0.703788 81.7186
177.602 0.991057 121.949 0.67565 81.7142
177.702 0.949735 121.953 0.647508 81.7099
177.802 0.908412 121.957 0.619362 81.7059
177.902 0.867088 121.961 0.591213 81.702
178.002 0.825765 121.965 0.563059 81.6983
178.102 0.784441 121.968 0.534902 81.6947
178.202 0.743117 121.971 0.506742 81.6914
178.302 0.701793 121.975 0.478579 81.6883
178.402 0.660468 121.978 0.450413 81.6853
178.502 0.619144 121.98 0.422244 81.6825
178.602 0.577819 121.983 0.394073 81.6799
178.702 0.536494 121.985 0.365899 81.6774
178.802 0.495169 121.988 0.337723 81.6752
178.902 0.453844 121.99 0.309544 81.6731
179.002 0.412519 121.992 0.281364 81.6712
179.102 0.371194 121.993 0.253182 81.6695
179.202 0.329868 121.995 0.224999 81.6679
179.302 0.288543 121.996 0.196814 81.6666
179.402 0.247217 121.997 0.168628 81.6654
179.502 0.205891 121.998 0.140441 81.6644
179.602 0.164566 121.999 0.112253 81.6636
179.702 0.12324 122 0.0840649 81.663
179.802 0.081914 122 0.0558758 81.6625
179.902 0.0405882 122.001 0.0276864 81.6623
