0 4.69971e-14 0.527053 0 204.153
0.1 0.669751 0.527135 0.0157333 204.153
0.2 1.33928 0.527384 0.0314665 204.153
0.3 2.00835 0.527799 0.0471997 204.152
0.4 2.67674 0.528379 0.0629329 204.152
0.5 3.34424 0.529125 0.0786659 204.151
0.6 4.01061 0.530037 0.0943988 204.15
0.7 4.67563 0.531114 0.110131 204.149
0.8 5.3391 0.532357 0.125864 204.148
0.9 6.00078 0.533766 0.141596 204.146
1 6.66048 0.535341 0.157328 204.145
1.1 7.31799 0.537082 0.17306 204.143
1.2 7.9731 0.538988 0.188792 204.141
1.3 8.6256 0.54106 0.204523 204.139
1.4 9.27532 0.543298 0.220254 204.137
1.5 9.92204 0.545702 0.235984 204.134
1.6 10.5656 0.548271 0.251714 204.132
1.7 11.2058 0.551006 0.267444 204.129
1.8 11.8425 0.553907 0.283173 204.126
1.9 12.4755 0.556973 0.298901 204.123
2 13.1046 0.560205 0.314629 204.12
2.1 13.7298 0.563603 0.330357 204.117
2.2 14.3507 0.567166 0.346084 204.113
2.3 14.9674 0.570895 0.36181 204.109
2.4 15.5797 0.57479 0.377536 204.105
2.5 16.1873 0.578851 0.393261 204.101
2.6 16.7903 0.583077 0.408985 204.097
2.7 17.3884 0.587468 0.424709 204.093
2.8 17.9817 0.592025 0.440432 204.088
2.9 18.5699 0.596748 0.456154 204.083
3 19.153 0.601636 0.471875 204.079
3.1 19.7309 0.60669 0.487596 204.073
3.2 20.3034 0.61191 0.503315 204.068
3.3 20.8706 0.617295 0.519034 204.063
3.4 21.4324 0.622845 0.534752 204.057
3.5 21.9886 0.628561 0.550469 204.052
3.6 22.5393 0.634443 0.566185 204.046
3.7 23.0844 0.640489 0.5819 204.04
3.8 23.6238 0.646702 0.597614 204.033
3.9 24.1574 0.65308 0.613327 204.027
4 24.6853 0.659623 0.629039 204.021
4.1 25.2075 0.666331 0.64475 204.014
4.2 25.7238 0.673205 0.660459 204.007
4.3 26.2343 0.680244 0.676168 204
4.4 26.739 0.687449 0.691875 203.993
4.5 27.2378 0.694818 0.707581 203.985
4.6 27.7307 0.702354 0.723286 203.978
4.7 28.2178 0.710054 0.73899 203.97
4.8 28.699 0.717919 0.754692 203.962
4.9 29.1744 0.72595 0.770393 203.954
5 29.6439 0.734146 0.786093 203.946
5.1 30.1076 0.742507 0.801791 203.938
5.2 30.5655 0.751033 0.817488 203.929
5.3 31.0176 0.759725 0.833183 203.92
5.4 31.4639 0.768581 0.848877 203.912
5.5 31.9045 0.777602 0.86457 203.903
5.6 32.3394 0.786789 0.880261 203.893
5.7 32.7685 0.79614 0.89595 203.884
5.8 33.1921 0.805656 0.911638 203.875
5.9 33.61 0.815338 0.927324 203.865
6 34.0223 0.825184 0.943009 203.855
6.1 34.4291 0.835195 0.958692 203.845
6.2 34.8304 0.845371 0.974374 203.835
6.3 35.2263 0.855711 0.990053 203.824
6.4 35.6168 0.866217 1.00573 203.814
6.5 36.0019 0.876887 1.02141 203.803
6.6 36.3817 0.887722 1.03708 203.792
6.7 36.7562 0.898722 1.05275 203.781
6.8 37.1255 0.909886 1.06843 203.77
6.9 37.4897 0.921215 1.08409 203.759
7 37.8487 0.932708 1.09976 203.747
7.1 38.2028 0.944366 1.11543 203.736
7.2 38.5518 0.956189 1.13109 203.724
7.3 38.8959 0.968176 1.14675 203.712
7.4 39.235 0.980327 1.16241 203.7
7.5 39.5694 0.992643 1.17807 203.688
7.6 39.899 1.00512 1.19372 203.675
7.7 40.2238 1.01777 1.20937 203.662
7.79999 40.544 1.03058 1.22503 203.65
7.89999 40.8596 1.04355 1.24067 203.637
7.99999 41.1706 1.05669 1.25632 203.623
8.09999 41.4772 1.06999 1.27196 203.61
8.2 41.7793 1.08345 1.28761 203.597
8.3 42.077 1.09708 1.30325 203.583
8.4 42.3704 1.11088 1.31888 203.569
8.5 42.6595 1.12484 1.33452 203.555
8.6 42.9445 1.13896 1.35015 203.541
8.7 43.2252 1.15324 1.36578 203.527
8.8 43.5019 1.16769 1.38141 203.512
8.9 43.7745 1.18231 1.39704 203.498
9 44.0431 1.19708 1.41266 203.483
9.1 44.3078 1.21202 1.42828 203.468
9.2 44.5686 1.22713 1.4439 203.453
9.3 44.8256 1.2424 1.45952 203.438
9.4 45.0788 1.25783 1.47513 203.422
9.5 45.3283 1.27342 1.49074 203.407
9.6 45.5741 1.28918 1.50635 203.391
9.7 45.8163 1.3051 1.52195 203.375
9.8 46.0549 1.32119 1.53756 203.359
9.9 46.29 1.33744 1.55316 203.343
10 46.5216 1.35385 1.56875 203.326
10.1 46.7499 1.37043 1.58435 203.31
10.2 46.9747 1.38717 1.59994 203.293
10.3 47.1963 1.40407 1.61553 203.276
10.4 47.4145 1.42113 1.63112 203.259
10.5 47.6296 1.43836 1.6467 203.242
10.6 47.8415 1.45575 1.66228 203.224
10.7 48.0502 1.47331 1.67786 203.207
10.8 48.2559 1.49102 1.69343 203.189
10.9 48.4585 1.5089 1.709 203.171
11 48.6581 1.52695 1.72457 203.153
11.1 48.8548 1.54515 1.74014 203.135
11.2 49.0485 1.56352 1.7557 203.117
11.3 49.2394 1.58205 1.77126 203.098
11.4 49.4275 1.60074 1.78682 203.079
11.5 49.6128 1.6196 1.80237 203.061
11.6 49.7954 1.63862 1.81792 203.042
11.7 49.9752 1.6578 1.83347 203.022
11.8 50.1524 1.67714 1.84901 203.003
11.9 50.327 1.69665 1.86455 202.984
12 50.499 1.71631 1.88009 202.964
12.1 50.6684 1.73614 1.89562 202.944
12.2 50.8354 1.75614 1.91115 202.924
12.3 50.9999 1.77629 1.92668 202.904
12.4 51.1619 1.79661 1.9422 202.884
12.5 51.3215 1.81708 1.95772 202.863
12.6 51.4788 1.83772 1.97324 202.842
12.7 51.6337 1.85852 1.98875 202.822
12.8 51.7864 1.87949 2.00426 202.801
12.9 51.9368 1.90061 2.01977 202.78
13 52.0849 1.9219 2.03527 202.758
13.1 52.2309 1.94335 2.05077 202.737
13.2 52.3747 1.96496 2.06627 202.715
13.3 52.5164 1.98673 2.08176 202.693
13.4 52.6559 2.00866 2.09725 202.672
13.5 52.7934 2.03075 2.11273 202.649
13.6 52.9289 2.05301 2.12821 202.627
13.7 53.0623 2.07542 2.14369 202.605
13.8 53.1938 2.098 2.15916 202.582
13.9 53.3233 2.12074 2.17463 202.559
14 53.4509 2.14363 2.1901 202.537
14.1 53.5765 2.16669 2.20556 202.513
14.2 53.7003 2.18991 2.22102 202.49
14.3 53.8223 2.2133 2.23647 202.467
14.4 53.9425 2.23684 2.25192 202.443
14.5 54.0608 2.26054 2.26737 202.42
14.6 54.1774 2.2844 2.28281 202.396
14.7 54.2922 2.30843 2.29825 202.372
14.8 54.4054 2.33261 2.31368 202.348
14.9 54.5168 2.35695 2.32911 202.323
15 54.6266 2.38146 2.34454 202.299
15.1 54.7347 2.40612 2.35996 202.274
15.2 54.8412 2.43094 2.37538 202.249
15.3 54.9461 2.45593 2.39079 202.224
15.4 55.0494 2.48107 2.4062 202.199
15.5 55.1512 2.50638 2.4216 202.174
15.6 55.2514 2.53184 2.437 202.148
15.7 55.3502 2.55746 2.4524 202.123
15.8 55.4474 2.58325 2.46779 202.097
15.9 55.5431 2.60919 2.48318 202.071
16 55.6375 2.63529 2.49856 202.045
16.1 55.7303 2.66155 2.51394 202.019
16.2 55.8218 2.68797 2.52931 201.992
16.3 55.9119 2.71455 2.54468 201.966
16.4 56.0006 2.74129 2.56005 201.939
16.5 56.0879 2.76819 2.57541 201.912
16.6 56.1739 2.79525 2.59077 201.885
16.7 56.2586 2.82246 2.60612 201.858
16.8 56.342 2.84984 2.62146 201.83
16.9 56.4241 2.87737 2.63681 201.803
17 56.505 2.90506 2.65214 201.775
17.1 56.5846 2.93291 2.66748 201.747
17.2 56.6629 2.96092 2.68281 201.719
17.3 56.7401 2.98909 2.69813 201.691
17.4 56.816 3.01741 2.71345 201.663
17.5 56.8908 3.0459 2.72876 201.634
17.6 56.9644 3.07454 2.74407 201.606
17.7 57.0368 3.10334 2.75937 201.577
17.8 57.1081 3.1323 2.77467 201.548
17.9 57.1783 3.16141 2.78997 201.519
18 57.2474 3.19068 2.80526 201.489
18.1 57.3153 3.22012 2.82054 201.46
18.2 57.3822 3.2497 2.83582 201.43
18.3 57.4481 3.27945 2.85109 201.401
18.4 57.5128 3.30935 2.86636 201.371
18.5 57.5766 3.33941 2.88163 201.341
18.6 57.6393 3.36963 2.89689 201.311
18.7 57.701 3.40001 2.91214 201.28
18.8 57.7617 3.43054 2.92739 201.25
18.9 57.8214 3.46123 2.94263 201.219
19 57.8801 3.49207 2.95787 201.188
19.1 57.9379 3.52308 2.9731 201.157
19.2 57.9947 3.55424 2.98833 201.126
19.3 58.0506 3.58555 3.00355 201.095
19.4 58.1056 3.61702 3.01877 201.063
19.5 58.1596 3.64865 3.03398 201.032
19.6 58.2128 3.68044 3.04919 201
19.7 58.265 3.71238 3.06439 200.968
19.8 58.3164 3.74448 3.07958 200.936
19.9 58.3669 3.77673 3.09477 200.903
20 58.4165 3.80914 3.10996 200.871
20.1 58.4653 3.8417 3.12514 200.838
20.2 58.5132 3.87442 3.14031 200.806
20.3 58.5604 3.9073 3.15548 200.773
20.4 58.6066 3.94033 3.17064 200.74
20.5 58.6521 3.97352 3.18579 200.707
20.6 58.6968 4.00686 3.20094 200.673
20.7 58.7407 4.04036 3.21609 200.64
20.8 58.7838 4.07401 3.23123 200.606
20.9 58.8262 4.10782 3.24636 200.572
21 58.8678 4.14178 3.26149 200.538
21.1 58.9086 4.1759 3.27661 200.504
21.2 58.9487 4.21017 3.29173 200.47
21.3 58.988 4.2446 3.30684 200.436
21.4 59.0267 4.27918 3.32194 200.401
21.5 59.0646 4.31391 3.33704 200.366
21.6 59.1018 4.3488 3.35213 200.331
21.7 59.1383 4.38385 3.36721 200.296
21.8 59.1741 4.41904 3.38229 200.261
21.9 59.2092 4.45439 3.39737 200.226
22 59.2436 4.4899 3.41244 200.19
22.1 59.2774 4.52556 3.4275 200.155
22.2 59.3105 4.56137 3.44255 200.119
22.3 59.343 4.59734 3.4576 200.083
22.4 59.3748 4.63346 3.47265 200.047
22.5 59.4059 4.66973 3.48768 200.01
22.6 59.4365 4.70616 3.50271 199.974
22.7001 59.4664 4.74273 3.51774 199.937
22.8001 59.4957 4.77947 3.53275 199.901
22.9001 59.5244 4.81635 3.54777 199.864
23.0001 59.5524 4.85339 3.56277 199.827
23.1001 59.5799 4.89058 3.57777 199.79
23.2001 59.6068 4.92792 3.59276 199.752
23.3001 59.6331 4.96542 3.60775 199.715
23.4001 59.6588 5.00306 3.62273 199.677
23.5001 59.684 5.04086 3.6377 199.639
23.6001 59.7086 5.07881 3.65267 199.601
23.7001 59.7326 5.11692 3.66763 199.563
23.8001 59.756 5.15517 3.68258 199.525
23.9001 59.779 5.19358 3.69753 199.487
24.0001 59.8014 5.23214 3.71246 199.448
24.1001 59.8232 5.27085 3.7274 199.409
24.2001 59.8445 5.30971 3.74232 199.37
24.3001 59.8653 5.34872 3.75724 199.331
24.4001 59.8856 5.38789 3.77216 199.292
24.5001 59.9054 5.4272 3.78706 199.253
24.6001 59.9246 5.46667 3.80196 199.214
24.7001 59.9434 5.50628 3.81685 199.174
24.8001 59.9616 5.54605 3.83174 199.134
24.9001 59.9794 5.58596 3.84662 199.094
25.0001 59.9967 5.62603 3.86149 199.054
25.1001 60.0135 5.66625 3.87635 199.014
25.2001 60.0298 5.70662 3.89121 198.974
25.3001 60.0457 5.74714 3.90606 198.933
25.4001 60.061 5.7878 3.9209 198.892
25.5001 60.076 5.82862 3.93574 198.852
25.6001 60.0904 5.86959 3.95057 198.811
25.7001 60.1045 5.9107 3.96539 198.769
25.8001 60.118 5.95197 3.98021 198.728
25.9001 60.1312 5.99339 3.99501 198.687
26.0001 60.1438 6.03495 4.00981 198.645
26.1001 60.1561 6.07666 4.02461 198.604
26.2001 60.1679 6.11853 4.03939 198.562
26.3001 60.1793 6.16054 4.05417 198.52
26.4001 60.1903 6.2027 4.06894 198.477
26.5001 60.2009 6.24501 4.0837 198.435
26.6001 60.211 6.28746 4.09846 198.393
26.7001 60.2208 6.33007 4.11321 198.35
26.8001 60.2301 6.37282 4.12795 198.307
26.9001 60.239 6.41572 4.14268 198.264
27.0001 60.2476 6.45877 4.15741 198.221
27.1001 60.2557 6.50197 4.17213 198.178
27.2001 60.2635 6.54531 4.18684 198.135
27.3001 60.2709 6.5888 4.20154 198.091
27.4001 60.2779 6.63244 4.21624 198.048
27.5001 60.2845 6.67623 4.23093 198.004
27.6001 60.2908 6.72016 4.24561 197.96
27.7001 60.2966 6.76424 4.26028 197.916
27.8001 60.3021 6.80846 4.27494 197.872
27.9001 60.3073 6.85284 4.2896 197.827
28.0001 60.3121 6.89736 4.30425 197.783
28.1001 60.3165 6.94202 4.31889 197.738
28.2001 60.3206 6.98684 4.33352 197.693
28.3001 60.3243 7.0318 4.34815 197.648
28.4001 60.3277 7.0769 4.36277 197.603
28.5001 60.3308 7.12215 4.37738 197.558
28.6001 60.3335 7.16755 4.39198 197.513
28.7001 60.3359 7.21309 4.40657 197.467
28.8001 60.3379 7.25877 4.42116 197.421
28.9001 60.3396 7.30461 4.43573 197.376
29.0001 60.341 7.35058 4.4503 197.33
29.1001 60.3421 7.39671 4.46486 197.283
29.2001 60.3428 7.44297 4.47942 197.237
29.3001 60.3432 7.48939 4.49396 197.191
29.4001 60.3434 7.53594 4.5085 197.144
29.5001 60.3432 7.58264 4.52302 197.098
29.6001 60.3426 7.62949 4.53754 197.051
29.7001 60.3418 7.67648 4.55205 197.004
29.8001 60.3407 7.72361 4.56656 196.957
29.9001 60.3393 7.77089 4.58105 196.909
30.0001 60.3376 7.81831 4.59554 196.862
30.1001 60.3356 7.86587 4.61002 196.814
30.2001 60.3333 7.91358 4.62449 196.767
30.3001 60.3307 7.96143 4.63895 196.719
30.4001 60.3278 8.00943 4.6534 196.671
30.5001 60.3247 8.05757 4.66784 196.623
30.6001 60.3212 8.10585 4.68228 196.574
30.7001 60.3175 8.15427 4.6967 196.526
30.8001 60.3135 8.20283 4.71112 196.477
30.9001 60.3092 8.25154 4.72553 196.429
31.0001 60.3047 8.30039 4.73993 196.38
31.1001 60.2999 8.34938 4.75432 196.331
31.2001 60.2948 8.39852 4.7687 196.282
31.3001 60.2895 8.44779 4.78308 196.232
31.4001 60.2839 8.49721 4.79744 196.183
31.5001 60.278 8.54677 4.8118 196.133
31.6001 60.2719 8.59647 4.82615 196.084
31.7001 60.2655 8.64631 4.84048 196.034
31.8001 60.2589 8.6963 4.85481 195.984
31.9001 60.252 8.74642 4.86913 195.934
32.0001 60.2449 8.79668 4.88344 195.883
32.1001 60.2375 8.84709 4.89775 195.833
32.2001 60.2299 8.89763 4.91204 195.783
32.3001 60.222 8.94832 4.92632 195.732
32.4001 60.2139 8.99914 4.9406 195.681
32.5001 60.2056 9.05011 4.95486 195.63
32.6001 60.197 9.10121 4.96912 195.579
32.7001 60.1882 9.15246 4.98337 195.528
32.8001 60.1791 9.20384 4.9976 195.476
32.9001 60.1698 9.25536 5.01183 195.425
33.0001 60.1603 9.30702 5.02605 195.373
33.1001 60.1506 9.35883 5.04026 195.321
33.2001 60.1407 9.41077 5.05446 195.269
33.3001 60.1305 9.46285 5.06865 195.217
33.4001 60.1201 9.51506 5.08283 195.165
33.5001 60.1095 9.56742 5.09701 195.113
33.6001 60.0987 9.61991 5.11117 195.06
33.7001 60.0876 9.67254 5.12532 195.008
33.8001 60.0764 9.72531 5.13947 194.955
33.9001 60.0649 9.77822 5.1536 194.902
34.0001 60.0532 9.83127 5.16772 194.849
34.1001 60.0413 9.88445 5.18184 194.796
34.2001 60.0292 9.93777 5.19594 194.742
34.3 60.0169 9.99123 5.21004 194.689
34.4 60.0044 10.0448 5.22412 194.635
34.5 59.9917 10.0986 5.2382 194.582
34.6 59.9788 10.1524 5.25227 194.528
34.7 59.9657 10.2064 5.26632 194.474
34.8 59.9524 10.2606 5.28037 194.42
34.9 59.9389 10.3148 5.2944 194.365
35 59.9252 10.3693 5.30843 194.311
35.1 59.9113 10.4238 5.32245 194.256
35.2 59.8973 10.4785 5.33645 194.202
35.3 59.883 10.5333 5.35045 194.147
35.4 59.8686 10.5883 5.36444 194.092
35.5 59.8539 10.6434 5.37841 194.037
35.6 59.8391 10.6986 5.39238 193.982
35.7 59.8241 10.7539 5.40633 193.926
35.8 59.8089 10.8094 5.42028 193.871
35.9 59.7936 10.8651 5.43422 193.815
36 59.7781 10.9208 5.44814 193.759
36.1 59.7623 10.9767 5.46206 193.703
36.2 59.7464 11.0327 5.47596 193.647
36.3 59.7304 11.0889 5.48985 193.591
36.4 59.7141 11.1452 5.50374 193.535
36.5 59.6977 11.2016 5.51761 193.479
36.6 59.6811 11.2582 5.53148 193.422
36.7 59.6644 11.3149 5.54533 193.365
36.8 59.6475 11.3717 5.55917 193.308
36.9 59.6304 11.4287 5.573 193.251
37 59.6131 11.4858 5.58682 193.194
37.1 59.5957 11.543 5.60063 193.137
37.2 59.5782 11.6004 5.61443 193.08
37.3 59.5604 11.6579 5.62822 193.022
37.4 59.5425 11.7155 5.642 192.965
37.5 59.5245 11.7733 5.65577 192.907
37.6 59.5062 11.8311 5.66953 192.849
37.7 59.4879 11.8892 5.68328 192.791
37.8 59.4693 11.9473 5.69701 192.733
37.9 59.4507 12.0056 5.71074 192.675
38 59.4318 12.064 5.72445 192.616
38.1 59.4128 12.1226 5.73815 192.558
38.2 59.3937 12.1812 5.75185 192.499
38.3 59.3744 12.24 5.76553 192.44
38.4 59.355 12.299 5.7792 192.381
38.5 59.3354 12.358 5.79286 192.322
38.6 59.3157 12.4172 5.80651 192.263
38.7 59.2958 12.4765 5.82014 192.204
38.8 59.2758 12.536 5.83377 192.144
38.9 59.2556 12.5956 5.84738 192.085
39 59.2353 12.6553 5.86099 192.025
39.1 59.2149 12.7151 5.87458 191.965
39.2 59.1943 12.7751 5.88816 191.905
39.3 59.1735 12.8352 5.90173 191.845
39.4 59.1527 12.8954 5.91529 191.785
39.5 59.1317 12.9558 5.92884 191.724
39.6 59.1105 13.0163 5.94238 191.664
39.7 59.0893 13.0769 5.9559 191.603
39.8 59.0679 13.1376 5.96941 191.543
39.9 59.0463 13.1985 5.98292 191.482
40 59.0247 13.2595 5.99641 191.421
40.1 59.0029 13.3206 6.00989 191.36
40.2 58.9809 13.3818 6.02335 191.298
40.3 58.9589 13.4432 6.03681 191.237
40.4 58.9367 13.5047 6.05025 191.175
40.5 58.9143 13.5663 6.06369 191.114
40.6 58.8919 13.6281 6.07711 191.052
40.7 58.8693 13.6899 6.09052 190.99
40.7999 58.8466 13.7519 6.10392 190.928
40.8999 58.8238 13.8141 6.1173 190.866
40.9999 58.8009 13.8763 6.13068 190.804
41.0999 58.7778 13.9387 6.14404 190.741
41.1999 58.7546 14.0012 6.15739 190.679
41.2999 58.7313 14.0638 6.17073 190.616
41.3999 58.7079 14.1266 6.18405 190.554
41.4999 58.6843 14.1894 6.19737 190.491
41.5999 58.6607 14.2524 6.21067 190.428
41.6999 58.6369 14.3156 6.22396 190.365
41.7999 58.613 14.3788 6.23724 190.301
41.8999 58.589 14.4422 6.25051 190.238
41.9999 58.5649 14.5057 6.26376 190.174
42.0999 58.5406 14.5693 6.277 190.111
42.1999 58.5163 14.633 6.29024 190.047
42.2999 58.4918 14.6969 6.30345 189.983
42.3999 58.4672 14.7609 6.31666 189.919
42.4999 58.4425 14.825 6.32985 189.855
42.5999 58.4177 14.8892 6.34303 189.791
42.6999 58.3928 14.9536 6.3562 189.727
42.7999 58.3678 15.0181 6.36936 189.662
42.8999 58.3427 15.0827 6.3825 189.598
42.9999 58.3174 15.1474 6.39564 189.533
43.0999 58.2921 15.2122 6.40875 189.468
43.1999 58.2666 15.2772 6.42186 189.403
43.2999 58.2411 15.3423 6.43496 189.338
43.3999 58.2154 15.4075 6.44804 189.273
43.4999 58.1897 15.4728 6.46111 189.207
43.5999 58.1638 15.5382 6.47416 189.142
43.6999 58.1378 15.6038 6.48721 189.076
43.7999 58.1118 15.6695 6.50024 189.011
43.8999 58.0856 15.7353 6.51326 188.945
43.9999 58.0593 15.8012 6.52626 188.879
44.0999 58.0329 15.8672 6.53926 188.813
44.1999 58.0065 15.9334 6.55224 188.747
44.2999 57.9799 15.9997 6.5652 188.681
44.3999 57.9532 16.0661 6.57816 188.614
44.4999 57.9265 16.1326 6.5911 188.548
44.5999 57.8996 16.1992 6.60403 188.481
44.6999 57.8727 16.266 6.61694 188.414
44.7999 57.8456 16.3328 6.62985 188.347
44.8999 57.8185 16.3998 6.64274 188.28
44.9999 57.7912 16.4669 6.65561 188.213
45.0999 57.7639 16.5342 6.66848 188.146
45.1999 57.7365 16.6015 6.68133 188.079
45.2999 57.709 16.6689 6.69416 188.011
45.3999 57.6814 16.7365 6.70699 187.944
45.4999 57.6537 16.8042 6.7198 187.876
45.5999 57.6259 16.872 6.7326 187.808
45.6999 57.598 16.9399 6.74538 187.74
45.7999 57.57 17.008 6.75815 187.672
45.8999 57.542 17.0761 6.77091 187.604
45.9999 57.5138 17.1444 6.78365 187.536
46.0999 57.4856 17.2128 6.79638 187.467
46.1999 57.4573 17.2813 6.8091 187.399
46.2999 57.4289 17.3499 6.82181 187.33
46.3999 57.4004 17.4186 6.8345 187.262
46.4999 57.3718 17.4875 6.84717 187.193
46.5999 57.3431 17.5564 6.85984 187.124
46.6999 57.3144 17.6255 6.87249 187.055
46.7999 57.2855 17.6947 6.88512 186.986
46.8999 57.2566 17.764 6.89774 186.916
46.9999 57.2276 17.8334 6.91035 186.847
47.0999 57.1985 17.9029 6.92295 186.777
47.1999 57.1694 17.9725 6.93553 186.708
47.2999 57.1401 18.0423 6.9481 186.638
47.3998 57.1108 18.1121 6.96065 186.568
47.4998 57.0814 18.1821 6.97319 186.498
47.5998 57.0519 18.2522 6.98571 186.428
47.6998 57.0224 18.3224 6.99823 186.358
47.7998 56.9927 18.3927 7.01072 186.287
47.8998 56.963 18.4631 7.02321 186.217
47.9998 56.9332 18.5336 7.03568 186.147
48.0998 56.9033 18.6043 7.04813 186.076
48.1998 56.8734 18.675 7.06057 186.005
48.2998 56.8433 18.7459 7.073 185.934
48.3998 56.8132 18.8169 7.08541 185.863
48.4998 56.7831 18.888 7.09781 185.792
48.5998 56.7528 18.9592 7.1102 185.721
48.6998 56.7225 19.0305 7.12257 185.65
48.7998 56.6921 19.1019 7.13492 185.578
48.8998 56.6616 19.1734 7.14727 185.507
48.9998 56.631 19.245 7.15959 185.435
49.0998 56.6004 19.3168 7.17191 185.363
49.1998 56.5697 19.3886 7.1842 185.292
49.2998 56.5389 19.4606 7.19649 185.22
49.3998 56.5081 19.5326 7.20876 185.148
49.4998 56.4772 19.6048 7.22101 185.075
49.5998 56.4462 19.6771 7.23325 185.003
49.6998 56.4152 19.7495 7.24548 184.931
49.7998 56.384 19.822 7.25769 184.858
49.8998 56.3528 19.8946 7.26989 184.786
49.9998 56.3216 19.9673 7.28207 184.713
50.0998 56.2902 20.0401 7.29424 184.64
50.1998 56.2589 20.113 7.30639 184.567
50.2998 56.2274 20.186 7.31853 184.494
50.3998 56.1959 20.2592 7.33065 184.421
50.4998 56.1643 20.3324 7.34276 184.348
50.5998 56.1326 20.4058 7.35485 184.274
50.6998 56.1009 20.4792 7.36693 184.201
50.7998 56.0691 20.5528 7.37899 184.127
50.8998 56.0372 20.6264 7.39104 184.054
50.9998 56.0053 20.7002 7.40307 183.98
51.0998 55.9733 20.774 7.41509 183.906
51.1998 55.9412 20.848 7.42709 183.832
51.2998 55.9091 20.9221 7.43908 183.758
51.3998 55.8769 20.9963 7.45105 183.684
51.4998 55.8446 21.0706 7.46301 183.61
51.5998 55.8123 21.1449 7.47495 183.535
51.6998 55.78 21.2194 7.48688 183.461
51.7998 55.7475 21.294 7.49879 183.386
51.8998 55.715 21.3687 7.51069 183.311
51.9998 55.6825 21.4435 7.52257 183.237
52.0998 55.6498 21.5184 7.53443 183.162
52.1998 55.6172 21.5934 7.54628 183.087
52.2998 55.5844 21.6685 7.55812 183.012
52.3998 55.5516 21.7437 7.56994 182.936
52.4998 55.5188 21.819 7.58174 182.861
52.5998 55.4858 21.8944 7.59353 182.786
52.6998 55.4529 21.9699 7.6053 182.71
52.7998 55.4198 22.0455 7.61706 182.635
52.8998 55.3867 22.1213 7.6288 182.559
52.9998 55.3536 22.1971 7.64052 182.483
53.0998 55.3203 22.273 7.65223 182.407
53.1998 55.2871 22.349 7.66393 182.331
53.2998 55.2537 22.4251 7.6756 182.255
53.3998 55.2204 22.5013 7.68727 182.179
53.4998 55.1869 22.5776 7.69891 182.103
53.5998 55.1534 22.654 7.71054 182.026
53.6998 55.1199 22.7305 7.72216 181.95
53.7998 55.0863 22.8071 7.73376 181.873
53.8997 55.0526 22.8838 7.74534 181.796
53.9997 55.0189 22.9606 7.7569 181.72
54.0997 54.9851 23.0375 7.76845 181.643
54.1997 54.9513 23.1145 7.77999 181.566
54.2997 54.9174 23.1915 7.79151 181.489
54.3997 54.8834 23.2687 7.80301 181.411
54.4997 54.8495 23.346 7.81449 181.334
54.5997 54.8154 23.4234 7.82596 181.257
54.6997 54.7813 23.5009 7.83742 181.179
54.7997 54.7472 23.5784 7.84885 181.102
54.8997 54.713 23.6561 7.86027 181.024
54.9997 54.6787 23.7338 7.87168 180.946
55.0997 54.6444 23.8117 7.88306 180.868
55.1997 54.6101 23.8896 7.89443 180.791
55.2997 54.5756 23.9677 7.90579 180.712
55.3997 54.5412 24.0458 7.91713 180.634
55.4997 54.5067 24.1241 7.92845 180.556
55.5997 54.4721 24.2024 7.93975 180.478
55.6997 54.4375 24.2808 7.95104 180.399
55.7997 54.4029 24.3593 7.96231 180.321
55.8997 54.3681 24.4379 7.97357 180.242
55.9997 54.3334 24.5166 7.98481 180.164
56.0997 54.2986 24.5954 7.99603 180.085
56.1997 54.2637 24.6743 8.00723 180.006
56.2997 54.2288 24.7533 8.01842 179.927
56.3997 54.1939 24.8323 8.02959 179.848
56.4997 54.1589 24.9115 8.04074 179.769
56.5997 54.1238 24.9907 8.05188 179.689
56.6997 54.0887 25.0701 8.063 179.61
56.7997 54.0536 25.1495 8.0741 179.531
56.8997 54.0184 25.229 8.08519 179.451
56.9997 53.9832 25.3087 8.09626 179.372
57.0997 53.9479 25.3884 8.10731 179.292
57.1997 53.9125 25.4682 8.11835 179.212
57.2997 53.8772 25.548 8.12936 179.132
57.3997 53.8417 25.628 8.14036 179.052
57.4997 53.8063 25.7081 8.15135 178.972
57.5997 53.7708 25.7882 8.16231 178.892
57.6997 53.7352 25.8685 8.17326 178.812
57.7997 53.6996 25.9488 8.18419 178.731
57.8997 53.664 26.0292 8.1951 178.651
57.9997 53.6283 26.1097 8.206 178.57
58.0997 53.5925 26.1903 8.21688 178.49
58.1997 53.5568 26.271 8.22774 178.409
58.2997 53.5209 26.3518 8.23858 178.328
58.3997 53.4851 26.4326 8.24941 178.248
58.4997 53.4492 26.5136 8.26022 178.167
58.5997 53.4132 26.5946 8.27101 178.086
58.6997 53.3772 26.6757 8.28178 178.004
58.7997 53.3412 26.7569 8.29254 177.923
58.8997 53.3051 26.8382 8.30328 177.842
58.9997 53.269 26.9196 8.314 177.761
59.0997 53.2328 27.001 8.3247 177.679
59.1997 53.1966 27.0826 8.33538 177.598
59.2997 53.1603 27.1642 8.34605 177.516
59.3997 53.1241 27.2459 8.3567 177.434
59.4997 53.0877 27.3277 8.36733 177.352
59.5997 53.0514 27.4096 8.37794 177.271
59.6997 53.0149 27.4916 8.38853 177.189
59.7997 52.9785 27.5736 8.39911 177.107
59.8997 52.942 27.6558 8.40967 177.024
59.9997 52.9055 27.738 8.42021 176.942
60.0997 52.8689 27.8203 8.43073 176.86
60.1997 52.8323 27.9027 8.44123 176.778
60.2997 52.7956 27.9851 8.45172 176.695
60.3997 52.7589 28.0677 8.46219 176.613
60.4996 52.7222 28.1503 8.47264 176.53
60.5996 52.6854 28.233 8.48307 176.447
60.6996 52.6486 28.3158 8.49348 176.364
60.7996 52.6118 28.3987 8.50387 176.282
60.8996 52.5749 28.4816 8.51425 176.199
60.9996 52.538 28.5647 8.52461 176.116
61.0996 52.501 28.6478 8.53494 176.032
61.1996 52.464 28.731 8.54526 175.949
61.2996 52.427 28.8142 8.55556 175.866
61.3996 52.3899 28.8976 8.56585 175.783
61.4996 52.3528 28.981 8.57611 175.699
61.5996 52.3157 29.0645 8.58636 175.616
61.6996 52.2785 29.1481 8.59658 175.532
61.7996 52.2413 29.2318 8.60679 175.448
61.8996 52.204 29.3155 8.61698 175.365
61.9996 52.1667 29.3994 8.62715 175.281
62.0996 52.1294 29.4833 8.6373 175.197
62.1996 52.092 29.5673 8.64743 175.113
62.2996 52.0546 29.6513 8.65755 175.029
62.3996 52.0172 29.7355 8.66764 174.945
62.4996 51.9797 29.8197 8.67772 174.861
62.5996 51.9422 29.904 8.68777 174.776
62.6996 51.9047 29.9883 8.69781 174.692
62.7996 51.8671 30.0728 8.70783 174.607
62.8996 51.8295 30.1573 8.71783 174.523
62.9996 51.7918 30.2419 8.72781 174.438
63.0996 51.7542 30.3265 8.73777 174.354
63.1996 51.7164 30.4113 8.74771 174.269
63.2996 51.6787 30.4961 8.75763 174.184
63.3996 51.6409 30.581 8.76753 174.099
63.4996 51.6031 30.666 8.77741 174.014
63.5996 51.5652 30.751 8.78728 173.929
63.6996 51.5274 30.8361 8.79712 173.844
63.7996 51.4894 30.9213 8.80695 173.759
63.8996 51.4515 31.0066 8.81675 173.674
63.9996 51.4135 31.0919 8.82654 173.588
64.0996 51.3755 31.1773 8.8363 173.503
64.1996 51.3374 31.2628 8.84605 173.417
64.2996 51.2994 31.3483 8.85578 173.332
64.3996 51.2613 31.434 8.86548 173.246
64.4996 51.2231 31.5197 8.87517 173.161
64.5996 51.1849 31.6054 8.88484 173.075
64.6996 51.1467 31.6913 8.89449 172.989
64.7996 51.1085 31.7772 8.90412 172.903
64.8996 51.0702 31.8631 8.91372 172.817
64.9996 51.0319 31.9492 8.92331 172.731
65.0996 50.9936 32.0353 8.93288 172.645
65.1996 50.9552 32.1215 8.94243 172.559
65.2996 50.9168 32.2078 8.95196 172.472
65.3996 50.8784 32.2941 8.96146 172.386
65.4996 50.8399 32.3805 8.97095 172.3
65.5996 50.8014 32.467 8.98042 172.213
65.6996 50.7629 32.5535 8.98987 172.127
65.7996 50.7244 32.6401 8.99929 172.04
65.8996 50.6858 32.7268 9.0087 171.953
65.9996 50.6472 32.8135 9.01809 171.867
66.0996 50.6086 32.9003 9.02746 171.78
66.1996 50.5699 32.9872 9.0368 171.693
66.2996 50.5312 33.0741 9.04613 171.606
66.3996 50.4925 33.1611 9.05543 171.519
66.4996 50.4537 33.2482 9.06472 171.432
66.5996 50.4149 33.3353 9.07398 171.345
66.6996 50.3761 33.4225 9.08323 171.258
66.7996 50.3373 33.5098 9.09245 171.17
66.8996 50.2984 33.5971 9.10165 171.083
66.9995 50.2595 33.6845 9.11083 170.996
67.0995 50.2206 33.772 9.11999 170.908
67.1995 50.1816 33.8595 9.12914 170.821
67.2995 50.1426 33.9471 9.13825 170.733
67.3995 50.1036 34.0348 9.14735 170.645
67.4995 50.0646 34.1225 9.15643 170.558
67.5995 50.0255 34.2103 9.16549 170.47
67.6995 49.9864 34.2981 9.17453 170.382
67.7995 49.9473 34.386 9.18354 170.294
67.8995 49.9081 34.474 9.19254 170.206
67.9995 49.8689 34.5621 9.20151 170.118
68.0995 49.8297 34.6502 9.21046 170.03
68.1995 49.7905 34.7383 9.21939 169.942
68.2995 49.7512 34.8265 9.2283 169.854
68.3995 49.7119 34.9148 9.23719 169.765
68.4995 49.6726 35.0032 9.24606 169.677
68.5995 49.6333 35.0916 9.25491 169.589
68.6995 49.5939 35.18 9.26373 169.5
68.7995 49.5545 35.2686 9.27254 169.412
68.8995 49.5151 35.3571 9.28132 169.323
68.9995 49.4756 35.4458 9.29008 169.234
69.0995 49.4362 35.5345 9.29882 169.146
69.1995 49.3967 35.6233 9.30754 169.057
69.2995 49.3572 35.7121 9.31623 168.968
69.3995 49.3176 35.801 9.32491 168.879
69.4995 49.278 35.8899 9.33356 168.79
69.5995 49.2384 35.9789 9.3422 168.701
69.6995 49.1988 36.068 9.35081 168.612
69.7995 49.1591 36.1571 9.35939 168.523
69.8995 49.1195 36.2462 9.36796 168.434
69.9995 49.0798 36.3355 9.37651 168.345
70.0995 49.04 36.4247 9.38503 168.255
70.1995 49.0003 36.5141 9.39353 168.166
70.2995 48.9605 36.6035 9.40201 168.077
70.3995 48.9207 36.6929 9.41047 167.987
70.4995 48.8809 36.7824 9.41891 167.898
70.5995 48.841 36.872 9.42732 167.808
70.6995 48.8012 36.9616 9.43571 167.719
70.7995 48.7613 37.0513 9.44408 167.629
70.8995 48.7214 37.141 9.45243 167.539
70.9995 48.6814 37.2308 9.46076 167.449
71.0995 48.6414 37.3206 9.46906 167.36
71.1995 48.6014 37.4105 9.47734 167.27
71.2995 48.5614 37.5005 9.4856 167.18
71.3995 48.5214 37.5905 9.49384 167.09
71.4995 48.4813 37.6805 9.50205 167
71.5995 48.4412 37.7706 9.51024 166.91
71.6995 48.4011 37.8608 9.51841 166.819
71.7995 48.361 37.951 9.52656 166.729
71.8995 48.3208 38.0412 9.53468 166.639
71.9995 48.2807 38.1315 9.54279 166.549
72.0995 48.2405 38.2219 9.55087 166.458
72.1995 48.2002 38.3123 9.55892 166.368
72.2995 48.16 38.4028 9.56696 166.277
72.3995 48.1197 38.4933 9.57497 166.187
72.4995 48.0794 38.5838 9.58296 166.096
72.5995 48.0391 38.6745 9.59093 166.006
72.6995 47.9988 38.7651 9.59887 165.915
72.7995 47.9584 38.8558 9.60679 165.824
72.8995 47.918 38.9466 9.61469 165.734
72.9995 47.8776 39.0374 9.62256 165.643
73.0995 47.8372 39.1283 9.63042 165.552
73.1995 47.7968 39.2192 9.63825 165.461
73.2995 47.7563 39.3101 9.64605 165.37
73.3995 47.7158 39.4011 9.65384 165.279
73.4995 47.6753 39.4922 9.6616 165.188
73.5994 47.6348 39.5833 9.66933 165.097
73.6994 47.5942 39.6744 9.67705 165.006
73.7994 47.5536 39.7656 9.68474 164.915
73.8994 47.513 39.8568 9.69241 164.823
73.9994 47.4724 39.9481 9.70005 164.732
74.0994 47.4318 40.0394 9.70767 164.641
74.1994 47.3911 40.1308 9.71527 164.549
74.2994 47.3505 40.2222 9.72284 164.458
74.3994 47.3098 40.3137 9.73039 164.366
74.4994 47.269 40.4052 9.73792 164.275
74.5994 47.2283 40.4967 9.74543 164.183
74.6994 47.1875 40.5883 9.75291 164.092
74.7994 47.1468 40.68 9.76036 164
74.8994 47.106 40.7717 9.7678 163.909
74.9994 47.0651 40.8634 9.77521 163.817
75.0994 47.0243 40.9551 9.78259 163.725
75.1994 46.9834 41.047 9.78995 163.633
75.2994 46.9425 41.1388 9.79729 163.541
75.3994 46.9016 41.2307 9.80461 163.449
75.4994 46.8607 41.3226 9.8119 163.358
75.5994 46.8198 41.4146 9.81917 163.266
75.6994 46.7788 41.5066 9.82641 163.174
75.7994 46.7378 41.5987 9.83363 163.081
75.8994 46.6968 41.6908 9.84082 162.989
75.9994 46.6558 41.7829 9.848 162.897
76.0994 46.6148 41.8751 9.85514 162.805
76.1994 46.5737 41.9674 9.86227 162.713
76.2994 46.5327 42.0596 9.86937 162.621
76.3994 46.4916 42.1519 9.87644 162.528
76.4994 46.4504 42.2443 9.88349 162.436
76.5994 46.4093 42.3366 9.89052 162.344
76.6994 46.3682 42.429 9.89752 162.251
76.7994 46.327 42.5215 9.9045 162.159
76.8994 46.2858 42.614 9.91145 162.066
76.9994 46.2446 42.7065 9.91838 161.974
77.0994 46.2034 42.7991 9.92528 161.881
77.1994 46.1621 42.8917 9.93217 161.788
77.2994 46.1209 42.9843 9.93902 161.696
77.3994 46.0796 43.077 9.94585 161.603
77.4994 46.0383 43.1697 9.95266 161.51
77.5994 45.997 43.2625 9.95944 161.418
77.6994 45.9556 43.3553 9.9662 161.325
77.7994 45.9143 43.4481 9.97293 161.232
77.8994 45.8729 43.5409 9.97964 161.139
77.9994 45.8315 43.6338 9.98632 161.046
78.0994 45.7901 43.7268 9.99298 160.953
78.1994 45.7487 43.8197 9.99961 160.86
78.2994 45.7073 43.9127 10.0062 160.767
78.3994 45.6658 44.0057 10.0128 160.674
78.4994 45.6243 44.0988 10.0194 160.581
78.5994 45.5828 44.1919 10.0259 160.488
78.6994 45.5413 44.285 10.0324 160.395
78.7994 45.4998 44.3782 10.0389 160.302
78.8994 45.4582 44.4714 10.0453 160.209
78.9994 45.4167 44.5646 10.0518 160.116
79.0994 45.3751 44.6578 10.0582 160.022
79.1994 45.3335 44.7511 10.0646 159.929
79.2994 45.2919 44.8444 10.0709 159.836
79.3994 45.2503 44.9378 10.0773 159.742
79.4994 45.2086 45.0312 10.0836 159.649
79.5994 45.167 45.1246 10.0899 159.556
79.6994 45.1253 45.218 10.0961 159.462
79.7994 45.0836 45.3115 10.1023 159.369
79.8994 45.0419 45.405 10.1085 159.275
79.9994 45.0001 45.4985 10.1147 159.182
80.0993 44.9584 45.5921 10.1209 159.088
80.1993 44.9166 45.6856 10.127 158.995
80.2993 44.8749 45.7793 10.1331 158.901
80.3993 44.8331 45.8729 10.1392 158.807
80.4993 44.7913 45.9666 10.1452 158.714
80.5993 44.7494 46.0603 10.1513 158.62
80.6993 44.7076 46.154 10.1573 158.526
80.7993 44.6657 46.2477 10.1632 158.432
80.8993 44.6239 46.3415 10.1692 158.339
80.9993 44.582 46.4353 10.1751 158.245
81.0993 44.5401 46.5291 10.181 158.151
81.1993 44.4981 46.623 10.1869 158.057
81.2993 44.4562 46.7169 10.1927 157.963
81.3993 44.4143 46.8108 10.1985 157.869
81.4993 44.3723 46.9047 10.2043 157.775
81.5993 44.3303 46.9986 10.2101 157.682
81.6993 44.2883 47.0926 10.2158 157.588
81.7993 44.2463 47.1866 10.2216 157.494
81.8993 44.2043 47.2806 10.2272 157.4
81.9993 44.1622 47.3747 10.2329 157.305
82.0993 44.1202 47.4688 10.2385 157.211
82.1993 44.0781 47.5629 10.2441 157.117
82.2993 44.036 47.657 10.2497 157.023
82.3993 43.9939 47.7511 10.2553 156.929
82.4993 43.9518 47.8453 10.2608 156.835
82.5993 43.9097 47.9394 10.2663 156.741
82.6993 43.8675 48.0337 10.2718 156.647
82.7993 43.8253 48.1279 10.2772 156.552
82.8993 43.7832 48.2221 10.2827 156.458
82.9993 43.741 48.3164 10.2881 156.364
83.0993 43.6988 48.4107 10.2934 156.27
83.1993 43.6565 48.505 10.2988 156.175
83.2993 43.6143 48.5993 10.3041 156.081
83.3993 43.5721 48.6936 10.3094 155.987
83.4993 43.5298 48.788 10.3146 155.892
83.5993 43.4875 48.8824 10.3199 155.798
83.6993 43.4452 48.9768 10.3251 155.703
83.7993 43.4029 49.0712 10.3303 155.609
83.8993 43.3606 49.1656 10.3354 155.515
83.9993 43.3183 49.2601 10.3405 155.42
84.0993 43.2759 49.3546 10.3456 155.326
84.1993 43.2336 49.4491 10.3507 155.231
84.2993 43.1912 49.5436 10.3558 155.137
84.3993 43.1488 49.6381 10.3608 155.042
84.4993 43.1064 49.7326 10.3658 154.948
84.5993 43.064 49.8272 10.3707 154.853
84.6993 43.0216 49.9218 10.3757 154.758
84.7993 42.9791 50.0163 10.3806 154.664
84.8993 42.9366 50.1109 10.3855 154.569
84.9993 42.8942 50.2056 10.3903 154.475
85.0993 42.8517 50.3002 10.3951 154.38
85.1993 42.8092 50.3948 10.3999 154.285
85.2993 42.7667 50.4895 10.4047 154.191
85.3993 42.7242 50.5842 10.4095 154.096
85.4993 42.6816 50.6788 10.4142 154.001
85.5993 42.6391 50.7735 10.4189 153.907
85.6993 42.5965 50.8682 10.4235 153.812
85.7993 42.5539 50.963 10.4282 153.717
85.8993 42.5113 51.0577 10.4328 153.622
85.9993 42.4687 51.1524 10.4374 153.528
86.0993 42.4261 51.2472 10.4419 153.433
86.1993 42.3835 51.342 10.4464 153.338
86.2993 42.3409 51.4368 10.4509 153.243
86.3993 42.2982 51.5315 10.4554 153.149
86.4993 42.2555 51.6263 10.4598 153.054
86.5993 42.2129 51.7212 10.4642 152.959
86.6992 42.1702 51.816 10.4686 152.864
86.7992 42.1275 51.9108 10.473 152.769
86.8992 42.0847 52.0056 10.4773 152.675
86.9992 42.042 52.1005 10.4816 152.58
87.0992 41.9993 52.1954 10.4859 152.485
87.1992 41.9565 52.2902 10.4901 152.39
87.2992 41.9137 52.3851 10.4943 152.295
87.3992 41.871 52.48 10.4985 152.2
87.4992 41.8282 52.5749 10.5027 152.105
87.5992 41.7854 52.6698 10.5068 152.01
87.6992 41.7426 52.7647 10.5109 151.916
87.7992 41.6997 52.8596 10.515 151.821
87.8992 41.6569 52.9545 10.519 151.726
87.9992 41.614 53.0494 10.523 151.631
88.0992 41.5712 53.1443 10.527 151.536
88.1992 41.5283 53.2393 10.531 151.441
88.2992 41.4854 53.3342 10.5349 151.346
88.3992 41.4425 53.4292 10.5388 151.251
88.4992 41.3996 53.5241 10.5427 151.156
88.5992 41.3567 53.6191 10.5465 151.061
88.6992 41.3137 53.714 10.5503 150.966
88.7992 41.2708 53.809 10.5541 150.871
88.8992 41.2278 53.9039 10.5578 150.776
88.9992 41.1849 53.9989 10.5616 150.681
89.0992 41.1419 54.0939 10.5653 150.586
89.1992 41.0989 54.1889 10.5689 150.491
89.2992 41.0559 54.2838 10.5726 150.396
89.3992 41.0129 54.3788 10.5762 150.301
89.4992 40.9699 54.4738 10.5798 150.206
89.5992 40.9268 54.5688 10.5833 150.111
89.6992 40.8838 54.6638 10.5868 150.016
89.7992 40.8407 54.7587 10.5903 149.921
89.8992 40.7976 54.8537 10.5938 149.826
89.9992 40.7545 54.9487 10.5972 149.731
90.0992 40.7115 55.0437 10.6006 149.636
90.1992 40.6683 55.1387 10.604 149.542
90.2992 40.6252 55.2337 10.6074 149.447
90.3992 40.5821 55.3286 10.6107 149.352
90.4992 40.539 55.4236 10.614 149.257
90.5992 40.4958 55.5186 10.6172 149.162
90.6992 40.4527 55.6136 10.6205 149.067
90.7992 40.4095 55.7085 10.6236 148.972
90.8992 40.3663 55.8035 10.6268 148.877
90.9992 40.3231 55.8985 10.63 148.782
91.0992 40.2799 55.9935 10.6331 148.687
91.1992 40.2367 56.0884 10.6361 148.592
91.2992 40.1935 56.1834 10.6392 148.497
91.3992 40.1502 56.2783 10.6422 148.402
91.4992 40.107 56.3733 10.6452 148.307
91.5992 40.0637 56.4682 10.6482 148.212
91.6992 40.0205 56.5632 10.6511 148.117
91.7992 39.9772 56.6581 10.654 148.022
91.8992 39.9339 56.7531 10.6569 147.927
91.9992 39.8906 56.848 10.6597 147.832
92.0992 39.8473 56.9429 10.6625 147.737
92.1992 39.804 57.0378 10.6653 147.642
92.2992 39.7607 57.1327 10.668 147.547
92.3992 39.7173 57.2276 10.6708 147.453
92.4992 39.674 57.3225 10.6735 147.358
92.5992 39.6306 57.4174 10.6761 147.263
92.6992 39.5872 57.5123 10.6787 147.168
92.7992 39.5439 57.6072 10.6813 147.073
92.8992 39.5005 57.7021 10.6839 146.978
92.9992 39.4571 57.7969 10.6864 146.883
93.0992 39.4137 57.8918 10.689 146.788
93.1992 39.3703 57.9866 10.6914 146.694
93.2991 39.3268 58.0814 10.6939 146.599
93.3991 39.2834 58.1763 10.6963 146.504
93.4991 39.2399 58.2711 10.6987 146.409
93.5991 39.1965 58.3659 10.701 146.314
93.6991 39.153 58.4607 10.7033 146.22
93.7991 39.1095 58.5554 10.7056 146.125
93.8991 39.066 58.6502 10.7079 146.03
93.9991 39.0225 58.745 10.7101 145.935
94.0991 38.979 58.8397 10.7123 145.84
94.1991 38.9355 58.9344 10.7145 145.746
94.2991 38.892 59.0292 10.7166 145.651
94.3991 38.8485 59.1239 10.7187 145.556
94.4991 38.8049 59.2186 10.7208 145.462
94.5991 38.7614 59.3133 10.7229 145.367
94.6991 38.7178 59.4079 10.7249 145.272
94.7991 38.6742 59.5026 10.7269 145.178
94.8991 38.6307 59.5972 10.7288 145.083
94.9991 38.5871 59.6919 10.7307 144.988
95.0991 38.5435 59.7865 10.7326 144.894
95.1991 38.4999 59.8811 10.7345 144.799
95.2991 38.4562 59.9757 10.7363 144.705
95.3991 38.4126 60.0702 10.7381 144.61
95.4991 38.369 60.1648 10.7399 144.515
95.5991 38.3253 60.2593 10.7416 144.421
95.6991 38.2817 60.3538 10.7433 144.326
95.7991 38.238 60.4483 10.745 144.232
95.8991 38.1943 60.5428 10.7466 144.137
95.9991 38.1506 60.6373 10.7482 144.043
96.0991 38.107 60.7318 10.7498 143.948
96.1991 38.0633 60.8262 10.7513 143.854
96.2991 38.0195 60.9206 10.7529 143.76
96.3991 37.9758 61.015 10.7543 143.665
96.4991 37.9321 61.1094 10.7558 143.571
96.5991 37.8884 61.2038 10.7572 143.476
96.6991 37.8446 61.2981 10.7586 143.382
96.7991 37.8009 61.3924 10.7599 143.288
96.8991 37.7571 61.4867 10.7613 143.193
96.9991 37.7133 61.581 10.7625 143.099
97.0991 37.6696 61.6753 10.7638 143.005
97.1991 37.6258 61.7695 10.765 142.911
97.2991 37.582 61.8638 10.7662 142.816
97.3991 37.5382 61.958 10.7674 142.722
97.4991 37.4944 62.0522 10.7685 142.628
97.5991 37.4505 62.1463 10.7696 142.534
97.6991 37.4067 62.2404 10.7707 142.44
97.7991 37.3629 62.3346 10.7717 142.346
97.8991 37.319 62.4287 10.7727 142.252
97.9991 37.2752 62.5227 10.7737 142.157
98.0991 37.2313 62.6168 10.7746 142.063
98.1991 37.1874 62.7108 10.7755 141.969
98.2991 37.1436 62.8048 10.7764 141.875
98.3991 37.0997 62.8988 10.7772 141.781
98.4991 37.0558 62.9927 10.778 141.687
98.5991 37.0119 63.0867 10.7788 141.594
98.6991 36.968 63.1806 10.7796 141.5
98.7991 36.924 63.2744 10.7803 141.406
98.8991 36.8801 63.3683 10.7809 141.312
98.9991 36.8362 63.4621 10.7816 141.218
99.0991 36.7922 63.5559 10.7822 141.124
99.1991 36.7483 63.6497 10.7828 141.03
99.2991 36.7043 63.7434 10.7833 140.937
99.3991 36.6604 63.8372 10.7838 140.843
99.4991 36.6164 63.9309 10.7843 140.749
99.5991 36.5724 64.0245 10.7848 140.656
99.6991 36.5284 64.1182 10.7852 140.562
99.799 36.4844 64.2118 10.7856 140.468
99.899 36.4404 64.3054 10.7859 140.375
99.999 36.3964 64.3989 10.7862 140.281
100.099 36.3524 64.4924 10.7865 140.188
100.199 36.3083 64.5859 10.7868 140.094
100.299 36.2643 64.6794 10.787 140.001
100.399 36.2202 64.7729 10.7872 139.907
100.499 36.1762 64.8663 10.7873 139.814
100.599 36.1321 64.9596 10.7874 139.721
100.699 36.0881 65.053 10.7875 139.627
100.799 36.044 65.1463 10.7876 139.534
100.899 35.9999 65.2396 10.7876 139.441
100.999 35.9558 65.3328 10.7876 139.347
101.099 35.9117 65.4261 10.7875 139.254
101.199 35.8676 65.5193 10.7874 139.161
101.299 35.8235 65.6124 10.7873 139.068
101.399 35.7794 65.7055 10.7872 138.975
101.499 35.7352 65.7986 10.787 138.882
101.599 35.6911 65.8917 10.7868 138.788
101.699 35.647 65.9847 10.7865 138.695
101.799 35.6028 66.0777 10.7863 138.602
101.899 35.5587 66.1707 10.7859 138.509
101.999 35.5145 66.2636 10.7856 138.417
102.099 35.4703 66.3565 10.7852 138.324
102.199 35.4261 66.4494 10.7848 138.231
102.299 35.3819 66.5422 10.7843 138.138
102.399 35.3378 66.635 10.7838 138.045
102.499 35.2936 66.7277 10.7833 137.952
102.599 35.2493 66.8204 10.7828 137.86
102.699 35.2051 66.9131 10.7822 137.767
102.799 35.1609 67.0057 10.7816 137.674
102.899 35.1167 67.0983 10.7809 137.582
102.999 35.0724 67.1909 10.7802 137.489
103.099 35.0282 67.2834 10.7795 137.397
103.199 34.984 67.3759 10.7788 137.304
103.299 34.9397 67.4684 10.778 137.212
103.399 34.8954 67.5608 10.7771 137.119
103.499 34.8512 67.6532 10.7763 137.027
103.599 34.8069 67.7455 10.7754 136.935
103.699 34.7626 67.8378 10.7745 136.842
103.799 34.7183 67.9301 10.7735 136.75
103.899 34.674 68.0223 10.7725 136.658
103.999 34.6297 68.1145 10.7715 136.566
104.099 34.5854 68.2066 10.7704 136.474
104.199 34.5411 68.2987 10.7693 136.381
104.299 34.4968 68.3908 10.7682 136.289
104.399 34.4524 68.4828 10.767 136.197
104.499 34.4081 68.5748 10.7658 136.105
104.599 34.3637 68.6667 10.7646 136.013
104.699 34.3194 68.7586 10.7633 135.922
104.799 34.275 68.8505 10.762 135.83
104.899 34.2307 68.9423 10.7607 135.738
104.999 34.1863 69.0341 10.7593 135.646
105.099 34.1419 69.1258 10.7579 135.554
105.199 34.0975 69.2175 10.7565 135.463
105.299 34.0531 69.3091 10.755 135.371
105.399 34.0087 69.4007 10.7535 135.279
105.499 33.9643 69.4923 10.7519 135.188
105.599 33.9199 69.5838 10.7503 135.096
105.699 33.8755 69.6752 10.7487 135.005
105.799 33.8311 69.7667 10.7471 134.914
105.899 33.7867 69.858 10.7454 134.822
105.999 33.7422 69.9494 10.7437 134.731
106.099 33.6978 70.0406 10.7419 134.64
106.199 33.6533 70.1319 10.7401 134.548
106.299 33.6089 70.2231 10.7383 134.457
106.399 33.5644 70.3142 10.7364 134.366
106.499 33.52 70.4053 10.7345 134.275
106.599 33.4755 70.4964 10.7326 134.184
106.699 33.431 70.5874 10.7307 134.093
106.799 33.3865 70.6783 10.7287 134.002
106.899 33.342 70.7692 10.7266 133.911
106.999 33.2975 70.8601 10.7245 133.82
107.099 33.253 70.9509 10.7224 133.729
107.199 33.2085 71.0416 10.7203 133.639
107.299 33.164 71.1324 10.7181 133.548
107.399 33.1195 71.223 10.7159 133.457
107.499 33.075 71.3136 10.7137 133.367
107.599 33.0304 71.4042 10.7114 133.276
107.699 32.9859 71.4947 10.7091 133.185
107.799 32.9413 71.5852 10.7067 133.095
107.899 32.8968 71.6756 10.7043 133.005
107.999 32.8522 71.7659 10.7019 132.914
108.099 32.8077 71.8563 10.6994 132.824
108.199 32.7631 71.9465 10.6969 132.734
108.299 32.7185 72.0367 10.6944 132.643
108.399 32.674 72.1269 10.6918 132.553
108.499 32.6294 72.217 10.6892 132.463
108.599 32.5848 72.307 10.6866 132.373
108.699 32.5402 72.397 10.6839 132.283
108.799 32.4956 72.487 10.6812 132.193
108.899 32.451 72.5769 10.6785 132.103
108.999 32.4064 72.6667 10.6757 132.013
109.099 32.3617 72.7565 10.6729 131.924
109.199 32.3171 72.8462 10.67 131.834
109.299 32.2725 72.9359 10.6671 131.744
109.399 32.2278 73.0255 10.6642 131.655
109.499 32.1832 73.1151 10.6613 131.565
109.599 32.1385 73.2046 10.6583 131.476
109.699 32.0939 73.294 10.6552 131.386
109.799 32.0492 73.3834 10.6522 131.297
109.899 32.0046 73.4728 10.6491 131.207
109.999 31.9599 73.562 10.6459 131.118
110.099 31.9152 73.6513 10.6428 131.029
110.199 31.8705 73.7404 10.6395 130.94
110.299 31.8259 73.8295 10.6363 130.851
110.399 31.7812 73.9186 10.633 130.762
110.499 31.7365 74.0076 10.6297 130.673
110.599 31.6918 74.0965 10.6263 130.584
110.699 31.6471 74.1854 10.6229 130.495
110.799 31.6023 74.2742 10.6195 130.406
110.899 31.5576 74.363 10.6161 130.317
110.999 31.5129 74.4517 10.6126 130.228
111.099 31.4682 74.5404 10.609 130.14
111.199 31.4234 74.6289 10.6054 130.051
111.299 31.3787 74.7175 10.6018 129.963
111.399 31.3339 74.8059 10.5982 129.874
111.499 31.2892 74.8943 10.5945 129.786
111.599 31.2444 74.9827 10.5908 129.697
111.699 31.1997 75.071 10.587 129.609
111.799 31.1549 75.1592 10.5832 129.521
111.899 31.1101 75.2474 10.5794 129.433
111.999 31.0654 75.3355 10.5755 129.345
112.099 31.0206 75.4235 10.5716 129.257
112.199 30.9758 75.5115 10.5677 129.169
112.299 30.931 75.5994 10.5637 129.081
112.399 30.8862 75.6872 10.5597 128.993
112.499 30.8414 75.775 10.5557 128.905
112.599 30.7966 75.8627 10.5516 128.817
112.699 30.7518 75.9504 10.5475 128.73
112.799 30.707 76.038 10.5433 128.642
112.899 30.6622 76.1255 10.5391 128.555
112.999 30.6173 76.213 10.5349 128.467
113.099 30.5725 76.3004 10.5306 128.38
113.199 30.5277 76.3877 10.5263 128.292
113.299 30.4828 76.475 10.522 128.205
113.399 30.438 76.5622 10.5176 128.118
113.499 30.3931 76.6493 10.5132 128.031
113.599 30.3483 76.7364 10.5087 127.944
113.699 30.3034 76.8234 10.5042 127.857
113.799 30.2585 76.9104 10.4997 127.77
113.899 30.2137 76.9972 10.4951 127.683
113.999 30.1688 77.084 10.4905 127.596
114.099 30.1239 77.1708 10.4859 127.509
114.199 30.079 77.2574 10.4812 127.423
114.299 30.0341 77.3441 10.4765 127.336
114.399 29.9892 77.4306 10.4718 127.25
114.499 29.9443 77.5171 10.467 127.163
114.599 29.8994 77.6035 10.4622 127.077
114.699 29.8545 77.6898 10.4573 126.99
114.799 29.8096 77.776 10.4524 126.904
114.899 29.7647 77.8622 10.4475 126.818
114.999 29.7198 77.9483 10.4425 126.732
115.099 29.6748 78.0344 10.4375 126.646
115.199 29.6299 78.1204 10.4324 126.56
115.299 29.585 78.2063 10.4274 126.474
115.399 29.54 78.2921 10.4222 126.388
115.499 29.4951 78.3779 10.4171 126.302
115.599 29.4501 78.4636 10.4119 126.217
115.699 29.4052 78.5492 10.4067 126.131
115.799 29.3602 78.6348 10.4014 126.045
115.899 29.3153 78.7202 10.3961 125.96
115.999 29.2703 78.8057 10.3907 125.875
116.099 29.2253 78.891 10.3854 125.789
116.199 29.1803 78.9763 10.3799 125.704
116.299 29.1354 79.0614 10.3745 125.619
116.399 29.0904 79.1466 10.369 125.534
116.499 29.0454 79.2316 10.3635 125.449
116.599 29.0004 79.3166 10.3579 125.364
116.699 28.9554 79.4015 10.3523 125.279
116.799 28.9104 79.4863 10.3466 125.194
116.899 28.8654 79.571 10.341 125.109
116.999 28.8204 79.6557 10.3352 125.024
117.099 28.7753 79.7403 10.3295 124.94
117.199 28.7303 79.8248 10.3237 124.855
117.299 28.6853 79.9092 10.3179 124.771
117.399 28.6403 79.9936 10.312 124.687
117.499 28.5952 80.0779 10.3061 124.602
117.599 28.5502 80.1621 10.3001 124.518
117.699 28.5052 80.2463 10.2942 124.434
117.799 28.4601 80.3303 10.2881 124.35
117.899 28.4151 80.4143 10.2821 124.266
117.999 28.37 80.4982 10.276 124.182
118.099 28.3249 80.582 10.2698 124.098
118.199 28.2799 80.6658 10.2637 124.014
118.299 28.2348 80.7495 10.2575 123.931
118.399 28.1897 80.833 10.2512 123.847
118.499 28.1447 80.9166 10.2449 123.764
118.599 28.0996 81 10.2386 123.68
118.699 28.0545 81.0834 10.2322 123.597
118.799 28.0094 81.1666 10.2258 123.514
118.899 27.9643 81.2498 10.2194 123.43
118.999 27.9192 81.3329 10.2129 123.347
119.099 27.8741 81.416 10.2064 123.264
119.199 27.829 81.4989 10.1999 123.181
119.299 27.7839 81.5818 10.1933 123.098
119.399 27.7388 81.6646 10.1867 123.016
119.499 27.6937 81.7473 10.18 122.933
119.599 27.6486 81.8299 10.1733 122.85
119.699 27.6034 81.9125 10.1666 122.768
119.799 27.5583 81.9949 10.1598 122.685
119.899 27.5132 82.0773 10.153 122.603
119.999 27.4681 82.1596 10.1461 122.521
120.099 27.4229 82.2419 10.1392 122.438
120.199 27.3778 82.324 10.1323 122.356
120.299 27.3326 82.406 10.1253 122.274
120.399 27.2875 82.488 10.1183 122.192
120.499 27.2423 82.5699 10.1113 122.11
120.599 27.1972 82.6517 10.1042 122.028
120.699 27.152 82.7334 10.0971 121.947
120.799 27.1068 82.815 10.0899 121.865
120.899 27.0617 82.8966 10.0827 121.784
120.999 27.0165 82.978 10.0755 121.702
121.099 26.9713 83.0594 10.0682 121.621
121.199 26.9261 83.1407 10.0609 121.539
121.299 26.8809 83.2219 10.0535 121.458
121.399 26.8357 83.303 10.0461 121.377
121.499 26.7905 83.3841 10.0387 121.296
121.599 26.7454 83.465 10.0313 121.215
121.699 26.7002 83.5459 10.0237 121.134
121.799 26.6549 83.6266 10.0162 121.054
121.899 26.6097 83.7073 10.0086 120.973
121.999 26.5645 83.7879 10.001 120.892
122.099 26.5193 83.8684 9.99335 120.812
122.199 26.4741 83.9488 9.98566 120.731
122.299 26.4289 84.0292 9.97793 120.651
122.399 26.3836 84.1094 9.97016 120.571
122.499 26.3384 84.1896 9.96235 120.491
122.599 26.2932 84.2696 9.9545 120.411
122.699 26.2479 84.3496 9.94661 120.331
122.799 26.2027 84.4295 9.93869 120.251
122.899 26.1575 84.5093 9.93073 120.171
122.999 26.1122 84.589 9.92273 120.091
123.099 26.067 84.6686 9.91469 120.012
123.199 26.0217 84.7481 9.90661 119.932
123.299 25.9764 84.8276 9.89849 119.853
123.399 25.9312 84.9069 9.89034 119.773
123.499 25.8859 84.9862 9.88214 119.694
123.599 25.8407 85.0653 9.87391 119.615
123.699 25.7954 85.1444 9.86564 119.536
123.799 25.7501 85.2234 9.85734 119.457
123.899 25.7048 85.3023 9.84899 119.378
123.999 25.6595 85.381 9.8406 119.299
124.099 25.6143 85.4597 9.83218 119.22
124.199 25.569 85.5384 9.82372 119.142
124.299 25.5237 85.6169 9.81522 119.063
124.399 25.4784 85.6953 9.80668 118.985
124.499 25.4331 85.7736 9.7981 118.907
124.599 25.3878 85.8518 9.78949 118.828
124.699 25.3425 85.93 9.78083 118.75
124.799 25.2972 86.008 9.77214 118.672
124.899 25.2519 86.086 9.76341 118.594
124.999 25.2065 86.1638 9.75464 118.516
125.099 25.1612 86.2416 9.74583 118.439
125.199 25.1159 86.3193 9.73698 118.361
125.299 25.0706 86.3968 9.7281 118.283
125.399 25.0252 86.4743 9.71917 118.206
125.499 24.9799 86.5517 9.71021 118.128
125.599 24.9346 86.629 9.70121 118.051
125.699 24.8892 86.7061 9.69217 117.974
125.799 24.8439 86.7832 9.6831 117.897
125.899 24.7985 86.8602 9.67398 117.82
125.999 24.7532 86.9371 9.66482 117.743
126.099 24.7078 87.0139 9.65563 117.666
126.199 24.6625 87.0906 9.6464 117.59
126.299 24.6171 87.1672 9.63713 117.513
126.399 24.5718 87.2437 9.62782 117.436
126.499 24.5264 87.3201 9.61847 117.36
126.599 24.481 87.3964 9.60909 117.284
126.699 24.4357 87.4726 9.59966 117.208
126.799 24.3903 87.5487 9.5902 117.131
126.899 24.3449 87.6247 9.5807 117.055
126.999 24.2995 87.7007 9.57116 116.98
127.099 24.2542 87.7765 9.56158 116.904
127.199 24.2088 87.8522 9.55196 116.828
127.299 24.1634 87.9278 9.54231 116.752
127.399 24.118 88.0033 9.53262 116.677
127.499 24.0726 88.0787 9.52288 116.601
127.599 24.0272 88.154 9.51311 116.526
127.699 23.9818 88.2292 9.5033 116.451
127.799 23.9364 88.3043 9.49345 116.376
127.899 23.891 88.3793 9.48357 116.301
127.999 23.8456 88.4542 9.47364 116.226
128.099 23.8002 88.529 9.46368 116.151
128.199 23.7547 88.6037 9.45368 116.076
128.299 23.7093 88.6783 9.44364 116.002
128.399 23.6639 88.7528 9.43356 115.927
128.499 23.6185 88.8272 9.42344 115.853
128.599 23.573 88.9015 9.41328 115.779
128.699 23.5276 88.9757 9.40309 115.704
128.799 23.4822 89.0498 9.39285 115.63
128.899 23.4367 89.1237 9.38258 115.556
128.999 23.3913 89.1976 9.37227 115.483
129.099 23.3458 89.2714 9.36192 115.409
129.199 23.3004 89.3451 9.35153 115.335
129.299 23.2549 89.4186 9.34111 115.262
129.399 23.2095 89.4921 9.33064 115.188
129.499 23.164 89.5654 9.32014 115.115
129.599 23.1186 89.6387 9.3096 115.042
129.699 23.0731 89.7118 9.29902 114.968
129.799 23.0276 89.7848 9.2884 114.895
129.899 22.9822 89.8578 9.27774 114.822
129.999 22.9367 89.9306 9.26705 114.75
130.099 22.8912 90.0033 9.25632 114.677
130.199 22.8457 90.0759 9.24554 114.604
130.299 22.8003 90.1484 9.23473 114.532
130.399 22.7548 90.2208 9.22389 114.459
130.499 22.7093 90.2931 9.213 114.387
130.599 22.6638 90.3653 9.20207 114.315
130.699 22.6183 90.4373 9.19111 114.243
130.799 22.5728 90.5093 9.18011 114.171
130.899 22.5273 90.5812 9.16907 114.099
130.999 22.4818 90.6529 9.15799 114.027
131.099 22.4363 90.7246 9.14687 113.956
131.199 22.3908 90.7961 9.13572 113.884
131.299 22.3453 90.8675 9.12452 113.813
131.399 22.2998 90.9388 9.11329 113.741
131.499 22.2543 91.01 9.10202 113.67
131.599 22.2088 91.0811 9.09071 113.599
131.699 22.1633 91.1521 9.07936 113.528
131.799 22.1177 91.2229 9.06798 113.457
131.899 22.0722 91.2937 9.05656 113.386
131.999 22.0267 91.3644 9.04509 113.316
132.099 21.9812 91.4349 9.0336 113.245
132.199 21.9356 91.5053 9.02206 113.175
132.299 21.8901 91.5756 9.01048 113.105
132.399 21.8446 91.6458 8.99887 113.034
132.499 21.799 91.7159 8.98721 112.964
132.599 21.7535 91.7859 8.97552 112.894
132.699 21.7079 91.8558 8.9638 112.824
132.799 21.6624 91.9255 8.95203 112.755
132.899 21.6168 91.9952 8.94022 112.685
132.999 21.5713 92.0647 8.92838 112.615
133.099 21.5257 92.1341 8.9165 112.546
133.199 21.4802 92.2034 8.90458 112.477
133.299 21.4346 92.2726 8.89262 112.408
133.399 21.3891 92.3417 8.88063 112.338
133.499 21.3435 92.4107 8.86859 112.27
133.599 21.2979 92.4795 8.85652 112.201
133.699 21.2524 92.5482 8.84441 112.132
133.799 21.2068 92.6169 8.83227 112.063
133.899 21.1612 92.6854 8.82008 111.995
133.999 21.1156 92.7537 8.80786 111.926
134.099 21.0701 92.822 8.7956 111.858
134.199 21.0245 92.8902 8.7833 111.79
134.299 20.9789 92.9582 8.77096 111.722
134.399 20.9333 93.0262 8.75859 111.654
134.499 20.8877 93.094 8.74618 111.586
134.599 20.8421 93.1617 8.73373 111.519
134.699 20.7965 93.2292 8.72124 111.451
134.799 20.751 93.2967 8.70871 111.383
134.899 20.7054 93.364 8.69615 111.316
134.999 20.6598 93.4313 8.68355 111.249
135.099 20.6142 93.4984 8.67091 111.182
135.199 20.5686 93.5654 8.65823 111.115
135.299 20.5229 93.6323 8.64552 111.048
135.399 20.4773 93.699 8.63276 110.981
135.499 20.4317 93.7657 8.61997 110.915
135.599 20.3861 93.8322 8.60715 110.848
135.699 20.3405 93.8986 8.59428 110.782
135.799 20.2949 93.9649 8.58138 110.715
135.899 20.2493 94.031 8.56844 110.649
135.999 20.2036 94.0971 8.55546 110.583
136.099 20.158 94.163 8.54245 110.517
136.199 20.1124 94.2288 8.52939 110.451
136.299 20.0668 94.2945 8.5163 110.386
136.399 20.0211 94.3601 8.50318 110.32
136.499 19.9755 94.4255 8.49001 110.255
136.599 19.9299 94.4908 8.47681 110.189
136.699 19.8842 94.5561 8.46357 110.124
136.799 19.8386 94.6211 8.45029 110.059
136.899 19.7929 94.6861 8.43698 109.994
136.999 19.7473 94.751 8.42362 109.929
137.099 19.7016 94.8157 8.41024 109.865
137.199 19.656 94.8803 8.39681 109.8
137.299 19.6103 94.9448 8.38335 109.735
137.399 19.5647 95.0091 8.36985 109.671
137.499 19.519 95.0734 8.35631 109.607
137.599 19.4734 95.1375 8.34273 109.543
137.699 19.4277 95.2015 8.32912 109.479
137.799 19.3821 95.2653 8.31547 109.415
137.899 19.3364 95.3291 8.30179 109.351
137.999 19.2907 95.3927 8.28806 109.287
138.099 19.2451 95.4562 8.2743 109.224
138.199 19.1994 95.5196 8.2605 109.161
138.299 19.1537 95.5828 8.24667 109.097
138.399 19.108 95.646 8.2328 109.034
138.499 19.0624 95.709 8.21889 108.971
138.599 19.0167 95.7718 8.20495 108.908
138.699 18.971 95.8346 8.19097 108.846
138.799 18.9253 95.8972 8.17695 108.783
138.899 18.8796 95.9597 8.16289 108.72
138.999 18.834 96.0221 8.1488 108.658
139.099 18.7883 96.0844 8.13467 108.596
139.199 18.7426 96.1465 8.12051 108.534
139.299 18.6969 96.2085 8.1063 108.472
139.399 18.6512 96.2704 8.09207 108.41
139.499 18.6055 96.3322 8.07779 108.348
139.599 18.5598 96.3938 8.06348 108.286
139.699 18.5141 96.4553 8.04913 108.225
139.799 18.4684 96.5167 8.03475 108.164
139.899 18.4227 96.5779 8.02033 108.102
139.999 18.377 96.639 8.00587 108.041
140.099 18.3313 96.7 7.99137 107.98
140.199 18.2856 96.7609 7.97684 107.919
140.299 18.2398 96.8217 7.96228 107.859
140.399 18.1941 96.8823 7.94768 107.798
140.499 18.1484 96.9428 7.93304 107.737
140.599 18.1027 97.0031 7.91836 107.677
140.699 18.057 97.0633 7.90365 107.617
140.799 18.0113 97.1234 7.8889 107.557
140.899 17.9655 97.1834 7.87412 107.497
140.999 17.9198 97.2433 7.8593 107.437
141.099 17.8741 97.303 7.84444 107.377
141.199 17.8283 97.3626 7.82955 107.318
141.299 17.7826 97.422 7.81463 107.258
141.399 17.7369 97.4814 7.79966 107.199
141.499 17.6911 97.5406 7.78466 107.14
141.599 17.6454 97.5996 7.76963 107.081
141.699 17.5997 97.6586 7.75456 107.022
141.799 17.5539 97.7174 7.73945 106.963
141.899 17.5082 97.776 7.72431 106.904
141.999 17.4624 97.8346 7.70913 106.846
142.099 17.4167 97.893 7.69392 106.787
142.199 17.3709 97.9513 7.67867 106.729
142.299 17.3252 98.0095 7.66338 106.671
142.399 17.2794 98.0675 7.64806 106.613
142.499 17.2337 98.1254 7.63271 106.555
142.6 17.1879 98.1831 7.61732 106.497
142.7 17.1422 98.2408 7.60189 106.439
142.8 17.0964 98.2983 7.58643 106.382
142.9 17.0507 98.3556 7.57093 106.325
143 17.0049 98.4129 7.5554 106.267
143.1 16.9591 98.47 7.53983 106.21
143.2 16.9134 98.5269 7.52423 106.153
143.3 16.8676 98.5838 7.50859 106.096
143.4 16.8218 98.6405 7.49292 106.04
143.5 16.7761 98.697 7.47721 105.983
143.6 16.7303 98.7535 7.46147 105.927
143.7 16.6845 98.8098 7.44569 105.87
143.8 16.6387 98.866 7.42988 105.814
143.9 16.593 98.922 7.41403 105.758
144 16.5472 98.9779 7.39815 105.702
144.1 16.5014 99.0337 7.38223 105.647
144.2 16.4556 99.0893 7.36628 105.591
144.3 16.4098 99.1448 7.35029 105.535
144.4 16.3641 99.2002 7.33427 105.48
144.5 16.3183 99.2554 7.31822 105.425
144.6 16.2725 99.3105 7.30213 105.37
144.7 16.2267 99.3654 7.286 105.315
144.8 16.1809 99.4203 7.26984 105.26
144.9 16.1351 99.4749 7.25365 105.205
145 16.0893 99.5295 7.23742 105.151
145.1 16.0435 99.5839 7.22116 105.096
145.2 15.9977 99.6382 7.20487 105.042
145.3 15.9519 99.6923 7.18854 104.988
145.4 15.9061 99.7464 7.17217 104.934
145.5 15.8603 99.8002 7.15577 104.88
145.6 15.8145 99.854 7.13934 104.826
145.7 15.7687 99.9076 7.12287 104.773
145.8 15.7229 99.961 7.10637 104.719
145.9 15.6771 100.014 7.08984 104.666
146 15.6313 100.068 7.07327 104.613
146.1 15.5854 100.121 7.05667 104.56
146.2 15.5396 100.173 7.04004 104.507
146.3 15.4938 100.226 7.02337 104.454
146.4 15.448 100.279 7.00666 104.401
146.5 15.4022 100.331 6.98993 104.349
146.6 15.3564 100.384 6.97316 104.296
146.7 15.3105 100.436 6.95635 104.244
146.8 15.2647 100.488 6.93952 104.192
146.9 15.2189 100.54 6.92265 104.14
147 15.1731 100.592 6.90575 104.088
147.1 15.1272 100.643 6.88881 104.037
147.2 15.0814 100.695 6.87184 103.985
147.3 15.0356 100.746 6.85484 103.934
147.4 14.9897 100.798 6.8378 103.883
147.5 14.9439 100.849 6.82073 103.831
147.6 14.8981 100.9 6.80363 103.78
147.7 14.8522 100.951 6.7865 103.73
147.8 14.8064 101.001 6.76933 103.679
147.9 14.7605 101.052 6.75213 103.628
148 14.7147 101.102 6.7349 103.578
148.1 14.6689 101.152 6.71763 103.528
148.2 14.623 101.203 6.70034 103.478
148.3 14.5772 101.253 6.68301 103.428
148.4 14.5313 101.302 6.66564 103.378
148.5 14.4855 101.352 6.64825 103.328
148.6 14.4396 101.402 6.63082 103.278
148.7 14.3938 101.451 6.61336 103.229
148.8 14.3479 101.5 6.59587 103.18
148.9 14.3021 101.55 6.57834 103.131
149 14.2562 101.599 6.56079 103.082
149.1 14.2104 101.647 6.5432 103.033
149.2 14.1645 101.696 6.52558 102.984
149.3 14.1186 101.745 6.50793 102.936
149.4 14.0728 101.793 6.49024 102.887
149.5 14.0269 101.841 6.47253 102.839
149.6 13.981 101.89 6.45478 102.791
149.7 13.9352 101.937 6.437 102.743
149.8 13.8893 101.985 6.41919 102.695
149.9 13.8435 102.033 6.40135 102.647
150 13.7976 102.081 6.38348 102.6
150.1 13.7517 102.128 6.36557 102.552
150.2 13.7058 102.175 6.34764 102.505
150.3 13.66 102.222 6.32967 102.458
150.4 13.6141 102.269 6.31167 102.411
150.5 13.5682 102.316 6.29364 102.364
150.6 13.5223 102.363 6.27558 102.317
150.7 13.4765 102.41 6.25749 102.271
150.8 13.4306 102.456 6.23937 102.224
150.9 13.3847 102.502 6.22121 102.178
151 13.3388 102.548 6.20303 102.132
151.1 13.2929 102.594 6.18481 102.086
151.2 13.2471 102.64 6.16657 102.04
151.3 13.2012 102.686 6.14829 101.994
151.4 13.1553 102.731 6.12998 101.949
151.5 13.1094 102.777 6.11165 101.903
151.6 13.0635 102.822 6.09328 101.858
151.7 13.0176 102.867 6.07488 101.813
151.8 12.9717 102.912 6.05645 101.768
151.9 12.9258 102.957 6.038 101.723
152 12.8799 103.002 6.01951 101.679
152.1 12.834 103.046 6.00099 101.634
152.2 12.7881 103.091 5.98244 101.59
152.3 12.7422 103.135 5.96386 101.545
152.4 12.6963 103.179 5.94526 101.501
152.5 12.6504 103.223 5.92662 101.457
152.6 12.6045 103.267 5.90795 101.414
152.7 12.5586 103.31 5.88925 101.37
152.8 12.5127 103.354 5.87053 101.326
152.9 12.4668 103.397 5.85177 101.283
153 12.4209 103.44 5.83299 101.24
153.1 12.375 103.483 5.81417 101.197
153.2 12.3291 103.526 5.79533 101.154
153.3 12.2832 103.569 5.77646 101.111
153.4 12.2373 103.612 5.75756 101.069
153.5 12.1914 103.654 5.73863 101.026
153.6 12.1455 103.696 5.71967 100.984
153.7 12.0995 103.738 5.70068 100.942
153.8 12.0536 103.781 5.68166 100.9
153.9 12.0077 103.822 5.66262 100.858
154 11.9618 103.864 5.64354 100.816
154.1 11.9159 103.906 5.62444 100.775
154.2 11.87 103.947 5.60531 100.733
154.3 11.824 103.988 5.58615 100.692
154.4 11.7781 104.029 5.56696 100.651
154.5 11.7322 104.07 5.54775 100.61
154.6 11.6863 104.111 5.5285 100.569
154.7 11.6403 104.152 5.50923 100.528
154.8 11.5944 104.192 5.48993 100.488
154.9 11.5485 104.233 5.4706 100.447
155 11.5026 104.273 5.45125 100.407
155.1 11.4566 104.313 5.43186 100.367
155.2 11.4107 104.353 5.41245 100.327
155.3 11.3648 104.393 5.39301 100.287
155.4 11.3188 104.432 5.37355 100.248
155.5 11.2729 104.472 5.35406 100.208
155.6 11.227 104.511 5.33454 100.169
155.7 11.181 104.55 5.31499 100.13
155.8 11.1351 104.589 5.29541 100.091
155.9 11.0892 104.628 5.27581 100.052
156 11.0432 104.667 5.25618 100.013
156.1 10.9973 104.705 5.23653 99.9747
156.2 10.9513 104.744 5.21684 99.9363
156.3 10.9054 104.782 5.19714 99.898
156.4 10.8595 104.82 5.1774 99.8599
156.5 10.8135 104.858 5.15764 99.822
156.6 10.7676 104.896 5.13785 99.7842
156.7 10.7216 104.934 5.11803 99.7465
156.8 10.6757 104.971 5.09819 99.709
156.9 10.6297 105.009 5.07832 99.6717
157 10.5838 105.046 5.05843 99.6345
157.1 10.5378 105.083 5.03851 99.5974
157.2 10.4919 105.12 5.01857 99.5606
157.3 10.4459 105.156 4.99859 99.5238
157.4 10.4 105.193 4.9786 99.4872
157.5 10.354 105.229 4.95857 99.4508
157.6 10.3081 105.266 4.93853 99.4145
157.7 10.2621 105.302 4.91845 99.3784
157.8 10.2162 105.338 4.89835 99.3425
157.9 10.1702 105.374 4.87823 99.3066
158 10.1242 105.409 4.85808 99.271
158.1 10.0783 105.445 4.8379 99.2355
158.2 10.0323 105.48 4.8177 99.2001
158.3 9.98636 105.515 4.79748 99.1649
158.4 9.9404 105.55 4.77723 99.1299
158.5 9.89443 105.585 4.75696 99.095
158.6 9.84847 105.62 4.73666 99.0602
158.7 9.80251 105.655 4.71633 99.0257
158.8 9.75654 105.689 4.69599 98.9912
158.9 9.71057 105.723 4.67561 98.957
159.001 9.66461 105.757 4.65522 98.9228
159.101 9.61864 105.791 4.6348 98.8889
159.201 9.57267 105.825 4.61435 98.8551
159.301 9.5267 105.859 4.59388 98.8214
159.401 9.48073 105.892 4.57339 98.7879
159.501 9.43476 105.926 4.55287 98.7546
159.601 9.38879 105.959 4.53233 98.7214
159.701 9.34282 105.992 4.51177 98.6884
159.801 9.29684 106.025 4.49118 98.6555
159.901 9.25087 106.057 4.47057 98.6228
160.001 9.20489 106.09 4.44993 98.5902
160.101 9.15892 106.122 4.42928 98.5578
160.201 9.11294 106.155 4.4086 98.5255
160.301 9.06696 106.187 4.38789 98.4934
160.401 9.02098 106.219 4.36716 98.4615
160.501 8.97501 106.25 4.34641 98.4297
160.601 8.92903 106.282 4.32564 98.3981
160.701 8.88304 106.314 4.30485 98.3666
160.801 8.83706 106.345 4.28403 98.3353
160.901 8.79108 106.376 4.26319 98.3041
161.001 8.7451 106.407 4.24233 98.2731
161.101 8.69911 106.438 4.22144 98.2423
161.201 8.65313 106.469 4.20053 98.2116
161.301 8.60714 106.499 4.17961 98.1811
161.401 8.56116 106.53 4.15865 98.1507
161.501 8.51517 106.56 4.13768 98.1205
161.601 8.46918 106.59 4.11669 98.0904
161.701 8.42319 106.62 4.09567 98.0605
161.801 8.37721 106.649 4.07463 98.0307
161.901 8.33122 106.679 4.05357 98.0012
162.001 8.28523 106.708 4.03249 97.9717
162.101 8.23923 106.738 4.01139 97.9425
162.201 8.19324 106.767 3.99027 97.9133
162.301 8.14725 106.796 3.96912 97.8844
162.401 8.10126 106.825 3.94796 97.8556
162.501 8.05526 106.853 3.92677 97.8269
162.601 8.00927 106.882 3.90556 97.7984
162.701 7.96327 106.91 3.88434 97.7701
162.801 7.91727 106.938 3.86309 97.742
162.901 7.87128 106.966 3.84182 97.7139
163.001 7.82528 106.994 3.82053 97.6861
163.101 7.77928 107.022 3.79922 97.6584
163.201 7.73328 107.049 3.77789 97.6309
163.301 7.68728 107.077 3.75654 97.6035
163.401 7.64128 107.104 3.73517 97.5763
163.501 7.59528 107.131 3.71378 97.5492
163.601 7.54928 107.158 3.69237 97.5223
163.701 7.50328 107.185 3.67095 97.4956
163.801 7.45727 107.211 3.6495 97.469
163.901 7.41127 107.238 3.62803 97.4426
164.001 7.36527 107.264 3.60654 97.4163
164.101 7.31926 107.29 3.58504 97.3902
164.201 7.27326 107.316 3.56351 97.3643
164.301 7.22725 107.342 3.54197 97.3385
164.401 7.18124 107.367 3.52041 97.3129
164.501 7.13524 107.393 3.49882 97.2874
164.601 7.08923 107.418 3.47722 97.2621
164.701 7.04322 107.443 3.45561 97.237
164.801 6.99721 107.468 3.43397 97.212
164.901 6.9512 107.493 3.41231 97.1872
165.001 6.90519 107.518 3.39064 97.1625
165.101 6.85918 107.542 3.36895 97.138
165.201 6.81317 107.567 3.34724 97.1136
165.301 6.76715 107.591 3.32551 97.0895
165.401 6.72114 107.615 3.30376 97.0654
165.501 6.67513 107.639 3.282 97.0416
165.601 6.62911 107.662 3.26022 97.0179
165.701 6.5831 107.686 3.23842 96.9943
165.801 6.53708 107.709 3.2166 96.9709
165.901 6.49107 107.732 3.19477 96.9477
166.001 6.44505 107.756 3.17292 96.9247
166.101 6.39904 107.778 3.15105 96.9018
166.201 6.35302 107.801 3.12917 96.879
166.301 6.307 107.824 3.10727 96.8565
166.401 6.26098 107.846 3.08535 96.834
166.501 6.21496 107.868 3.06342 96.8118
166.601 6.16894 107.89 3.04147 96.7897
166.701 6.12292 107.912 3.0195 96.7678
166.801 6.0769 107.934 2.99752 96.746
166.901 6.03088 107.956 2.97552 96.7244
167.001 5.98486 107.977 2.9535 96.7029
167.101 5.93884 107.999 2.93147 96.6816
167.201 5.89282 108.02 2.90943 96.6605
167.301 5.84679 108.041 2.88736 96.6396
167.401 5.80077 108.061 2.86528 96.6188
167.501 5.75475 108.082 2.84319 96.5981
167.601 5.70872 108.103 2.82108 96.5776
167.701 5.6627 108.123 2.79896 96.5573
167.801 5.61667 108.143 2.77682 96.5372
167.901 5.57064 108.163 2.75466 96.5172
168.001 5.52462 108.183 2.7325 96.4974
168.101 5.47859 108.202 2.71031 96.4777
168.201 5.43256 108.222 2.68811 96.4582
168.301 5.38654 108.241 2.6659 96.4388
168.401 5.34051 108.261 2.64367 96.4197
168.501 5.29448 108.28 2.62143 96.4006
168.601 5.24845 108.298 2.59918 96.3818
168.701 5.20242 108.317 2.57691 96.3631
168.801 5.15639 108.336 2.55462 96.3446
168.901 5.11036 108.354 2.53232 96.3262
169.001 5.06433 108.372 2.51001 96.308
169.101 5.0183 108.39 2.48769 96.29
169.201 4.97226 108.408 2.46535 96.2721
169.301 4.92623 108.426 2.443 96.2544
169.401 4.8802 108.443 2.42063 96.2368
169.501 4.83417 108.461 2.39825 96.2194
169.601 4.78813 108.478 2.37586 96.2022
169.701 4.7421 108.495 2.35346 96.1851
169.801 4.69606 108.512 2.33104 96.1682
169.901 4.65003 108.529 2.30861 96.1515
170.001 4.604 108.545 2.28617 96.1349
170.101 4.55796 108.562 2.26372 96.1185
170.201 4.51192 108.578 2.24125 96.1022
170.301 4.46589 108.594 2.21877 96.0862
170.401 4.41985 108.61 2.19628 96.0702
170.501 4.37381 108.626 2.17378 96.0545
170.601 4.32778 108.641 2.15126 96.0389
170.701 4.28174 108.657 2.12873 96.0235
170.801 4.2357 108.672 2.1062 96.0082
170.901 4.18966 108.687 2.08365 95.9931
171.001 4.14362 108.702 2.06109 95.9782
171.101 4.09758 108.717 2.03851 95.9634
171.201 4.05154 108.731 2.01593 95.9488
171.301 4.0055 108.746 1.99334 95.9343
171.401 3.95946 108.76 1.97073 95.92
171.501 3.91342 108.774 1.94812 95.9059
171.601 3.86738 108.788 1.92549 95.892
171.701 3.82134 108.802 1.90285 95.8782
171.801 3.7753 108.816 1.88021 95.8645
171.901 3.72926 108.829 1.85755 95.8511
172.001 3.68322 108.842 1.83488 95.8378
172.101 3.63717 108.856 1.8122 95.8246
172.201 3.59113 108.869 1.78952 95.8117
172.301 3.54509 108.881 1.76682 95.7989
172.401 3.49905 108.894 1.74411 95.7862
172.501 3.453 108.906 1.72139 95.7737
172.601 3.40696 108.919 1.69867 95.7614
172.701 3.36091 108.931 1.67593 95.7493
172.801 3.31487 108.943 1.65319 95.7373
172.901 3.26882 108.955 1.63044 95.7255
173.001 3.22278 108.966 1.60767 95.7138
173.101 3.17673 108.978 1.5849 95.7023
173.201 3.13069 108.989 1.56212 95.691
173.301 3.08464 109 1.53933 95.6798
173.401 3.0386 109.011 1.51654 95.6688
173.501 2.99255 109.022 1.49373 95.658
173.601 2.9465 109.033 1.47092 95.6473
173.701 2.90046 109.043 1.4481 95.6368
173.801 2.85441 109.054 1.42527 95.6265
173.901 2.80836 109.064 1.40243 95.6163
174.001 2.76231 109.074 1.37959 95.6063
174.101 2.71627 109.084 1.35674 95.5965
174.201 2.67022 109.093 1.33388 95.5868
174.301 2.62417 109.103 1.31101 95.5773
174.401 2.57812 109.112 1.28814 95.5679
174.501 2.53207 109.121 1.26525 95.5587
174.601 2.48602 109.13 1.24237 95.5497
174.701 2.43998 109.139 1.21947 95.5408
174.801 2.39393 109.148 1.19657 95.5322
174.901 2.34788 109.157 1.17366 95.5236
175.001 2.30183 109.165 1.15075 95.5153
175.101 2.25578 109.173 1.12783 95.5071
175.201 2.20973 109.181 1.1049 95.4991
175.301 2.16368 109.189 1.08197 95.4912
175.402 2.11763 109.197 1.05903 95.4835
175.502 2.07158 109.204 1.03608 95.476
175.602 2.02553 109.212 1.01313 95.4686
175.702 1.97947 109.219 0.990175 95.4614
175.802 1.93342 109.226 0.967214 95.4544
175.902 1.88737 109.233 0.944247 95.4475
176.002 1.84132 109.239 0.921275 95.4408
176.102 1.79527 109.246 0.898297 95.4342
176.202 1.74922 109.252 0.875315 95.4279
176.302 1.70317 109.259 0.852329 95.4216
176.402 1.65711 109.265 0.829337 95.4156
176.502 1.61106 109.27 0.806341 95.4097
176.602 1.56501 109.276 0.78334 95.404
176.702 1.51896 109.282 0.760335 95.3985
176.802 1.4729 109.287 0.737326 95.3931
176.902 1.42685 109.292 0.714313 95.3879
177.002 1.3808 109.297 0.691296 95.3828
177.102 1.33475 109.302 0.668276 95.3779
177.202 1.28869 109.307 0.645251 95.3732
177.302 1.24264 109.312 0.622223 95.3686
177.402 1.19659 109.316 0.599192 95.3643
177.502 1.15053 109.32 0.576157 95.36
177.602 1.10448 109.324 0.553119 95.356
177.702 1.05843 109.328 0.530078 95.3521
177.802 1.01237 109.332 0.507034 95.3484
177.902 0.966318 109.335 0.483988 95.3448
178.002 0.920264 109.339 0.460938 95.3414
178.102 0.874211 109.342 0.437886 95.3382
178.202 0.828157 109.345 0.414832 95.3351
178.302 0.782103 109.348 0.391776 95.3322
178.402 0.736049 109.351 0.368717 95.3295
178.502 0.689994 109.353 0.345656 95.3269
178.602 0.64394 109.356 0.322593 95.3245
178.702 0.597886 109.358 0.299529 95.3223
178.802 0.551832 109.36 0.276463 95.3202
178.902 0.505777 109.362 0.253395 95.3183
179.002 0.459723 109.364 0.230327 95.3166
179.102 0.413669 109.365 0.207256 95.315
179.202 0.367614 109.367 0.184185 95.3136
179.302 0.32156 109.368 0.161113 95.3123
179.402 0.275505 109.369 0.138039 95.3113
179.502 0.229451 109.37 0.114965 95.3104
179.602 0.183396 109.371 0.0918906 95.3096
179.702 0.137342 109.371 0.0688154 95.309
179.802 0.0912871 109.372 0.0457398 95.3086
179.902 0.0452325 109.372 0.022664 95.3084
