0 177.877 0 0 163.838
0.1 89.9495 3.14048e-05 0.0067086 163.838
0.2 89.8989 0.000125619 0.0134172 163.838
0.3 89.8484 0.000282643 0.0201257 163.838
0.4 89.7978 0.000502475 0.0268342 163.837
0.5 89.7473 0.000785115 0.0335427 163.837
0.6 89.6967 0.00113056 0.040251 163.837
0.7 89.6462 0.00153882 0.0469593 163.836
0.8 89.5956 0.00200987 0.0536674 163.836
0.9 89.5451 0.00254374 0.0603754 163.835
1 89.4945 0.0031404 0.0670833 163.835
1.1 89.444 0.00379986 0.073791 163.834
1.2 89.3934 0.00452213 0.0804985 163.833
1.3 89.3429 0.00530718 0.0872058 163.833
1.4 89.2924 0.00615504 0.093913 163.832
1.5 89.2418 0.00706568 0.10062 163.831
1.6 89.1913 0.00803911 0.107326 163.83
1.7 89.1407 0.00907532 0.114033 163.829
1.8 89.0902 0.0101743 0.120739 163.828
1.9 89.0396 0.0113361 0.127445 163.827
2 88.9891 0.0125606 0.13415 163.825
2.1 88.9385 0.013848 0.140855 163.824
2.2 88.888 0.0151981 0.14756 163.823
2.3 88.8374 0.0166109 0.154265 163.821
2.4 88.7869 0.0180865 0.160969 163.82
2.5 88.7364 0.0196249 0.167672 163.818
2.6 88.6858 0.021226 0.174375 163.817
2.7 88.6353 0.0228899 0.181078 163.815
2.8 88.5847 0.0246165 0.187781 163.813
2.9 88.5342 0.0264058 0.194483 163.812
3 88.4836 0.0282578 0.201184 163.81
3.1 88.4331 0.0301726 0.207885 163.808
3.2 88.3825 0.0321501 0.214585 163.806
3.3 88.332 0.0341903 0.221285 163.804
3.4 88.2814 0.0362933 0.227985 163.802
3.5 88.2309 0.0384589 0.234683 163.799
3.6 88.1804 0.0406872 0.241382 163.797
3.7 88.1298 0.0429782 0.248079 163.795
3.8 88.0793 0.0453319 0.254776 163.793
3.9 88.0287 0.0477482 0.261473 163.79
4 87.9782 0.0502272 0.268168 163.788
4.1 87.9276 0.0527689 0.274864 163.785
4.2 87.8771 0.0553732 0.281558 163.783
4.3 87.8265 0.0580402 0.288252 163.78
4.4 87.776 0.0607698 0.294945 163.777
4.5 87.7255 0.063562 0.301637 163.774
4.6 87.6749 0.0664168 0.308329 163.772
4.7 87.6244 0.0693342 0.315019 163.769
4.8 87.5738 0.0723143 0.321709 163.766
4.9 87.5233 0.0753569 0.328399 163.763
5 87.4727 0.0784621 0.335087 163.759
5.1 87.4222 0.0816299 0.341775 163.756
5.2 87.3716 0.0848602 0.348462 163.753
5.3 87.3211 0.0881531 0.355147 163.75
5.4 87.2706 0.0915085 0.361832 163.746
5.5 87.22 0.0949265 0.368517 163.743
5.6 87.1695 0.098407 0.3752 163.74
5.7 87.1189 0.10195 0.381882 163.736
5.8 87.0684 0.105555 0.388564 163.732
5.9 87.0178 0.109223 0.395244 163.729
6 86.9673 0.112954 0.401924 163.725
6.1 86.9168 0.116747 0.408602 163.721
6.2 86.8662 0.120602 0.415279 163.717
6.3 86.8157 0.12452 0.421956 163.713
6.4 86.7651 0.1285 0.428631 163.709
6.5 86.7146 0.132543 0.435306 163.705
6.6 86.664 0.136648 0.441979 163.701
6.7 86.6135 0.140815 0.448651 163.697
6.8 86.563 0.145045 0.455322 163.693
6.9 86.5124 0.149337 0.461992 163.689
7 86.4619 0.153692 0.468661 163.684
7.1 86.4113 0.158109 0.475329 163.68
7.2 86.3608 0.162588 0.481995 163.675
7.3 86.3102 0.16713 0.488661 163.671
7.4 86.2597 0.171734 0.495325 163.666
7.5 86.2092 0.1764 0.501988 163.662
7.6 86.1586 0.181128 0.508649 163.657
7.7 86.1081 0.185919 0.51531 163.652
7.79999 86.0575 0.190772 0.521969 163.647
7.89999 86.007 0.195687 0.528627 163.642
7.99999 85.9565 0.200664 0.535284 163.637
8.09999 85.9059 0.205704 0.541939 163.632
8.2 85.8554 0.210805 0.548593 163.627
8.3 85.8048 0.215969 0.555246 163.622
8.4 85.7543 0.221195 0.561897 163.617
8.5 85.7038 0.226484 0.568547 163.611
8.6 85.6532 0.231834 0.575195 163.606
8.7 85.6027 0.237246 0.581842 163.601
8.8 85.5521 0.242721 0.588488 163.595
8.9 85.5016 0.248257 0.595132 163.59
9 85.4511 0.253856 0.601775 163.584
9.1 85.4005 0.259517 0.608416 163.578
9.2 85.35 0.26524 0.615056 163.573
9.3 85.2994 0.271024 0.621694 163.567
9.4 85.2489 0.276871 0.628331 163.561
9.5 85.1984 0.28278 0.634966 163.555
9.6 85.1478 0.28875 0.641599 163.549
9.7 85.0973 0.294783 0.648232 163.543
9.8 85.0467 0.300877 0.654862 163.537
9.9 84.9962 0.307033 0.661491 163.531
10 84.9457 0.313252 0.668118 163.525
10.1 84.8951 0.319532 0.674744 163.518
10.2 84.8446 0.325874 0.681367 163.512
10.3 84.7941 0.332277 0.68799 163.506
10.4 84.7435 0.338743 0.69461 163.499
10.5 84.693 0.34527 0.701229 163.493
10.6 84.6424 0.351859 0.707846 163.486
10.7 84.5919 0.35851 0.714461 163.479
10.8 84.5414 0.365223 0.721075 163.473
10.9 84.4908 0.371997 0.727687 163.466
11 84.4403 0.378833 0.734297 163.459
11.1 84.3898 0.38573 0.740905 163.452
11.2 84.3392 0.392689 0.747511 163.445
11.3 84.2887 0.39971 0.754116 163.438
11.4 84.2382 0.406793 0.760719 163.431
11.5 84.1876 0.413937 0.767319 163.424
11.6 84.1371 0.421142 0.773918 163.417
11.7 84.0866 0.428409 0.780515 163.41
11.8 84.036 0.435738 0.78711 163.402
11.9 83.9855 0.443128 0.793704 163.395
12 83.9349 0.450579 0.800295 163.387
12.1 83.8844 0.458092 0.806884 163.38
12.2 83.8339 0.465666 0.813471 163.372
12.3 83.7833 0.473302 0.820056 163.365
12.4 83.7328 0.480999 0.82664 163.357
12.5 83.6823 0.488758 0.833221 163.349
12.6 83.6317 0.496577 0.8398 163.341
12.7 83.5812 0.504458 0.846377 163.333
12.8 83.5307 0.512401 0.852952 163.326
12.9 83.4801 0.520404 0.859525 163.318
13 83.4296 0.528469 0.866095 163.309
13.1 83.3791 0.536595 0.872664 163.301
13.2 83.3286 0.544782 0.879231 163.293
13.3 83.278 0.553031 0.885795 163.285
13.4 83.2275 0.56134 0.892357 163.277
13.5 83.177 0.569711 0.898917 163.268
13.6 83.1264 0.578142 0.905474 163.26
13.7 83.0759 0.586635 0.91203 163.251
13.8 83.0254 0.595189 0.918583 163.243
13.9 82.9748 0.603803 0.925134 163.234
14 82.9243 0.612479 0.931683 163.225
14.1 82.8738 0.621216 0.938229 163.217
14.2 82.8232 0.630013 0.944773 163.208
14.3 82.7727 0.638872 0.951315 163.199
14.4 82.7222 0.647791 0.957854 163.19
14.5 82.6717 0.656771 0.964391 163.181
14.6 82.6211 0.665812 0.970926 163.172
14.7 82.5706 0.674914 0.977458 163.163
14.8 82.5201 0.684076 0.983988 163.154
14.9 82.4695 0.693299 0.990515 163.145
15 82.419 0.702583 0.99704 163.135
15.1 82.3685 0.711928 1.00356 163.126
15.2 82.318 0.721333 1.01008 163.117
15.3 82.2674 0.730799 1.0166 163.107
15.4 82.2169 0.740325 1.02311 163.098
15.5 82.1664 0.749912 1.02963 163.088
15.6 82.1159 0.75956 1.03614 163.078
15.7 82.0653 0.769268 1.04264 163.069
15.8 82.0148 0.779036 1.04915 163.059
15.9 81.9643 0.788865 1.05565 163.049
16 81.9138 0.798754 1.06215 163.039
16.1 81.8632 0.808704 1.06865 163.029
16.2 81.8127 0.818714 1.07514 163.019
16.3 81.7622 0.828784 1.08163 163.009
16.4 81.7117 0.838915 1.08812 162.999
16.5 81.6611 0.849106 1.09461 162.989
16.6 81.6106 0.859357 1.10109 162.979
16.7 81.5601 0.869668 1.10757 162.968
16.8 81.5096 0.88004 1.11405 162.958
16.9 81.459 0.890471 1.12053 162.947
17 81.4085 0.900963 1.127 162.937
17.1 81.358 0.911515 1.13347 162.926
17.2 81.3075 0.922126 1.13994 162.916
17.3 81.257 0.932798 1.1464 162.905
17.4 81.2064 0.94353 1.15286 162.894
17.5 81.1559 0.954321 1.15932 162.884
17.6 81.1054 0.965173 1.16578 162.873
17.7 81.0549 0.976085 1.17223 162.862
17.8 81.0044 0.987056 1.17868 162.851
17.9 80.9538 0.998087 1.18513 162.84
18 80.9033 1.00918 1.19157 162.829
18.1 80.8528 1.02033 1.19801 162.818
18.2 80.8023 1.03154 1.20445 162.806
18.3 80.7518 1.04281 1.21088 162.795
18.4 80.7012 1.05414 1.21732 162.784
18.5 80.6507 1.06553 1.22374 162.772
18.6 80.6002 1.07698 1.23017 162.761
18.7 80.5497 1.08848 1.23659 162.749
18.8 80.4992 1.10005 1.24301 162.738
18.9 80.4487 1.11168 1.24943 162.726
19 80.3981 1.12337 1.25584 162.715
19.1 80.3476 1.13511 1.26225 162.703
19.2 80.2971 1.14692 1.26866 162.691
19.3 80.2466 1.15878 1.27507 162.679
19.4 80.1961 1.17071 1.28147 162.667
19.5 80.1456 1.18269 1.28787 162.655
19.6 80.0951 1.19473 1.29426 162.643
19.7 80.0445 1.20683 1.30065 162.631
19.8 79.994 1.21899 1.30704 162.619
19.9 79.9435 1.23121 1.31343 162.607
20 79.893 1.24349 1.31981 162.594
20.1 79.8425 1.25583 1.32619 162.582
20.2 79.792 1.26823 1.33256 162.57
20.3 79.7415 1.28068 1.33893 162.557
20.4 79.6909 1.2932 1.3453 162.545
20.5 79.6404 1.30577 1.35167 162.532
20.6 79.5899 1.3184 1.35803 162.52
20.7 79.5394 1.3311 1.36439 162.507
20.8 79.4889 1.34385 1.37074 162.494
20.9 79.4384 1.35665 1.37709 162.481
21 79.3879 1.36952 1.38344 162.468
21.1 79.3374 1.38245 1.38979 162.455
21.2 79.2869 1.39543 1.39613 162.442
21.3 79.2364 1.40848 1.40247 162.429
21.4 79.1859 1.42158 1.4088 162.416
21.5 79.1353 1.43474 1.41513 162.403
21.6 79.0848 1.44796 1.42146 162.39
21.7 79.0343 1.46123 1.42778 162.377
21.8 78.9838 1.47457 1.4341 162.363
21.9 78.9333 1.48796 1.44042 162.35
22 78.8828 1.50142 1.44673 162.337
22.1 78.8323 1.51493 1.45304 162.323
22.2 78.7818 1.52849 1.45935 162.309
22.3 78.7313 1.54212 1.46565 162.296
22.4 78.6808 1.55581 1.47195 162.282
22.5 78.6303 1.56955 1.47825 162.268
22.6 78.5798 1.58335 1.48454 162.255
22.7001 78.5293 1.59721 1.49083 162.241
22.8001 78.4788 1.61112 1.49711 162.227
22.9001 78.4283 1.6251 1.50339 162.213
23.0001 78.3778 1.63913 1.50967 162.199
23.1001 78.3273 1.65322 1.51594 162.185
23.2001 78.2768 1.66737 1.52221 162.171
23.3001 78.2263 1.68158 1.52847 162.156
23.4001 78.1758 1.69584 1.53473 162.142
23.5001 78.1253 1.71016 1.54099 162.128
23.6001 78.0748 1.72454 1.54725 162.113
23.7001 78.0243 1.73898 1.5535 162.099
23.8001 77.9738 1.75347 1.55974 162.084
23.9001 77.9233 1.76802 1.56598 162.07
24.0001 77.8728 1.78263 1.57222 162.055
24.1001 77.8223 1.7973 1.57846 162.041
24.2001 77.7718 1.81202 1.58469 162.026
24.3001 77.7213 1.8268 1.59091 162.011
24.4001 77.6708 1.84164 1.59714 161.996
24.5001 77.6203 1.85653 1.60335 161.981
24.6001 77.5698 1.87148 1.60957 161.966
24.7001 77.5193 1.88649 1.61578 161.951
24.8001 77.4688 1.90156 1.62199 161.936
24.9001 77.4183 1.91668 1.62819 161.921
25.0001 77.3678 1.93186 1.63439 161.906
25.1001 77.3173 1.9471 1.64058 161.891
25.2001 77.2668 1.9624 1.64677 161.876
25.3001 77.2163 1.97775 1.65296 161.86
25.4001 77.1658 1.99316 1.65914 161.845
25.5001 77.1153 2.00862 1.66532 161.829
25.6001 77.0648 2.02414 1.67149 161.814
25.7001 77.0144 2.03972 1.67766 161.798
25.8001 76.9639 2.05535 1.68382 161.783
25.9001 76.9134 2.07105 1.68998 161.767
26.0001 76.8629 2.08679 1.69614 161.751
26.1001 76.8124 2.1026 1.70229 161.735
26.2001 76.7619 2.11846 1.70844 161.719
26.3001 76.7114 2.13437 1.71459 161.704
26.4001 76.6609 2.15035 1.72073 161.688
26.5001 76.6104 2.16638 1.72686 161.672
26.6001 76.5599 2.18246 1.73299 161.655
26.7001 76.5095 2.1986 1.73912 161.639
26.8001 76.459 2.2148 1.74524 161.623
26.9001 76.4085 2.23106 1.75136 161.607
27.0001 76.358 2.24737 1.75747 161.591
27.1001 76.3075 2.26373 1.76358 161.574
27.2001 76.257 2.28015 1.76969 161.558
27.3001 76.2065 2.29663 1.77579 161.541
27.4001 76.1561 2.31317 1.78188 161.525
27.5001 76.1056 2.32975 1.78797 161.508
27.6001 76.0551 2.3464 1.79406 161.492
27.7001 76.0046 2.3631 1.80014 161.475
27.8001 75.9541 2.37986 1.80622 161.458
27.9001 75.9036 2.39667 1.81229 161.441
28.0001 75.8532 2.41354 1.81836 161.424
28.1001 75.8027 2.43046 1.82443 161.407
28.2001 75.7522 2.44744 1.83049 161.39
28.3001 75.7017 2.46447 1.83654 161.373
28.4001 75.6512 2.48156 1.84259 161.356
28.5001 75.6008 2.4987 1.84864 161.339
28.6001 75.5503 2.5159 1.85468 161.322
28.7001 75.4998 2.53316 1.86072 161.305
28.8001 75.4493 2.55047 1.86675 161.287
28.9001 75.3988 2.56783 1.87278 161.27
29.0001 75.3484 2.58525 1.8788 161.253
29.1001 75.2979 2.60273 1.88482 161.235
29.2001 75.2474 2.62025 1.89083 161.218
29.3001 75.1969 2.63784 1.89684 161.2
29.4001 75.1465 2.65548 1.90284 161.182
29.5001 75.096 2.67317 1.90884 161.165
29.6001 75.0455 2.69092 1.91483 161.147
29.7001 74.995 2.70872 1.92082 161.129
29.8001 74.9446 2.72658 1.92681 161.111
29.9001 74.8941 2.74449 1.93279 161.093
30.0001 74.8436 2.76246 1.93876 161.075
30.1001 74.7932 2.78048 1.94473 161.057
30.2001 74.7427 2.79856 1.95069 161.039
30.3001 74.6922 2.81669 1.95665 161.021
30.4001 74.6417 2.83487 1.96261 161.003
30.5001 74.5913 2.85311 1.96856 160.985
30.6001 74.5408 2.8714 1.9745 160.967
30.7001 74.4903 2.88975 1.98044 160.948
30.8001 74.4399 2.90815 1.98638 160.93
30.9001 74.3894 2.9266 1.99231 160.911
31.0001 74.3389 2.94511 1.99823 160.893
31.1001 74.2885 2.96367 2.00415 160.874
31.2001 74.238 2.98228 2.01007 160.856
31.3001 74.1875 3.00095 2.01598 160.837
31.4001 74.1371 3.01968 2.02188 160.818
31.5001 74.0866 3.03845 2.02778 160.799
31.6001 74.0361 3.05728 2.03368 160.781
31.7001 73.9857 3.07617 2.03957 160.762
31.8001 73.9352 3.0951 2.04545 160.743
31.9001 73.8847 3.1141 2.05133 160.724
32.0001 73.8343 3.13314 2.05721 160.705
32.1001 73.7838 3.15224 2.06307 160.686
32.2001 73.7334 3.17139 2.06894 160.667
32.3001 73.6829 3.19059 2.0748 160.647
32.4001 73.6324 3.20984 2.08065 160.628
32.5001 73.582 3.22915 2.0865 160.609
32.6001 73.5315 3.24852 2.09234 160.589
32.7001 73.4811 3.26793 2.09818 160.57
32.8001 73.4306 3.2874 2.10401 160.551
32.9001 73.3802 3.30692 2.10983 160.531
33.0001 73.3297 3.32649 2.11565 160.511
33.1001 73.2792 3.34612 2.12147 160.492
33.2001 73.2288 3.3658 2.12728 160.472
33.3001 73.1783 3.38553 2.13309 160.452
33.4001 73.1279 3.40531 2.13889 160.433
33.5001 73.0774 3.42515 2.14468 160.413
33.6001 73.027 3.44504 2.15047 160.393
33.7001 72.9765 3.46498 2.15625 160.373
33.8001 72.9261 3.48497 2.16203 160.353
33.9001 72.8756 3.50502 2.1678 160.333
34.0001 72.8252 3.52511 2.17357 160.313
34.1001 72.7747 3.54526 2.17933 160.293
34.2001 72.7243 3.56547 2.18509 160.272
34.3 72.6738 3.58572 2.19084 160.252
34.4 72.6234 3.60602 2.19658 160.232
34.5 72.5729 3.62638 2.20232 160.212
34.6 72.5225 3.64679 2.20805 160.191
34.7 72.472 3.66725 2.21378 160.171
34.8 72.4216 3.68776 2.21951 160.15
34.9 72.3711 3.70833 2.22522 160.13
35 72.3207 3.72894 2.23093 160.109
35.1 72.2702 3.74961 2.23664 160.088
35.2 72.2198 3.77033 2.24234 160.068
35.3 72.1694 3.7911 2.24803 160.047
35.4 72.1189 3.81192 2.25372 160.026
35.5 72.0685 3.83279 2.2594 160.005
35.6 72.018 3.85371 2.26508 159.984
35.7 71.9676 3.87469 2.27075 159.963
35.8 71.9171 3.89571 2.27642 159.942
35.9 71.8667 3.91679 2.28208 159.921
36 71.8163 3.93792 2.28773 159.9
36.1 71.7658 3.95909 2.29338 159.879
36.2 71.7154 3.98032 2.29902 159.858
36.3 71.6649 4.0016 2.30466 159.836
36.4 71.6145 4.02293 2.31029 159.815
36.5 71.5641 4.04431 2.31591 159.794
36.6 71.5136 4.06574 2.32153 159.772
36.7 71.4632 4.08722 2.32714 159.751
36.8 71.4128 4.10876 2.33275 159.729
36.9 71.3623 4.13034 2.33835 159.708
37 71.3119 4.15197 2.34394 159.686
37.1 71.2615 4.17365 2.34953 159.664
37.2 71.211 4.19539 2.35512 159.643
37.3 71.1606 4.21717 2.36069 159.621
37.4 71.1102 4.239 2.36626 159.599
37.5 71.0597 4.26088 2.37183 159.577
37.6 71.0093 4.28282 2.37739 159.555
37.7 70.9589 4.3048 2.38294 159.533
37.8 70.9084 4.32683 2.38849 159.511
37.9 70.858 4.34891 2.39403 159.489
38 70.8076 4.37104 2.39956 159.467
38.1 70.7572 4.39322 2.40509 159.445
38.2 70.7067 4.41545 2.41061 159.422
38.3 70.6563 4.43773 2.41613 159.4
38.4 70.6059 4.46006 2.42164 159.378
38.5 70.5555 4.48244 2.42714 159.355
38.6 70.505 4.50486 2.43264 159.333
38.7 70.4546 4.52734 2.43813 159.311
38.8 70.4042 4.54986 2.44361 159.288
38.9 70.3538 4.57244 2.44909 159.265
39 70.3033 4.59506 2.45456 159.243
39.1 70.2529 4.61773 2.46003 159.22
39.2 70.2025 4.64045 2.46549 159.197
39.3 70.1521 4.66322 2.47094 159.175
39.4 70.1017 4.68604 2.47639 159.152
39.5 70.0512 4.70891 2.48183 159.129
39.6 70.0008 4.73182 2.48727 159.106
39.7 69.9504 4.75478 2.49269 159.083
39.8 69.9 4.77779 2.49812 159.06
39.9 69.8496 4.80085 2.50353 159.037
40 69.7991 4.82396 2.50894 159.014
40.1 69.7487 4.84712 2.51434 158.991
40.2 69.6983 4.87032 2.51974 158.968
40.3 69.6479 4.89357 2.52513 158.944
40.4 69.5975 4.91687 2.53051 158.921
40.5 69.5471 4.94022 2.53589 158.898
40.6 69.4967 4.96362 2.54126 158.874
40.7 69.4463 4.98706 2.54662 158.851
40.7999 69.3958 5.01055 2.55198 158.827
40.8999 69.3454 5.03409 2.55733 158.804
40.9999 69.295 5.05767 2.56267 158.78
41.0999 69.2446 5.08131 2.56801 158.757
41.1999 69.1942 5.10499 2.57334 158.733
41.2999 69.1438 5.12871 2.57866 158.709
41.3999 69.0934 5.15249 2.58398 158.685
41.4999 69.043 5.17631 2.58929 158.662
41.5999 68.9926 5.20018 2.59459 158.638
41.6999 68.9422 5.2241 2.59989 158.614
41.7999 68.8918 5.24806 2.60518 158.59
41.8999 68.8414 5.27207 2.61047 158.566
41.9999 68.791 5.29612 2.61574 158.542
42.0999 68.7406 5.32023 2.62101 158.518
42.1999 68.6902 5.34438 2.62628 158.494
42.2999 68.6398 5.36857 2.63153 158.469
42.3999 68.5894 5.39282 2.63678 158.445
42.4999 68.539 5.41711 2.64203 158.421
42.5999 68.4886 5.44144 2.64726 158.396
42.6999 68.4382 5.46582 2.65249 158.372
42.7999 68.3878 5.49025 2.65772 158.348
42.8999 68.3374 5.51472 2.66293 158.323
42.9999 68.287 5.53924 2.66814 158.299
43.0999 68.2366 5.56381 2.67334 158.274
43.1999 68.1862 5.58842 2.67854 158.25
43.2999 68.1358 5.61308 2.68373 158.225
43.3999 68.0854 5.63778 2.68891 158.2
43.4999 68.035 5.66253 2.69408 158.175
43.5999 67.9846 5.68732 2.69925 158.151
43.6999 67.9342 5.71216 2.70441 158.126
43.7999 67.8838 5.73705 2.70956 158.101
43.8999 67.8334 5.76198 2.71471 158.076
43.9999 67.783 5.78696 2.71985 158.051
44.0999 67.7326 5.81198 2.72498 158.026
44.1999 67.6822 5.83704 2.73011 158.001
44.2999 67.6319 5.86215 2.73523 157.976
44.3999 67.5815 5.88731 2.74034 157.951
44.4999 67.5311 5.91251 2.74544 157.925
44.5999 67.4807 5.93776 2.75054 157.9
44.6999 67.4303 5.96305 2.75563 157.875
44.7999 67.3799 5.98838 2.76071 157.85
44.8999 67.3295 6.01376 2.76579 157.824
44.9999 67.2792 6.03919 2.77085 157.799
45.0999 67.2288 6.06466 2.77592 157.773
45.1999 67.1784 6.09017 2.78097 157.748
45.2999 67.128 6.11573 2.78602 157.722
45.3999 67.0776 6.14133 2.79106 157.697
45.4999 67.0273 6.16697 2.79609 157.671
45.5999 66.9769 6.19266 2.80111 157.645
45.6999 66.9265 6.2184 2.80613 157.62
45.7999 66.8761 6.24417 2.81114 157.594
45.8999 66.8257 6.26999 2.81614 157.568
45.9999 66.7754 6.29586 2.82114 157.542
46.0999 66.725 6.32177 2.82613 157.516
46.1999 66.6746 6.34772 2.83111 157.49
46.2999 66.6242 6.37371 2.83608 157.464
46.3999 66.5739 6.39975 2.84105 157.438
46.4999 66.5235 6.42583 2.84601 157.412
46.5999 66.4731 6.45196 2.85096 157.386
46.6999 66.4227 6.47813 2.8559 157.36
46.7999 66.3724 6.50434 2.86084 157.334
46.8999 66.322 6.5306 2.86577 157.307
46.9999 66.2716 6.55689 2.87069 157.281
47.0999 66.2213 6.58323 2.8756 157.255
47.1999 66.1709 6.60962 2.88051 157.228
47.2999 66.1205 6.63604 2.88541 157.202
47.3998 66.0702 6.66251 2.8903 157.175
47.4998 66.0198 6.68902 2.89519 157.149
47.5998 65.9694 6.71557 2.90006 157.122
47.6998 65.9191 6.74217 2.90493 157.096
47.7998 65.8687 6.76881 2.90979 157.069
47.8998 65.8183 6.79549 2.91465 157.042
47.9998 65.768 6.82221 2.91949 157.016
48.0998 65.7176 6.84897 2.92433 156.989
48.1998 65.6672 6.87578 2.92916 156.962
48.2998 65.6169 6.90263 2.93398 156.935
48.3998 65.5665 6.92952 2.9388 156.908
48.4998 65.5162 6.95645 2.94361 156.881
48.5998 65.4658 6.98342 2.94841 156.855
48.6998 65.4155 7.01044 2.9532 156.827
48.7998 65.3651 7.03749 2.95798 156.8
48.8998 65.3147 7.06459 2.96276 156.773
48.9998 65.2644 7.09173 2.96753 156.746
49.0998 65.214 7.11891 2.97229 156.719
49.1998 65.1637 7.14613 2.97704 156.692
49.2998 65.1133 7.17339 2.98179 156.665
49.3998 65.063 7.2007 2.98653 156.637
49.4998 65.0126 7.22804 2.99126 156.61
49.5998 64.9623 7.25543 2.99598 156.583
49.6998 64.9119 7.28285 3.00069 156.555
49.7998 64.8616 7.31032 3.0054 156.528
49.8998 64.8112 7.33782 3.0101 156.5
49.9998 64.7609 7.36537 3.01479 156.473
50.0998 64.7105 7.39296 3.01947 156.445
50.1998 64.6602 7.42059 3.02415 156.417
50.2998 64.6098 7.44825 3.02881 156.39
50.3998 64.5595 7.47596 3.03347 156.362
50.4998 64.5091 7.50371 3.03812 156.334
50.5998 64.4588 7.5315 3.04277 156.306
50.6998 64.4085 7.55933 3.0474 156.279
50.7998 64.3581 7.58719 3.05203 156.251
50.8998 64.3078 7.6151 3.05665 156.223
50.9998 64.2574 7.64305 3.06126 156.195
51.0998 64.2071 7.67104 3.06586 156.167
51.1998 64.1567 7.69906 3.07045 156.139
51.2998 64.1064 7.72713 3.07504 156.111
51.3998 64.0561 7.75523 3.07962 156.083
51.4998 64.0057 7.78338 3.08419 156.055
51.5998 63.9554 7.81156 3.08875 156.026
51.6998 63.9051 7.83978 3.09331 155.998
51.7998 63.8547 7.86804 3.09785 155.97
51.8998 63.8044 7.89634 3.10239 155.942
51.9998 63.7541 7.92468 3.10692 155.913
52.0998 63.7037 7.95306 3.11144 155.885
52.1998 63.6534 7.98147 3.11595 155.856
52.2998 63.6031 8.00993 3.12046 155.828
52.3998 63.5527 8.03842 3.12495 155.8
52.4998 63.5024 8.06695 3.12944 155.771
52.5998 63.4521 8.09552 3.13392 155.742
52.6998 63.4018 8.12413 3.13839 155.714
52.7998 63.3514 8.15277 3.14286 155.685
52.8998 63.3011 8.18146 3.14731 155.656
52.9998 63.2508 8.21018 3.15176 155.628
53.0998 63.2004 8.23894 3.1562 155.599
53.1998 63.1501 8.26773 3.16063 155.57
53.2998 63.0998 8.29657 3.16505 155.541
53.3998 63.0495 8.32544 3.16946 155.512
53.4998 62.9992 8.35435 3.17386 155.484
53.5998 62.9488 8.3833 3.17826 155.455
53.6998 62.8985 8.41228 3.18265 155.426
53.7998 62.8482 8.4413 3.18703 155.397
53.8997 62.7979 8.47036 3.1914 155.368
53.9997 62.7476 8.49945 3.19576 155.338
54.0997 62.6972 8.52859 3.20012 155.309
54.1997 62.6469 8.55776 3.20446 155.28
54.2997 62.5966 8.58696 3.2088 155.251
54.3997 62.5463 8.6162 3.21313 155.222
54.4997 62.496 8.64548 3.21745 155.192
54.5997 62.4457 8.6748 3.22176 155.163
54.6997 62.3954 8.70415 3.22606 155.134
54.7997 62.345 8.73354 3.23035 155.104
54.8997 62.2947 8.76296 3.23464 155.075
54.9997 62.2444 8.79242 3.23892 155.046
55.0997 62.1941 8.82192 3.24318 155.016
55.1997 62.1438 8.85145 3.24744 154.986
55.2997 62.0935 8.88102 3.25169 154.957
55.3997 62.0432 8.91062 3.25594 154.927
55.4997 61.9929 8.94026 3.26017 154.898
55.5997 61.9426 8.96994 3.26439 154.868
55.6997 61.8923 8.99965 3.26861 154.838
55.7997 61.842 9.0294 3.27282 154.809
55.8997 61.7917 9.05918 3.27702 154.779
55.9997 61.7414 9.08899 3.28121 154.749
56.0997 61.6911 9.11885 3.28539 154.719
56.1997 61.6408 9.14873 3.28956 154.689
56.2997 61.5905 9.17865 3.29372 154.659
56.3997 61.5402 9.20861 3.29788 154.629
56.4997 61.4899 9.2386 3.30202 154.599
56.5997 61.4396 9.26863 3.30616 154.569
56.6997 61.3893 9.29869 3.31029 154.539
56.7997 61.339 9.32878 3.31441 154.509
56.8997 61.2887 9.35891 3.31852 154.479
56.9997 61.2384 9.38908 3.32262 154.449
57.0997 61.1881 9.41927 3.32671 154.419
57.1997 61.1378 9.44951 3.3308 154.388
57.2997 61.0875 9.47977 3.33487 154.358
57.3997 61.0372 9.51007 3.33894 154.328
57.4997 60.9869 9.54041 3.34299 154.298
57.5997 60.9366 9.57077 3.34704 154.267
57.6997 60.8863 9.60118 3.35108 154.237
57.7997 60.8361 9.63161 3.35511 154.206
57.8997 60.7858 9.66208 3.35913 154.176
57.9997 60.7355 9.69258 3.36314 154.145
58.0997 60.6852 9.72312 3.36715 154.115
58.1997 60.6349 9.75368 3.37114 154.084
58.2997 60.5846 9.78428 3.37513 154.054
58.3997 60.5343 9.81492 3.3791 154.023
58.4997 60.4841 9.84559 3.38307 153.992
58.5997 60.4338 9.87629 3.38702 153.962
58.6997 60.3835 9.90702 3.39097 153.931
58.7997 60.3332 9.93778 3.39491 153.9
58.8997 60.2829 9.96858 3.39884 153.869
58.9997 60.2327 9.99941 3.40276 153.839
59.0997 60.1824 10.0303 3.40667 153.808
59.1997 60.1321 10.0612 3.41058 153.777
59.2997 60.0818 10.0921 3.41447 153.746
59.3997 60.0316 10.1231 3.41835 153.715
59.4997 59.9813 10.154 3.42223 153.684
59.5997 59.931 10.1851 3.42609 153.653
59.6997 59.8807 10.2161 3.42995 153.622
59.7997 59.8305 10.2472 3.4338 153.591
59.8997 59.7802 10.2783 3.43764 153.56
59.9997 59.7299 10.3095 3.44146 153.528
60.0997 59.6797 10.3407 3.44528 153.497
60.1997 59.6294 10.3719 3.44909 153.466
60.2997 59.5791 10.4031 3.45289 153.435
60.3997 59.5289 10.4344 3.45668 153.404
60.4996 59.4786 10.4657 3.46047 153.372
60.5996 59.4283 10.497 3.46424 153.341
60.6996 59.3781 10.5284 3.468 153.31
60.7996 59.3278 10.5598 3.47176 153.278
60.8996 59.2775 10.5912 3.4755 153.247
60.9996 59.2273 10.6227 3.47923 153.215
61.0996 59.177 10.6542 3.48296 153.184
61.1996 59.1268 10.6857 3.48668 153.152
61.2996 59.0765 10.7172 3.49038 153.121
61.3996 59.0262 10.7488 3.49408 153.089
61.4996 58.976 10.7804 3.49777 153.057
61.5996 58.9257 10.8121 3.50144 153.026
61.6996 58.8755 10.8437 3.50511 152.994
61.7996 58.8252 10.8754 3.50877 152.962
61.8996 58.775 10.9072 3.51242 152.931
61.9996 58.7247 10.9389 3.51606 152.899
62.0996 58.6745 10.9707 3.51969 152.867
62.1996 58.6242 11.0025 3.52331 152.835
62.2996 58.574 11.0344 3.52692 152.804
62.3996 58.5237 11.0663 3.53052 152.772
62.4996 58.4735 11.0982 3.53411 152.74
62.5996 58.4232 11.1301 3.5377 152.708
62.6996 58.373 11.1621 3.54127 152.676
62.7996 58.3227 11.1941 3.54483 152.644
62.8996 58.2725 11.2261 3.54839 152.612
62.9996 58.2222 11.2581 3.55193 152.58
63.0996 58.172 11.2902 3.55546 152.548
63.1996 58.1217 11.3223 3.55899 152.516
63.2996 58.0715 11.3545 3.5625 152.483
63.3996 58.0213 11.3866 3.56601 152.451
63.4996 57.971 11.4188 3.5695 152.419
63.5996 57.9208 11.451 3.57299 152.387
63.6996 57.8705 11.4833 3.57646 152.355
63.7996 57.8203 11.5156 3.57993 152.322
63.8996 57.7701 11.5479 3.58338 152.29
63.9996 57.7198 11.5802 3.58683 152.258
64.0996 57.6696 11.6125 3.59026 152.225
64.1996 57.6194 11.6449 3.59369 152.193
64.2996 57.5691 11.6773 3.59711 152.161
64.3996 57.5189 11.7098 3.60051 152.128
64.4996 57.4687 11.7423 3.60391 152.096
64.5996 57.4184 11.7748 3.6073 152.063
64.6996 57.3682 11.8073 3.61067 152.031
64.7996 57.318 11.8398 3.61404 151.998
64.8996 57.2677 11.8724 3.6174 151.966
64.9996 57.2175 11.905 3.62074 151.933
65.0996 57.1673 11.9376 3.62408 151.9
65.1996 57.1171 11.9703 3.62741 151.868
65.2996 57.0668 12.003 3.63073 151.835
65.3996 57.0166 12.0357 3.63403 151.802
65.4996 56.9664 12.0684 3.63733 151.77
65.5996 56.9162 12.1012 3.64062 151.737
65.6996 56.866 12.1339 3.6439 151.704
65.7996 56.8157 12.1668 3.64716 151.671
65.8996 56.7655 12.1996 3.65042 151.638
65.9996 56.7153 12.2325 3.65367 151.605
66.0996 56.6651 12.2653 3.6569 151.573
66.1996 56.6149 12.2983 3.66013 151.54
66.2996 56.5646 12.3312 3.66335 151.507
66.3996 56.5144 12.3642 3.66655 151.474
66.4996 56.4642 12.3972 3.66975 151.441
66.5996 56.414 12.4302 3.67294 151.408
66.6996 56.3638 12.4632 3.67611 151.375
66.7996 56.3136 12.4963 3.67928 151.342
66.8996 56.2634 12.5294 3.68243 151.309
66.9995 56.2132 12.5625 3.68558 151.275
67.0995 56.163 12.5956 3.68872 151.242
67.1995 56.1127 12.6288 3.69184 151.209
67.2995 56.0625 12.662 3.69496 151.176
67.3995 56.0123 12.6952 3.69806 151.143
67.4995 55.9621 12.7284 3.70116 151.11
67.5995 55.9119 12.7617 3.70424 151.076
67.6995 55.8617 12.7949 3.70731 151.043
67.7995 55.8115 12.8283 3.71038 151.01
67.8995 55.7613 12.8616 3.71343 150.976
67.9995 55.7111 12.8949 3.71648 150.943
68.0995 55.6609 12.9283 3.71951 150.91
68.1995 55.6107 12.9617 3.72253 150.876
68.2995 55.5605 12.9951 3.72554 150.843
68.3995 55.5103 13.0286 3.72855 150.809
68.4995 55.4601 13.0621 3.73154 150.776
68.5995 55.4099 13.0956 3.73452 150.742
68.6995 55.3597 13.1291 3.73749 150.709
68.7995 55.3095 13.1626 3.74045 150.675
68.8995 55.2593 13.1962 3.7434 150.642
68.9995 55.2091 13.2298 3.74634 150.608
69.0995 55.159 13.2634 3.74927 150.575
69.1995 55.1088 13.297 3.75219 150.541
69.2995 55.0586 13.3307 3.7551 150.507
69.3995 55.0084 13.3643 3.75799 150.474
69.4995 54.9582 13.398 3.76088 150.44
69.5995 54.908 13.4317 3.76376 150.406
69.6995 54.8578 13.4655 3.76662 150.372
69.7995 54.8076 13.4992 3.76948 150.339
69.8995 54.7575 13.533 3.77232 150.305
69.9995 54.7073 13.5668 3.77516 150.271
70.0995 54.6571 13.6007 3.77798 150.237
70.1995 54.6069 13.6345 3.7808 150.203
70.2995 54.5567 13.6684 3.7836 150.17
70.3995 54.5066 13.7023 3.78639 150.136
70.4995 54.4564 13.7362 3.78917 150.102
70.5995 54.4062 13.7701 3.79195 150.068
70.6995 54.356 13.8041 3.79471 150.034
70.7995 54.3058 13.838 3.79746 150
70.8995 54.2557 13.872 3.8002 149.966
70.9995 54.2055 13.9061 3.80293 149.932
71.0995 54.1553 13.9401 3.80564 149.898
71.1995 54.1051 13.9741 3.80835 149.864
71.2995 54.055 14.0082 3.81105 149.83
71.3995 54.0048 14.0423 3.81373 149.796
71.4995 53.9546 14.0764 3.81641 149.761
71.5995 53.9045 14.1106 3.81907 149.727
71.6995 53.8543 14.1447 3.82173 149.693
71.7995 53.8041 14.1789 3.82437 149.659
71.8995 53.754 14.2131 3.827 149.625
71.9995 53.7038 14.2473 3.82962 149.591
72.0995 53.6536 14.2816 3.83224 149.556
72.1995 53.6035 14.3158 3.83484 149.522
72.2995 53.5533 14.3501 3.83742 149.488
72.3995 53.5031 14.3844 3.84 149.454
72.4995 53.453 14.4187 3.84257 149.419
72.5995 53.4028 14.453 3.84513 149.385
72.6995 53.3527 14.4874 3.84767 149.351
72.7995 53.3025 14.5217 3.85021 149.316
72.8995 53.2524 14.5561 3.85273 149.282
72.9995 53.2022 14.5905 3.85525 149.247
73.0995 53.152 14.6249 3.85775 149.213
73.1995 53.1019 14.6594 3.86024 149.179
73.2995 53.0517 14.6938 3.86272 149.144
73.3995 53.0016 14.7283 3.86519 149.11
73.4995 52.9514 14.7628 3.86765 149.075
73.5994 52.9013 14.7973 3.8701 149.041
73.6994 52.8511 14.8319 3.87254 149.006
73.7994 52.801 14.8664 3.87496 148.972
73.8994 52.7508 14.901 3.87738 148.937
73.9994 52.7007 14.9356 3.87978 148.902
74.0994 52.6505 14.9702 3.88217 148.868
74.1994 52.6004 15.0048 3.88456 148.833
74.2994 52.5503 15.0394 3.88693 148.799
74.3994 52.5001 15.0741 3.88929 148.764
74.4994 52.45 15.1087 3.89164 148.729
74.5994 52.3998 15.1434 3.89397 148.695
74.6994 52.3497 15.1781 3.8963 148.66
74.7994 52.2995 15.2129 3.89862 148.625
74.8994 52.2494 15.2476 3.90092 148.59
74.9994 52.1993 15.2823 3.90322 148.556
75.0994 52.1491 15.3171 3.9055 148.521
75.1994 52.099 15.3519 3.90777 148.486
75.2994 52.0489 15.3867 3.91003 148.451
75.3994 51.9987 15.4215 3.91228 148.416
75.4994 51.9486 15.4563 3.91452 148.382
75.5994 51.8985 15.4912 3.91675 148.347
75.6994 51.8483 15.5261 3.91896 148.312
75.7994 51.7982 15.5609 3.92117 148.277
75.8994 51.7481 15.5958 3.92336 148.242
75.9994 51.6979 15.6307 3.92554 148.207
76.0994 51.6478 15.6657 3.92771 148.172
76.1994 51.5977 15.7006 3.92987 148.137
76.2994 51.5476 15.7356 3.93202 148.102
76.3994 51.4974 15.7705 3.93416 148.067
76.4994 51.4473 15.8055 3.93629 148.032
76.5994 51.3972 15.8405 3.9384 147.997
76.6994 51.3471 15.8755 3.9405 147.962
76.7994 51.297 15.9106 3.9426 147.927
76.8994 51.2468 15.9456 3.94468 147.892
76.9994 51.1967 15.9807 3.94675 147.857
77.0994 51.1466 16.0157 3.94881 147.822
77.1994 51.0965 16.0508 3.95085 147.787
77.2994 51.0464 16.0859 3.95289 147.752
77.3994 50.9962 16.121 3.95491 147.717
77.4994 50.9461 16.1562 3.95693 147.682
77.5994 50.896 16.1913 3.95893 147.647
77.6994 50.8459 16.2264 3.96092 147.611
77.7994 50.7958 16.2616 3.9629 147.576
77.8994 50.7457 16.2968 3.96487 147.541
77.9994 50.6956 16.332 3.96682 147.506
78.0994 50.6455 16.3672 3.96877 147.471
78.1994 50.5954 16.4024 3.9707 147.436
78.2994 50.5452 16.4376 3.97262 147.4
78.3994 50.4951 16.4729 3.97453 147.365
78.4994 50.445 16.5082 3.97643 147.33
78.5994 50.3949 16.5434 3.97832 147.295
78.6994 50.3448 16.5787 3.9802 147.259
78.7994 50.2947 16.614 3.98206 147.224
78.8994 50.2446 16.6493 3.98392 147.189
78.9994 50.1945 16.6846 3.98576 147.153
79.0994 50.1444 16.72 3.98759 147.118
79.1994 50.0943 16.7553 3.98941 147.083
79.2994 50.0442 16.7907 3.99122 147.047
79.3994 49.9941 16.826 3.99301 147.012
79.4994 49.944 16.8614 3.9948 146.977
79.5994 49.8939 16.8968 3.99657 146.941
79.6994 49.8438 16.9322 3.99833 146.906
79.7994 49.7938 16.9676 4.00008 146.87
79.8994 49.7437 17.003 4.00182 146.835
79.9994 49.6936 17.0385 4.00355 146.799
80.0993 49.6435 17.0739 4.00526 146.764
80.1993 49.5934 17.1094 4.00696 146.729
80.2993 49.5433 17.1448 4.00866 146.693
80.3993 49.4932 17.1803 4.01034 146.658
80.4993 49.4431 17.2158 4.01201 146.622
80.5993 49.393 17.2513 4.01366 146.587
80.6993 49.343 17.2868 4.01531 146.551
80.7993 49.2929 17.3223 4.01694 146.516
80.8993 49.2428 17.3578 4.01856 146.48
80.9993 49.1927 17.3934 4.02017 146.445
81.0993 49.1426 17.4289 4.02177 146.409
81.1993 49.0925 17.4645 4.02336 146.373
81.2993 49.0425 17.5001 4.02494 146.338
81.3993 48.9924 17.5356 4.0265 146.302
81.4993 48.9423 17.5712 4.02805 146.267
81.5993 48.8922 17.6068 4.02959 146.231
81.6993 48.8422 17.6424 4.03112 146.196
81.7993 48.7921 17.678 4.03264 146.16
81.8993 48.742 17.7137 4.03414 146.124
81.9993 48.6919 17.7493 4.03564 146.089
82.0993 48.6419 17.7849 4.03712 146.053
82.1993 48.5918 17.8206 4.03859 146.017
82.2993 48.5417 17.8562 4.04004 145.982
82.3993 48.4917 17.8919 4.04149 145.946
82.4993 48.4416 17.9276 4.04293 145.91
82.5993 48.3915 17.9633 4.04435 145.875
82.6993 48.3415 17.999 4.04576 145.839
82.7993 48.2914 18.0347 4.04716 145.803
82.8993 48.2413 18.0704 4.04854 145.768
82.9993 48.1913 18.1061 4.04992 145.732
83.0993 48.1412 18.1418 4.05128 145.696
83.1993 48.0911 18.1775 4.05263 145.66
83.2993 48.0411 18.2133 4.05397 145.625
83.3993 47.991 18.249 4.0553 145.589
83.4993 47.941 18.2848 4.05662 145.553
83.5993 47.8909 18.3205 4.05792 145.517
83.6993 47.8409 18.3563 4.05921 145.482
83.7993 47.7908 18.3921 4.06049 145.446
83.8993 47.7407 18.4278 4.06176 145.41
83.9993 47.6907 18.4636 4.06302 145.374
84.0993 47.6406 18.4994 4.06426 145.339
84.1993 47.5906 18.5352 4.0655 145.303
84.2993 47.5405 18.571 4.06672 145.267
84.3993 47.4905 18.6068 4.06793 145.231
84.4993 47.4404 18.6427 4.06912 145.195
84.5993 47.3904 18.6785 4.07031 145.159
84.6993 47.3403 18.7143 4.07148 145.124
84.7993 47.2903 18.7501 4.07264 145.088
84.8993 47.2402 18.786 4.07379 145.052
84.9993 47.1902 18.8218 4.07493 145.016
85.0993 47.1402 18.8577 4.07605 144.98
85.1993 47.0901 18.8935 4.07716 144.944
85.2993 47.0401 18.9294 4.07826 144.909
85.3993 46.99 18.9653 4.07935 144.873
85.4993 46.94 19.0011 4.08043 144.837
85.5993 46.89 19.037 4.08149 144.801
85.6993 46.8399 19.0729 4.08255 144.765
85.7993 46.7899 19.1088 4.08359 144.729
85.8993 46.7398 19.1447 4.08461 144.693
85.9993 46.6898 19.1806 4.08563 144.657
86.0993 46.6398 19.2165 4.08663 144.621
86.1993 46.5897 19.2524 4.08763 144.586
86.2993 46.5397 19.2883 4.08861 144.55
86.3993 46.4897 19.3242 4.08957 144.514
86.4993 46.4397 19.3601 4.09053 144.478
86.5993 46.3896 19.3961 4.09147 144.442
86.6992 46.3396 19.432 4.0924 144.406
86.7992 46.2896 19.4679 4.09332 144.37
86.8992 46.2395 19.5038 4.09423 144.334
86.9992 46.1895 19.5398 4.09513 144.298
87.0992 46.1395 19.5757 4.09601 144.262
87.1992 46.0895 19.6117 4.09688 144.226
87.2992 46.0395 19.6476 4.09774 144.19
87.3992 45.9894 19.6836 4.09858 144.154
87.4992 45.9394 19.7195 4.09942 144.118
87.5992 45.8894 19.7555 4.10024 144.082
87.6992 45.8394 19.7914 4.10105 144.047
87.7992 45.7894 19.8274 4.10185 144.011
87.8992 45.7393 19.8633 4.10263 143.975
87.9992 45.6893 19.8993 4.10341 143.939
88.0992 45.6393 19.9353 4.10417 143.903
88.1992 45.5893 19.9712 4.10492 143.867
88.2992 45.5393 20.0072 4.10565 143.831
88.3992 45.4893 20.0432 4.10638 143.795
88.4992 45.4393 20.0791 4.10709 143.759
88.5992 45.3892 20.1151 4.10779 143.723
88.6992 45.3392 20.1511 4.10847 143.687
88.7992 45.2892 20.1871 4.10915 143.651
88.8992 45.2392 20.2231 4.10981 143.615
88.9992 45.1892 20.259 4.11046 143.579
89.0992 45.1392 20.295 4.1111 143.543
89.1992 45.0892 20.331 4.11173 143.507
89.2992 45.0392 20.367 4.11234 143.471
89.3992 44.9892 20.403 4.11294 143.435
89.4992 44.9392 20.439 4.11353 143.399
89.5992 44.8892 20.4749 4.11411 143.363
89.6992 44.8392 20.5109 4.11467 143.327
89.7992 44.7892 20.5469 4.11522 143.291
89.8992 44.7392 20.5829 4.11576 143.255
89.9992 44.6892 20.6189 4.11629 143.219
90.0992 44.6392 20.6549 4.1168 143.183
90.1992 44.5892 20.6909 4.11731 143.147
90.2992 44.5392 20.7268 4.1178 143.111
90.3992 44.4892 20.7628 4.11827 143.075
90.4992 44.4392 20.7988 4.11874 143.039
90.5992 44.3892 20.8348 4.11919 143.003
90.6992 44.3393 20.8708 4.11963 142.967
90.7992 44.2893 20.9068 4.12006 142.931
90.8992 44.2393 20.9428 4.12048 142.895
90.9992 44.1893 20.9787 4.12088 142.859
91.0992 44.1393 21.0147 4.12127 142.823
91.1992 44.0893 21.0507 4.12165 142.787
91.2992 44.0393 21.0867 4.12202 142.751
91.3992 43.9893 21.1226 4.12237 142.715
91.4992 43.9394 21.1586 4.12271 142.679
91.5992 43.8894 21.1946 4.12304 142.643
91.6992 43.8394 21.2306 4.12335 142.607
91.7992 43.7894 21.2665 4.12366 142.571
91.8992 43.7394 21.3025 4.12395 142.535
91.9992 43.6895 21.3385 4.12423 142.499
92.0992 43.6395 21.3744 4.12449 142.463
92.1992 43.5895 21.4104 4.12475 142.428
92.2992 43.5395 21.4464 4.12499 142.392
92.3992 43.4896 21.4823 4.12522 142.356
92.4992 43.4396 21.5183 4.12543 142.32
92.5992 43.3896 21.5542 4.12564 142.284
92.6992 43.3397 21.5902 4.12583 142.248
92.7992 43.2897 21.6261 4.12601 142.212
92.8992 43.2397 21.6621 4.12617 142.176
92.9992 43.1897 21.698 4.12633 142.14
93.0992 43.1398 21.7339 4.12647 142.104
93.1992 43.0898 21.7699 4.1266 142.068
93.2991 43.0398 21.8058 4.12671 142.032
93.3991 42.9899 21.8417 4.12682 141.996
93.4991 42.9399 21.8776 4.12691 141.96
93.5991 42.89 21.9136 4.12699 141.924
93.6991 42.84 21.9495 4.12705 141.888
93.7991 42.79 21.9854 4.12711 141.853
93.8991 42.7401 22.0213 4.12715 141.817
93.9991 42.6901 22.0572 4.12717 141.781
94.0991 42.6402 22.0931 4.12719 141.745
94.1991 42.5902 22.129 4.12719 141.709
94.2991 42.5402 22.1649 4.12718 141.673
94.3991 42.4903 22.2007 4.12716 141.637
94.4991 42.4403 22.2366 4.12713 141.601
94.5991 42.3904 22.2725 4.12708 141.565
94.6991 42.3404 22.3084 4.12702 141.53
94.7991 42.2905 22.3442 4.12695 141.494
94.8991 42.2405 22.3801 4.12686 141.458
94.9991 42.1906 22.4159 4.12676 141.422
95.0991 42.1406 22.4518 4.12665 141.386
95.1991 42.0907 22.4876 4.12653 141.35
95.2991 42.0407 22.5235 4.12639 141.314
95.3991 41.9908 22.5593 4.12624 141.279
95.4991 41.9408 22.5951 4.12608 141.243
95.5991 41.8909 22.6309 4.12591 141.207
95.6991 41.841 22.6667 4.12572 141.171
95.7991 41.791 22.7026 4.12552 141.135
95.8991 41.7411 22.7384 4.12531 141.1
95.9991 41.6911 22.7741 4.12509 141.064
96.0991 41.6412 22.8099 4.12485 141.028
96.1991 41.5913 22.8457 4.1246 140.992
96.2991 41.5413 22.8815 4.12434 140.956
96.3991 41.4914 22.9172 4.12406 140.921
96.4991 41.4414 22.953 4.12377 140.885
96.5991 41.3915 22.9888 4.12347 140.849
96.6991 41.3416 23.0245 4.12316 140.813
96.7991 41.2916 23.0602 4.12283 140.778
96.8991 41.2417 23.096 4.12249 140.742
96.9991 41.1918 23.1317 4.12214 140.706
97.0991 41.1419 23.1674 4.12178 140.671
97.1991 41.0919 23.2031 4.1214 140.635
97.2991 41.042 23.2388 4.12101 140.599
97.3991 40.9921 23.2745 4.12061 140.563
97.4991 40.9421 23.3102 4.12019 140.528
97.5991 40.8922 23.3459 4.11977 140.492
97.6991 40.8423 23.3815 4.11933 140.456
97.7991 40.7924 23.4172 4.11887 140.421
97.8991 40.7424 23.4528 4.11841 140.385
97.9991 40.6925 23.4885 4.11793 140.349
98.0991 40.6426 23.5241 4.11744 140.314
98.1991 40.5927 23.5597 4.11693 140.278
98.2991 40.5428 23.5953 4.11642 140.243
98.3991 40.4929 23.631 4.11589 140.207
98.4991 40.4429 23.6665 4.11534 140.171
98.5991 40.393 23.7021 4.11479 140.136
98.6991 40.3431 23.7377 4.11422 140.1
98.7991 40.2932 23.7733 4.11364 140.065
98.8991 40.2433 23.8088 4.11304 140.029
98.9991 40.1934 23.8444 4.11244 139.994
99.0991 40.1435 23.8799 4.11182 139.958
99.1991 40.0935 23.9155 4.11119 139.922
99.2991 40.0436 23.951 4.11054 139.887
99.3991 39.9937 23.9865 4.10988 139.851
99.4991 39.9438 24.022 4.10921 139.816
99.5991 39.8939 24.0575 4.10853 139.78
99.6991 39.844 24.0929 4.10783 139.745
99.799 39.7941 24.1284 4.10713 139.71
99.899 39.7442 24.1639 4.1064 139.674
99.999 39.6943 24.1993 4.10567 139.639
100.099 39.6444 24.2348 4.10492 139.603
100.199 39.5945 24.2702 4.10416 139.568
100.299 39.5446 24.3056 4.10339 139.532
100.399 39.4947 24.341 4.1026 139.497
100.499 39.4448 24.3764 4.10181 139.462
100.599 39.3949 24.4118 4.10099 139.426
100.699 39.345 24.4471 4.10017 139.391
100.799 39.2951 24.4825 4.09933 139.355
100.899 39.2452 24.5178 4.09848 139.32
100.999 39.1953 24.5532 4.09762 139.285
101.099 39.1454 24.5885 4.09674 139.249
101.199 39.0955 24.6238 4.09586 139.214
101.299 39.0456 24.6591 4.09496 139.179
101.399 38.9958 24.6944 4.09404 139.144
101.499 38.9459 24.7296 4.09311 139.108
101.599 38.896 24.7649 4.09217 139.073
101.699 38.8461 24.8001 4.09122 139.038
101.799 38.7962 24.8354 4.09026 139.003
101.899 38.7463 24.8706 4.08928 138.967
101.999 38.6964 24.9058 4.08829 138.932
102.099 38.6466 24.941 4.08728 138.897
102.199 38.5967 24.9762 4.08627 138.862
102.299 38.5468 25.0113 4.08524 138.827
102.399 38.4969 25.0465 4.08419 138.791
102.499 38.447 25.0816 4.08314 138.756
102.599 38.3972 25.1168 4.08207 138.721
102.699 38.3473 25.1519 4.08099 138.686
102.799 38.2974 25.187 4.07989 138.651
102.899 38.2475 25.2221 4.07879 138.616
102.999 38.1976 25.2571 4.07767 138.581
103.099 38.1478 25.2922 4.07654 138.546
103.199 38.0979 25.3272 4.07539 138.511
103.299 38.048 25.3623 4.07423 138.476
103.399 37.9982 25.3973 4.07306 138.441
103.499 37.9483 25.4323 4.07188 138.406
103.599 37.8984 25.4673 4.07068 138.371
103.699 37.8485 25.5022 4.06947 138.336
103.799 37.7987 25.5372 4.06825 138.301
103.899 37.7488 25.5721 4.06701 138.266
103.999 37.699 25.607 4.06576 138.231
104.099 37.6491 25.642 4.0645 138.196
104.199 37.5992 25.6769 4.06323 138.161
104.299 37.5494 25.7117 4.06194 138.126
104.399 37.4995 25.7466 4.06064 138.091
104.499 37.4496 25.7814 4.05933 138.056
104.599 37.3998 25.8163 4.058 138.022
104.699 37.3499 25.8511 4.05666 137.987
104.799 37.3001 25.8859 4.05531 137.952
104.899 37.2502 25.9207 4.05395 137.917
104.999 37.2003 25.9554 4.05257 137.882
105.099 37.1505 25.9902 4.05118 137.848
105.199 37.1006 26.0249 4.04977 137.813
105.299 37.0508 26.0597 4.04836 137.778
105.399 37.0009 26.0944 4.04693 137.744
105.499 36.9511 26.129 4.04549 137.709
105.599 36.9012 26.1637 4.04403 137.674
105.699 36.8514 26.1984 4.04257 137.64
105.799 36.8015 26.233 4.04109 137.605
105.899 36.7517 26.2676 4.03959 137.57
105.999 36.7018 26.3022 4.03809 137.536
106.099 36.652 26.3368 4.03657 137.501
106.199 36.6021 26.3714 4.03503 137.467
106.299 36.5523 26.4059 4.03349 137.432
106.399 36.5024 26.4405 4.03193 137.397
106.499 36.4526 26.475 4.03036 137.363
106.599 36.4028 26.5095 4.02878 137.328
106.699 36.3529 26.5439 4.02718 137.294
106.799 36.3031 26.5784 4.02557 137.26
106.899 36.2532 26.6128 4.02395 137.225
106.999 36.2034 26.6473 4.02231 137.191
107.099 36.1536 26.6817 4.02066 137.156
107.199 36.1037 26.7161 4.019 137.122
107.299 36.0539 26.7504 4.01733 137.088
107.399 36.0041 26.7848 4.01564 137.053
107.499 35.9542 26.8191 4.01394 137.019
107.599 35.9044 26.8534 4.01223 136.985
107.699 35.8546 26.8877 4.01051 136.95
107.799 35.8047 26.922 4.00877 136.916
107.899 35.7549 26.9562 4.00702 136.882
107.999 35.7051 26.9905 4.00525 136.847
108.099 35.6552 27.0247 4.00347 136.813
108.199 35.6054 27.0589 4.00168 136.779
108.299 35.5556 27.0931 3.99988 136.745
108.399 35.5058 27.1272 3.99807 136.711
108.499 35.4559 27.1614 3.99624 136.677
108.599 35.4061 27.1955 3.9944 136.642
108.699 35.3563 27.2296 3.99254 136.608
108.799 35.3065 27.2637 3.99067 136.574
108.899 35.2566 27.2977 3.98879 136.54
108.999 35.2068 27.3317 3.9869 136.506
109.099 35.157 27.3658 3.985 136.472
109.199 35.1072 27.3998 3.98308 136.438
109.299 35.0574 27.4337 3.98115 136.404
109.399 35.0075 27.4677 3.9792 136.37
109.499 34.9577 27.5016 3.97724 136.336
109.599 34.9079 27.5355 3.97527 136.302
109.699 34.8581 27.5694 3.97329 136.269
109.799 34.8083 27.6033 3.97129 136.235
109.899 34.7585 27.6371 3.96929 136.201
109.999 34.7087 27.671 3.96726 136.167
110.099 34.6589 27.7048 3.96523 136.133
110.199 34.609 27.7386 3.96318 136.099
110.299 34.5592 27.7723 3.96112 136.066
110.399 34.5094 27.8061 3.95905 136.032
110.499 34.4596 27.8398 3.95696 135.998
110.599 34.4098 27.8735 3.95486 135.964
110.699 34.36 27.9072 3.95275 135.931
110.799 34.3102 27.9408 3.95063 135.897
110.899 34.2604 27.9744 3.94849 135.863
110.999 34.2106 28.008 3.94634 135.83
111.099 34.1608 28.0416 3.94418 135.796
111.199 34.111 28.0752 3.942 135.763
111.299 34.0612 28.1087 3.93981 135.729
111.399 34.0114 28.1423 3.93761 135.696
111.499 33.9616 28.1757 3.9354 135.662
111.599 33.9118 28.2092 3.93317 135.629
111.699 33.862 28.2427 3.93093 135.595
111.799 33.8122 28.2761 3.92868 135.562
111.899 33.7624 28.3095 3.92641 135.528
111.999 33.7126 28.3429 3.92413 135.495
112.099 33.6628 28.3762 3.92184 135.462
112.199 33.613 28.4096 3.91954 135.428
112.299 33.5632 28.4429 3.91722 135.395
112.399 33.5134 28.4761 3.91489 135.362
112.499 33.4637 28.5094 3.91255 135.329
112.599 33.4139 28.5426 3.91019 135.295
112.699 33.3641 28.5759 3.90783 135.262
112.799 33.3143 28.609 3.90545 135.229
112.899 33.2645 28.6422 3.90305 135.196
112.999 33.2147 28.6753 3.90065 135.163
113.099 33.1649 28.7085 3.89823 135.129
113.199 33.1152 28.7415 3.89579 135.096
113.299 33.0654 28.7746 3.89335 135.063
113.399 33.0156 28.8077 3.89089 135.03
113.499 32.9658 28.8407 3.88842 134.997
113.599 32.916 28.8737 3.88594 134.964
113.699 32.8662 28.9066 3.88344 134.931
113.799 32.8165 28.9396 3.88093 134.898
113.899 32.7667 28.9725 3.87841 134.865
113.999 32.7169 29.0054 3.87588 134.833
114.099 32.6671 29.0382 3.87333 134.8
114.199 32.6174 29.0711 3.87077 134.767
114.299 32.5676 29.1039 3.8682 134.734
114.399 32.5178 29.1367 3.86561 134.701
114.499 32.468 29.1694 3.86302 134.669
114.599 32.4183 29.2022 3.86041 134.636
114.699 32.3685 29.2349 3.85778 134.603
114.799 32.3187 29.2675 3.85515 134.57
114.899 32.269 29.3002 3.8525 134.538
114.999 32.2192 29.3328 3.84984 134.505
115.099 32.1694 29.3654 3.84716 134.473
115.199 32.1197 29.398 3.84447 134.44
115.299 32.0699 29.4306 3.84177 134.407
115.399 32.0201 29.4631 3.83906 134.375
115.499 31.9704 29.4956 3.83634 134.342
115.599 31.9206 29.528 3.8336 134.31
115.699 31.8708 29.5605 3.83085 134.277
115.799 31.8211 29.5929 3.82809 134.245
115.899 31.7713 29.6253 3.82531 134.213
115.999 31.7216 29.6576 3.82252 134.18
116.099 31.6718 29.69 3.81972 134.148
116.199 31.622 29.7223 3.81691 134.116
116.299 31.5723 29.7545 3.81408 134.083
116.399 31.5225 29.7868 3.81124 134.051
116.499 31.4728 29.819 3.80839 134.019
116.599 31.423 29.8512 3.80553 133.987
116.699 31.3733 29.8834 3.80265 133.955
116.799 31.3235 29.9155 3.79976 133.922
116.899 31.2738 29.9476 3.79686 133.89
116.999 31.224 29.9797 3.79394 133.858
117.099 31.1743 30.0117 3.79101 133.826
117.199 31.1245 30.0438 3.78807 133.794
117.299 31.0748 30.0758 3.78512 133.762
117.399 31.025 30.1077 3.78216 133.73
117.499 30.9753 30.1397 3.77918 133.698
117.599 30.9255 30.1716 3.77619 133.666
117.699 30.8758 30.2034 3.77318 133.634
117.799 30.826 30.2353 3.77017 133.603
117.899 30.7763 30.2671 3.76714 133.571
117.999 30.7265 30.2989 3.7641 133.539
118.099 30.6768 30.3307 3.76105 133.507
118.199 30.6271 30.3624 3.75798 133.476
118.299 30.5773 30.3941 3.7549 133.444
118.399 30.5276 30.4258 3.75181 133.412
118.499 30.4778 30.4574 3.74871 133.381
118.599 30.4281 30.489 3.74559 133.349
118.699 30.3784 30.5206 3.74246 133.317
118.799 30.3286 30.5521 3.73932 133.286
118.899 30.2789 30.5837 3.73617 133.254
118.999 30.2292 30.6152 3.733 133.223
119.099 30.1794 30.6466 3.72982 133.191
119.199 30.1297 30.678 3.72663 133.16
119.299 30.08 30.7094 3.72343 133.128
119.399 30.0302 30.7408 3.72021 133.097
119.499 29.9805 30.7721 3.71698 133.066
119.599 29.9308 30.8035 3.71374 133.034
119.699 29.881 30.8347 3.71049 133.003
119.799 29.8313 30.866 3.70722 132.972
119.899 29.7816 30.8972 3.70394 132.941
119.999 29.7319 30.9284 3.70065 132.91
120.099 29.6821 30.9595 3.69735 132.878
120.199 29.6324 30.9906 3.69403 132.847
120.299 29.5827 31.0217 3.6907 132.816
120.399 29.533 31.0528 3.68736 132.785
120.499 29.4832 31.0838 3.68401 132.754
120.599 29.4335 31.1148 3.68064 132.723
120.699 29.3838 31.1458 3.67726 132.692
120.799 29.3341 31.1767 3.67387 132.661
120.899 29.2843 31.2076 3.67047 132.63
120.999 29.2346 31.2384 3.66706 132.599
121.099 29.1849 31.2693 3.66363 132.569
121.199 29.1352 31.3001 3.66019 132.538
121.299 29.0855 31.3308 3.65674 132.507
121.399 29.0358 31.3616 3.65327 132.476
121.499 28.986 31.3923 3.6498 132.446
121.599 28.9363 31.4229 3.64631 132.415
121.699 28.8866 31.4536 3.6428 132.384
121.799 28.8369 31.4842 3.63929 132.354
121.899 28.7872 31.5147 3.63576 132.323
121.999 28.7375 31.5453 3.63223 132.293
122.099 28.6878 31.5758 3.62867 132.262
122.199 28.6381 31.6062 3.62511 132.232
122.299 28.5884 31.6367 3.62154 132.201
122.399 28.5387 31.6671 3.61795 132.171
122.499 28.4889 31.6975 3.61435 132.14
122.599 28.4392 31.7278 3.61074 132.11
122.699 28.3895 31.7581 3.60711 132.08
122.799 28.3398 31.7884 3.60347 132.05
122.899 28.2901 31.8186 3.59983 132.019
122.999 28.2404 31.8488 3.59616 131.989
123.099 28.1907 31.8789 3.59249 131.959
123.199 28.141 31.9091 3.58881 131.929
123.299 28.0913 31.9392 3.58511 131.899
123.399 28.0416 31.9692 3.5814 131.869
123.499 27.9919 31.9993 3.57768 131.839
123.599 27.9422 32.0293 3.57394 131.809
123.699 27.8925 32.0592 3.57019 131.779
123.799 27.8428 32.0891 3.56644 131.749
123.899 27.7931 32.119 3.56266 131.719
123.999 27.7434 32.1489 3.55888 131.689
124.099 27.6937 32.1787 3.55509 131.659
124.199 27.6441 32.2085 3.55128 131.629
124.299 27.5944 32.2382 3.54746 131.6
124.399 27.5447 32.2679 3.54363 131.57
124.499 27.495 32.2976 3.53978 131.54
124.599 27.4453 32.3272 3.53593 131.511
124.699 27.3956 32.3569 3.53206 131.481
124.799 27.3459 32.3864 3.52818 131.452
124.899 27.2962 32.416 3.52429 131.422
124.999 27.2465 32.4455 3.52039 131.392
125.099 27.1969 32.4749 3.51647 131.363
125.199 27.1472 32.5043 3.51254 131.334
125.299 27.0975 32.5337 3.5086 131.304
125.399 27.0478 32.5631 3.50465 131.275
125.499 26.9981 32.5924 3.50069 131.246
125.599 26.9484 32.6217 3.49671 131.216
125.699 26.8987 32.6509 3.49272 131.187
125.799 26.8491 32.6801 3.48872 131.158
125.899 26.7994 32.7093 3.48471 131.129
125.999 26.7497 32.7384 3.48069 131.1
126.099 26.7 32.7675 3.47665 131.07
126.199 26.6504 32.7966 3.4726 131.041
126.299 26.6007 32.8256 3.46854 131.012
126.399 26.551 32.8546 3.46447 130.983
126.499 26.5013 32.8835 3.46039 130.954
126.599 26.4516 32.9124 3.45629 130.925
126.699 26.402 32.9413 3.45218 130.897
126.799 26.3523 32.9702 3.44806 130.868
126.899 26.3026 32.9989 3.44393 130.839
126.999 26.253 33.0277 3.43979 130.81
127.099 26.2033 33.0564 3.43564 130.782
127.199 26.1536 33.0851 3.43147 130.753
127.299 26.1039 33.1138 3.42729 130.724
127.399 26.0543 33.1424 3.4231 130.696
127.499 26.0046 33.1709 3.4189 130.667
127.599 25.9549 33.1995 3.41468 130.638
127.699 25.9053 33.228 3.41046 130.61
127.799 25.8556 33.2564 3.40622 130.582
127.899 25.8059 33.2848 3.40197 130.553
127.999 25.7563 33.3132 3.39771 130.525
128.099 25.7066 33.3416 3.39344 130.496
128.199 25.6569 33.3699 3.38915 130.468
128.299 25.6073 33.3981 3.38486 130.44
128.399 25.5576 33.4263 3.38055 130.412
128.499 25.5079 33.4545 3.37623 130.383
128.599 25.4583 33.4827 3.3719 130.355
128.699 25.4086 33.5108 3.36755 130.327
128.799 25.359 33.5388 3.3632 130.299
128.899 25.3093 33.5669 3.35883 130.271
128.999 25.2596 33.5949 3.35445 130.243
129.099 25.21 33.6228 3.35006 130.215
129.199 25.1603 33.6507 3.34566 130.187
129.299 25.1107 33.6786 3.34125 130.159
129.399 25.061 33.7064 3.33682 130.132
129.499 25.0113 33.7342 3.33239 130.104
129.599 24.9617 33.762 3.32794 130.076
129.699 24.912 33.7897 3.32348 130.048
129.799 24.8624 33.8174 3.31901 130.021
129.899 24.8127 33.845 3.31453 129.993
129.999 24.7631 33.8726 3.31003 129.965
130.099 24.7134 33.9001 3.30553 129.938
130.199 24.6638 33.9276 3.30101 129.91
130.299 24.6141 33.9551 3.29648 129.883
130.399 24.5645 33.9825 3.29194 129.855
130.499 24.5148 34.0099 3.28739 129.828
130.599 24.4652 34.0373 3.28283 129.801
130.699 24.4155 34.0646 3.27825 129.773
130.799 24.3659 34.0918 3.27367 129.746
130.899 24.3162 34.1191 3.26907 129.719
130.999 24.2666 34.1462 3.26446 129.692
131.099 24.2169 34.1734 3.25984 129.665
131.199 24.1673 34.2005 3.25521 129.637
131.299 24.1176 34.2275 3.25057 129.61
131.399 24.068 34.2546 3.24591 129.583
131.499 24.0183 34.2815 3.24125 129.556
131.599 23.9687 34.3085 3.23657 129.529
131.699 23.9191 34.3354 3.23188 129.503
131.799 23.8694 34.3622 3.22718 129.476
131.899 23.8198 34.389 3.22247 129.449
131.999 23.7701 34.4158 3.21775 129.422
132.099 23.7205 34.4425 3.21302 129.395
132.199 23.6709 34.4692 3.20827 129.369
132.299 23.6212 34.4958 3.20352 129.342
132.399 23.5716 34.5224 3.19875 129.315
132.499 23.522 34.549 3.19397 129.289
132.599 23.4723 34.5755 3.18918 129.262
132.699 23.4227 34.602 3.18438 129.236
132.799 23.373 34.6284 3.17957 129.21
132.899 23.3234 34.6548 3.17475 129.183
132.999 23.2738 34.6811 3.16991 129.157
133.099 23.2242 34.7074 3.16507 129.131
133.199 23.1745 34.7337 3.16021 129.104
133.299 23.1249 34.7599 3.15534 129.078
133.399 23.0753 34.7861 3.15046 129.052
133.499 23.0256 34.8122 3.14557 129.026
133.599 22.976 34.8383 3.14067 129
133.699 22.9264 34.8643 3.13576 128.974
133.799 22.8767 34.8903 3.13084 128.948
133.899 22.8271 34.9163 3.12591 128.922
133.999 22.7775 34.9422 3.12096 128.896
134.099 22.7279 34.9681 3.11601 128.87
134.199 22.6782 34.9939 3.11104 128.844
134.299 22.6286 35.0197 3.10606 128.818
134.399 22.579 35.0454 3.10107 128.793
134.499 22.5294 35.0711 3.09607 128.767
134.599 22.4798 35.0967 3.09106 128.741
134.699 22.4301 35.1223 3.08604 128.716
134.799 22.3805 35.1479 3.08101 128.69
134.899 22.3309 35.1734 3.07597 128.665
134.999 22.2813 35.1989 3.07091 128.639
135.099 22.2317 35.2243 3.06585 128.614
135.199 22.182 35.2497 3.06077 128.588
135.299 22.1324 35.275 3.05568 128.563
135.399 22.0828 35.3003 3.05059 128.538
135.499 22.0332 35.3256 3.04548 128.512
135.599 21.9836 35.3508 3.04036 128.487
135.699 21.934 35.3759 3.03523 128.462
135.799 21.8843 35.401 3.03009 128.437
135.899 21.8347 35.4261 3.02494 128.412
135.999 21.7851 35.4511 3.01978 128.387
136.099 21.7355 35.4761 3.0146 128.362
136.199 21.6859 35.5011 3.00942 128.337
136.299 21.6363 35.5259 3.00423 128.312
136.399 21.5867 35.5508 2.99902 128.287
136.499 21.5371 35.5756 2.99381 128.262
136.599 21.4874 35.6003 2.98858 128.238
136.699 21.4378 35.625 2.98334 128.213
136.799 21.3882 35.6497 2.9781 128.188
136.899 21.3386 35.6743 2.97284 128.164
136.999 21.289 35.6989 2.96757 128.139
137.099 21.2394 35.7234 2.96229 128.115
137.199 21.1898 35.7479 2.957 128.09
137.299 21.1402 35.7723 2.9517 128.066
137.399 21.0906 35.7967 2.94639 128.041
137.499 21.041 35.821 2.94107 128.017
137.599 20.9914 35.8453 2.93574 127.993
137.699 20.9418 35.8696 2.9304 127.968
137.799 20.8922 35.8938 2.92505 127.944
137.899 20.8426 35.9179 2.91968 127.92
137.999 20.793 35.942 2.91431 127.896
138.099 20.7434 35.9661 2.90893 127.872
138.199 20.6938 35.9901 2.90353 127.848
138.299 20.6442 36.0141 2.89813 127.824
138.399 20.5946 36.038 2.89272 127.8
138.499 20.545 36.0618 2.88729 127.776
138.599 20.4954 36.0857 2.88186 127.752
138.699 20.4458 36.1094 2.87641 127.728
138.799 20.3962 36.1332 2.87096 127.705
138.899 20.3466 36.1569 2.86549 127.681
138.999 20.297 36.1805 2.86001 127.657
139.099 20.2474 36.2041 2.85453 127.634
139.199 20.1978 36.2276 2.84903 127.61
139.299 20.1482 36.2511 2.84352 127.587
139.399 20.0987 36.2746 2.83801 127.563
139.499 20.0491 36.298 2.83248 127.54
139.599 19.9995 36.3213 2.82694 127.517
139.699 19.9499 36.3446 2.82139 127.493
139.799 19.9003 36.3679 2.81584 127.47
139.899 19.8507 36.3911 2.81027 127.447
139.999 19.8011 36.4142 2.80469 127.424
140.099 19.7515 36.4373 2.7991 127.401
140.199 19.7019 36.4604 2.79351 127.378
140.299 19.6524 36.4834 2.7879 127.355
140.399 19.6028 36.5064 2.78228 127.332
140.499 19.5532 36.5293 2.77665 127.309
140.599 19.5036 36.5522 2.77102 127.286
140.699 19.454 36.575 2.76537 127.263
140.799 19.4044 36.5977 2.75971 127.24
140.899 19.3549 36.6205 2.75404 127.217
140.999 19.3053 36.6431 2.74837 127.195
141.099 19.2557 36.6658 2.74268 127.172
141.199 19.2061 36.6883 2.73698 127.15
141.299 19.1565 36.7109 2.73128 127.127
141.399 19.107 36.7334 2.72556 127.105
141.499 19.0574 36.7558 2.71983 127.082
141.599 19.0078 36.7782 2.7141 127.06
141.699 18.9582 36.8005 2.70835 127.037
141.799 18.9086 36.8228 2.70259 127.015
141.899 18.8591 36.845 2.69683 126.993
141.999 18.8095 36.8672 2.69105 126.971
142.099 18.7599 36.8893 2.68527 126.949
142.199 18.7103 36.9114 2.67947 126.927
142.299 18.6608 36.9334 2.67367 126.904
142.399 18.6112 36.9554 2.66785 126.883
142.499 18.5616 36.9774 2.66203 126.861
142.6 18.512 36.9992 2.6562 126.839
142.7 18.4625 37.0211 2.65036 126.817
142.8 18.4129 37.0429 2.6445 126.795
142.9 18.3633 37.0646 2.63864 126.773
143 18.3138 37.0863 2.63277 126.752
143.1 18.2642 37.1079 2.62689 126.73
143.2 18.2146 37.1295 2.621 126.708
143.3 18.1651 37.151 2.6151 126.687
143.4 18.1155 37.1725 2.60919 126.665
143.5 18.0659 37.1939 2.60327 126.644
143.6 18.0163 37.2153 2.59734 126.623
143.7 17.9668 37.2367 2.5914 126.601
143.8 17.9172 37.2579 2.58546 126.58
143.9 17.8677 37.2792 2.5795 126.559
144 17.8181 37.3003 2.57353 126.538
144.1 17.7685 37.3215 2.56756 126.516
144.2 17.719 37.3426 2.56158 126.495
144.3 17.6694 37.3636 2.55558 126.474
144.4 17.6198 37.3846 2.54958 126.453
144.5 17.5703 37.4055 2.54357 126.432
144.6 17.5207 37.4264 2.53755 126.412
144.7 17.4711 37.4472 2.53151 126.391
144.8 17.4216 37.4679 2.52548 126.37
144.9 17.372 37.4887 2.51943 126.349
145 17.3225 37.5093 2.51337 126.329
145.1 17.2729 37.53 2.5073 126.308
145.2 17.2234 37.5505 2.50122 126.287
145.3 17.1738 37.571 2.49514 126.267
145.4 17.1242 37.5915 2.48904 126.246
145.5 17.0747 37.6119 2.48294 126.226
145.6 17.0251 37.6323 2.47683 126.206
145.7 16.9756 37.6526 2.47071 126.185
145.8 16.926 37.6728 2.46458 126.165
145.9 16.8765 37.693 2.45844 126.145
146 16.8269 37.7132 2.45229 126.125
146.1 16.7774 37.7333 2.44613 126.105
146.2 16.7278 37.7533 2.43997 126.085
146.3 16.6782 37.7733 2.43379 126.065
146.4 16.6287 37.7933 2.42761 126.045
146.5 16.5791 37.8132 2.42141 126.025
146.6 16.5296 37.833 2.41521 126.005
146.7 16.48 37.8528 2.409 125.985
146.8 16.4305 37.8725 2.40278 125.965
146.9 16.3809 37.8922 2.39655 125.946
147 16.3314 37.9118 2.39032 125.926
147.1 16.2818 37.9314 2.38407 125.907
147.2 16.2323 37.9509 2.37782 125.887
147.3 16.1827 37.9704 2.37155 125.868
147.4 16.1332 37.9898 2.36528 125.848
147.5 16.0837 38.0092 2.359 125.829
147.6 16.0341 38.0285 2.35271 125.809
147.7 15.9846 38.0477 2.34642 125.79
147.8 15.935 38.0669 2.34011 125.771
147.9 15.8855 38.0861 2.3338 125.752
148 15.8359 38.1052 2.32747 125.733
148.1 15.7864 38.1242 2.32114 125.714
148.2 15.7368 38.1432 2.3148 125.695
148.3 15.6873 38.1622 2.30845 125.676
148.4 15.6378 38.1811 2.30209 125.657
148.5 15.5882 38.1999 2.29573 125.638
148.6 15.5387 38.2187 2.28936 125.619
148.7 15.4891 38.2374 2.28297 125.601
148.8 15.4396 38.2561 2.27658 125.582
148.9 15.3901 38.2747 2.27018 125.563
149 15.3405 38.2932 2.26378 125.545
149.1 15.291 38.3117 2.25736 125.526
149.2 15.2414 38.3302 2.25094 125.508
149.3 15.1919 38.3486 2.2445 125.489
149.4 15.1424 38.3669 2.23806 125.471
149.5 15.0928 38.3852 2.23162 125.453
149.6 15.0433 38.4035 2.22516 125.434
149.7 14.9938 38.4217 2.21869 125.416
149.8 14.9442 38.4398 2.21222 125.398
149.9 14.8947 38.4579 2.20574 125.38
150 14.8452 38.4759 2.19925 125.362
150.1 14.7956 38.4939 2.19275 125.344
150.2 14.7461 38.5118 2.18625 125.326
150.3 14.6966 38.5296 2.17973 125.308
150.4 14.647 38.5474 2.17321 125.29
150.5 14.5975 38.5652 2.16668 125.273
150.6 14.548 38.5829 2.16015 125.255
150.7 14.4984 38.6005 2.1536 125.237
150.8 14.4489 38.6181 2.14705 125.22
150.9 14.3994 38.6356 2.14049 125.202
151 14.3498 38.6531 2.13392 125.185
151.1 14.3003 38.6705 2.12734 125.167
151.2 14.2508 38.6879 2.12076 125.15
151.3 14.2012 38.7052 2.11416 125.133
151.4 14.1517 38.7225 2.10756 125.115
151.5 14.1022 38.7397 2.10095 125.098
151.6 14.0527 38.7568 2.09434 125.081
151.7 14.0031 38.7739 2.08772 125.064
151.8 13.9536 38.7909 2.08108 125.047
151.9 13.9041 38.8079 2.07444 125.03
152 13.8546 38.8248 2.0678 125.013
152.1 13.805 38.8417 2.06114 124.996
152.2 13.7555 38.8585 2.05448 124.979
152.3 13.706 38.8753 2.04781 124.963
152.4 13.6565 38.892 2.04114 124.946
152.5 13.6069 38.9086 2.03445 124.929
152.6 13.5574 38.9252 2.02776 124.913
152.7 13.5079 38.9417 2.02106 124.896
152.8 13.4584 38.9582 2.01435 124.88
152.9 13.4089 38.9746 2.00764 124.863
153 13.3593 38.991 2.00092 124.847
153.1 13.3098 39.0073 1.99419 124.831
153.2 13.2603 39.0236 1.98745 124.814
153.3 13.2108 39.0398 1.98071 124.798
153.4 13.1613 39.0559 1.97395 124.782
153.5 13.1117 39.072 1.9672 124.766
153.6 13.0622 39.088 1.96043 124.75
153.7 13.0127 39.104 1.95366 124.734
153.8 12.9632 39.1199 1.94688 124.718
153.9 12.9137 39.1358 1.94009 124.702
154 12.8641 39.1516 1.93329 124.686
154.1 12.8146 39.1673 1.92649 124.671
154.2 12.7651 39.183 1.91968 124.655
154.3 12.7156 39.1987 1.91287 124.639
154.4 12.6661 39.2142 1.90604 124.624
154.5 12.6166 39.2298 1.89921 124.608
154.6 12.5671 39.2452 1.89238 124.593
154.7 12.5175 39.2606 1.88553 124.577
154.8 12.468 39.276 1.87868 124.562
154.9 12.4185 39.2913 1.87182 124.547
155 12.369 39.3065 1.86496 124.531
155.1 12.3195 39.3217 1.85808 124.516
155.2 12.27 39.3368 1.85121 124.501
155.3 12.2205 39.3519 1.84432 124.486
155.4 12.171 39.3669 1.83743 124.471
155.5 12.1214 39.3819 1.83053 124.456
155.6 12.0719 39.3968 1.82362 124.441
155.7 12.0224 39.4116 1.81671 124.426
155.8 11.9729 39.4264 1.80979 124.412
155.9 11.9234 39.4411 1.80286 124.397
156 11.8739 39.4558 1.79593 124.382
156.1 11.8244 39.4704 1.78899 124.368
156.2 11.7749 39.4849 1.78204 124.353
156.3 11.7254 39.4994 1.77509 124.339
156.4 11.6759 39.5139 1.76813 124.324
156.5 11.6264 39.5282 1.76116 124.31
156.6 11.5768 39.5426 1.75419 124.295
156.7 11.5273 39.5568 1.74721 124.281
156.8 11.4778 39.571 1.74022 124.267
156.9 11.4283 39.5852 1.73323 124.253
157 11.3788 39.5993 1.72623 124.239
157.1 11.3293 39.6133 1.71922 124.225
157.2 11.2798 39.6273 1.71221 124.211
157.3 11.2303 39.6412 1.70519 124.197
157.4 11.1808 39.6551 1.69817 124.183
157.5 11.1313 39.6689 1.69114 124.169
157.6 11.0818 39.6826 1.6841 124.155
157.7 11.0323 39.6963 1.67706 124.142
157.8 10.9828 39.7099 1.67001 124.128
157.9 10.9333 39.7235 1.66295 124.114
158 10.8838 39.737 1.65589 124.101
158.1 10.8343 39.7504 1.64882 124.087
158.2 10.7848 39.7638 1.64175 124.074
158.3 10.7353 39.7772 1.63466 124.061
158.4 10.6858 39.7905 1.62758 124.047
158.5 10.6363 39.8037 1.62048 124.034
158.6 10.5868 39.8168 1.61339 124.021
158.7 10.5373 39.8299 1.60628 124.008
158.8 10.4878 39.843 1.59917 123.995
158.9 10.4383 39.856 1.59205 123.982
159.001 10.3888 39.8689 1.58493 123.969
159.101 10.3393 39.8818 1.5778 123.956
159.201 10.2898 39.8946 1.57067 123.943
159.301 10.2403 39.9073 1.56353 123.931
159.401 10.1908 39.92 1.55638 123.918
159.501 10.1413 39.9326 1.54923 123.905
159.601 10.0918 39.9452 1.54207 123.893
159.701 10.0423 39.9577 1.53491 123.88
159.801 9.99282 39.9702 1.52774 123.868
159.901 9.94332 39.9826 1.52056 123.855
160.001 9.89382 39.9949 1.51338 123.843
160.101 9.84433 40.0072 1.50619 123.831
160.201 9.79484 40.0194 1.499 123.819
160.301 9.74534 40.0316 1.4918 123.806
160.401 9.69585 40.0437 1.4846 123.794
160.501 9.64635 40.0557 1.47739 123.782
160.601 9.59686 40.0677 1.47018 123.77
160.701 9.54737 40.0796 1.46296 123.758
160.801 9.49788 40.0915 1.45573 123.746
160.901 9.44838 40.1033 1.4485 123.735
161.001 9.39889 40.1151 1.44126 123.723
161.101 9.3494 40.1267 1.43402 123.711
161.201 9.29991 40.1384 1.42677 123.7
161.301 9.25042 40.1499 1.41952 123.688
161.401 9.20093 40.1614 1.41226 123.676
161.501 9.15144 40.1729 1.405 123.665
161.601 9.10195 40.1843 1.39773 123.654
161.701 9.05246 40.1956 1.39046 123.642
161.801 9.00297 40.2069 1.38318 123.631
161.901 8.95348 40.2181 1.37589 123.62
162.001 8.90399 40.2292 1.36861 123.609
162.101 8.8545 40.2403 1.36131 123.598
162.201 8.80501 40.2514 1.35401 123.587
162.301 8.75552 40.2623 1.34671 123.576
162.401 8.70604 40.2733 1.3394 123.565
162.501 8.65655 40.2841 1.33208 123.554
162.601 8.60706 40.2949 1.32476 123.543
162.701 8.55757 40.3056 1.31744 123.532
162.801 8.50809 40.3163 1.31011 123.522
162.901 8.4586 40.3269 1.30277 123.511
163.001 8.40911 40.3375 1.29543 123.5
163.101 8.35963 40.348 1.28809 123.49
163.201 8.31014 40.3584 1.28074 123.48
163.301 8.26066 40.3688 1.27339 123.469
163.401 8.21117 40.3791 1.26603 123.459
163.501 8.16169 40.3893 1.25866 123.449
163.601 8.1122 40.3995 1.2513 123.438
163.701 8.06272 40.4096 1.24392 123.428
163.801 8.01323 40.4197 1.23655 123.418
163.901 7.96375 40.4297 1.22916 123.408
164.001 7.91427 40.4397 1.22178 123.398
164.101 7.86478 40.4496 1.21439 123.388
164.201 7.8153 40.4594 1.20699 123.379
164.301 7.76582 40.4692 1.19959 123.369
164.401 7.71634 40.4789 1.19218 123.359
164.501 7.66685 40.4885 1.18477 123.349
164.601 7.61737 40.4981 1.17736 123.34
164.701 7.56789 40.5076 1.16994 123.33
164.801 7.51841 40.5171 1.16252 123.321
164.901 7.46893 40.5265 1.15509 123.311
165.001 7.41945 40.5358 1.14766 123.302
165.101 7.36997 40.5451 1.14022 123.293
165.201 7.32048 40.5544 1.13278 123.284
165.301 7.271 40.5635 1.12534 123.274
165.401 7.22152 40.5726 1.11789 123.265
165.501 7.17204 40.5817 1.11044 123.256
165.601 7.12256 40.5906 1.10298 123.247
165.701 7.07309 40.5996 1.09552 123.238
165.801 7.02361 40.6084 1.08805 123.23
165.901 6.97413 40.6172 1.08058 123.221
166.001 6.92465 40.6259 1.07311 123.212
166.101 6.87517 40.6346 1.06563 123.203
166.201 6.82569 40.6432 1.05815 123.195
166.301 6.77621 40.6518 1.05066 123.186
166.401 6.72674 40.6603 1.04318 123.178
166.501 6.67726 40.6687 1.03568 123.169
166.601 6.62778 40.6771 1.02818 123.161
166.701 6.5783 40.6854 1.02068 123.153
166.801 6.52883 40.6936 1.01318 123.144
166.901 6.47935 40.7018 1.00567 123.136
167.001 6.42987 40.71 0.998155 123.128
167.101 6.3804 40.718 0.990639 123.12
167.201 6.33092 40.726 0.983118 123.112
167.301 6.28145 40.734 0.975594 123.104
167.401 6.23197 40.7418 0.968066 123.096
167.501 6.18249 40.7497 0.960535 123.088
167.601 6.13302 40.7574 0.953 123.081
167.701 6.08354 40.7651 0.945461 123.073
167.801 6.03407 40.7728 0.937919 123.065
167.901 5.98459 40.7803 0.930373 123.058
168.001 5.93512 40.7878 0.922824 123.05
168.101 5.88564 40.7953 0.915271 123.043
168.201 5.83617 40.8027 0.907715 123.035
168.301 5.7867 40.81 0.900155 123.028
168.401 5.73722 40.8173 0.892592 123.021
168.501 5.68775 40.8245 0.885026 123.013
168.601 5.63828 40.8316 0.877456 123.006
168.701 5.5888 40.8387 0.869883 122.999
168.801 5.53933 40.8457 0.862307 122.992
168.901 5.48986 40.8527 0.854727 122.985
169.001 5.44038 40.8596 0.847144 122.978
169.101 5.39091 40.8664 0.839558 122.972
169.201 5.34144 40.8732 0.831969 122.965
169.301 5.29197 40.8799 0.824376 122.958
169.401 5.2425 40.8866 0.816781 122.951
169.501 5.19302 40.8932 0.809182 122.945
169.601 5.14355 40.8997 0.80158 122.938
169.701 5.09408 40.9061 0.793976 122.932
169.801 5.04461 40.9125 0.786368 122.925
169.901 4.99514 40.9189 0.778757 122.919
170.001 4.94567 40.9252 0.771143 122.913
170.101 4.8962 40.9314 0.763527 122.907
170.201 4.84673 40.9375 0.755907 122.9
170.301 4.79726 40.9436 0.748285 122.894
170.401 4.74779 40.9497 0.74066 122.888
170.501 4.69831 40.9556 0.733032 122.882
170.601 4.64884 40.9615 0.725401 122.876
170.701 4.59937 40.9674 0.717768 122.871
170.801 4.54991 40.9732 0.710132 122.865
170.901 4.50044 40.9789 0.702493 122.859
171.001 4.45097 40.9846 0.694851 122.853
171.101 4.4015 40.9902 0.687207 122.848
171.201 4.35203 40.9957 0.67956 122.842
171.301 4.30256 41.0012 0.671911 122.837
171.401 4.25309 41.0066 0.664259 122.831
171.501 4.20362 41.0119 0.656604 122.826
171.601 4.15415 41.0172 0.648947 122.821
171.701 4.10468 41.0224 0.641288 122.815
171.801 4.05522 41.0276 0.633626 122.81
171.901 4.00575 41.0327 0.625962 122.805
172.001 3.95628 41.0377 0.618295 122.8
172.101 3.90681 41.0427 0.610627 122.795
172.201 3.85734 41.0476 0.602955 122.79
172.301 3.80788 41.0525 0.595282 122.785
172.401 3.75841 41.0573 0.587606 122.781
172.501 3.70894 41.062 0.579928 122.776
172.601 3.65947 41.0667 0.572248 122.771
172.701 3.61001 41.0713 0.564565 122.767
172.801 3.56054 41.0758 0.556881 122.762
172.901 3.51107 41.0803 0.549194 122.758
173.001 3.46161 41.0847 0.541505 122.753
173.101 3.41214 41.0891 0.533815 122.749
173.201 3.36267 41.0934 0.526122 122.745
173.301 3.31321 41.0976 0.518427 122.74
173.401 3.26374 41.1018 0.51073 122.736
173.501 3.21427 41.1059 0.503032 122.732
173.601 3.16481 41.1099 0.495331 122.728
173.701 3.11534 41.1139 0.487628 122.724
173.801 3.06588 41.1178 0.479924 122.72
173.901 3.01641 41.1217 0.472218 122.716
174.001 2.96694 41.1254 0.46451 122.712
174.101 2.91748 41.1292 0.4568 122.709
174.201 2.86801 41.1328 0.449089 122.705
174.301 2.81855 41.1364 0.441376 122.701
174.401 2.76908 41.14 0.433661 122.698
174.501 2.71962 41.1435 0.425944 122.694
174.601 2.67015 41.1469 0.418226 122.691
174.701 2.62069 41.1502 0.410507 122.688
174.801 2.57122 41.1535 0.402785 122.684
174.901 2.52176 41.1568 0.395063 122.681
175.001 2.47229 41.1599 0.387338 122.678
175.101 2.42283 41.163 0.379613 122.675
175.201 2.37336 41.1661 0.371885 122.672
175.301 2.3239 41.1691 0.364157 122.669
175.402 2.27443 41.172 0.356427 122.666
175.502 2.22497 41.1748 0.348696 122.663
175.602 2.1755 41.1776 0.340963 122.66
175.702 2.12604 41.1803 0.333229 122.658
175.802 2.07658 41.183 0.325494 122.655
175.902 2.02711 41.1856 0.317757 122.652
176.002 1.97765 41.1882 0.31002 122.65
176.102 1.92818 41.1906 0.302281 122.647
176.202 1.87872 41.1931 0.294541 122.645
176.302 1.82925 41.1954 0.2868 122.643
176.402 1.77979 41.1977 0.279058 122.64
176.502 1.73033 41.1999 0.271314 122.638
176.602 1.68086 41.2021 0.26357 122.636
176.702 1.6314 41.2042 0.255825 122.634
176.802 1.58194 41.2062 0.248078 122.632
176.902 1.53247 41.2082 0.240331 122.63
177.002 1.48301 41.2101 0.232583 122.628
177.102 1.43355 41.212 0.224834 122.626
177.202 1.38408 41.2138 0.217084 122.624
177.302 1.33462 41.2155 0.209334 122.622
177.402 1.28515 41.2171 0.201582 122.621
177.502 1.23569 41.2187 0.19383 122.619
177.602 1.18623 41.2203 0.186077 122.618
177.702 1.13676 41.2218 0.178323 122.616
177.802 1.0873 41.2232 0.170569 122.615
177.902 1.03784 41.2245 0.162814 122.613
178.002 0.988375 41.2258 0.155058 122.612
178.102 0.938912 41.227 0.147302 122.611
178.202 0.889449 41.2282 0.139545 122.61
178.302 0.839986 41.2293 0.131788 122.609
178.402 0.790523 41.2303 0.12403 122.608
178.502 0.74106 41.2313 0.116272 122.607
178.602 0.691597 41.2322 0.108513 122.606
178.702 0.642134 41.2331 0.100754 122.605
178.802 0.592671 41.2338 0.0929947 122.604
178.902 0.543208 41.2346 0.0852348 122.603
179.002 0.493745 41.2352 0.0774746 122.603
179.102 0.444283 41.2358 0.0697142 122.602
179.202 0.39482 41.2363 0.0619534 122.602
179.302 0.345357 41.2368 0.0541924 122.601
179.402 0.295894 41.2372 0.0464312 122.601
179.502 0.246431 41.2376 0.0386699 122.6
179.602 0.196968 41.2378 0.0309084 122.6
179.702 0.147506 41.2381 0.0231467 122.6
179.802 0.0980427 41.2382 0.015385 122.6
179.902 0.0485799 41.2383 0.00762326 122.6
