! 67Ni energy loss (dE/dX) in He
! apply ZOOM for details
Energy (MeV/u)1	0 - [He-base] F.Hubert et al, AD&ND Tables 46(1990)1	Energy (MeV/u)2	1 - [H -base] J.F.Ziegler et al,Pergamon Press,NY(low energy)	Energy (MeV/u)3	2 - ATIMA 1.2 LS-theory (recommended for high energy)	Energy (MeV/u)4	3 - ATIMA 1.2 without LS-correction	Energy (MeV/u)5	4 - ATIMA 1.4 H.Weick, improved mean charge formula for HI	Energy (MeV/u)6	5 - electrical component of [1] - J.F.Ziegler et al	Energy (MeV/u)7	6 - nuclear component of [1] - J.F.Ziegler et al	
0.001000	0.000164638	0.001000	0.000164638	0.001000	0.000145935	0.001000	0.000145935	0.001000	0.000145944	0.001000	4.19008e-05	0.001000	0.000122737	
0.002000	0.000161468	0.002000	0.000161468	0.002000	0.000139935	0.002000	0.000139935	0.002000	0.000139942	0.002000	5.43387e-05	0.002000	0.00010713	
0.005000	0.000153932	0.005000	0.000153932	0.005000	0.00012918	0.005000	0.00012918	0.005000	0.000129184	0.005000	7.6619e-05	0.005000	7.73128e-05	
0.008000	0.000153066	0.008000	0.000153066	0.008000	0.000127287	0.008000	0.000127287	0.008000	0.00012729	0.008000	9.13864e-05	0.008000	6.16798e-05	
0.010000	0.000154109	0.010000	0.000154109	0.010000	0.000128097	0.010000	0.000128097	0.010000	0.000128099	0.010000	9.93625e-05	0.010000	5.47464e-05	
0.015000	0.000159001	0.015000	0.000159001	0.015000	0.000133157	0.015000	0.000133157	0.015000	0.000133159	0.015000	0.00011568	0.015000	4.33219e-05	
0.020000	0.000165109	0.020000	0.000165109	0.020000	0.000139985	0.020000	0.000139985	0.020000	0.000139986	0.020000	0.000128857	0.020000	3.62522e-05	
0.025000	0.000171485	0.025000	0.000171485	0.025000	0.000147357	0.025000	0.000147357	0.025000	0.000147358	0.025000	0.000140104	0.025000	3.13809e-05	
0.030000	0.000177808	0.030000	0.000177808	0.030000	0.000154836	0.030000	0.000154836	0.030000	0.000154837	0.030000	0.000150018	0.030000	2.77905e-05	
0.035000	0.000183964	0.035000	0.000183964	0.035000	0.000162243	0.035000	0.000162243	0.035000	0.000162244	0.035000	0.000158945	0.035000	2.50187e-05	
0.040000	0.000201396	0.040000	0.000201396	0.040000	0.000177372	0.040000	0.000177372	0.040000	0.000177373	0.040000	0.000178591	0.040000	2.28051e-05	
0.045000	0.000219427	0.045000	0.000219427	0.045000	0.000194136	0.045000	0.000194136	0.045000	0.000194136	0.045000	0.000198436	0.045000	2.09909e-05	
0.050000	0.000236202	0.050000	0.000236202	0.050000	0.000211012	0.050000	0.000211012	0.050000	0.000211013	0.050000	0.000216908	0.050000	1.9294e-05	
0.055000	0.00025235	0.055000	0.00025235	0.055000	0.000228248	0.055000	0.000228248	0.055000	0.000228249	0.055000	0.000234331	0.055000	1.80181e-05	
0.060000	0.000267889	0.060000	0.000267889	0.060000	0.000245544	0.060000	0.000245544	0.060000	0.000245545	0.060000	0.000250972	0.060000	1.69168e-05	
0.070000	0.000297679	0.070000	0.000297679	0.070000	0.000279995	0.070000	0.000279995	0.070000	0.000279995	0.070000	0.000282572	0.070000	1.51077e-05	
0.080000	0.00032614	0.080000	0.00032614	0.080000	0.000313842	0.080000	0.000313842	0.080000	0.000313843	0.080000	0.00031246	0.080000	1.36798e-05	
0.090000	0.000353365	0.090000	0.000353365	0.090000	0.000346713	0.090000	0.000346713	0.090000	0.000346714	0.090000	0.000340844	0.090000	1.25209e-05	
0.100000	0.000379312	0.100000	0.000379312	0.100000	0.000378337	0.100000	0.000378337	0.100000	0.000378338	0.100000	0.000367753	0.100000	1.15595e-05	
0.120000	0.000440917	0.120000	0.000440917	0.120000	0.000437168	0.120000	0.000437168	0.120000	0.000437169	0.120000	0.000430864	0.120000	1.00521e-05	
0.140000	0.000497517	0.140000	0.000497517	0.140000	0.000489555	0.140000	0.000489555	0.140000	0.000489555	0.140000	0.000488597	0.140000	8.91992e-06	
0.160000	0.000547185	0.160000	0.000547185	0.160000	0.000535404	0.160000	0.000535404	0.160000	0.000535404	0.160000	0.00053915	0.160000	8.0352e-06	
0.180000	0.000590612	0.180000	0.000590612	0.180000	0.000575041	0.180000	0.000575041	0.180000	0.000575041	0.180000	0.000583289	0.180000	7.32295e-06	
0.200000	0.000628594	0.200000	0.000628594	0.200000	0.000609021	0.200000	0.000609021	0.200000	0.000609022	0.200000	0.000621858	0.200000	6.736e-06 	
0.250000	0.000711946	0.250000	0.000711946	0.250000	0.00067355	0.250000	0.00067355	0.250000	0.00067355	0.250000	0.000706311	0.250000	5.63508e-06	
0.300000	0.000779539	0.300000	0.000779539	0.300000	0.000716675	0.300000	0.000716675	0.300000	0.000716675	0.300000	0.000774675	0.300000	4.86358e-06	
0.350000	0.000829963	0.350000	0.000829963	0.350000	0.000746037	0.350000	0.000746037	0.350000	0.000746037	0.350000	0.000825672	0.350000	4.29031e-06	
0.400000	0.000868082	0.400000	0.000868082	0.400000	0.000781237	0.400000	0.000781237	0.400000	0.000781237	0.400000	0.000864236	0.400000	3.84613e-06	
0.450000	0.000906018	0.450000	0.000906018	0.450000	0.000808633	0.450000	0.000808633	0.450000	0.000808633	0.450000	0.000902527	0.450000	3.491e-06 	
0.500000	0.000947697	0.500000	0.000947697	0.500000	0.000829626	0.500000	0.000829626	0.500000	0.000829627	0.500000	0.000944497	0.500000	3.20004e-06	
0.600000	0.00100851	0.600000	0.00100851	0.600000	0.000859183	0.600000	0.000859183	0.600000	0.000859184	0.600000	0.00100576	0.600000	2.75054e-06	
0.700000	0.00104808	0.700000	0.00104808	0.700000	0.000878376	0.700000	0.000878376	0.700000	0.000878377	0.700000	0.00104566	0.700000	2.41837e-06	
0.800000	0.00106944	0.800000	0.00106944	0.800000	0.000891097	0.800000	0.000891097	0.800000	0.000891098	0.800000	0.00106728	0.800000	2.16213e-06	
0.900000	0.0010761 	0.900000	0.0010761 	0.900000	0.000899353	0.900000	0.000899353	0.900000	0.000899353	0.900000	0.00107414	0.900000	1.958e-06 	
1.000000	0.00107734	1.000000	0.00107734	1.000000	0.000904319	1.000000	0.000904319	1.000000	0.00090432	1.000000	0.00107554	1.000000	1.79127e-06	
1.250000	0.00106608	1.250000	0.00106608	1.250000	0.000906851	1.250000	0.000906851	1.250000	0.000906852	1.250000	0.0010646 	1.250000	1.48227e-06	
1.500000	0.00102779	1.500000	0.00102779	1.500000	0.000900374	1.500000	0.000900374	1.500000	0.000900375	1.500000	0.00102652	1.500000	1.26876e-06	
1.750000	0.000988995	1.750000	0.000988995	1.750000	0.000888696	1.750000	0.000888696	1.750000	0.000888696	1.750000	0.000987883	1.750000	1.11182e-06	
2.000000	0.000953811	2.000000	0.000953811	2.000000	0.000874022	2.000000	0.000874022	2.000000	0.000874022	2.000000	0.00095282	2.000000	9.91261e-07	
2.250000	0.000920737	2.250000	0.000920737	2.250000	0.000856279	2.250000	0.000856279	2.250000	0.00085628	2.250000	0.000919842	2.250000	8.95564e-07	
2.500000	0.00100838	2.500000	0.000888745	2.500000	0.000835168	2.500000	0.000835168	2.500000	0.000835169	2.500000	0.000887928	2.500000	8.17636e-07	
3.000000	0.000949934	3.000000	0.00083386	3.000000	0.000795832	3.000000	0.000795832	3.000000	0.000795833	3.000000	0.000833162	3.000000	6.98132e-07	
3.500000	0.000896399	3.500000	0.000787652	3.500000	0.000759948	3.500000	0.000759948	3.500000	0.000759948	3.500000	0.000787042	3.500000	6.10551e-07	
4.000000	0.00084803	4.000000	0.000746792	4.000000	0.000727128	4.000000	0.000727128	4.000000	0.000727128	4.000000	0.000746248	4.000000	5.43443e-07	
4.500000	0.000804476	4.500000	0.000710489	4.500000	0.000697033	4.500000	0.000697033	4.500000	0.000697033	4.500000	0.000709999	4.500000	4.90282e-07	
5.000000	0.000765219	5.000000	0.000678075	5.000000	0.000669358	5.000000	0.000669358	5.000000	0.000669359	5.000000	0.000677627	5.000000	4.47068e-07	
5.500000	0.000729737	5.500000	0.00064862	5.500000	0.000643836	5.500000	0.000643836	5.500000	0.000643836	5.500000	0.000648209	5.500000	4.11207e-07	
6.000000	0.000697551	6.000000	0.000622026	6.000000	0.00062023	6.000000	0.00062023	6.000000	0.00062023	6.000000	0.000621645	6.000000	3.80941e-07	
6.500000	0.000668246	6.500000	0.000597803	6.500000	0.000598335	6.500000	0.000598335	6.500000	0.000598335	6.500000	0.000597448	6.500000	3.55036e-07	
7.000000	0.00064146	7.000000	0.000575617	7.000000	0.000577972	7.000000	0.000577972	7.000000	0.000577972	7.000000	0.000575284	7.000000	3.32597e-07	
7.500000	0.000616887	7.500000	0.000555148	7.500000	0.000558984	7.500000	0.000558984	7.500000	0.000558985	7.500000	0.000554835	7.500000	3.12962e-07	
8.000000	0.000594266	8.000000	0.000536161	8.000000	0.000541237	8.000000	0.000541237	8.000000	0.000541237	8.000000	0.000535865	8.000000	2.95628e-07	
8.500000	0.000573373	8.500000	0.000518487	8.500000	0.00052461	8.500000	0.00052461	8.500000	0.000524611	8.500000	0.000518207	8.500000	2.80206e-07	
9.000000	0.000554016	9.000000	0.000501985	9.000000	0.000509001	9.000000	0.000509001	9.000000	0.000509001	9.000000	0.000501718	9.000000	2.66391e-07	
9.500000	0.000536031	9.500000	0.000486533	9.500000	0.000494315	9.500000	0.000494315	9.500000	0.000494316	9.500000	0.000486279	9.500000	2.53941e-07	
10.000000	0.000519275	10.000000	0.000452387	10.000000	0.000480474	10.000000	0.000480474	10.000000	0.000480474	10.000000	0.000452144	10.000000	2.42659e-07	
11.000000	0.000488971	11.000000	0.000432777	11.000000	0.000452531	11.000000	0.000455661	11.000000	0.000456643	11.000000	0.000432554	11.000000	2.2299e-07	
12.000000	0.000462295	12.000000	0.000414678	12.000000	0.000427871	12.000000	0.000433475	12.000000	0.000435016	12.000000	0.000414471	12.000000	2.06408e-07	
13.000000	0.000438623	13.000000	0.000397975	13.000000	0.00040597	13.000000	0.000413532	13.000000	0.00041534	13.000000	0.000397783	13.000000	1.92229e-07	
14.000000	0.000417466	14.000000	0.000382546	14.000000	0.000386401	14.000000	0.000395516	14.000000	0.000397392	14.000000	0.000382366	14.000000	1.79959e-07	
15.000000	0.000398436	15.000000	0.00036827	15.000000	0.000368815	15.000000	0.000379171	15.000000	0.000380977	15.000000	0.0003681 	15.000000	1.69231e-07	
16.000000	0.000381223	16.000000	0.000355035	16.000000	0.000352944	16.000000	0.000364282	16.000000	0.000365927	16.000000	0.000354875	16.000000	1.59767e-07	
17.000000	0.000365573	17.000000	0.00034274	17.000000	0.000338562	17.000000	0.000350671	17.000000	0.000352096	17.000000	0.000342589	17.000000	1.51353e-07	
18.000000	0.000351279	18.000000	0.000331295	18.000000	0.000325471	18.000000	0.000338186	18.000000	0.00033934	18.000000	0.000331151	18.000000	1.43821e-07	
19.000000	0.000338169	19.000000	0.000320618	19.000000	0.000313515	19.000000	0.0003267 	19.000000	0.000327568	19.000000	0.000320481	19.000000	1.37036e-07	
20.000000	0.000326099	20.000000	0.000310638	20.000000	0.000302575	20.000000	0.000316104	20.000000	0.000316686	20.000000	0.000310507	20.000000	1.30892e-07	
21.000000	0.000314947	21.000000	0.000301289	21.000000	0.000292531	21.000000	0.000306306	21.000000	0.000306579	21.000000	0.000301164	21.000000	1.253e-07 	
22.000000	0.000304612	22.000000	0.000292517	22.000000	0.000283271	22.000000	0.000297223	22.000000	0.000297208	22.000000	0.000292397	22.000000	1.20188e-07	
23.000000	0.000295003	23.000000	0.000284269	23.000000	0.000274717	23.000000	0.000288787	23.000000	0.000288483	23.000000	0.000284154	23.000000	1.15496e-07	
24.000000	0.000286047	24.000000	0.000276501	24.000000	0.000266809	24.000000	0.000280936	24.000000	0.00028036	24.000000	0.00027639	24.000000	1.11173e-07	
25.000000	0.000277678	25.000000	0.000269174	25.000000	0.000259485	25.000000	0.000273617	25.000000	0.00027278	25.000000	0.000269066	25.000000	1.07176e-07	
27.000000	0.000262479	27.000000	0.000255698	27.000000	0.000246341	27.000000	0.00026039	27.000000	0.000259077	27.000000	0.000255598	27.000000	1.00024e-07	
29.000000	0.000249031	29.000000	0.000243597	29.000000	0.000234948	29.000000	0.00024879	29.000000	0.000247063	29.000000	0.000243503	29.000000	9.38056e-08	
31.000000	0.000237044	31.000000	0.000232672	31.000000	0.000224906	31.000000	0.000237802	31.000000	0.000235824	31.000000	0.000232583	31.000000	8.83472e-08	
33.000000	0.000226287	33.000000	0.000222759	33.000000	0.000215712	33.000000	0.0002272 	33.000000	0.000225145	33.000000	0.000222676	33.000000	8.35156e-08	
35.000000	0.000216577	35.000000	0.000213726	35.000000	0.000207304	35.000000	0.000217581	35.000000	0.000215504	35.000000	0.000213647	35.000000	7.92071e-08	
38.000000	0.00020366	38.000000	0.000201586	38.000000	0.000195981	38.000000	0.000204716	38.000000	0.000202674	38.000000	0.000201512	38.000000	7.3551e-08	
41.000000	0.000192378	41.000000	0.000190872	41.000000	0.000185949	41.000000	0.000193422	41.000000	0.000191466	41.000000	0.000190803	41.000000	6.86806e-08	
44.000000	0.000182436	44.000000	0.000181347	44.000000	0.000176985	44.000000	0.000183427	44.000000	0.000181587	44.000000	0.000181283	44.000000	6.44407e-08	
47.000000	0.000173603	47.000000	0.000172825	47.000000	0.000168943	47.000000	0.000174519	47.000000	0.000172814	47.000000	0.000172764	47.000000	6.07147e-08	
50.000000	0.000165702	50.000000	0.000165155	50.000000	0.000161695	50.000000	0.00016653	50.000000	0.000164969	50.000000	0.000165097	50.000000	5.74132e-08	
55.000000	0.000154228	55.000000	0.000153945	55.000000	0.00015105	55.000000	0.000154901	55.000000	0.000153578	55.000000	0.000153892	55.000000	5.2672e-08	
60.000000	0.000144457	60.000000	0.000144337	60.000000	0.000141912	60.000000	0.000144979	60.000000	0.000143883	60.000000	0.000144288	60.000000	4.86828e-08	
65.000000	0.00013603	65.000000	0.000136011	65.000000	0.00013396	65.000000	0.000136413	65.000000	0.000135526	65.000000	0.000135966	65.000000	4.52777e-08	
70.000000	0.000128684	70.000000	0.000128727	70.000000	0.000126983	70.000000	0.000128943	70.000000	0.000128245	70.000000	0.000128684	70.000000	4.23357e-08	
75.000000	0.000122219	75.000000	0.0001223 	75.000000	0.000120816	75.000000	0.000122371	75.000000	0.000121843	75.000000	0.00012226	75.000000	3.97671e-08	
80.000000	0.000116483	80.000000	0.000116588	80.000000	0.000115325	80.000000	0.000116545	80.000000	0.000116171	80.000000	0.00011655	80.000000	3.75043e-08	
85.000000	0.000111358	85.000000	0.000111478	85.000000	0.000110399	85.000000	0.000111345	85.000000	0.000111104	85.000000	0.000111442	85.000000	3.54949e-08	
90.000000	0.000106748	90.000000	0.00010688	90.000000	0.000105967	90.000000	0.000106675	90.000000	0.000106551	90.000000	0.000106846	90.000000	3.36982e-08	
95.000000	0.00010258	95.000000	0.00010272	95.000000	0.000101947	95.000000	0.000102457	95.000000	0.00010244	95.000000	0.000102688	95.000000	3.20817e-08	
100.000000	9.87898e-05	100.000000	9.89384e-05	100.000000	9.82953e-05	100.000000	9.86295e-05	100.000000	9.87077e-05	100.000000	9.89078e-05	100.000000	3.06191e-08	
105.000000	9.53286e-05	105.000000	9.54865e-05	105.000000	9.49415e-05	105.000000	9.51403e-05	105.000000	9.53008e-05	105.000000	9.54572e-05	105.000000	2.92893e-08	
110.000000	9.21542e-05	110.000000	9.23225e-05	110.000000	9.18763e-05	110.000000	9.19466e-05	110.000000	9.21845e-05	110.000000	9.22945e-05	110.000000	2.80746e-08	
115.000000	8.92316e-05	115.000000	8.94121e-05	115.000000	8.90547e-05	115.000000	8.90123e-05	115.000000	8.93145e-05	115.000000	8.93852e-05	115.000000	2.69606e-08	
120.000000	8.65315e-05	120.000000	8.67259e-05	120.000000	8.64412e-05	120.000000	8.63071e-05	120.000000	8.66707e-05	120.000000	8.67e-05  	120.000000	2.59351e-08	
125.000000	8.40287e-05	125.000000	8.4239e-05	125.000000	8.40187e-05	125.000000	8.38053e-05	125.000000	8.42208e-05	125.000000	8.4214e-05	125.000000	2.49878e-08	
130.000000	8.1702e-05	130.000000	8.193e-05 	130.000000	8.17708e-05	130.000000	8.14847e-05	130.000000	8.19497e-05	130.000000	8.19059e-05	130.000000	2.411e-08 	
135.000000	7.95329e-05	135.000000	7.97805e-05	135.000000	7.96794e-05	135.000000	7.93263e-05	135.000000	7.9833e-05	135.000000	7.97572e-05	135.000000	2.32942e-08	
140.000000	7.75058e-05	140.000000	7.77746e-05	140.000000	7.77235e-05	140.000000	7.73139e-05	140.000000	7.78615e-05	140.000000	7.7752e-05	140.000000	2.25339e-08	
145.000000	7.56066e-05	145.000000	7.58983e-05	145.000000	7.58909e-05	145.000000	7.5433e-05	145.000000	7.60136e-05	145.000000	7.58765e-05	145.000000	2.18237e-08	
150.000000	7.38235e-05	150.000000	7.41395e-05	150.000000	7.41743e-05	150.000000	7.36713e-05	150.000000	7.42845e-05	150.000000	7.41183e-05	150.000000	2.11586e-08	
155.000000	7.13036e-05	155.000000	7.24876e-05	155.000000	7.25632e-05	155.000000	7.20178e-05	155.000000	7.2659e-05	155.000000	7.2467e-05	155.000000	2.05344e-08	
160.000000	6.98306e-05	160.000000	7.0933e-05	160.000000	7.10452e-05	160.000000	7.04629e-05	160.000000	7.11297e-05	160.000000	7.0913e-05	160.000000	1.99475e-08	
165.000000	6.84407e-05	165.000000	6.94675e-05	165.000000	6.96106e-05	165.000000	6.8998e-05	165.000000	6.96896e-05	165.000000	6.94481e-05	165.000000	1.93944e-08	
170.000000	6.7127e-05	170.000000	6.80836e-05	170.000000	6.82559e-05	170.000000	6.76157e-05	170.000000	6.8327e-05	170.000000	6.80647e-05	170.000000	1.88725e-08	
175.000000	6.58833e-05	175.000000	6.67747e-05	175.000000	6.69755e-05	175.000000	6.63091e-05	175.000000	6.70401e-05	175.000000	6.67563e-05	175.000000	1.8379e-08	
180.000000	6.4704e-05	180.000000	6.5535e-05	180.000000	6.57627e-05	180.000000	6.50722e-05	180.000000	6.58213e-05	180.000000	6.5517e-05	180.000000	1.79116e-08	
185.000000	6.35843e-05	185.000000	6.4359e-05	185.000000	6.46128e-05	185.000000	6.38997e-05	185.000000	6.46638e-05	185.000000	6.43415e-05	185.000000	1.74684e-08	
190.000000	6.25197e-05	190.000000	6.3242e-05	190.000000	6.35211e-05	190.000000	6.27867e-05	190.000000	6.35657e-05	190.000000	6.32249e-05	190.000000	1.70474e-08	
195.000000	6.15062e-05	195.000000	6.21797e-05	195.000000	6.2481e-05	195.000000	6.17287e-05	195.000000	6.25215e-05	195.000000	6.21631e-05	195.000000	1.66471e-08	
200.000000	6.05402e-05	200.000000	6.11682e-05	200.000000	6.14886e-05	200.000000	6.0722e-05	200.000000	6.15259e-05	200.000000	6.11519e-05	200.000000	1.62658e-08	
210.000000	5.87377e-05	210.000000	5.92838e-05	210.000000	5.96406e-05	210.000000	5.88478e-05	210.000000	5.9674e-05	210.000000	5.92682e-05	210.000000	1.55554e-08	
220.000000	5.70894e-05	220.000000	5.7564e-05	220.000000	5.79552e-05	220.000000	5.71393e-05	220.000000	5.79818e-05	220.000000	5.75491e-05	220.000000	1.49066e-08	
230.000000	5.55761e-05	230.000000	5.59884e-05	230.000000	5.64124e-05	230.000000	5.55757e-05	230.000000	5.64333e-05	230.000000	5.59741e-05	230.000000	1.43118e-08	
240.000000	5.41819e-05	240.000000	5.45397e-05	240.000000	5.49902e-05	240.000000	5.41395e-05	240.000000	5.50087e-05	240.000000	5.4526e-05	240.000000	1.37644e-08	
250.000000	5.28932e-05	250.000000	5.32033e-05	250.000000	5.36772e-05	250.000000	5.28159e-05	250.000000	5.36956e-05	250.000000	5.319e-05 	250.000000	1.32589e-08	
260.000000	5.16985e-05	260.000000	5.19667e-05	260.000000	5.24636e-05	260.000000	5.15925e-05	260.000000	5.24802e-05	260.000000	5.1954e-05	260.000000	1.27906e-08	
270.000000	5.05878e-05	270.000000	5.08194e-05	270.000000	5.13381e-05	270.000000	5.04584e-05	270.000000	5.13535e-05	270.000000	5.0807e-05	270.000000	1.23554e-08	
280.000000	4.95525e-05	280.000000	4.9752e-05	280.000000	5.02918e-05	280.000000	4.94045e-05	280.000000	5.03047e-05	280.000000	4.97401e-05	280.000000	1.195e-08 	
290.000000	4.85854e-05	290.000000	4.87567e-05	290.000000	4.93165e-05	290.000000	4.84227e-05	290.000000	4.93285e-05	290.000000	4.87452e-05	290.000000	1.15713e-08	
300.000000	4.76798e-05	300.000000	4.78265e-05	300.000000	4.84065e-05	300.000000	4.75061e-05	300.000000	4.84147e-05	300.000000	4.78153e-05	300.000000	1.12168e-08	
310.000000	4.68302e-05	310.000000	4.69554e-05	310.000000	4.75532e-05	310.000000	4.66484e-05	310.000000	4.75603e-05	310.000000	4.69445e-05	310.000000	1.08841e-08	
320.000000	4.60316e-05	320.000000	4.61379e-05	320.000000	4.67503e-05	320.000000	4.58444e-05	320.000000	4.67586e-05	320.000000	4.61273e-05	320.000000	1.05714e-08	
330.000000	4.52795e-05	330.000000	4.53694e-05	330.000000	4.59985e-05	330.000000	4.50892e-05	330.000000	4.6005e-05	330.000000	4.53591e-05	330.000000	1.02768e-08	
340.000000	4.45701e-05	340.000000	4.46457e-05	340.000000	4.5292e-05	340.000000	4.43788e-05	340.000000	4.52966e-05	340.000000	4.46358e-05	340.000000	9.99874e-09	
350.000000	4.38999e-05	350.000000	4.39632e-05	350.000000	4.46234e-05	350.000000	4.37094e-05	350.000000	4.46275e-05	350.000000	4.39534e-05	350.000000	9.73591e-09	
360.000000	4.32657e-05	360.000000	4.33184e-05	360.000000	4.39917e-05	360.000000	4.30777e-05	360.000000	4.39963e-05	360.000000	4.33089e-05	360.000000	9.48706e-09	
370.000000	4.26649e-05	370.000000	4.27085e-05	370.000000	4.3395e-05	370.000000	4.24806e-05	370.000000	4.34001e-05	370.000000	4.26992e-05	370.000000	9.25109e-09	
380.000000	4.20948e-05	380.000000	4.21307e-05	380.000000	4.28302e-05	380.000000	4.19155e-05	380.000000	4.28344e-05	380.000000	4.21217e-05	380.000000	9.027e-09 	
390.000000	4.15533e-05	390.000000	4.15827e-05	390.000000	4.22949e-05	390.000000	4.13801e-05	390.000000	4.22987e-05	390.000000	4.15739e-05	390.000000	8.81392e-09	
400.000000	4.10384e-05	400.000000	4.10623e-05	400.000000	4.17869e-05	400.000000	4.08721e-05	400.000000	4.17908e-05	400.000000	4.10537e-05	400.000000	8.61103e-09	
410.000000	4.05481e-05	410.000000	4.05676e-05	410.000000	4.13042e-05	410.000000	4.03896e-05	410.000000	4.13073e-05	410.000000	4.05592e-05	410.000000	8.41762e-09	
420.000000	4.00809e-05	420.000000	4.00968e-05	420.000000	4.08451e-05	420.000000	3.99308e-05	420.000000	4.08476e-05	420.000000	4.00886e-05	420.000000	8.23303e-09	
430.000000	3.96351e-05	430.000000	3.96482e-05	430.000000	4.04082e-05	430.000000	3.94941e-05	430.000000	4.04104e-05	430.000000	3.96402e-05	430.000000	8.05667e-09	
440.000000	3.92094e-05	440.000000	3.92205e-05	440.000000	3.99922e-05	440.000000	3.9078e-05	440.000000	3.99933e-05	440.000000	3.92126e-05	440.000000	7.88798e-09	
450.000000	3.88025e-05	450.000000	3.88122e-05	450.000000	3.95949e-05	450.000000	3.86812e-05	450.000000	3.95951e-05	450.000000	3.88045e-05	450.000000	7.72647e-09	
460.000000	3.84133e-05	460.000000	3.84221e-05	460.000000	3.92143e-05	460.000000	3.83024e-05	460.000000	3.92152e-05	460.000000	3.84145e-05	460.000000	7.57168e-09	
470.000000	3.80407e-05	470.000000	3.80491e-05	470.000000	3.88499e-05	470.000000	3.79404e-05	470.000000	3.88525e-05	470.000000	3.80417e-05	470.000000	7.42321e-09	
480.000000	3.76837e-05	480.000000	3.76922e-05	480.000000	3.85024e-05	480.000000	3.75944e-05	480.000000	3.85049e-05	480.000000	3.76849e-05	480.000000	7.28066e-09	
490.000000	3.73414e-05	490.000000	3.73504e-05	490.000000	3.8171e-05	490.000000	3.72633e-05	490.000000	3.81723e-05	490.000000	3.73433e-05	490.000000	7.14369e-09	
500.000000	3.70129e-05	500.000000	3.70228e-05	500.000000	3.78534e-05	500.000000	3.69461e-05	500.000000	3.7854e-05	500.000000	3.70158e-05	500.000000	7.01196e-09	
520.000000	3.63946e-05	520.000000	3.64072e-05	520.000000	3.72542e-05	520.000000	3.63508e-05	520.000000	3.7256e-05	520.000000	3.64004e-05	520.000000	6.76308e-09	
540.000000	3.58231e-05	540.000000	3.58394e-05	540.000000	3.67037e-05	540.000000	3.58026e-05	540.000000	3.67048e-05	540.000000	3.58329e-05	540.000000	6.53188e-09	
560.000000	3.52937e-05	560.000000	3.53146e-05	560.000000	3.61965e-05	560.000000	3.52965e-05	560.000000	3.61961e-05	560.000000	3.53083e-05	560.000000	6.31652e-09	
580.000000	3.48023e-05	580.000000	3.48284e-05	580.000000	3.57247e-05	580.000000	3.48282e-05	580.000000	3.57247e-05	580.000000	3.48223e-05	580.000000	6.1154e-09	
600.000000	3.43453e-05	600.000000	3.43771e-05	600.000000	3.52869e-05	600.000000	3.43939e-05	600.000000	3.5288e-05	600.000000	3.43711e-05	600.000000	5.92714e-09	
620.000000	3.39195e-05	620.000000	3.39573e-05	620.000000	3.48803e-05	620.000000	3.39905e-05	620.000000	3.48814e-05	620.000000	3.39515e-05	620.000000	5.75054e-09	
640.000000	3.35221e-05	640.000000	3.35662e-05	640.000000	3.45018e-05	640.000000	3.3615e-05	640.000000	3.45031e-05	640.000000	3.35606e-05	640.000000	5.58452e-09	
660.000000	3.31507e-05	660.000000	3.32013e-05	660.000000	3.41487e-05	660.000000	3.32648e-05	660.000000	3.41503e-05	660.000000	3.31959e-05	660.000000	5.42816e-09	
680.000000	3.28032e-05	680.000000	3.28603e-05	680.000000	3.3819e-05	680.000000	3.29378e-05	680.000000	3.38205e-05	680.000000	3.2855e-05	680.000000	5.28062e-09	
700.000000	3.24775e-05	700.000000	3.25412e-05	700.000000	3.35105e-05	700.000000	3.2632e-05	700.000000	3.35122e-05	700.000000	3.2536e-05	700.000000	5.14117e-09	
720.000000	3.2172e-05	720.000000	3.22422e-05	720.000000	3.32215e-05	720.000000	3.23455e-05	720.000000	3.32231e-05	720.000000	3.22372e-05	720.000000	5.00916e-09	
740.000000	3.1885e-05	740.000000	3.19618e-05	740.000000	3.29504e-05	740.000000	3.20769e-05	740.000000	3.29519e-05	740.000000	3.19569e-05	740.000000	4.88399e-09	
760.000000	3.16154e-05	760.000000	3.16985e-05	760.000000	3.26958e-05	760.000000	3.18246e-05	760.000000	3.26974e-05	760.000000	3.16937e-05	760.000000	4.76515e-09	
780.000000	3.13616e-05	780.000000	3.1451e-05	780.000000	3.24564e-05	780.000000	3.15875e-05	780.000000	3.24578e-05	780.000000	3.14464e-05	780.000000	4.65215e-09	
800.000000	3.11228e-05	800.000000	3.12182e-05	800.000000	3.22311e-05	800.000000	3.13643e-05	800.000000	3.22323e-05	800.000000	3.12137e-05	800.000000	4.54458e-09	
820.000000	3.08977e-05	820.000000	3.0999e-05	820.000000	3.20188e-05	820.000000	3.11541e-05	820.000000	3.202e-05 	820.000000	3.09946e-05	820.000000	4.44204e-09	
840.000000	3.06855e-05	840.000000	3.07925e-05	840.000000	3.18187e-05	840.000000	3.09559e-05	840.000000	3.18197e-05	840.000000	3.07882e-05	840.000000	4.3442e-09	
860.000000	3.04853e-05	860.000000	3.05978e-05	860.000000	3.16297e-05	860.000000	3.07689e-05	860.000000	3.16304e-05	860.000000	3.05936e-05	860.000000	4.25072e-09	
880.000000	3.02964e-05	880.000000	3.04142e-05	880.000000	3.14512e-05	880.000000	3.05922e-05	880.000000	3.14517e-05	880.000000	3.041e-05 	880.000000	4.16132e-09	
900.000000	3.0118e-05	900.000000	3.02408e-05	900.000000	3.12824e-05	900.000000	3.04252e-05	900.000000	3.12829e-05	900.000000	3.02368e-05	900.000000	4.07573e-09	
920.000000	2.99496e-05	920.000000	3.00771e-05	920.000000	3.11226e-05	920.000000	3.02672e-05	920.000000	3.11228e-05	920.000000	3.00731e-05	920.000000	3.99372e-09	
940.000000	2.97904e-05	940.000000	2.99225e-05	940.000000	3.09714e-05	940.000000	3.01177e-05	940.000000	3.09713e-05	940.000000	2.99185e-05	940.000000	3.91506e-09	
960.000000	2.964e-05 	960.000000	2.97763e-05	960.000000	3.08282e-05	960.000000	2.9976e-05	960.000000	3.0828e-05	960.000000	2.97725e-05	960.000000	3.83955e-09	
980.000000	2.94979e-05	980.000000	2.96381e-05	980.000000	3.06926e-05	980.000000	2.98417e-05	980.000000	3.06921e-05	980.000000	2.96344e-05	980.000000	3.767e-09 	
1000.000000	2.93635e-05	1000.000000	2.95075e-05	1000.000000	3.05639e-05	1000.000000	2.97144e-05	1000.000000	3.05629e-05	1000.000000	2.95038e-05	1000.000000	3.69723e-09	
1020.000000	2.92365e-05	1020.000000	2.93839e-05	1020.000000	3.04415e-05	1020.000000	2.95935e-05	1020.000000	3.04403e-05	1020.000000	2.93803e-05	1020.000000	3.63009e-09	
1040.000000	2.91165e-05	1040.000000	2.9267e-05	1040.000000	3.0325e-05	1040.000000	2.94788e-05	1040.000000	3.03241e-05	1040.000000	2.92634e-05	1040.000000	3.56544e-09	
1060.000000	2.9003e-05	1060.000000	2.91564e-05	1060.000000	3.02139e-05	1060.000000	2.93699e-05	1060.000000	3.02138e-05	1060.000000	2.91529e-05	1060.000000	3.50312e-09	
1080.000000	2.88958e-05	1080.000000	2.90518e-05	1080.000000	3.01083e-05	1080.000000	2.92664e-05	1080.000000	3.01085e-05	1080.000000	2.90484e-05	1080.000000	3.44302e-09	
1100.000000	2.87945e-05	1100.000000	2.89529e-05	1100.000000	3.0008e-05	1100.000000	2.9168e-05	1100.000000	3.00086e-05	1100.000000	2.89495e-05	1100.000000	3.38503e-09	
1120.000000	2.86988e-05	1120.000000	2.88593e-05	1120.000000	2.99129e-05	1120.000000	2.90744e-05	1120.000000	2.99136e-05	1120.000000	2.8856e-05	1120.000000	3.32902e-09	
1140.000000	2.86085e-05	1140.000000	2.87708e-05	1140.000000	2.98227e-05	1140.000000	2.89854e-05	1140.000000	2.98233e-05	1140.000000	2.87675e-05	1140.000000	3.2749e-09	
1160.000000	2.85232e-05	1160.000000	2.86871e-05	1160.000000	2.9737e-05	1160.000000	2.89007e-05	1160.000000	2.97373e-05	1160.000000	2.86839e-05	1160.000000	3.22257e-09	
1180.000000	2.84429e-05	1180.000000	2.8608e-05	1180.000000	2.96554e-05	1180.000000	2.882e-05 	1180.000000	2.96552e-05	1180.000000	2.86048e-05	1180.000000	3.17195e-09	
1200.000000	2.83671e-05	1200.000000	2.85332e-05	1200.000000	2.95776e-05	1200.000000	2.87433e-05	1200.000000	2.95772e-05	1200.000000	2.85301e-05	1200.000000	3.12295e-09	
1220.000000	2.82957e-05	1220.000000	2.84626e-05	1220.000000	2.95032e-05	1220.000000	2.86702e-05	1220.000000	2.95029e-05	1220.000000	2.84595e-05	1220.000000	3.07549e-09	
1240.000000	2.82286e-05	1240.000000	2.8396e-05	1240.000000	2.94321e-05	1240.000000	2.86006e-05	1240.000000	2.94322e-05	1240.000000	2.83929e-05	1240.000000	3.0295e-09	
1260.000000	2.81655e-05	1260.000000	2.83331e-05	1260.000000	2.93644e-05	1260.000000	2.85342e-05	1260.000000	2.93646e-05	1260.000000	2.83301e-05	1260.000000	2.98492e-09	
1280.000000	2.81062e-05	1280.000000	2.82738e-05	1280.000000	2.92997e-05	1280.000000	2.8471e-05	1280.000000	2.93002e-05	1280.000000	2.82708e-05	1280.000000	2.94168e-09	
1300.000000	2.80506e-05	1300.000000	2.82179e-05	1300.000000	2.92382e-05	1300.000000	2.84108e-05	1300.000000	2.92389e-05	1300.000000	2.8215e-05	1300.000000	2.89971e-09	
1320.000000	2.79985e-05	1320.000000	2.81653e-05	1320.000000	2.91797e-05	1320.000000	2.83534e-05	1320.000000	2.91804e-05	1320.000000	2.81624e-05	1320.000000	2.85897e-09	
1340.000000	2.79498e-05	1340.000000	2.81158e-05	1340.000000	2.91241e-05	1340.000000	2.82987e-05	1340.000000	2.91248e-05	1340.000000	2.8113e-05	1340.000000	2.81939e-09	
1360.000000	2.79044e-05	1360.000000	2.80693e-05	1360.000000	2.90711e-05	1360.000000	2.82466e-05	1360.000000	2.90717e-05	1360.000000	2.80665e-05	1360.000000	2.78094e-09	
1380.000000	2.7862e-05	1380.000000	2.80257e-05	1380.000000	2.90207e-05	1380.000000	2.81969e-05	1380.000000	2.90209e-05	1380.000000	2.8023e-05	1380.000000	2.74355e-09	
1400.000000	2.78227e-05	1400.000000	2.79848e-05	1400.000000	2.89726e-05	1400.000000	2.81496e-05	1400.000000	2.89725e-05	1400.000000	2.79821e-05	1400.000000	2.70719e-09	
1420.000000	2.77862e-05	1420.000000	2.79466e-05	1420.000000	2.89267e-05	1420.000000	2.81044e-05	1420.000000	2.89265e-05	1420.000000	2.79439e-05	1420.000000	2.67182e-09	
1440.000000	2.77524e-05	1440.000000	2.79109e-05	1440.000000	2.88828e-05	1440.000000	2.80614e-05	1440.000000	2.88826e-05	1440.000000	2.79083e-05	1440.000000	2.63739e-09	
1460.000000	2.77214e-05	1460.000000	2.78776e-05	1460.000000	2.88409e-05	1460.000000	2.80204e-05	1460.000000	2.88408e-05	1460.000000	2.7875e-05	1460.000000	2.60387e-09	
1480.000000	2.76928e-05	1480.000000	2.78466e-05	1480.000000	2.88008e-05	1480.000000	2.79814e-05	1480.000000	2.88008e-05	1480.000000	2.78441e-05	1480.000000	2.57122e-09	
1500.000000	2.76668e-05	1500.000000	2.78179e-05	1500.000000	2.87625e-05	1500.000000	2.79442e-05	1500.000000	2.87627e-05	1500.000000	2.78154e-05	1500.000000	2.5394e-09	
1520.000000	2.76431e-05	1520.000000	2.77913e-05	1520.000000	2.87261e-05	1520.000000	2.79088e-05	1520.000000	2.87264e-05	1520.000000	2.77888e-05	1520.000000	2.5084e-09	
1540.000000	2.76217e-05	1540.000000	2.77668e-05	1540.000000	2.86913e-05	1540.000000	2.7875e-05	1540.000000	2.86919e-05	1540.000000	2.77643e-05	1540.000000	2.47816e-09	
1560.000000	2.76024e-05	1560.000000	2.77442e-05	1560.000000	2.86582e-05	1560.000000	2.78429e-05	1560.000000	2.8659e-05	1560.000000	2.77418e-05	1560.000000	2.44867e-09	
1580.000000	2.75854e-05	1580.000000	2.77236e-05	1580.000000	2.86268e-05	1580.000000	2.78123e-05	1580.000000	2.86277e-05	1580.000000	2.77212e-05	1580.000000	2.4199e-09	
1600.000000	2.75703e-05	1600.000000	2.77048e-05	1600.000000	2.85969e-05	1600.000000	2.77832e-05	1600.000000	2.85979e-05	1600.000000	2.77024e-05	1600.000000	2.39182e-09	
1620.000000	2.75573e-05	1620.000000	2.76878e-05	1620.000000	2.85685e-05	1620.000000	2.77556e-05	1620.000000	2.85694e-05	1620.000000	2.76854e-05	1620.000000	2.36441e-09	
1640.000000	2.75462e-05	1640.000000	2.76725e-05	1640.000000	2.85416e-05	1640.000000	2.77293e-05	1640.000000	2.85424e-05	1640.000000	2.76702e-05	1640.000000	2.33764e-09	
1660.000000	2.75369e-05	1660.000000	2.76588e-05	1660.000000	2.85161e-05	1660.000000	2.77043e-05	1660.000000	2.85167e-05	1660.000000	2.76565e-05	1660.000000	2.31149e-09	
1680.000000	2.75294e-05	1680.000000	2.76468e-05	1680.000000	2.84919e-05	1680.000000	2.76805e-05	1680.000000	2.84923e-05	1680.000000	2.76445e-05	1680.000000	2.28594e-09	
1700.000000	2.75237e-05	1700.000000	2.76362e-05	1700.000000	2.84689e-05	1700.000000	2.7658e-05	1700.000000	2.84691e-05	1700.000000	2.7634e-05	1700.000000	2.26097e-09	
1750.000000	2.75165e-05	1750.000000	2.76162e-05	1750.000000	2.84164e-05	1750.000000	2.76066e-05	1750.000000	2.84161e-05	1750.000000	2.7614e-05	1750.000000	2.20094e-09	
1800.000000	2.75191e-05	1800.000000	2.76047e-05	1800.000000	2.83703e-05	1800.000000	2.75618e-05	1800.000000	2.83697e-05	1800.000000	2.76026e-05	1800.000000	2.14412e-09	
1850.000000	2.75307e-05	1850.000000	2.7601e-05	1850.000000	2.833e-05 	1850.000000	2.75229e-05	1850.000000	2.83294e-05	1850.000000	2.75989e-05	1850.000000	2.09025e-09	
1900.000000	2.75507e-05	1900.000000	2.76045e-05	1900.000000	2.8295e-05	1900.000000	2.74893e-05	1900.000000	2.82945e-05	1900.000000	2.76025e-05	1900.000000	2.03912e-09	
1950.000000	2.75784e-05	1950.000000	2.76147e-05	1950.000000	2.82649e-05	1950.000000	2.74607e-05	1950.000000	2.82646e-05	1950.000000	2.76127e-05	1950.000000	1.99051e-09	
2000.000000	2.76133e-05	2000.000000	2.7631e-05	2000.000000	2.82392e-05	2000.000000	2.74365e-05	2000.000000	2.82392e-05	2000.000000	2.76291e-05	2000.000000	1.94424e-09	
2100.000000	2.77032e-05	2100.000000	2.76803e-05	2100.000000	2.82001e-05	2100.000000	2.74001e-05	2100.000000	2.82004e-05	2100.000000	2.76784e-05	2100.000000	1.85807e-09	
2200.000000	2.78168e-05	2200.000000	2.77493e-05	2200.000000	2.81749e-05	2200.000000	2.73772e-05	2200.000000	2.81756e-05	2200.000000	2.77475e-05	2200.000000	1.77945e-09	
2300.000000	2.79516e-05	2300.000000	2.78355e-05	2300.000000	2.81615e-05	2300.000000	2.73658e-05	2300.000000	2.81622e-05	2300.000000	2.78338e-05	2300.000000	1.70741e-09	
2400.000000	2.81051e-05	2400.000000	2.79367e-05	2400.000000	2.8158e-05	2400.000000	2.7364e-05	2400.000000	2.81587e-05	2400.000000	2.79351e-05	2400.000000	1.64116e-09	
2500.000000	2.82755e-05	2500.000000	2.80511e-05	2500.000000	2.81628e-05	2500.000000	2.73704e-05	2500.000000	2.81635e-05	2500.000000	2.80495e-05	2500.000000	1.58002e-09	
2600.000000	2.84611e-05	2600.000000	2.81772e-05	2600.000000	2.81747e-05	2600.000000	2.73838e-05	2600.000000	2.81754e-05	2600.000000	2.81756e-05	2600.000000	1.52341e-09	
2700.000000	2.86604e-05	2700.000000	2.83136e-05	2700.000000	2.81926e-05	2700.000000	2.7403e-05	2700.000000	2.81932e-05	2700.000000	2.83121e-05	2700.000000	1.47085e-09	
2800.000000	2.88722e-05	2800.000000	2.84592e-05	2800.000000	2.82157e-05	2800.000000	2.74273e-05	2800.000000	2.82163e-05	2800.000000	2.84578e-05	2800.000000	1.4219e-09	
2900.000000	2.90955e-05	2900.000000	2.86131e-05	2900.000000	2.82431e-05	2900.000000	2.74559e-05	2900.000000	2.82436e-05	2900.000000	2.86117e-05	2900.000000	1.37621e-09	
3000.000000	2.93293e-05	3000.000000	2.87744e-05	3000.000000	2.82743e-05	3000.000000	2.74881e-05	3000.000000	2.82748e-05	3000.000000	2.8773e-05	3000.000000	1.33345e-09	
3200.000000	2.98253e-05	3200.000000	2.91163e-05	3200.000000	2.83458e-05	3200.000000	2.75615e-05	3200.000000	2.83461e-05	3200.000000	2.91151e-05	3200.000000	1.25568e-09	
3400.000000	3.03549e-05	3400.000000	2.94802e-05	3400.000000	2.84267e-05	3400.000000	2.7644e-05	3400.000000	2.84269e-05	3400.000000	2.94791e-05	3400.000000	1.18673e-09	
3600.000000	3.09137e-05	3600.000000	2.98623e-05	3600.000000	2.85144e-05	3600.000000	2.77332e-05	3600.000000	2.85146e-05	3600.000000	2.98612e-05	3600.000000	1.12518e-09	
3800.000000	3.14985e-05	3800.000000	3.02596e-05	3800.000000	2.86069e-05	3800.000000	2.78272e-05	3800.000000	2.8607e-05	3800.000000	3.02585e-05	3800.000000	1.06989e-09	
4000.000000	3.21064e-05	4000.000000	3.06697e-05	4000.000000	2.87027e-05	4000.000000	2.79244e-05	4000.000000	2.87029e-05	4000.000000	3.06686e-05	4000.000000	1.01993e-09	
4200.000000	3.27353e-05	4200.000000	3.10906e-05	4200.000000	2.8801e-05	4200.000000	2.80239e-05	4200.000000	2.88012e-05	4200.000000	3.10896e-05	4200.000000	9.7457e-10	
4400.000000	3.33832e-05	4400.000000	3.15208e-05	4400.000000	2.89006e-05	4400.000000	2.81247e-05	4400.000000	2.89008e-05	4400.000000	3.15198e-05	4400.000000	9.33189e-10	
4600.000000	3.40488e-05	4600.000000	3.19589e-05	4600.000000	2.90011e-05	4600.000000	2.82262e-05	4600.000000	2.90012e-05	4600.000000	3.1958e-05	4600.000000	8.95282e-10	
4800.000000	3.47307e-05	4800.000000	3.2404e-05	4800.000000	2.91019e-05	4800.000000	2.83278e-05	4800.000000	2.91019e-05	4800.000000	3.24031e-05	4800.000000	8.60425e-10	
5000.000000	3.54278e-05	5000.000000	3.2855e-05	5000.000000	2.92025e-05	5000.000000	2.84293e-05	5000.000000	2.92024e-05	5000.000000	3.28542e-05	5000.000000	8.2826e-10	
5250.000000	3.63191e-05	5250.000000	3.34261e-05	5250.000000	2.93277e-05	5250.000000	2.85555e-05	5250.000000	2.93274e-05	5250.000000	3.34253e-05	5250.000000	7.91384e-10	
5500.000000	3.72314e-05	5500.000000	3.4004e-05	5500.000000	2.94518e-05	5500.000000	2.86804e-05	5500.000000	2.94512e-05	5500.000000	3.40033e-05	5500.000000	7.57745e-10	
6000.000000	3.91135e-05	6000.000000	3.51767e-05	6000.000000	2.9695e-05	6000.000000	2.89254e-05	6000.000000	2.96941e-05	6000.000000	3.5176e-05	6000.000000	6.98601e-10	
6500.000000	4.10663e-05	6500.000000	3.63668e-05	6500.000000	2.99285e-05	6500.000000	2.91628e-05	6500.000000	2.99296e-05	6500.000000	3.63661e-05	6500.000000	6.4826e-10	
7000.000000	4.30841e-05	7000.000000	3.75698e-05	7000.000000	3.01564e-05	7000.000000	2.9392e-05	7000.000000	3.01568e-05	7000.000000	3.75691e-05	7000.000000	6.04877e-10	
7500.000000	4.51627e-05	7500.000000	3.87824e-05	7500.000000	3.0376e-05	7500.000000	2.96128e-05	7500.000000	3.03757e-05	7500.000000	3.87818e-05	7500.000000	5.6709e-10	
8000.000000	4.72989e-05	8000.000000	4.00023e-05	8000.000000	3.05862e-05	8000.000000	2.98252e-05	8000.000000	3.05863e-05	8000.000000	4.00018e-05	8000.000000	5.33873e-10	
8500.000000	4.94903e-05	8500.000000	4.12278e-05	8500.000000	3.07884e-05	8500.000000	3.00296e-05	8500.000000	3.07887e-05	8500.000000	4.12273e-05	8500.000000	5.04437e-10	
9000.000000	5.1735e-05	9000.000000	4.24573e-05	9000.000000	3.09834e-05	9000.000000	3.02263e-05	9000.000000	3.09834e-05	9000.000000	4.24569e-05	9000.000000	4.78165e-10	
9500.000000	5.40315e-05	9500.000000	4.369e-05 	9500.000000	3.1171e-05	9500.000000	3.04156e-05	9500.000000	3.11708e-05	9500.000000	4.36895e-05	9500.000000	4.54568e-10	
10000.000000	5.63785e-05	10000.000000	4.49249e-05	10000.000000	3.13512e-05	10000.000000	3.05979e-05	10000.000000	3.13511e-05	10000.000000	4.49245e-05	10000.000000	4.33255e-10	
11000.000000	6.12207e-05	11000.000000	4.7399e-05	11000.000000	3.16916e-05	11000.000000	3.09434e-05	11000.000000	3.16924e-05	11000.000000	4.73986e-05	11000.000000	3.96259e-10	
12000.000000	6.62557e-05	12000.000000	4.98759e-05	12000.000000	3.20084e-05	12000.000000	3.12655e-05	12000.000000	3.20101e-05	12000.000000	4.98756e-05	12000.000000	3.65238e-10	
13000.000000	7.14797e-05	13000.000000	5.23532e-05	13000.000000	3.23053e-05	13000.000000	3.15669e-05	13000.000000	3.23069e-05	13000.000000	5.23529e-05	13000.000000	3.38842e-10	
14000.000000	7.689e-05 	14000.000000	5.48293e-05	14000.000000	3.25849e-05	14000.000000	3.18499e-05	14000.000000	3.2585e-05	14000.000000	5.4829e-05	14000.000000	3.16099e-10	
15000.000000	8.24847e-05	15000.000000	5.73031e-05	15000.000000	3.28484e-05	15000.000000	3.21164e-05	15000.000000	3.28464e-05	15000.000000	5.73028e-05	15000.000000	2.96295e-10	
16000.000000	8.82628e-05	16000.000000	5.97738e-05	16000.000000	3.30961e-05	16000.000000	3.23682e-05	16000.000000	3.30928e-05	16000.000000	5.97735e-05	16000.000000	2.7889e-10	
17000.000000	9.42234e-05	17000.000000	6.22411e-05	17000.000000	3.33293e-05	17000.000000	3.26067e-05	17000.000000	3.33257e-05	17000.000000	6.22408e-05	17000.000000	2.63468e-10	
18000.000000	0.000100366	18000.000000	6.47046e-05	18000.000000	3.35494e-05	18000.000000	3.28332e-05	18000.000000	3.35463e-05	18000.000000	6.47044e-05	18000.000000	2.49707e-10	
19000.000000	0.000106691	19000.000000	6.71642e-05	19000.000000	3.37578e-05	19000.000000	3.30488e-05	19000.000000	3.37557e-05	19000.000000	6.7164e-05	19000.000000	2.3735e-10	
20000.000000	0.000113197	20000.000000	6.96197e-05	20000.000000	3.39558e-05	20000.000000	3.32544e-05	20000.000000	3.39549e-05	20000.000000	6.96195e-05	20000.000000	2.2619e-10	
21000.000000	0.000119886	21000.000000	7.20711e-05	21000.000000	3.41448e-05	21000.000000	3.3451e-05	21000.000000	3.41449e-05	21000.000000	7.20708e-05	21000.000000	2.1606e-10	
22000.000000	0.000126757	22000.000000	7.45183e-05	22000.000000	3.43262e-05	22000.000000	3.36392e-05	22000.000000	3.43262e-05	22000.000000	7.45181e-05	22000.000000	2.06823e-10	
23000.000000	0.00013381	23000.000000	7.69615e-05	23000.000000	3.45006e-05	23000.000000	3.38197e-05	23000.000000	3.44997e-05	23000.000000	7.69613e-05	23000.000000	1.98364e-10	
24000.000000	0.000141047	24000.000000	7.94005e-05	24000.000000	3.46671e-05	24000.000000	3.39932e-05	24000.000000	3.46657e-05	24000.000000	7.94003e-05	24000.000000	1.90588e-10	
25000.000000	0.000148468	25000.000000	8.18356e-05	25000.000000	3.48254e-05	25000.000000	3.41601e-05	25000.000000	3.48251e-05	25000.000000	8.18354e-05	25000.000000	1.83415e-10	
26000.000000	0.000156072	26000.000000	8.42667e-05	26000.000000	3.49778e-05	26000.000000	3.43209e-05	26000.000000	3.4978e-05	26000.000000	8.42666e-05	26000.000000	1.76777e-10	
27000.000000	0.000163862	27000.000000	8.6694e-05	27000.000000	3.51255e-05	27000.000000	3.44761e-05	27000.000000	3.51252e-05	27000.000000	8.66938e-05	27000.000000	1.70615e-10	
28000.000000	0.000171837	28000.000000	8.91174e-05	28000.000000	3.52678e-05	28000.000000	3.4626e-05	28000.000000	3.52667e-05	28000.000000	8.91173e-05	28000.000000	1.6488e-10	
29000.000000	0.000179999	29000.000000	9.15372e-05	29000.000000	3.54044e-05	29000.000000	3.47709e-05	29000.000000	3.54032e-05	29000.000000	9.1537e-05	29000.000000	1.59528e-10	
30000.000000	0.000188347	30000.000000	9.39533e-05	30000.000000	3.55357e-05	30000.000000	3.49112e-05	30000.000000	3.55347e-05	30000.000000	9.39531e-05	30000.000000	1.54523e-10	
32000.000000	0.000205609	32000.000000	9.87748e-05	32000.000000	3.57848e-05	32000.000000	3.51789e-05	32000.000000	3.57845e-05	32000.000000	9.87747e-05	32000.000000	1.45421e-10	
34000.000000	0.000223628	34000.000000	0.000103583	34000.000000	3.60185e-05	34000.000000	3.54313e-05	34000.000000	3.60179e-05	34000.000000	0.000103583	34000.000000	1.37359e-10	
36000.000000	0.000242411	36000.000000	0.000108378	36000.000000	3.62376e-05	36000.000000	3.56699e-05	36000.000000	3.62368e-05	36000.000000	0.000108378	36000.000000	1.30166e-10	
38000.000000	0.000261966	38000.000000	0.00011316	38000.000000	3.64434e-05	38000.000000	3.58961e-05	38000.000000	3.64427e-05	38000.000000	0.00011316	38000.000000	1.23708e-10	
40000.000000	0.000282299	40000.000000	0.000117931	40000.000000	3.66372e-05	40000.000000	3.61112e-05	40000.000000	3.66367e-05	40000.000000	0.000117931	40000.000000	1.17876e-10	
42000.000000	0.000303419	42000.000000	0.00012269	42000.000000	3.68201e-05	42000.000000	3.63161e-05	42000.000000	3.68198e-05	42000.000000	0.00012269	42000.000000	1.12584e-10	
44000.000000	0.000325332	44000.000000	0.000127439	44000.000000	3.69933e-05	44000.000000	3.65119e-05	44000.000000	3.69934e-05	44000.000000	0.000127439	44000.000000	1.07758e-10	
46000.000000	0.000348046	46000.000000	0.000132177	46000.000000	3.71582e-05	46000.000000	3.66992e-05	46000.000000	3.71575e-05	46000.000000	0.000132177	46000.000000	1.03339e-10	
48000.000000	0.00037157	48000.000000	0.000136905	48000.000000	3.73152e-05	48000.000000	3.68788e-05	48000.000000	3.73138e-05	48000.000000	0.000136905	48000.000000	9.92783e-11	
50000.000000	0.00039591	50000.000000	0.000141623	50000.000000	3.74642e-05	50000.000000	3.70513e-05	50000.000000	3.7462e-05	50000.000000	0.000141623	50000.000000	9.55324e-11	
