! 70Cu energy loss (dE/dX) in He
! apply ZOOM for details
Energy (MeV/u)1	0 - [He-base] F.Hubert et al, AD&ND Tables 46(1990)1	Energy (MeV/u)2	1 - [H -base] J.F.Ziegler et al,Pergamon Press,NY(low energy)	Energy (MeV/u)3	2 - ATIMA 1.2 LS-theory (recommended for high energy)	Energy (MeV/u)4	3 - ATIMA 1.2 without LS-correction	Energy (MeV/u)5	4 - ATIMA 1.4 H.Weick, improved mean charge formula for HI	Energy (MeV/u)6	5 - electrical component of [1] - J.F.Ziegler et al	Energy (MeV/u)7	6 - nuclear component of [1] - J.F.Ziegler et al	
0.001000	0.000171087	0.001000	0.000171087	0.001000	0.000150919	0.001000	0.000150919	0.001000	0.000150928	0.001000	4.37274e-05	0.001000	0.000127359	
0.002000	0.000168458	0.002000	0.000168458	0.002000	0.000145068	0.002000	0.000145068	0.002000	0.000145074	0.002000	5.67075e-05	0.002000	0.00011175	
0.005000	0.000161146	0.005000	0.000161146	0.005000	0.000133864	0.005000	0.000133864	0.005000	0.000133868	0.005000	7.99591e-05	0.005000	8.11865e-05	
0.008000	0.00016033	0.008000	0.00016033	0.008000	0.000131591	0.008000	0.000131591	0.008000	0.000131594	0.008000	9.53702e-05	0.008000	6.49595e-05	
0.010000	0.000161423	0.010000	0.000161423	0.010000	0.000132224	0.010000	0.000132224	0.010000	0.000132227	0.010000	0.000103694	0.010000	5.77286e-05	
0.015000	0.000166496	0.015000	0.000166496	0.015000	0.000137011	0.015000	0.000137011	0.015000	0.000137013	0.015000	0.000120723	0.015000	4.57732e-05	
0.020000	0.000172826	0.020000	0.000172826	0.020000	0.000143703	0.020000	0.000143703	0.020000	0.000143704	0.020000	0.000134475	0.020000	3.8351e-05	
0.025000	0.000179438	0.025000	0.000179438	0.025000	0.000151013	0.025000	0.000151013	0.025000	0.000151014	0.025000	0.000146212	0.025000	3.32264e-05	
0.030000	0.000186002	0.030000	0.000186002	0.030000	0.000158473	0.030000	0.000158473	0.030000	0.000158474	0.030000	0.000156558	0.030000	2.9444e-05	
0.035000	0.000192395	0.035000	0.000192395	0.035000	0.000165888	0.035000	0.000165888	0.035000	0.000165889	0.035000	0.000165874	0.035000	2.65208e-05	
0.040000	0.0002055 	0.040000	0.0002055 	0.040000	0.00017805	0.040000	0.00017805	0.040000	0.000178051	0.040000	0.000181316	0.040000	2.41844e-05	
0.045000	0.000223974	0.045000	0.000223974	0.045000	0.000195026	0.045000	0.000195026	0.045000	0.000195027	0.045000	0.000201705	0.045000	2.22683e-05	
0.050000	0.00024118	0.050000	0.00024118	0.050000	0.000212147	0.050000	0.000212147	0.050000	0.000212148	0.050000	0.000220707	0.050000	2.04724e-05	
0.055000	0.000257769	0.055000	0.000257769	0.055000	0.000229677	0.055000	0.000229677	0.055000	0.000229678	0.055000	0.000238645	0.055000	1.91242e-05	
0.060000	0.000273745	0.060000	0.000273745	0.060000	0.000247296	0.060000	0.000247296	0.060000	0.000247297	0.060000	0.000255785	0.060000	1.79597e-05	
0.070000	0.000304392	0.070000	0.000304392	0.070000	0.00028246	0.070000	0.00028246	0.070000	0.00028246	0.070000	0.000288346	0.070000	1.60458e-05	
0.080000	0.000333681	0.080000	0.000333681	0.080000	0.000317084	0.080000	0.000317084	0.080000	0.000317085	0.080000	0.000319146	0.080000	1.45341e-05	
0.090000	0.000361702	0.090000	0.000361702	0.090000	0.000350772	0.090000	0.000350772	0.090000	0.000350772	0.090000	0.000348395	0.090000	1.33066e-05	
0.100000	0.000388408	0.100000	0.000388408	0.100000	0.000383234	0.100000	0.000383234	0.100000	0.000383235	0.100000	0.00037612	0.100000	1.22878e-05	
0.120000	0.00044762	0.120000	0.00044762	0.120000	0.000443752	0.120000	0.000443752	0.120000	0.000443753	0.120000	0.000436931	0.120000	1.06895e-05	
0.140000	0.000505934	0.140000	0.000505934	0.140000	0.000497781	0.140000	0.000497781	0.140000	0.000497781	0.140000	0.000496445	0.140000	9.48831e-06	
0.160000	0.000557229	0.160000	0.000557229	0.160000	0.000545181	0.160000	0.000545181	0.160000	0.000545182	0.160000	0.000548679	0.160000	8.54929e-06	
0.180000	0.000602176	0.180000	0.000602176	0.180000	0.000586256	0.180000	0.000586256	0.180000	0.000586257	0.180000	0.000594383	0.180000	7.79304e-06	
0.200000	0.000641568	0.200000	0.000641568	0.200000	0.000621554	0.200000	0.000621554	0.200000	0.000621555	0.200000	0.000634398	0.200000	7.16966e-06	
0.250000	0.000724842	0.250000	0.000724842	0.250000	0.00068887	0.250000	0.00068887	0.250000	0.00068887	0.250000	0.000718843	0.250000	5.99991e-06	
0.300000	0.000795629	0.300000	0.000795629	0.300000	0.000734171	0.300000	0.000734171	0.300000	0.000734172	0.300000	0.000790449	0.300000	5.1798e-06	
0.350000	0.000848763	0.350000	0.000848763	0.350000	0.000765257	0.350000	0.000765257	0.350000	0.000765258	0.350000	0.000844193	0.350000	4.57018e-06	
0.400000	0.000889188	0.400000	0.000889188	0.400000	0.000796652	0.400000	0.000796652	0.400000	0.000796653	0.400000	0.00088509	0.400000	4.09772e-06	
0.450000	0.000920266	0.450000	0.000920266	0.450000	0.000826115	0.450000	0.000826115	0.450000	0.000826115	0.450000	0.000916546	0.450000	3.71988e-06	
0.500000	0.000949519	0.500000	0.000949519	0.500000	0.000848902	0.500000	0.000848902	0.500000	0.000848902	0.500000	0.000946109	0.500000	3.41026e-06	
0.600000	0.000990347	0.600000	0.000990347	0.600000	0.000881425	0.600000	0.000881425	0.600000	0.000881426	0.600000	0.000987415	0.600000	2.93182e-06	
0.700000	0.00101507	0.700000	0.00101507	0.700000	0.000902981	0.700000	0.000902981	0.700000	0.000902981	0.700000	0.00101249	0.700000	2.57817e-06	
0.800000	0.00102954	0.800000	0.00102954	0.800000	0.000917631	0.800000	0.000917631	0.800000	0.000917632	0.800000	0.00102723	0.800000	2.3053e-06	
0.900000	0.00104577	0.900000	0.00104577	0.900000	0.000927489	0.900000	0.000927489	0.900000	0.00092749	0.900000	0.00104369	0.900000	2.08789e-06	
1.000000	0.00105521	1.000000	0.00105521	1.000000	0.000933799	1.000000	0.000933799	1.000000	0.0009338 	1.000000	0.0010533 	1.000000	1.91029e-06	
1.250000	0.00105984	1.250000	0.00105984	1.250000	0.000938858	1.250000	0.000938858	1.250000	0.000938858	1.250000	0.00105826	1.250000	1.58107e-06	
1.500000	0.00104209	1.500000	0.00104209	1.500000	0.000934068	1.500000	0.000934068	1.500000	0.000934069	1.500000	0.00104074	1.500000	1.35353e-06	
1.750000	0.0010149 	1.750000	0.0010149 	1.750000	0.000923516	1.750000	0.000923516	1.750000	0.000923516	1.750000	0.00101371	1.750000	1.18624e-06	
2.000000	0.000987081	2.000000	0.000987081	2.000000	0.000909577	2.000000	0.000909577	2.000000	0.000909578	2.000000	0.000986023	2.000000	1.05772e-06	
2.250000	0.000959621	2.250000	0.000959621	2.250000	0.000893702	2.250000	0.000893702	2.250000	0.000893702	2.250000	0.000958666	2.250000	9.5569e-07	
2.500000	0.00106138	2.500000	0.000928742	2.500000	0.00087301	2.500000	0.00087301	2.500000	0.000873011	2.500000	0.000927869	2.500000	8.72595e-07	
3.000000	0.00100106	3.000000	0.000873367	3.000000	0.000832986	3.000000	0.000832986	3.000000	0.000832986	3.000000	0.000872621	3.000000	7.4515e-07	
3.500000	0.000945612	3.500000	0.00082716	3.500000	0.00079636	3.500000	0.00079636	3.500000	0.00079636	3.500000	0.000826508	3.500000	6.51736e-07	
4.000000	0.00089538	4.000000	0.000785539	4.000000	0.000762774	4.000000	0.000762774	4.000000	0.000762774	4.000000	0.000784958	4.000000	5.80149e-07	
4.500000	0.000850057	4.500000	0.000746981	4.500000	0.000731906	4.500000	0.000731906	4.500000	0.000731907	4.500000	0.000746457	4.500000	5.23435e-07	
5.000000	0.000809138	5.000000	0.000712964	5.000000	0.000703466	5.000000	0.000703466	5.000000	0.000703467	5.000000	0.000712487	5.000000	4.77328e-07	
5.500000	0.000772103	5.500000	0.000682435	5.500000	0.000677191	5.500000	0.000677191	5.500000	0.000677192	5.500000	0.000681996	5.500000	4.39064e-07	
6.000000	0.000738469	6.000000	0.000654826	6.000000	0.000652851	6.000000	0.000652851	6.000000	0.000652852	6.000000	0.00065442	6.000000	4.06768e-07	
6.500000	0.000707812	6.500000	0.00062968	6.500000	0.000630243	6.500000	0.000630243	6.500000	0.000630243	6.500000	0.000629301	6.500000	3.79122e-07	
7.000000	0.000679764	7.000000	0.000606615	7.000000	0.000609188	7.000000	0.000609188	7.000000	0.000609189	7.000000	0.00060626	7.000000	3.55176e-07	
7.500000	0.000654013	7.500000	0.000585376	7.500000	0.000589533	7.500000	0.000589533	7.500000	0.000589533	7.500000	0.000585042	7.500000	3.3422e-07	
8.000000	0.000630288	8.000000	0.000565664	8.000000	0.00057114	8.000000	0.00057114	8.000000	0.000571141	8.000000	0.000565348	8.000000	3.15719e-07	
8.500000	0.00060836	8.500000	0.000547303	8.500000	0.000553891	8.500000	0.000553891	8.500000	0.000553892	8.500000	0.000547003	8.500000	2.99258e-07	
9.000000	0.000588031	9.000000	0.000530146	9.000000	0.000537681	9.000000	0.000537681	9.000000	0.000537681	9.000000	0.000529861	9.000000	2.84513e-07	
9.500000	0.000569131	9.500000	0.000514071	9.500000	0.000522417	9.500000	0.000522417	9.500000	0.000522417	9.500000	0.0005138 	9.500000	2.71223e-07	
10.000000	0.000551512	10.000000	0.000478217	10.000000	0.000508017	10.000000	0.000508017	10.000000	0.000508018	10.000000	0.000477958	10.000000	2.5918e-07	
11.000000	0.000519625	11.000000	0.00045789	11.000000	0.000478769	11.000000	0.0004822 	11.000000	0.00048336	11.000000	0.000457651	11.000000	2.38182e-07	
12.000000	0.000491529	12.000000	0.000439087	12.000000	0.000452936	12.000000	0.000459083	12.000000	0.000460925	12.000000	0.000438867	12.000000	2.2048e-07	
13.000000	0.000466575	13.000000	0.000421702	13.000000	0.000429966	13.000000	0.000438278	13.000000	0.000440468	13.000000	0.000421497	13.000000	2.05342e-07	
14.000000	0.000444256	14.000000	0.000405616	14.000000	0.000409419	14.000000	0.000419463	14.000000	0.000421771	14.000000	0.000405424	14.000000	1.92242e-07	
15.000000	0.000424167	15.000000	0.000390711	15.000000	0.000390947	15.000000	0.000402375	15.000000	0.00040464	15.000000	0.00039053	15.000000	1.80787e-07	
16.000000	0.000405984	16.000000	0.000376875	16.000000	0.000374268	16.000000	0.000386796	16.000000	0.000388909	16.000000	0.000376704	16.000000	1.70682e-07	
17.000000	0.000389443	17.000000	0.000364007	17.000000	0.000359143	17.000000	0.00037254	17.000000	0.000374432	17.000000	0.000363846	17.000000	1.61697e-07	
18.000000	0.000374328	18.000000	0.000352016	18.000000	0.00034537	18.000000	0.000359455	18.000000	0.000361063	18.000000	0.000351862	18.000000	1.53654e-07	
19.000000	0.000360457	19.000000	0.000340819	19.000000	0.000332784	19.000000	0.000347407	19.000000	0.00034871	19.000000	0.000340672	19.000000	1.46409e-07	
20.000000	0.000347681	20.000000	0.000330342	20.000000	0.00032125	20.000000	0.000336287	20.000000	0.000337279	20.000000	0.000330202	20.000000	1.39848e-07	
21.000000	0.000335871	21.000000	0.000320522	21.000000	0.000310654	21.000000	0.000325996	21.000000	0.000326651	21.000000	0.000320388	21.000000	1.33876e-07	
22.000000	0.000324922	22.000000	0.000311298	22.000000	0.0003009 	22.000000	0.000316451	22.000000	0.000316789	22.000000	0.00031117	22.000000	1.28416e-07	
23.000000	0.000314739	23.000000	0.000302621	23.000000	0.000291897	23.000000	0.000307581	23.000000	0.000307598	23.000000	0.000302498	23.000000	1.23405e-07	
24.000000	0.000305244	24.000000	0.000294443	24.000000	0.000283566	24.000000	0.000299321	24.000000	0.000299035	24.000000	0.000294324	24.000000	1.18788e-07	
25.000000	0.000296368	25.000000	0.000286724	25.000000	0.000275839	25.000000	0.000291617	25.000000	0.000291038	25.000000	0.000286609	25.000000	1.1452e-07	
27.000000	0.000280241	27.000000	0.000272515	27.000000	0.000261972	27.000000	0.000277686	27.000000	0.000276566	27.000000	0.000272408	27.000000	1.06881e-07	
29.000000	0.000265964	29.000000	0.000259743	29.000000	0.000249928	29.000000	0.000265457	29.000000	0.000263863	29.000000	0.000259642	29.000000	1.00239e-07	
31.000000	0.00025323	31.000000	0.0002482 	31.000000	0.000239335	31.000000	0.000253846	31.000000	0.000251881	31.000000	0.000248106	31.000000	9.44086e-08	
33.000000	0.000241798	33.000000	0.000237719	33.000000	0.000229698	33.000000	0.00024262	33.000000	0.000240445	33.000000	0.000237629	33.000000	8.92476e-08	
35.000000	0.000231475	35.000000	0.000228159	35.000000	0.000220856	35.000000	0.000232426	35.000000	0.000230146	35.000000	0.000228075	35.000000	8.46453e-08	
38.000000	0.000217734	38.000000	0.0002153 	38.000000	0.000208897	38.000000	0.000218781	38.000000	0.000216469	38.000000	0.000215221	38.000000	7.86033e-08	
41.000000	0.000205727	41.000000	0.000203941	41.000000	0.000198303	41.000000	0.00020679	41.000000	0.00020454	41.000000	0.000203867	41.000000	7.34004e-08	
44.000000	0.00019514	44.000000	0.000193834	44.000000	0.000188858	44.000000	0.000196169	44.000000	0.000194033	44.000000	0.000193765	44.000000	6.88708e-08	
47.000000	0.000185731	47.000000	0.000184784	47.000000	0.000180367	47.000000	0.000186696	47.000000	0.000184703	47.000000	0.000184719	47.000000	6.48902e-08	
50.000000	0.00017731	50.000000	0.000176633	50.000000	0.000172677	50.000000	0.000178195	50.000000	0.00017636	50.000000	0.000176572	50.000000	6.13631e-08	
55.000000	0.000165077	55.000000	0.000164711	55.000000	0.000161415	55.000000	0.000165812	55.000000	0.000164239	55.000000	0.000164655	55.000000	5.62975e-08	
60.000000	0.000154654	60.000000	0.000154483	60.000000	0.000151702	60.000000	0.000155236	60.000000	0.000153913	60.000000	0.000154431	60.000000	5.20353e-08	
65.000000	0.000145661	65.000000	0.000145614	65.000000	0.000143265	65.000000	0.0001461 	65.000000	0.000145004	65.000000	0.000145565	65.000000	4.8397e-08	
70.000000	0.000137817	70.000000	0.000137848	70.000000	0.000135853	70.000000	0.000138127	70.000000	0.000137236	70.000000	0.000137803	70.000000	4.52534e-08	
75.000000	0.000130912	75.000000	0.000130993	75.000000	0.000129298	75.000000	0.00013111	75.000000	0.000130416	75.000000	0.00013095	75.000000	4.25088e-08	
80.000000	0.000124784	80.000000	0.000124897	80.000000	0.000123457	80.000000	0.000124886	80.000000	0.000124368	80.000000	0.000124857	80.000000	4.00908e-08	
85.000000	0.000119307	85.000000	0.000119441	85.000000	0.000118214	85.000000	0.000119328	85.000000	0.000118962	85.000000	0.000119403	85.000000	3.79436e-08	
90.000000	0.00011438	90.000000	0.000114529	90.000000	0.000113481	90.000000	0.000114335	90.000000	0.000114102	90.000000	0.000114493	90.000000	3.60236e-08	
95.000000	0.000109923	95.000000	0.000110084	95.000000	0.0001092 	95.000000	0.000109824	95.000000	0.000109713	95.000000	0.00011005	95.000000	3.42961e-08	
100.000000	0.00010587	100.000000	0.000106043	100.000000	0.000105296	100.000000	0.00010573	100.000000	0.000105727	100.000000	0.00010601	100.000000	3.27331e-08	
105.000000	0.000102168	105.000000	0.000102352	105.000000	0.000101722	105.000000	0.000101997	105.000000	0.000102089	105.000000	0.00010232	105.000000	3.13119e-08	
110.000000	9.87725e-05	110.000000	9.89679e-05	110.000000	9.84452e-05	110.000000	9.85786e-05	110.000000	9.87608e-05	110.000000	9.89379e-05	110.000000	3.00138e-08	
115.000000	9.56456e-05	115.000000	9.58545e-05	115.000000	9.54328e-05	115.000000	9.54376e-05	115.000000	9.56947e-05	115.000000	9.58257e-05	115.000000	2.88233e-08	
120.000000	9.27562e-05	120.000000	9.29804e-05	120.000000	9.26465e-05	120.000000	9.25414e-05	120.000000	9.287e-05 	120.000000	9.29527e-05	120.000000	2.77273e-08	
125.000000	9.00777e-05	125.000000	9.03189e-05	125.000000	9.00624e-05	125.000000	8.98625e-05	125.000000	9.0252e-05	125.000000	9.02922e-05	125.000000	2.67148e-08	
130.000000	8.75872e-05	130.000000	8.78474e-05	130.000000	8.76638e-05	130.000000	8.73772e-05	130.000000	8.78249e-05	130.000000	8.78217e-05	130.000000	2.57766e-08	
135.000000	8.52654e-05	135.000000	8.55463e-05	135.000000	8.54241e-05	135.000000	8.50655e-05	135.000000	8.55623e-05	135.000000	8.55214e-05	135.000000	2.49047e-08	
140.000000	8.30951e-05	140.000000	8.33986e-05	140.000000	8.33337e-05	140.000000	8.29098e-05	140.000000	8.34552e-05	140.000000	8.33745e-05	140.000000	2.40921e-08	
145.000000	8.10617e-05	145.000000	8.13894e-05	145.000000	8.13774e-05	145.000000	8.08949e-05	145.000000	8.14799e-05	145.000000	8.1366e-05	145.000000	2.3333e-08	
150.000000	7.91524e-05	150.000000	7.95058e-05	150.000000	7.95383e-05	150.000000	7.90074e-05	150.000000	7.96317e-05	150.000000	7.94831e-05	150.000000	2.26221e-08	
155.000000	7.64527e-05	155.000000	7.77363e-05	155.000000	7.78109e-05	155.000000	7.72357e-05	155.000000	7.78938e-05	155.000000	7.77144e-05	155.000000	2.1955e-08	
160.000000	7.48753e-05	160.000000	7.60711e-05	160.000000	7.61861e-05	160.000000	7.55695e-05	160.000000	7.62586e-05	160.000000	7.60497e-05	160.000000	2.13276e-08	
165.000000	7.33868e-05	165.000000	7.4501e-05	165.000000	7.46542e-05	165.000000	7.39997e-05	165.000000	7.47188e-05	165.000000	7.44803e-05	165.000000	2.07365e-08	
170.000000	7.19798e-05	170.000000	7.30183e-05	170.000000	7.32086e-05	170.000000	7.25183e-05	170.000000	7.32616e-05	170.000000	7.29981e-05	170.000000	2.01786e-08	
175.000000	7.06476e-05	175.000000	7.16159e-05	175.000000	7.18404e-05	175.000000	7.11179e-05	175.000000	7.18853e-05	175.000000	7.15962e-05	175.000000	1.96511e-08	
180.000000	6.93844e-05	180.000000	7.02874e-05	180.000000	7.05412e-05	180.000000	6.97922e-05	180.000000	7.05818e-05	180.000000	7.02682e-05	180.000000	1.91516e-08	
185.000000	6.81849e-05	185.000000	6.90271e-05	185.000000	6.93076e-05	185.000000	6.85354e-05	185.000000	6.93436e-05	185.000000	6.90084e-05	185.000000	1.86778e-08	
190.000000	6.70444e-05	190.000000	6.783e-05 	190.000000	6.81366e-05	190.000000	6.73423e-05	190.000000	6.81689e-05	190.000000	6.78118e-05	190.000000	1.82278e-08	
195.000000	6.59586e-05	195.000000	6.66915e-05	195.000000	6.7024e-05	195.000000	6.62082e-05	195.000000	6.70518e-05	195.000000	6.66737e-05	195.000000	1.77998e-08	
200.000000	6.49236e-05	200.000000	6.56073e-05	200.000000	6.59644e-05	200.000000	6.51289e-05	200.000000	6.59866e-05	200.000000	6.55899e-05	200.000000	1.73923e-08	
210.000000	6.29923e-05	210.000000	6.35873e-05	210.000000	6.39836e-05	210.000000	6.31197e-05	210.000000	6.40052e-05	210.000000	6.35707e-05	210.000000	1.66329e-08	
220.000000	6.1226e-05	220.000000	6.17437e-05	220.000000	6.21821e-05	220.000000	6.1288e-05	220.000000	6.21943e-05	220.000000	6.17278e-05	220.000000	1.59394e-08	
230.000000	5.96043e-05	230.000000	6.00545e-05	230.000000	6.05281e-05	230.000000	5.96114e-05	230.000000	6.05372e-05	230.000000	6.00392e-05	230.000000	1.53036e-08	
240.000000	5.81101e-05	240.000000	5.85012e-05	240.000000	5.90072e-05	240.000000	5.80714e-05	240.000000	5.90123e-05	240.000000	5.84865e-05	240.000000	1.47184e-08	
250.000000	5.67289e-05	250.000000	5.70683e-05	250.000000	5.76006e-05	250.000000	5.66522e-05	250.000000	5.76067e-05	250.000000	5.70541e-05	250.000000	1.4178e-08	
260.000000	5.54483e-05	260.000000	5.57423e-05	260.000000	5.63004e-05	260.000000	5.53403e-05	260.000000	5.63055e-05	260.000000	5.57286e-05	260.000000	1.36774e-08	
270.000000	5.42578e-05	270.000000	5.45119e-05	270.000000	5.50973e-05	270.000000	5.41242e-05	270.000000	5.50993e-05	270.000000	5.44987e-05	270.000000	1.32122e-08	
280.000000	5.31481e-05	280.000000	5.33673e-05	280.000000	5.39742e-05	280.000000	5.2994e-05	280.000000	5.39763e-05	280.000000	5.33546e-05	280.000000	1.27788e-08	
290.000000	5.21113e-05	290.000000	5.23e-05  	290.000000	5.29276e-05	290.000000	5.19411e-05	290.000000	5.29309e-05	290.000000	5.22876e-05	290.000000	1.23739e-08	
300.000000	5.11405e-05	300.000000	5.13024e-05	300.000000	5.19505e-05	300.000000	5.0958e-05	300.000000	5.19522e-05	300.000000	5.12904e-05	300.000000	1.19949e-08	
310.000000	5.02297e-05	310.000000	5.03681e-05	310.000000	5.10357e-05	310.000000	5.00382e-05	310.000000	5.10373e-05	310.000000	5.03564e-05	310.000000	1.16393e-08	
320.000000	4.93734e-05	320.000000	4.94913e-05	320.000000	5.01779e-05	320.000000	4.91759e-05	320.000000	5.01786e-05	320.000000	4.948e-05 	320.000000	1.13049e-08	
330.000000	4.85671e-05	330.000000	4.86671e-05	330.000000	4.93727e-05	330.000000	4.8366e-05	330.000000	4.93714e-05	330.000000	4.86561e-05	330.000000	1.09899e-08	
340.000000	4.78065e-05	340.000000	4.7891e-05	340.000000	4.86136e-05	340.000000	4.76041e-05	340.000000	4.86126e-05	340.000000	4.78803e-05	340.000000	1.06927e-08	
350.000000	4.70879e-05	350.000000	4.71589e-05	350.000000	4.78955e-05	350.000000	4.68861e-05	350.000000	4.78958e-05	350.000000	4.71485e-05	350.000000	1.04117e-08	
360.000000	4.64079e-05	360.000000	4.64673e-05	360.000000	4.72192e-05	360.000000	4.62086e-05	360.000000	4.72196e-05	360.000000	4.64572e-05	360.000000	1.01457e-08	
370.000000	4.57636e-05	370.000000	4.58131e-05	370.000000	4.65818e-05	370.000000	4.55682e-05	370.000000	4.65808e-05	370.000000	4.58032e-05	370.000000	9.89336e-09	
380.000000	4.51524e-05	380.000000	4.51934e-05	380.000000	4.59767e-05	380.000000	4.49621e-05	380.000000	4.59747e-05	380.000000	4.51837e-05	380.000000	9.65378e-09	
390.000000	4.45718e-05	390.000000	4.46056e-05	390.000000	4.54015e-05	390.000000	4.43878e-05	390.000000	4.54008e-05	390.000000	4.45962e-05	390.000000	9.42596e-09	
400.000000	4.40196e-05	400.000000	4.40474e-05	400.000000	4.48554e-05	400.000000	4.3843e-05	400.000000	4.48566e-05	400.000000	4.40382e-05	400.000000	9.20905e-09	
410.000000	4.34939e-05	410.000000	4.35168e-05	410.000000	4.43378e-05	410.000000	4.33255e-05	410.000000	4.43384e-05	410.000000	4.35078e-05	410.000000	9.00226e-09	
420.000000	4.29928e-05	420.000000	4.30118e-05	420.000000	4.38472e-05	420.000000	4.28334e-05	420.000000	4.38458e-05	420.000000	4.3003e-05	420.000000	8.8049e-09	
430.000000	4.25148e-05	430.000000	4.25306e-05	430.000000	4.33802e-05	430.000000	4.23649e-05	430.000000	4.33772e-05	430.000000	4.2522e-05	430.000000	8.61633e-09	
440.000000	4.20583e-05	440.000000	4.20718e-05	440.000000	4.29337e-05	440.000000	4.19186e-05	440.000000	4.29302e-05	440.000000	4.20634e-05	440.000000	8.43597e-09	
450.000000	4.1622e-05	450.000000	4.16338e-05	450.000000	4.25069e-05	450.000000	4.1493e-05	450.000000	4.25034e-05	450.000000	4.16256e-05	450.000000	8.26329e-09	
460.000000	4.12046e-05	460.000000	4.12154e-05	460.000000	4.20998e-05	460.000000	4.10866e-05	460.000000	4.20963e-05	460.000000	4.12073e-05	460.000000	8.09779e-09	
470.000000	4.0805e-05	470.000000	4.08153e-05	470.000000	4.17109e-05	470.000000	4.06985e-05	470.000000	4.17075e-05	470.000000	4.08074e-05	470.000000	7.93904e-09	
480.000000	4.04221e-05	480.000000	4.04325e-05	480.000000	4.13381e-05	480.000000	4.03273e-05	480.000000	4.13349e-05	480.000000	4.04247e-05	480.000000	7.78663e-09	
490.000000	4.0055e-05	490.000000	4.00658e-05	490.000000	4.09802e-05	490.000000	3.99721e-05	490.000000	4.09784e-05	490.000000	4.00582e-05	490.000000	7.64017e-09	
500.000000	3.97027e-05	500.000000	3.97144e-05	500.000000	4.06375e-05	500.000000	3.96319e-05	500.000000	4.06372e-05	500.000000	3.97069e-05	500.000000	7.49933e-09	
520.000000	3.90396e-05	520.000000	3.9054e-05	520.000000	3.99965e-05	520.000000	3.89933e-05	520.000000	3.99962e-05	520.000000	3.90468e-05	520.000000	7.23322e-09	
540.000000	3.84266e-05	540.000000	3.8445e-05	540.000000	3.94075e-05	540.000000	3.84053e-05	540.000000	3.94053e-05	540.000000	3.8438e-05	540.000000	6.986e-09 	
560.000000	3.78589e-05	560.000000	3.78821e-05	560.000000	3.8862e-05	560.000000	3.78624e-05	560.000000	3.886e-05 	560.000000	3.78753e-05	560.000000	6.75573e-09	
580.000000	3.73319e-05	580.000000	3.73605e-05	580.000000	3.83551e-05	580.000000	3.73601e-05	580.000000	3.83545e-05	580.000000	3.7354e-05	580.000000	6.54068e-09	
600.000000	3.68417e-05	600.000000	3.68764e-05	600.000000	3.78868e-05	600.000000	3.68943e-05	600.000000	3.78864e-05	600.000000	3.687e-05 	600.000000	6.33938e-09	
620.000000	3.6385e-05	620.000000	3.64261e-05	620.000000	3.74524e-05	620.000000	3.64616e-05	620.000000	3.74504e-05	620.000000	3.64199e-05	620.000000	6.15053e-09	
640.000000	3.59588e-05	640.000000	3.60066e-05	640.000000	3.70458e-05	640.000000	3.60588e-05	640.000000	3.70449e-05	640.000000	3.60006e-05	640.000000	5.97301e-09	
660.000000	3.55604e-05	660.000000	3.56151e-05	660.000000	3.66668e-05	660.000000	3.56832e-05	660.000000	3.66666e-05	660.000000	3.56093e-05	660.000000	5.80581e-09	
680.000000	3.51877e-05	680.000000	3.52493e-05	680.000000	3.63146e-05	680.000000	3.53324e-05	680.000000	3.63128e-05	680.000000	3.52437e-05	680.000000	5.64805e-09	
700.000000	3.48383e-05	700.000000	3.4907e-05	700.000000	3.59848e-05	700.000000	3.50043e-05	700.000000	3.59823e-05	700.000000	3.49015e-05	700.000000	5.49893e-09	
720.000000	3.45106e-05	720.000000	3.45863e-05	720.000000	3.56745e-05	720.000000	3.4697e-05	720.000000	3.56723e-05	720.000000	3.4581e-05	720.000000	5.35776e-09	
740.000000	3.42029e-05	740.000000	3.42855e-05	740.000000	3.53829e-05	740.000000	3.44089e-05	740.000000	3.53814e-05	740.000000	3.42803e-05	740.000000	5.22392e-09	
760.000000	3.39136e-05	760.000000	3.40031e-05	760.000000	3.51094e-05	760.000000	3.41383e-05	760.000000	3.51085e-05	760.000000	3.3998e-05	760.000000	5.09683e-09	
780.000000	3.36415e-05	780.000000	3.37376e-05	780.000000	3.48523e-05	780.000000	3.38839e-05	780.000000	3.48516e-05	780.000000	3.37326e-05	780.000000	4.976e-09 	
800.000000	3.33853e-05	800.000000	3.34879e-05	800.000000	3.46103e-05	800.000000	3.36446e-05	800.000000	3.46097e-05	800.000000	3.3483e-05	800.000000	4.86097e-09	
820.000000	3.31439e-05	820.000000	3.32528e-05	820.000000	3.43823e-05	820.000000	3.34191e-05	820.000000	3.4382e-05	820.000000	3.3248e-05	820.000000	4.75132e-09	
840.000000	3.29162e-05	840.000000	3.30313e-05	840.000000	3.41672e-05	840.000000	3.32065e-05	840.000000	3.41671e-05	840.000000	3.30266e-05	840.000000	4.64668e-09	
860.000000	3.27015e-05	860.000000	3.28224e-05	860.000000	3.39642e-05	860.000000	3.30058e-05	860.000000	3.39641e-05	860.000000	3.28179e-05	860.000000	4.54672e-09	
880.000000	3.24989e-05	880.000000	3.26254e-05	880.000000	3.37724e-05	880.000000	3.28163e-05	880.000000	3.37724e-05	880.000000	3.2621e-05	880.000000	4.45112e-09	
900.000000	3.23076e-05	900.000000	3.24394e-05	900.000000	3.35911e-05	900.000000	3.26372e-05	900.000000	3.35915e-05	900.000000	3.24351e-05	900.000000	4.35959e-09	
920.000000	3.21269e-05	920.000000	3.22638e-05	920.000000	3.34196e-05	920.000000	3.24677e-05	920.000000	3.34197e-05	920.000000	3.22596e-05	920.000000	4.27189e-09	
940.000000	3.19562e-05	940.000000	3.20979e-05	940.000000	3.32571e-05	940.000000	3.23073e-05	940.000000	3.32572e-05	940.000000	3.20937e-05	940.000000	4.18777e-09	
960.000000	3.17949e-05	960.000000	3.19411e-05	960.000000	3.31032e-05	960.000000	3.21553e-05	960.000000	3.31034e-05	960.000000	3.1937e-05	960.000000	4.10702e-09	
980.000000	3.16424e-05	980.000000	3.17929e-05	980.000000	3.29573e-05	980.000000	3.20113e-05	980.000000	3.29577e-05	980.000000	3.17889e-05	980.000000	4.02943e-09	
1000.000000	3.14983e-05	1000.000000	3.16528e-05	1000.000000	3.28189e-05	1000.000000	3.18747e-05	1000.000000	3.28191e-05	1000.000000	3.16488e-05	1000.000000	3.95482e-09	
1020.000000	3.1362e-05	1020.000000	3.15202e-05	1020.000000	3.26876e-05	1020.000000	3.17451e-05	1020.000000	3.26876e-05	1020.000000	3.15163e-05	1020.000000	3.88302e-09	
1040.000000	3.12333e-05	1040.000000	3.13948e-05	1040.000000	3.25629e-05	1040.000000	3.1622e-05	1040.000000	3.2563e-05	1040.000000	3.1391e-05	1040.000000	3.81387e-09	
1060.000000	3.11115e-05	1060.000000	3.12762e-05	1060.000000	3.24444e-05	1060.000000	3.15051e-05	1060.000000	3.24447e-05	1060.000000	3.12725e-05	1060.000000	3.74723e-09	
1080.000000	3.09965e-05	1080.000000	3.1164e-05	1080.000000	3.23318e-05	1080.000000	3.13941e-05	1080.000000	3.23318e-05	1080.000000	3.11603e-05	1080.000000	3.68296e-09	
1100.000000	3.08879e-05	1100.000000	3.10579e-05	1100.000000	3.22247e-05	1100.000000	3.12885e-05	1100.000000	3.22246e-05	1100.000000	3.10543e-05	1100.000000	3.62093e-09	
1120.000000	3.07853e-05	1120.000000	3.09575e-05	1120.000000	3.21229e-05	1120.000000	3.11882e-05	1120.000000	3.21227e-05	1120.000000	3.09539e-05	1120.000000	3.56104e-09	
1140.000000	3.06884e-05	1140.000000	3.08625e-05	1140.000000	3.20259e-05	1140.000000	3.10927e-05	1140.000000	3.20259e-05	1140.000000	3.0859e-05	1140.000000	3.50316e-09	
1160.000000	3.05969e-05	1160.000000	3.07727e-05	1160.000000	3.19337e-05	1160.000000	3.10018e-05	1160.000000	3.19336e-05	1160.000000	3.07693e-05	1160.000000	3.4472e-09	
1180.000000	3.05107e-05	1180.000000	3.06879e-05	1180.000000	3.18459e-05	1180.000000	3.09153e-05	1180.000000	3.18456e-05	1180.000000	3.06845e-05	1180.000000	3.39306e-09	
1200.000000	3.04294e-05	1200.000000	3.06077e-05	1200.000000	3.17623e-05	1200.000000	3.0833e-05	1200.000000	3.17618e-05	1200.000000	3.06044e-05	1200.000000	3.34065e-09	
1220.000000	3.03529e-05	1220.000000	3.0532e-05	1220.000000	3.16827e-05	1220.000000	3.07546e-05	1220.000000	3.16821e-05	1220.000000	3.05287e-05	1220.000000	3.2899e-09	
1240.000000	3.02809e-05	1240.000000	3.04604e-05	1240.000000	3.1607e-05	1240.000000	3.06799e-05	1240.000000	3.16063e-05	1240.000000	3.04572e-05	1240.000000	3.24072e-09	
1260.000000	3.02132e-05	1260.000000	3.0393e-05	1260.000000	3.15347e-05	1260.000000	3.06087e-05	1260.000000	3.15338e-05	1260.000000	3.03898e-05	1260.000000	3.19303e-09	
1280.000000	3.01496e-05	1280.000000	3.03294e-05	1280.000000	3.14658e-05	1280.000000	3.0541e-05	1280.000000	3.14647e-05	1280.000000	3.03262e-05	1280.000000	3.14678e-09	
1300.000000	3.00899e-05	1300.000000	3.02694e-05	1300.000000	3.14e-05  	1300.000000	3.04764e-05	1300.000000	3.13989e-05	1300.000000	3.02663e-05	1300.000000	3.1019e-09	
1320.000000	3.00341e-05	1320.000000	3.0213e-05	1320.000000	3.13372e-05	1320.000000	3.04148e-05	1320.000000	3.13362e-05	1320.000000	3.02099e-05	1320.000000	3.05833e-09	
1340.000000	2.99819e-05	1340.000000	3.01599e-05	1340.000000	3.12772e-05	1340.000000	3.03561e-05	1340.000000	3.12766e-05	1340.000000	3.01569e-05	1340.000000	3.016e-09 	
1360.000000	2.99331e-05	1360.000000	3.01101e-05	1360.000000	3.12199e-05	1360.000000	3.03002e-05	1360.000000	3.12196e-05	1360.000000	3.01071e-05	1360.000000	2.97487e-09	
1380.000000	2.98877e-05	1380.000000	3.00633e-05	1380.000000	3.11652e-05	1380.000000	3.02469e-05	1380.000000	3.11651e-05	1380.000000	3.00603e-05	1380.000000	2.93489e-09	
1400.000000	2.98455e-05	1400.000000	3.00194e-05	1400.000000	3.1113e-05	1400.000000	3.01961e-05	1400.000000	3.11132e-05	1400.000000	3.00165e-05	1400.000000	2.896e-09 	
1420.000000	2.98063e-05	1420.000000	2.99784e-05	1420.000000	3.10633e-05	1420.000000	3.01477e-05	1420.000000	3.10638e-05	1420.000000	2.99756e-05	1420.000000	2.85817e-09	
1440.000000	2.97701e-05	1440.000000	2.99401e-05	1440.000000	3.1016e-05	1440.000000	3.01016e-05	1440.000000	3.10167e-05	1440.000000	2.99373e-05	1440.000000	2.82135e-09	
1460.000000	2.97368e-05	1460.000000	2.99044e-05	1460.000000	3.09709e-05	1460.000000	3.00576e-05	1460.000000	3.09719e-05	1460.000000	2.99016e-05	1460.000000	2.7855e-09	
1480.000000	2.97062e-05	1480.000000	2.98712e-05	1480.000000	3.0928e-05	1480.000000	3.00157e-05	1480.000000	3.0929e-05	1480.000000	2.98684e-05	1480.000000	2.75058e-09	
1500.000000	2.96782e-05	1500.000000	2.98404e-05	1500.000000	3.08872e-05	1500.000000	2.99758e-05	1500.000000	3.08881e-05	1500.000000	2.98377e-05	1500.000000	2.71655e-09	
1520.000000	2.96528e-05	1520.000000	2.98119e-05	1520.000000	3.08483e-05	1520.000000	2.99378e-05	1520.000000	3.08491e-05	1520.000000	2.98092e-05	1520.000000	2.68339e-09	
1540.000000	2.96298e-05	1540.000000	2.97855e-05	1540.000000	3.08114e-05	1540.000000	2.99016e-05	1540.000000	3.0812e-05	1540.000000	2.97829e-05	1540.000000	2.65105e-09	
1560.000000	2.96092e-05	1560.000000	2.97614e-05	1560.000000	3.07762e-05	1560.000000	2.98672e-05	1560.000000	3.07768e-05	1560.000000	2.97587e-05	1560.000000	2.61951e-09	
1580.000000	2.95909e-05	1580.000000	2.97392e-05	1580.000000	3.07427e-05	1580.000000	2.98344e-05	1580.000000	3.07432e-05	1580.000000	2.97366e-05	1580.000000	2.58874e-09	
1600.000000	2.95748e-05	1600.000000	2.97191e-05	1600.000000	3.07109e-05	1600.000000	2.98032e-05	1600.000000	3.07112e-05	1600.000000	2.97165e-05	1600.000000	2.55871e-09	
1620.000000	2.95608e-05	1620.000000	2.97008e-05	1620.000000	3.06806e-05	1620.000000	2.97735e-05	1620.000000	3.06806e-05	1620.000000	2.96983e-05	1620.000000	2.52939e-09	
1640.000000	2.95489e-05	1640.000000	2.96844e-05	1640.000000	3.06518e-05	1640.000000	2.97453e-05	1640.000000	3.06516e-05	1640.000000	2.96819e-05	1640.000000	2.50075e-09	
1660.000000	2.95389e-05	1660.000000	2.96697e-05	1660.000000	3.06244e-05	1660.000000	2.97184e-05	1660.000000	3.0624e-05	1660.000000	2.96673e-05	1660.000000	2.47279e-09	
1680.000000	2.95309e-05	1680.000000	2.96568e-05	1680.000000	3.05983e-05	1680.000000	2.9693e-05	1680.000000	3.05978e-05	1680.000000	2.96543e-05	1680.000000	2.44546e-09	
1700.000000	2.95247e-05	1700.000000	2.96455e-05	1700.000000	3.05736e-05	1700.000000	2.96688e-05	1700.000000	3.05729e-05	1700.000000	2.96431e-05	1700.000000	2.41875e-09	
1750.000000	2.95171e-05	1750.000000	2.9624e-05	1750.000000	3.05169e-05	1750.000000	2.96137e-05	1750.000000	3.0516e-05	1750.000000	2.96217e-05	1750.000000	2.35454e-09	
1800.000000	2.95199e-05	1800.000000	2.96117e-05	1800.000000	3.04671e-05	1800.000000	2.95656e-05	1800.000000	3.04662e-05	1800.000000	2.96094e-05	1800.000000	2.29377e-09	
1850.000000	2.95323e-05	1850.000000	2.96077e-05	1850.000000	3.04235e-05	1850.000000	2.95239e-05	1850.000000	3.0423e-05	1850.000000	2.96055e-05	1850.000000	2.23616e-09	
1900.000000	2.95537e-05	1900.000000	2.96115e-05	1900.000000	3.03857e-05	1900.000000	2.94879e-05	1900.000000	3.03855e-05	1900.000000	2.96093e-05	1900.000000	2.18147e-09	
1950.000000	2.95834e-05	1950.000000	2.96224e-05	1950.000000	3.03532e-05	1950.000000	2.94572e-05	1950.000000	3.03533e-05	1950.000000	2.96203e-05	1950.000000	2.12948e-09	
2000.000000	2.96209e-05	2000.000000	2.96399e-05	2000.000000	3.03257e-05	2000.000000	2.94313e-05	2000.000000	3.03261e-05	2000.000000	2.96378e-05	2000.000000	2.07999e-09	
2100.000000	2.97173e-05	2100.000000	2.96928e-05	2100.000000	3.0284e-05	2100.000000	2.93921e-05	2100.000000	3.02844e-05	2100.000000	2.96908e-05	2100.000000	1.98782e-09	
2200.000000	2.98392e-05	2200.000000	2.97668e-05	2200.000000	3.02577e-05	2200.000000	2.93676e-05	2200.000000	3.02577e-05	2200.000000	2.97649e-05	2200.000000	1.90372e-09	
2300.000000	2.99838e-05	2300.000000	2.98593e-05	2300.000000	3.0244e-05	2300.000000	2.93554e-05	2300.000000	3.02432e-05	2300.000000	2.98574e-05	2300.000000	1.82667e-09	
2400.000000	3.01485e-05	2400.000000	2.99678e-05	2400.000000	3.02405e-05	2400.000000	2.93535e-05	2400.000000	3.02395e-05	2400.000000	2.99661e-05	2400.000000	1.75581e-09	
2500.000000	3.03313e-05	2500.000000	3.00905e-05	2500.000000	3.02456e-05	2500.000000	2.93604e-05	2500.000000	3.02446e-05	2500.000000	3.00888e-05	2500.000000	1.69041e-09	
2600.000000	3.05303e-05	2600.000000	3.02257e-05	2600.000000	3.02581e-05	2600.000000	2.93747e-05	2600.000000	3.02573e-05	2600.000000	3.02241e-05	2600.000000	1.62986e-09	
2700.000000	3.07441e-05	2700.000000	3.03721e-05	2700.000000	3.02771e-05	2700.000000	2.93953e-05	2700.000000	3.02764e-05	2700.000000	3.03705e-05	2700.000000	1.57363e-09	
2800.000000	3.09713e-05	2800.000000	3.05283e-05	2800.000000	3.03015e-05	2800.000000	2.94214e-05	2800.000000	3.03011e-05	2800.000000	3.05268e-05	2800.000000	1.52127e-09	
2900.000000	3.12108e-05	2900.000000	3.06933e-05	2900.000000	3.03307e-05	2900.000000	2.9452e-05	2900.000000	3.03303e-05	2900.000000	3.06919e-05	2900.000000	1.4724e-09	
3000.000000	3.14616e-05	3000.000000	3.08664e-05	3000.000000	3.03641e-05	3000.000000	2.94866e-05	3000.000000	3.03637e-05	3000.000000	3.08649e-05	3000.000000	1.42666e-09	
3200.000000	3.19937e-05	3200.000000	3.12332e-05	3200.000000	3.04406e-05	3200.000000	2.95653e-05	3200.000000	3.04402e-05	3200.000000	3.12319e-05	3200.000000	1.34346e-09	
3400.000000	3.25618e-05	3400.000000	3.16236e-05	3400.000000	3.05273e-05	3400.000000	2.96538e-05	3400.000000	3.05268e-05	3400.000000	3.16223e-05	3400.000000	1.26971e-09	
3600.000000	3.31613e-05	3600.000000	3.20334e-05	3600.000000	3.06213e-05	3600.000000	2.97495e-05	3600.000000	3.06207e-05	3600.000000	3.20322e-05	3600.000000	1.20387e-09	
3800.000000	3.37885e-05	3800.000000	3.24596e-05	3800.000000	3.07205e-05	3800.000000	2.98503e-05	3800.000000	3.07199e-05	3800.000000	3.24584e-05	3800.000000	1.14472e-09	
4000.000000	3.44407e-05	4000.000000	3.28995e-05	4000.000000	3.08233e-05	4000.000000	2.99546e-05	4000.000000	3.08227e-05	4000.000000	3.28984e-05	4000.000000	1.09128e-09	
4200.000000	3.51152e-05	4200.000000	3.3351e-05	4200.000000	3.09285e-05	4200.000000	3.00613e-05	4200.000000	3.09281e-05	4200.000000	3.33499e-05	4200.000000	1.04275e-09	
4400.000000	3.58103e-05	4400.000000	3.38124e-05	4400.000000	3.10352e-05	4400.000000	3.01694e-05	4400.000000	3.10348e-05	4400.000000	3.38114e-05	4400.000000	9.98486e-10	
4600.000000	3.65243e-05	4600.000000	3.42825e-05	4600.000000	3.11428e-05	4600.000000	3.02783e-05	4600.000000	3.11425e-05	4600.000000	3.42815e-05	4600.000000	9.57934e-10	
4800.000000	3.72557e-05	4800.000000	3.47599e-05	4800.000000	3.12505e-05	4800.000000	3.03874e-05	4800.000000	3.12505e-05	4800.000000	3.4759e-05	4800.000000	9.20644e-10	
5000.000000	3.80035e-05	5000.000000	3.52437e-05	5000.000000	3.13582e-05	5000.000000	3.04962e-05	5000.000000	3.13583e-05	5000.000000	3.52428e-05	5000.000000	8.86235e-10	
5250.000000	3.89597e-05	5250.000000	3.58563e-05	5250.000000	3.1492e-05	5250.000000	3.06315e-05	5250.000000	3.14923e-05	5250.000000	3.58554e-05	5250.000000	8.46784e-10	
5500.000000	3.99382e-05	5500.000000	3.64762e-05	5500.000000	3.16246e-05	5500.000000	3.07655e-05	5500.000000	3.1625e-05	5500.000000	3.64754e-05	5500.000000	8.10797e-10	
6000.000000	4.19572e-05	6000.000000	3.77342e-05	6000.000000	3.18849e-05	6000.000000	3.10284e-05	6000.000000	3.18855e-05	6000.000000	3.77335e-05	6000.000000	7.47523e-10	
6500.000000	4.4052e-05	6500.000000	3.90108e-05	6500.000000	3.21375e-05	6500.000000	3.12831e-05	6500.000000	3.2138e-05	6500.000000	3.90101e-05	6500.000000	6.93666e-10	
7000.000000	4.62165e-05	7000.000000	4.03012e-05	7000.000000	3.23818e-05	7000.000000	3.15289e-05	7000.000000	3.23817e-05	7000.000000	4.03006e-05	7000.000000	6.47252e-10	
7500.000000	4.84462e-05	7500.000000	4.1602e-05	7500.000000	3.26173e-05	7500.000000	3.17658e-05	7500.000000	3.26163e-05	7500.000000	4.16014e-05	7500.000000	6.06824e-10	
8000.000000	5.07377e-05	8000.000000	4.29107e-05	8000.000000	3.2843e-05	8000.000000	3.19936e-05	8000.000000	3.28421e-05	8000.000000	4.29101e-05	8000.000000	5.71286e-10	
8500.000000	5.30884e-05	8500.000000	4.42252e-05	8500.000000	3.30594e-05	8500.000000	3.22129e-05	8500.000000	3.30591e-05	8500.000000	4.42247e-05	8500.000000	5.39792e-10	
9000.000000	5.54963e-05	9000.000000	4.55442e-05	9000.000000	3.32673e-05	9000.000000	3.24238e-05	9000.000000	3.32679e-05	9000.000000	4.55437e-05	9000.000000	5.11683e-10	
9500.000000	5.79598e-05	9500.000000	4.68664e-05	9500.000000	3.3468e-05	9500.000000	3.26269e-05	9500.000000	3.34688e-05	9500.000000	4.68659e-05	9500.000000	4.86437e-10	
10000.000000	6.04775e-05	10000.000000	4.81911e-05	10000.000000	3.36619e-05	10000.000000	3.28225e-05	10000.000000	3.36621e-05	10000.000000	4.81907e-05	10000.000000	4.63633e-10	
11000.000000	6.56717e-05	11000.000000	5.08451e-05	11000.000000	3.40284e-05	11000.000000	3.31931e-05	11000.000000	3.40279e-05	11000.000000	5.08447e-05	11000.000000	4.24049e-10	
12000.000000	7.10728e-05	12000.000000	5.35021e-05	12000.000000	3.43677e-05	12000.000000	3.35386e-05	12000.000000	3.43685e-05	12000.000000	5.35017e-05	12000.000000	3.90858e-10	
13000.000000	7.66766e-05	13000.000000	5.61595e-05	13000.000000	3.46851e-05	13000.000000	3.38619e-05	13000.000000	3.46866e-05	13000.000000	5.61592e-05	13000.000000	3.62614e-10	
14000.000000	8.24802e-05	14000.000000	5.88156e-05	14000.000000	3.49841e-05	14000.000000	3.41655e-05	14000.000000	3.49846e-05	14000.000000	5.88153e-05	14000.000000	3.3828e-10	
15000.000000	8.84817e-05	15000.000000	6.14692e-05	15000.000000	3.52662e-05	15000.000000	3.44514e-05	15000.000000	3.52647e-05	15000.000000	6.14689e-05	15000.000000	3.17089e-10	
16000.000000	9.46799e-05	16000.000000	6.41196e-05	16000.000000	3.55315e-05	16000.000000	3.47215e-05	16000.000000	3.55287e-05	16000.000000	6.41193e-05	16000.000000	2.98465e-10	
17000.000000	0.000101074	17000.000000	6.67663e-05	17000.000000	3.57812e-05	17000.000000	3.49773e-05	17000.000000	3.57781e-05	17000.000000	6.6766e-05	17000.000000	2.81964e-10	
18000.000000	0.000107663	18000.000000	6.94089e-05	18000.000000	3.6017e-05	18000.000000	3.52203e-05	18000.000000	3.60145e-05	18000.000000	6.94087e-05	18000.000000	2.67239e-10	
19000.000000	0.000114448	19000.000000	7.20473e-05	19000.000000	3.62402e-05	19000.000000	3.54515e-05	19000.000000	3.62387e-05	19000.000000	7.20471e-05	19000.000000	2.54016e-10	
20000.000000	0.000121427	20000.000000	7.46813e-05	20000.000000	3.64524e-05	20000.000000	3.56721e-05	20000.000000	3.64521e-05	20000.000000	7.46811e-05	20000.000000	2.42074e-10	
21000.000000	0.000128602	21000.000000	7.73109e-05	21000.000000	3.66551e-05	21000.000000	3.5883e-05	21000.000000	3.66555e-05	21000.000000	7.73107e-05	21000.000000	2.31235e-10	
22000.000000	0.000135972	22000.000000	7.99361e-05	22000.000000	3.68501e-05	22000.000000	3.60849e-05	22000.000000	3.68496e-05	22000.000000	7.99359e-05	22000.000000	2.2135e-10	
23000.000000	0.000143539	23000.000000	8.25569e-05	23000.000000	3.70356e-05	23000.000000	3.62785e-05	23000.000000	3.70353e-05	23000.000000	8.25567e-05	23000.000000	2.12298e-10	
24000.000000	0.000151302	24000.000000	8.51733e-05	24000.000000	3.72131e-05	24000.000000	3.64646e-05	24000.000000	3.72129e-05	24000.000000	8.51731e-05	24000.000000	2.03977e-10	
25000.000000	0.000159262	25000.000000	8.77854e-05	25000.000000	3.73842e-05	25000.000000	3.66437e-05	25000.000000	3.73835e-05	25000.000000	8.77852e-05	25000.000000	1.96301e-10	
26000.000000	0.00016742	26000.000000	9.03933e-05	26000.000000	3.75484e-05	26000.000000	3.68162e-05	26000.000000	3.75471e-05	26000.000000	9.03931e-05	26000.000000	1.89198e-10	
27000.000000	0.000175776	27000.000000	9.2997e-05	27000.000000	3.77054e-05	27000.000000	3.69826e-05	27000.000000	3.77046e-05	27000.000000	9.29968e-05	27000.000000	1.82604e-10	
28000.000000	0.000184331	28000.000000	9.55966e-05	28000.000000	3.78561e-05	28000.000000	3.71434e-05	28000.000000	3.78559e-05	28000.000000	9.55965e-05	28000.000000	1.76467e-10	
29000.000000	0.000193086	29000.000000	9.81923e-05	29000.000000	3.80016e-05	29000.000000	3.72988e-05	29000.000000	3.80018e-05	29000.000000	9.81921e-05	29000.000000	1.7074e-10	
30000.000000	0.000202041	30000.000000	0.000100784	30000.000000	3.81422e-05	30000.000000	3.74493e-05	30000.000000	3.81424e-05	30000.000000	0.000100784	30000.000000	1.65383e-10	
32000.000000	0.000220557	32000.000000	0.000105956	32000.000000	3.84097e-05	32000.000000	3.77366e-05	32000.000000	3.84095e-05	32000.000000	0.000105956	32000.000000	1.55644e-10	
34000.000000	0.000239886	34000.000000	0.000111114	34000.000000	3.86602e-05	34000.000000	3.80073e-05	34000.000000	3.86589e-05	34000.000000	0.000111114	34000.000000	1.47016e-10	
36000.000000	0.000260035	36000.000000	0.000116257	36000.000000	3.88941e-05	36000.000000	3.82632e-05	36000.000000	3.88927e-05	36000.000000	0.000116257	36000.000000	1.39318e-10	
38000.000000	0.000281012	38000.000000	0.000121388	38000.000000	3.9113e-05	38000.000000	3.85059e-05	38000.000000	3.91126e-05	38000.000000	0.000121387	38000.000000	1.32407e-10	
40000.000000	0.000302824	40000.000000	0.000126505	40000.000000	3.93187e-05	40000.000000	3.87366e-05	40000.000000	3.93196e-05	40000.000000	0.000126505	40000.000000	1.26166e-10	
42000.000000	0.000325479	42000.000000	0.00013161	42000.000000	3.95135e-05	42000.000000	3.89564e-05	42000.000000	3.9515e-05	42000.000000	0.00013161	42000.000000	1.20502e-10	
44000.000000	0.000348985	44000.000000	0.000136704	44000.000000	3.96989e-05	44000.000000	3.91664e-05	44000.000000	3.97002e-05	44000.000000	0.000136704	44000.000000	1.15337e-10	
46000.000000	0.000373351	46000.000000	0.000141786	46000.000000	3.98761e-05	46000.000000	3.93674e-05	46000.000000	3.98752e-05	46000.000000	0.000141786	46000.000000	1.10609e-10	
48000.000000	0.000398584	48000.000000	0.000146858	48000.000000	4.00455e-05	48000.000000	3.956e-05 	48000.000000	4.00417e-05	48000.000000	0.000146858	48000.000000	1.06263e-10	
50000.000000	0.000424694	50000.000000	0.00015192	50000.000000	4.02063e-05	50000.000000	3.97451e-05	50000.000000	4.01996e-05	50000.000000	0.000151919	50000.000000	1.02254e-10	
