! 74Ga energy loss (dE/dX) in He
! apply ZOOM for details
Energy (MeV/u)1	0 - [He-base] F.Hubert et al, AD&ND Tables 46(1990)1	Energy (MeV/u)2	1 - [H -base] J.F.Ziegler et al,Pergamon Press,NY(low energy)	Energy (MeV/u)3	2 - ATIMA 1.2 LS-theory (recommended for high energy)	Energy (MeV/u)4	3 - ATIMA 1.2 without LS-correction	Energy (MeV/u)5	4 - ATIMA 1.4 H.Weick, improved mean charge formula for HI	Energy (MeV/u)6	5 - electrical component of [1] - J.F.Ziegler et al	Energy (MeV/u)7	6 - nuclear component of [1] - J.F.Ziegler et al	
0.001000	0.000183493	0.001000	0.000183493	0.001000	0.000160563	0.001000	0.000160563	0.001000	0.000160573	0.001000	4.71782e-05	0.001000	0.000136315	
0.002000	0.000182016	0.002000	0.000182016	0.002000	0.000155125	0.002000	0.000155125	0.002000	0.000155133	0.002000	6.11825e-05	0.002000	0.000120834	
0.005000	0.00017521	0.005000	0.00017521	0.005000	0.000143158	0.005000	0.000143158	0.005000	0.000143162	0.005000	8.6269e-05	0.005000	8.89407e-05	
0.008000	0.000174472	0.008000	0.000174472	0.008000	0.000140155	0.008000	0.000140155	0.008000	0.000140158	0.008000	0.000102896	0.008000	7.15758e-05	
0.010000	0.000175642	0.010000	0.000175642	0.010000	0.000140438	0.010000	0.000140438	0.010000	0.000140441	0.010000	0.000111877	0.010000	6.37646e-05	
0.015000	0.00018101	0.015000	0.00018101	0.015000	0.000144665	0.015000	0.000144665	0.015000	0.000144667	0.015000	0.000130249	0.015000	5.07606e-05	
0.020000	0.000187721	0.020000	0.000187721	0.020000	0.000151066	0.020000	0.000151066	0.020000	0.000151068	0.020000	0.000145087	0.020000	4.26345e-05	
0.025000	0.000194751	0.025000	0.000194751	0.025000	0.000158231	0.025000	0.000158231	0.025000	0.000158232	0.025000	0.00015775	0.025000	3.70012e-05	
0.030000	0.000201744	0.030000	0.000201744	0.030000	0.000165632	0.030000	0.000165632	0.030000	0.000165633	0.030000	0.000168912	0.030000	3.28315e-05	
0.035000	0.000208567	0.035000	0.000208567	0.035000	0.000173043	0.035000	0.000173043	0.035000	0.000173044	0.035000	0.000178964	0.035000	2.96022e-05	
0.040000	0.000215171	0.040000	0.000215171	0.040000	0.000180361	0.040000	0.000180361	0.040000	0.000180362	0.040000	0.000188154	0.040000	2.70169e-05	
0.045000	0.00023206	0.045000	0.00023206	0.045000	0.000195899	0.045000	0.000195899	0.045000	0.0001959 	0.045000	0.000207167	0.045000	2.48936e-05	
0.050000	0.000250276	0.050000	0.000250276	0.050000	0.000213634	0.050000	0.000213634	0.050000	0.000213634	0.050000	0.000227161	0.050000	2.31145e-05	
0.055000	0.000267471	0.055000	0.000267471	0.055000	0.000231446	0.055000	0.000231446	0.055000	0.000231447	0.055000	0.000246071	0.055000	2.13995e-05	
0.060000	0.00028427	0.060000	0.00028427	0.060000	0.00024963	0.060000	0.00024963	0.060000	0.000249631	0.060000	0.000264164	0.060000	2.01067e-05	
0.070000	0.000316548	0.070000	0.000316548	0.070000	0.000286072	0.070000	0.000286072	0.070000	0.000286073	0.070000	0.000298569	0.070000	1.79791e-05	
0.080000	0.000347434	0.080000	0.000347434	0.080000	0.00032212	0.080000	0.00032212	0.080000	0.000322121	0.080000	0.000331138	0.080000	1.62962e-05	
0.090000	0.000377001	0.090000	0.000377001	0.090000	0.000357327	0.090000	0.000357327	0.090000	0.000357328	0.090000	0.000362073	0.090000	1.49281e-05	
0.100000	0.000405192	0.100000	0.000405192	0.100000	0.000391367	0.100000	0.000391367	0.100000	0.000391368	0.100000	0.000391401	0.100000	1.37917e-05	
0.120000	0.000459194	0.120000	0.000459194	0.120000	0.000455102	0.120000	0.000455102	0.120000	0.000455103	0.120000	0.000447187	0.120000	1.20069e-05	
0.140000	0.000520807	0.140000	0.000520807	0.140000	0.000512301	0.140000	0.000512301	0.140000	0.000512302	0.140000	0.000510143	0.140000	1.0664e-05	
0.160000	0.000575266	0.160000	0.000575266	0.160000	0.000562727	0.160000	0.000562727	0.160000	0.000562727	0.160000	0.000565653	0.160000	9.61328e-06	
0.180000	0.000623196	0.180000	0.000623196	0.180000	0.00060663	0.180000	0.00060663	0.180000	0.000606631	0.180000	0.000614429	0.180000	8.76644e-06	
0.200000	0.000665369	0.200000	0.000665369	0.200000	0.000644537	0.200000	0.000644537	0.200000	0.000644537	0.200000	0.000657302	0.200000	8.06797e-06	
0.250000	0.00075047	0.250000	0.00075047	0.250000	0.000717424	0.250000	0.000717424	0.250000	0.000717425	0.250000	0.000743714	0.250000	6.75625e-06	
0.300000	0.000820668	0.300000	0.000820668	0.300000	0.000767126	0.300000	0.000767126	0.300000	0.000767127	0.300000	0.000814833	0.300000	5.83575e-06	
0.350000	0.000875042	0.350000	0.000875042	0.350000	0.00080173	0.350000	0.00080173	0.350000	0.00080173	0.350000	0.000869891	0.350000	5.15103e-06	
0.400000	0.000916973	0.400000	0.000916973	0.400000	0.000826717	0.400000	0.000826717	0.400000	0.000826718	0.400000	0.000912353	0.400000	4.62006e-06	
0.450000	0.000949712	0.450000	0.000949712	0.450000	0.000858527	0.450000	0.000858527	0.450000	0.000858528	0.450000	0.000945517	0.450000	4.19524e-06	
0.500000	0.000978948	0.500000	0.000978948	0.500000	0.000884948	0.500000	0.000884948	0.500000	0.000884949	0.500000	0.000975101	0.500000	3.84698e-06	
0.600000	0.00105248	0.600000	0.00105248	0.600000	0.000923522	0.600000	0.000923522	0.600000	0.000923523	0.600000	0.00104917	0.600000	3.30859e-06	
0.700000	0.0011027 	0.700000	0.0011027 	0.700000	0.000949932	0.700000	0.000949932	0.700000	0.000949932	0.700000	0.00109979	0.700000	2.91041e-06	
0.800000	0.00113686	0.800000	0.00113686	0.800000	0.00096857	0.800000	0.00096857	0.800000	0.000968571	0.800000	0.00113426	0.800000	2.60306e-06	
0.900000	0.0011564 	0.900000	0.0011564 	0.900000	0.000981759	0.900000	0.000981759	0.900000	0.00098176	0.900000	0.00115404	0.900000	2.3581e-06	
1.000000	0.00116072	1.000000	0.00116072	1.000000	0.000990881	1.000000	0.000990881	1.000000	0.000990881	1.000000	0.00115856	1.000000	2.15792e-06	
1.250000	0.00115536	1.250000	0.00115536	1.250000	0.00100128	1.250000	0.00100128	1.250000	0.00100128	1.250000	0.00115358	1.250000	1.78671e-06	
1.500000	0.00113635	1.500000	0.00113635	1.500000	0.00100012	1.500000	0.00100012	1.500000	0.00100012	1.500000	0.00113482	1.500000	1.53003e-06	
1.750000	0.00109821	1.750000	0.00109821	1.750000	0.000992044	1.750000	0.000992044	1.750000	0.000992045	1.750000	0.00109687	1.750000	1.34125e-06	
2.000000	0.00106328	2.000000	0.00106328	2.000000	0.000979778	2.000000	0.000979778	2.000000	0.000979778	2.000000	0.00106209	2.000000	1.19617e-06	
2.250000	0.00103104	2.250000	0.00103104	2.250000	0.000964995	2.250000	0.000964995	2.250000	0.000964995	2.250000	0.00102996	2.250000	1.08097e-06	
2.500000	0.00116944	2.500000	0.0010011 	2.500000	0.000948701	2.500000	0.000948701	2.500000	0.000948702	2.500000	0.00100011	2.500000	9.87127e-07	
3.000000	0.00110543	3.000000	0.000945239	3.000000	0.000907454	3.000000	0.000907454	3.000000	0.000907455	3.000000	0.000944396	3.000000	8.4316e-07	
3.500000	0.00104616	3.500000	0.000896827	3.500000	0.000869475	3.500000	0.000869475	3.500000	0.000869476	3.500000	0.000896089	3.500000	7.37604e-07	
4.000000	0.00099222	4.000000	0.000854066	4.000000	0.00083447	4.000000	0.00083447	4.000000	0.00083447	4.000000	0.000853409	4.000000	6.56694e-07	
4.500000	0.000943364	4.500000	0.000815216	4.500000	0.000802156	4.500000	0.000802156	4.500000	0.000802157	4.500000	0.000814623	4.500000	5.9258e-07	
5.000000	0.000899122	5.000000	0.000779961	5.000000	0.000772269	5.000000	0.000772269	5.000000	0.00077227	5.000000	0.00077942	5.000000	5.40449e-07	
5.500000	0.000858974	5.500000	0.000748244	5.500000	0.000744564	5.500000	0.000744564	5.500000	0.000744565	5.500000	0.000747747	5.500000	4.97178e-07	
6.000000	0.000822431	6.000000	0.000719589	6.000000	0.000718821	6.000000	0.000718821	6.000000	0.000718821	6.000000	0.000719128	6.000000	4.60651e-07	
6.500000	0.000789057	6.500000	0.000693305	6.500000	0.000694843	6.500000	0.000694843	6.500000	0.000694844	6.500000	0.000692875	6.500000	4.29381e-07	
7.000000	0.000758471	7.000000	0.000668998	7.000000	0.000672457	7.000000	0.000672457	7.000000	0.000672458	7.000000	0.000668595	7.000000	4.02292e-07	
7.500000	0.000730344	7.500000	0.000646432	7.500000	0.00065151	7.500000	0.00065151	7.500000	0.00065151	7.500000	0.000646054	7.500000	3.78584e-07	
8.000000	0.000704394	8.000000	0.000625413	8.000000	0.000631866	8.000000	0.000631866	8.000000	0.000631867	8.000000	0.000625055	8.000000	3.5765e-07	
8.500000	0.000680377	8.500000	0.000605776	8.500000	0.000613407	8.500000	0.000613407	8.500000	0.000613408	8.500000	0.000605437	8.500000	3.39024e-07	
9.000000	0.000658084	9.000000	0.000587381	9.000000	0.000596028	9.000000	0.000596028	9.000000	0.000596028	9.000000	0.000587059	9.000000	3.22338e-07	
9.500000	0.000637334	9.500000	0.000570107	9.500000	0.000579634	9.500000	0.000579634	9.500000	0.000579634	9.500000	0.0005698 	9.500000	3.07297e-07	
10.000000	0.000617971	10.000000	0.000530813	10.000000	0.000564142	10.000000	0.000564142	10.000000	0.000564143	10.000000	0.000530519	10.000000	2.93667e-07	
11.000000	0.000582876	11.000000	0.000509098	11.000000	0.000532295	11.000000	0.000536357	11.000000	0.000537928	11.000000	0.000508828	11.000000	2.69901e-07	
12.000000	0.000551899	12.000000	0.000488935	12.000000	0.000504105	12.000000	0.000511414	12.000000	0.000513954	12.000000	0.000488685	12.000000	2.49861e-07	
13.000000	0.000524343	13.000000	0.000470223	13.000000	0.000478991	13.000000	0.000488912	13.000000	0.000491995	13.000000	0.00046999	13.000000	2.32724e-07	
14.000000	0.00049966	14.000000	0.000452853	14.000000	0.000456493	14.000000	0.000468519	14.000000	0.000471847	14.000000	0.000452635	14.000000	2.17891e-07	
15.000000	0.000477416	15.000000	0.000436713	15.000000	0.000436245	15.000000	0.000449964	15.000000	0.000453322	15.000000	0.000436508	15.000000	2.0492e-07	
16.000000	0.000457258	16.000000	0.000421693	16.000000	0.000417932	16.000000	0.000433015	16.000000	0.000436258	16.000000	0.000421499	16.000000	1.93477e-07	
17.000000	0.000438901	17.000000	0.000407692	17.000000	0.0004013 	17.000000	0.000417483	17.000000	0.000420511	17.000000	0.000407509	17.000000	1.83302e-07	
18.000000	0.000422107	18.000000	0.000394618	18.000000	0.000386144	18.000000	0.000403204	18.000000	0.000405931	18.000000	0.000394444	18.000000	1.74193e-07	
19.000000	0.000406683	19.000000	0.000382387	19.000000	0.00037229	19.000000	0.000390039	19.000000	0.000392427	19.000000	0.000382221	19.000000	1.65987e-07	
20.000000	0.000392463	20.000000	0.000370924	20.000000	0.000359586	20.000000	0.000377871	20.000000	0.000379905	20.000000	0.000370765	20.000000	1.58555e-07	
21.000000	0.000379308	21.000000	0.00036016	21.000000	0.000347903	21.000000	0.000366598	21.000000	0.000368239	21.000000	0.000360009	21.000000	1.51791e-07	
22.000000	0.000367101	22.000000	0.000350037	22.000000	0.000337129	22.000000	0.00035613	22.000000	0.000357394	22.000000	0.000349891	22.000000	1.45606e-07	
23.000000	0.000355742	23.000000	0.000340499	23.000000	0.000327175	23.000000	0.000346391	23.000000	0.00034727	23.000000	0.000340359	23.000000	1.39929e-07	
24.000000	0.000345142	24.000000	0.000331499	24.000000	0.000317965	24.000000	0.000337314	24.000000	0.000337822	24.000000	0.000331364	24.000000	1.34698e-07	
25.000000	0.000335226	25.000000	0.000322993	25.000000	0.000309426	25.000000	0.000328839	25.000000	0.000328986	25.000000	0.000322863	25.000000	1.29863e-07	
27.000000	0.000317194	27.000000	0.00030731	27.000000	0.000294096	27.000000	0.000313494	27.000000	0.000312964	27.000000	0.000307189	27.000000	1.21207e-07	
29.000000	0.000301213	29.000000	0.000293182	29.000000	0.000280774	29.000000	0.000300003	29.000000	0.000298866	29.000000	0.000293069	29.000000	1.13682e-07	
31.000000	0.000286945	31.000000	0.000280392	31.000000	0.0002691 	31.000000	0.000287136	31.000000	0.000285461	31.000000	0.000280285	31.000000	1.07075e-07	
33.000000	0.000274124	33.000000	0.000268757	33.000000	0.000258501	33.000000	0.000274641	33.000000	0.000272594	33.000000	0.000268656	33.000000	1.01226e-07	
35.000000	0.000262537	35.000000	0.00025813	35.000000	0.000248806	35.000000	0.000263279	35.000000	0.000261003	35.000000	0.000258034	35.000000	9.60105e-08	
38.000000	0.000247098	38.000000	0.000243809	38.000000	0.000235645	38.000000	0.000248043	38.000000	0.000245609	38.000000	0.00024372	38.000000	8.91627e-08	
41.000000	0.000233593	41.000000	0.000231135	41.000000	0.000223945	41.000000	0.000234629	41.000000	0.000232178	41.000000	0.000231051	41.000000	8.32654e-08	
44.000000	0.000221674	44.000000	0.000219839	44.000000	0.000213467	44.000000	0.000222729	44.000000	0.000220345	44.000000	0.000219761	44.000000	7.8131e-08	
47.000000	0.000211073	47.000000	0.000209709	47.000000	0.00020404	47.000000	0.000212099	47.000000	0.000209831	47.000000	0.000209635	47.000000	7.36185e-08	
50.000000	0.000201578	50.000000	0.000200573	50.000000	0.000195503	50.000000	0.000202547	50.000000	0.000200426	50.000000	0.000200503	50.000000	6.962e-08 	
55.000000	0.000187771	55.000000	0.000187189	55.000000	0.000182939	55.000000	0.00018861	55.000000	0.000186751	55.000000	0.000187125	55.000000	6.3877e-08	
60.000000	0.000175995	60.000000	0.000175686	60.000000	0.000172105	60.000000	0.000176688	60.000000	0.000175092	60.000000	0.000175627	60.000000	5.90444e-08	
65.000000	0.000165826	65.000000	0.000165695	65.000000	0.000162661	65.000000	0.000166373	65.000000	0.000165028	65.000000	0.00016564	65.000000	5.4919e-08	
70.000000	0.000156949	70.000000	0.000156937	70.000000	0.000154355	70.000000	0.000157361	70.000000	0.000156245	70.000000	0.000156885	70.000000	5.13542e-08	
75.000000	0.00014913	75.000000	0.000149196	75.000000	0.000146988	75.000000	0.00014942	75.000000	0.000148533	75.000000	0.000149147	75.000000	4.82417e-08	
80.000000	0.000142186	80.000000	0.000142305	80.000000	0.00014043	80.000000	0.000142371	80.000000	0.000141689	80.000000	0.000142259	80.000000	4.54995e-08	
85.000000	0.000135977	85.000000	0.000136131	85.000000	0.000134522	85.000000	0.00013607	85.000000	0.000135569	85.000000	0.000136088	85.000000	4.30643e-08	
90.000000	0.000130388	90.000000	0.000130569	90.000000	0.000129199	90.000000	0.000130406	90.000000	0.000130065	90.000000	0.000130529	90.000000	4.08866e-08	
95.000000	0.00012533	95.000000	0.000125532	95.000000	0.000124364	95.000000	0.000125285	95.000000	0.000125092	95.000000	0.000125493	95.000000	3.89271e-08	
100.000000	0.000120729	100.000000	0.000120949	100.000000	0.000119967	100.000000	0.000120635	100.000000	0.000120573	100.000000	0.000120912	100.000000	3.71543e-08	
105.000000	0.000116524	105.000000	0.000116761	105.000000	0.000115939	105.000000	0.000116392	105.000000	0.000116445	105.000000	0.000116726	105.000000	3.55422e-08	
110.000000	0.000112666	110.000000	0.00011292	110.000000	0.000112233	110.000000	0.000112507	110.000000	0.000112668	110.000000	0.000112886	110.000000	3.40696e-08	
115.000000	0.000109112	115.000000	0.000109383	115.000000	0.000108821	115.000000	0.000108934	115.000000	0.000109187	115.000000	0.000109351	115.000000	3.27191e-08	
120.000000	0.000105828	120.000000	0.000106117	120.000000	0.000105666	120.000000	0.000105639	120.000000	0.000105981	120.000000	0.000106086	120.000000	3.14757e-08	
125.000000	0.000102782	125.000000	0.000103092	125.000000	0.000102737	125.000000	0.00010259	125.000000	0.000103008	125.000000	0.000103061	125.000000	3.03272e-08	
130.000000	9.99494e-05	130.000000	0.000100281	130.000000	0.000100018	130.000000	9.97608e-05	130.000000	0.000100252	130.000000	0.000100252	130.000000	2.92628e-08	
135.000000	9.73079e-05	135.000000	9.76631e-05	135.000000	9.74789e-05	135.000000	9.71283e-05	135.000000	9.76814e-05	135.000000	9.76348e-05	135.000000	2.82735e-08	
140.000000	9.48384e-05	140.000000	9.5219e-05	140.000000	9.51063e-05	140.000000	9.46729e-05	140.000000	9.5287e-05	140.000000	9.51916e-05	140.000000	2.73516e-08	
145.000000	9.25242e-05	145.000000	9.29319e-05	145.000000	9.28884e-05	145.000000	9.23773e-05	145.000000	9.30412e-05	145.000000	9.29054e-05	145.000000	2.64903e-08	
150.000000	9.03507e-05	150.000000	9.07872e-05	150.000000	9.08088e-05	150.000000	9.02265e-05	150.000000	9.09398e-05	150.000000	9.07615e-05	150.000000	2.56837e-08	
155.000000	8.72742e-05	155.000000	8.8772e-05	155.000000	8.88496e-05	155.000000	8.82073e-05	155.000000	8.89633e-05	155.000000	8.87471e-05	155.000000	2.49268e-08	
160.000000	8.54784e-05	160.000000	8.68751e-05	160.000000	8.70037e-05	160.000000	8.6308e-05	160.000000	8.71034e-05	160.000000	8.68508e-05	160.000000	2.42149e-08	
165.000000	8.37834e-05	165.000000	8.50862e-05	165.000000	8.52645e-05	165.000000	8.45183e-05	165.000000	8.5352e-05	165.000000	8.50627e-05	165.000000	2.35442e-08	
170.000000	8.21809e-05	170.000000	8.33965e-05	170.000000	8.36168e-05	170.000000	8.2829e-05	170.000000	8.36942e-05	170.000000	8.33736e-05	170.000000	2.29111e-08	
175.000000	8.06635e-05	175.000000	8.1798e-05	175.000000	8.20571e-05	175.000000	8.12321e-05	175.000000	8.21284e-05	175.000000	8.17757e-05	175.000000	2.23125e-08	
180.000000	7.92245e-05	180.000000	8.02835e-05	180.000000	8.05857e-05	180.000000	7.97201e-05	180.000000	8.06451e-05	180.000000	8.02618e-05	180.000000	2.17457e-08	
185.000000	7.78579e-05	185.000000	7.88467e-05	185.000000	7.9187e-05	185.000000	7.82865e-05	185.000000	7.92357e-05	185.000000	7.88254e-05	185.000000	2.1208e-08	
190.000000	7.65584e-05	190.000000	7.74816e-05	190.000000	7.78506e-05	190.000000	7.69255e-05	190.000000	7.78986e-05	190.000000	7.74609e-05	190.000000	2.06974e-08	
195.000000	7.5321e-05	195.000000	7.61831e-05	195.000000	7.65806e-05	195.000000	7.56316e-05	195.000000	7.66269e-05	195.000000	7.61629e-05	195.000000	2.02118e-08	
200.000000	7.41414e-05	200.000000	7.49465e-05	200.000000	7.53758e-05	200.000000	7.44002e-05	200.000000	7.5414e-05	200.000000	7.49268e-05	200.000000	1.97493e-08	
210.000000	7.194e-05 	210.000000	7.26422e-05	210.000000	7.3132e-05	210.000000	7.21075e-05	210.000000	7.31579e-05	210.000000	7.26233e-05	210.000000	1.88874e-08	
220.000000	6.99264e-05	220.000000	7.05386e-05	220.000000	7.10766e-05	220.000000	7.0017e-05	220.000000	7.10952e-05	220.000000	7.05205e-05	220.000000	1.81004e-08	
230.000000	6.80773e-05	230.000000	6.86109e-05	230.000000	6.91937e-05	230.000000	6.81034e-05	230.000000	6.92075e-05	230.000000	6.85935e-05	230.000000	1.73788e-08	
240.000000	6.63733e-05	240.000000	6.68381e-05	240.000000	6.74568e-05	240.000000	6.63455e-05	240.000000	6.74701e-05	240.000000	6.68213e-05	240.000000	1.67147e-08	
250.000000	6.4798e-05	250.000000	6.52023e-05	250.000000	6.58581e-05	250.000000	6.47253e-05	250.000000	6.58685e-05	250.000000	6.51862e-05	250.000000	1.61013e-08	
260.000000	6.33373e-05	260.000000	6.36886e-05	260.000000	6.438e-05 	260.000000	6.32274e-05	260.000000	6.43855e-05	260.000000	6.3673e-05	260.000000	1.5533e-08	
270.000000	6.19791e-05	270.000000	6.22838e-05	270.000000	6.30043e-05	270.000000	6.18389e-05	270.000000	6.30107e-05	270.000000	6.22688e-05	270.000000	1.5005e-08	
280.000000	6.07131e-05	280.000000	6.09768e-05	280.000000	6.17261e-05	280.000000	6.05483e-05	280.000000	6.17304e-05	280.000000	6.09623e-05	280.000000	1.4513e-08	
290.000000	5.95301e-05	290.000000	5.97579e-05	290.000000	6.05345e-05	290.000000	5.9346e-05	290.000000	6.05387e-05	290.000000	5.97439e-05	290.000000	1.40535e-08	
300.000000	5.84223e-05	300.000000	5.86187e-05	300.000000	5.94224e-05	300.000000	5.82233e-05	300.000000	5.94227e-05	300.000000	5.8605e-05	300.000000	1.36233e-08	
310.000000	5.73829e-05	310.000000	5.75516e-05	310.000000	5.83796e-05	310.000000	5.71728e-05	310.000000	5.83794e-05	310.000000	5.75384e-05	310.000000	1.32196e-08	
320.000000	5.64057e-05	320.000000	5.65502e-05	320.000000	5.73981e-05	320.000000	5.6188e-05	320.000000	5.74001e-05	320.000000	5.65374e-05	320.000000	1.284e-08 	
330.000000	5.54854e-05	330.000000	5.56088e-05	330.000000	5.64792e-05	330.000000	5.5263e-05	330.000000	5.64794e-05	330.000000	5.55963e-05	330.000000	1.24825e-08	
340.000000	5.46172e-05	340.000000	5.47222e-05	340.000000	5.56155e-05	340.000000	5.43928e-05	340.000000	5.56139e-05	340.000000	5.47101e-05	340.000000	1.21451e-08	
350.000000	5.37969e-05	350.000000	5.3886e-05	350.000000	5.4798e-05	350.000000	5.35727e-05	350.000000	5.47962e-05	350.000000	5.38742e-05	350.000000	1.18261e-08	
360.000000	5.30207e-05	360.000000	5.3096e-05	360.000000	5.40256e-05	360.000000	5.27988e-05	360.000000	5.40247e-05	360.000000	5.30845e-05	360.000000	1.1524e-08	
370.000000	5.22852e-05	370.000000	5.23486e-05	370.000000	5.3296e-05	370.000000	5.20673e-05	370.000000	5.3296e-05	370.000000	5.23374e-05	370.000000	1.12376e-08	
380.000000	5.15874e-05	380.000000	5.16407e-05	380.000000	5.26053e-05	380.000000	5.1375e-05	380.000000	5.26044e-05	380.000000	5.16297e-05	380.000000	1.09656e-08	
390.000000	5.09245e-05	390.000000	5.09692e-05	390.000000	5.19506e-05	390.000000	5.0719e-05	390.000000	5.19495e-05	390.000000	5.09585e-05	390.000000	1.0707e-08	
400.000000	5.02941e-05	400.000000	5.03315e-05	400.000000	5.13291e-05	400.000000	5.00966e-05	400.000000	5.13286e-05	400.000000	5.0321e-05	400.000000	1.04607e-08	
410.000000	4.96938e-05	410.000000	4.97253e-05	410.000000	5.07389e-05	410.000000	4.95054e-05	410.000000	5.07372e-05	410.000000	4.9715e-05	410.000000	1.02259e-08	
420.000000	4.91217e-05	420.000000	4.91483e-05	420.000000	5.01779e-05	420.000000	4.89432e-05	420.000000	5.0175e-05	420.000000	4.91383e-05	420.000000	1.00019e-08	
430.000000	4.85758e-05	430.000000	4.85986e-05	430.000000	4.96431e-05	430.000000	4.84081e-05	430.000000	4.96402e-05	430.000000	4.85888e-05	430.000000	9.78777e-09	
440.000000	4.80546e-05	440.000000	4.80743e-05	440.000000	4.91318e-05	440.000000	4.78982e-05	440.000000	4.913e-05 	440.000000	4.80647e-05	440.000000	9.58299e-09	
450.000000	4.75563e-05	450.000000	4.75739e-05	450.000000	4.86438e-05	450.000000	4.74119e-05	450.000000	4.86429e-05	450.000000	4.75646e-05	450.000000	9.38693e-09	
460.000000	4.70797e-05	460.000000	4.70959e-05	460.000000	4.81791e-05	460.000000	4.69477e-05	460.000000	4.81781e-05	460.000000	4.70867e-05	460.000000	9.19903e-09	
470.000000	4.66233e-05	470.000000	4.66388e-05	470.000000	4.77359e-05	470.000000	4.65042e-05	470.000000	4.77344e-05	470.000000	4.66297e-05	470.000000	9.01878e-09	
480.000000	4.61861e-05	480.000000	4.62013e-05	480.000000	4.7311e-05	480.000000	4.60802e-05	480.000000	4.7309e-05	480.000000	4.61925e-05	480.000000	8.84572e-09	
490.000000	4.57668e-05	490.000000	4.57824e-05	490.000000	4.69031e-05	490.000000	4.56744e-05	490.000000	4.6902e-05	490.000000	4.57737e-05	490.000000	8.67943e-09	
500.000000	4.53645e-05	500.000000	4.53809e-05	500.000000	4.65127e-05	500.000000	4.52858e-05	500.000000	4.65124e-05	500.000000	4.53724e-05	500.000000	8.5195e-09	
520.000000	4.46071e-05	520.000000	4.46263e-05	520.000000	4.57828e-05	520.000000	4.45562e-05	520.000000	4.57805e-05	520.000000	4.46181e-05	520.000000	8.21734e-09	
540.000000	4.39071e-05	540.000000	4.39304e-05	540.000000	4.51091e-05	540.000000	4.38844e-05	540.000000	4.51058e-05	540.000000	4.39225e-05	540.000000	7.93663e-09	
560.000000	4.32586e-05	560.000000	4.32872e-05	560.000000	4.44848e-05	560.000000	4.32641e-05	560.000000	4.44831e-05	560.000000	4.32795e-05	560.000000	7.67514e-09	
580.000000	4.26566e-05	580.000000	4.26913e-05	580.000000	4.39075e-05	580.000000	4.26902e-05	580.000000	4.39058e-05	580.000000	4.26838e-05	580.000000	7.43095e-09	
600.000000	4.20967e-05	600.000000	4.2138e-05	600.000000	4.33722e-05	600.000000	4.2158e-05	600.000000	4.33712e-05	600.000000	4.21308e-05	600.000000	7.20236e-09	
620.000000	4.1575e-05	620.000000	4.16235e-05	620.000000	4.28745e-05	620.000000	4.16636e-05	620.000000	4.28732e-05	620.000000	4.16165e-05	620.000000	6.98791e-09	
640.000000	4.10882e-05	640.000000	4.11442e-05	640.000000	4.24112e-05	640.000000	4.12033e-05	640.000000	4.241e-05 	640.000000	4.11374e-05	640.000000	6.78632e-09	
660.000000	4.06332e-05	660.000000	4.06969e-05	660.000000	4.19791e-05	660.000000	4.07742e-05	660.000000	4.19779e-05	660.000000	4.06903e-05	660.000000	6.59644e-09	
680.000000	4.02073e-05	680.000000	4.02789e-05	680.000000	4.15753e-05	680.000000	4.03734e-05	680.000000	4.15738e-05	680.000000	4.02725e-05	680.000000	6.41727e-09	
700.000000	3.98083e-05	700.000000	3.98878e-05	700.000000	4.11979e-05	700.000000	3.99985e-05	700.000000	4.11963e-05	700.000000	3.98815e-05	700.000000	6.24793e-09	
720.000000	3.94339e-05	720.000000	3.95213e-05	720.000000	4.08445e-05	720.000000	3.96475e-05	720.000000	4.08421e-05	720.000000	3.95152e-05	720.000000	6.08761e-09	
740.000000	3.90824e-05	740.000000	3.91776e-05	740.000000	4.05121e-05	740.000000	3.93182e-05	740.000000	4.05097e-05	740.000000	3.91717e-05	740.000000	5.9356e-09	
760.000000	3.87519e-05	760.000000	3.88549e-05	760.000000	4.01988e-05	760.000000	3.9009e-05	760.000000	4.0198e-05	760.000000	3.88491e-05	760.000000	5.79127e-09	
780.000000	3.8441e-05	780.000000	3.85515e-05	780.000000	3.99041e-05	780.000000	3.87184e-05	780.000000	3.99044e-05	780.000000	3.85459e-05	780.000000	5.65404e-09	
800.000000	3.81483e-05	800.000000	3.82662e-05	800.000000	3.96275e-05	800.000000	3.84449e-05	800.000000	3.9628e-05	800.000000	3.82606e-05	800.000000	5.52339e-09	
820.000000	3.78724e-05	820.000000	3.79975e-05	820.000000	3.93678e-05	820.000000	3.81873e-05	820.000000	3.93679e-05	820.000000	3.79921e-05	820.000000	5.39886e-09	
840.000000	3.76124e-05	840.000000	3.77444e-05	840.000000	3.91231e-05	840.000000	3.79443e-05	840.000000	3.91224e-05	840.000000	3.77391e-05	840.000000	5.28001e-09	
860.000000	3.73671e-05	860.000000	3.75057e-05	860.000000	3.88922e-05	860.000000	3.77151e-05	860.000000	3.88903e-05	860.000000	3.75006e-05	860.000000	5.16648e-09	
880.000000	3.71356e-05	880.000000	3.72806e-05	880.000000	3.86736e-05	880.000000	3.74985e-05	880.000000	3.86714e-05	880.000000	3.72755e-05	880.000000	5.05789e-09	
900.000000	3.6917e-05	900.000000	3.70681e-05	900.000000	3.84663e-05	900.000000	3.72938e-05	900.000000	3.84646e-05	900.000000	3.70632e-05	900.000000	4.95394e-09	
920.000000	3.67106e-05	920.000000	3.68674e-05	920.000000	3.82695e-05	920.000000	3.71002e-05	920.000000	3.82683e-05	920.000000	3.68626e-05	920.000000	4.85433e-09	
940.000000	3.65156e-05	940.000000	3.66779e-05	940.000000	3.80832e-05	940.000000	3.69169e-05	940.000000	3.80826e-05	940.000000	3.66731e-05	940.000000	4.75878e-09	
960.000000	3.63312e-05	960.000000	3.64987e-05	960.000000	3.79071e-05	960.000000	3.67432e-05	960.000000	3.79068e-05	960.000000	3.6494e-05	960.000000	4.66706e-09	
980.000000	3.6157e-05	980.000000	3.63293e-05	980.000000	3.77407e-05	980.000000	3.65787e-05	980.000000	3.77403e-05	980.000000	3.63248e-05	980.000000	4.57893e-09	
1000.000000	3.59924e-05	1000.000000	3.61692e-05	1000.000000	3.75832e-05	1000.000000	3.64226e-05	1000.000000	3.75818e-05	1000.000000	3.61647e-05	1000.000000	4.49418e-09	
1020.000000	3.58367e-05	1020.000000	3.60177e-05	1020.000000	3.74336e-05	1020.000000	3.62745e-05	1020.000000	3.74316e-05	1020.000000	3.60133e-05	1020.000000	4.41263e-09	
1040.000000	3.56896e-05	1040.000000	3.58744e-05	1040.000000	3.72912e-05	1040.000000	3.61339e-05	1040.000000	3.72891e-05	1040.000000	3.58701e-05	1040.000000	4.33408e-09	
1060.000000	3.55505e-05	1060.000000	3.57389e-05	1060.000000	3.71555e-05	1060.000000	3.60004e-05	1060.000000	3.71539e-05	1060.000000	3.57347e-05	1060.000000	4.25838e-09	
1080.000000	3.54191e-05	1080.000000	3.56107e-05	1080.000000	3.70263e-05	1080.000000	3.58735e-05	1080.000000	3.70248e-05	1080.000000	3.56065e-05	1080.000000	4.18538e-09	
1100.000000	3.5295e-05	1100.000000	3.54894e-05	1100.000000	3.69033e-05	1100.000000	3.57528e-05	1100.000000	3.69023e-05	1100.000000	3.54853e-05	1100.000000	4.11492e-09	
1120.000000	3.51777e-05	1120.000000	3.53747e-05	1120.000000	3.67864e-05	1120.000000	3.56381e-05	1120.000000	3.67858e-05	1120.000000	3.53706e-05	1120.000000	4.04688e-09	
1140.000000	3.5067e-05	1140.000000	3.52662e-05	1140.000000	3.66753e-05	1140.000000	3.5529e-05	1140.000000	3.66752e-05	1140.000000	3.52622e-05	1140.000000	3.98114e-09	
1160.000000	3.49626e-05	1160.000000	3.51636e-05	1160.000000	3.65695e-05	1160.000000	3.54252e-05	1160.000000	3.65696e-05	1160.000000	3.51597e-05	1160.000000	3.91757e-09	
1180.000000	3.48641e-05	1180.000000	3.50666e-05	1180.000000	3.64689e-05	1180.000000	3.53264e-05	1180.000000	3.6469e-05	1180.000000	3.50628e-05	1180.000000	3.85607e-09	
1200.000000	3.47712e-05	1200.000000	3.4975e-05	1200.000000	3.6373e-05	1200.000000	3.52323e-05	1200.000000	3.63733e-05	1200.000000	3.49712e-05	1200.000000	3.79654e-09	
1220.000000	3.46837e-05	1220.000000	3.48885e-05	1220.000000	3.62816e-05	1220.000000	3.51427e-05	1220.000000	3.62822e-05	1220.000000	3.48847e-05	1220.000000	3.73888e-09	
1240.000000	3.46014e-05	1240.000000	3.48067e-05	1240.000000	3.61945e-05	1240.000000	3.50574e-05	1240.000000	3.61955e-05	1240.000000	3.48031e-05	1240.000000	3.68301e-09	
1260.000000	3.45241e-05	1260.000000	3.47296e-05	1260.000000	3.61116e-05	1260.000000	3.49761e-05	1260.000000	3.61127e-05	1260.000000	3.4726e-05	1260.000000	3.62884e-09	
1280.000000	3.44514e-05	1280.000000	3.4657e-05	1280.000000	3.60326e-05	1280.000000	3.48986e-05	1280.000000	3.60336e-05	1280.000000	3.46534e-05	1280.000000	3.57631e-09	
1300.000000	3.43833e-05	1300.000000	3.45885e-05	1300.000000	3.59574e-05	1300.000000	3.48248e-05	1300.000000	3.59584e-05	1300.000000	3.45849e-05	1300.000000	3.52532e-09	
1320.000000	3.43195e-05	1320.000000	3.4524e-05	1320.000000	3.58859e-05	1320.000000	3.47545e-05	1320.000000	3.58867e-05	1320.000000	3.45205e-05	1320.000000	3.47582e-09	
1340.000000	3.42598e-05	1340.000000	3.44633e-05	1340.000000	3.58178e-05	1340.000000	3.46874e-05	1340.000000	3.58185e-05	1340.000000	3.44599e-05	1340.000000	3.42773e-09	
1360.000000	3.42041e-05	1360.000000	3.44064e-05	1360.000000	3.5753e-05	1360.000000	3.46235e-05	1360.000000	3.57533e-05	1360.000000	3.4403e-05	1360.000000	3.38101e-09	
1380.000000	3.41522e-05	1380.000000	3.43529e-05	1380.000000	3.56912e-05	1380.000000	3.45627e-05	1380.000000	3.5691e-05	1380.000000	3.43496e-05	1380.000000	3.33559e-09	
1400.000000	3.41039e-05	1400.000000	3.43028e-05	1400.000000	3.56323e-05	1400.000000	3.45046e-05	1400.000000	3.56317e-05	1400.000000	3.42995e-05	1400.000000	3.29141e-09	
1420.000000	3.40592e-05	1420.000000	3.4256e-05	1420.000000	3.55761e-05	1420.000000	3.44493e-05	1420.000000	3.55752e-05	1420.000000	3.42527e-05	1420.000000	3.24843e-09	
1440.000000	3.40179e-05	1440.000000	3.42122e-05	1440.000000	3.55225e-05	1440.000000	3.43966e-05	1440.000000	3.55213e-05	1440.000000	3.4209e-05	1440.000000	3.2066e-09	
1460.000000	3.39798e-05	1460.000000	3.41714e-05	1460.000000	3.54712e-05	1460.000000	3.43463e-05	1460.000000	3.54701e-05	1460.000000	3.41682e-05	1460.000000	3.16587e-09	
1480.000000	3.39448e-05	1480.000000	3.41334e-05	1480.000000	3.54223e-05	1480.000000	3.42985e-05	1480.000000	3.5421e-05	1480.000000	3.41303e-05	1480.000000	3.1262e-09	
1500.000000	3.39129e-05	1500.000000	3.40982e-05	1500.000000	3.53756e-05	1500.000000	3.42529e-05	1500.000000	3.53742e-05	1500.000000	3.40951e-05	1500.000000	3.08754e-09	
1520.000000	3.38838e-05	1520.000000	3.40656e-05	1520.000000	3.5331e-05	1520.000000	3.42094e-05	1520.000000	3.53297e-05	1520.000000	3.40626e-05	1520.000000	3.04986e-09	
1540.000000	3.38576e-05	1540.000000	3.40355e-05	1540.000000	3.52885e-05	1540.000000	3.41681e-05	1540.000000	3.52873e-05	1540.000000	3.40325e-05	1540.000000	3.01313e-09	
1560.000000	3.3834e-05	1560.000000	3.40079e-05	1560.000000	3.5248e-05	1560.000000	3.41287e-05	1560.000000	3.52469e-05	1560.000000	3.40049e-05	1560.000000	2.97729e-09	
1580.000000	3.38131e-05	1580.000000	3.39826e-05	1580.000000	3.52094e-05	1580.000000	3.40912e-05	1580.000000	3.52086e-05	1580.000000	3.39797e-05	1580.000000	2.94233e-09	
1600.000000	3.37947e-05	1600.000000	3.39596e-05	1600.000000	3.51726e-05	1600.000000	3.40556e-05	1600.000000	3.51719e-05	1600.000000	3.39567e-05	1600.000000	2.90821e-09	
1620.000000	3.37787e-05	1620.000000	3.39387e-05	1620.000000	3.51377e-05	1620.000000	3.40217e-05	1620.000000	3.51369e-05	1620.000000	3.39359e-05	1620.000000	2.8749e-09	
1640.000000	3.37651e-05	1640.000000	3.392e-05 	1640.000000	3.51044e-05	1640.000000	3.39894e-05	1640.000000	3.51037e-05	1640.000000	3.39171e-05	1640.000000	2.84237e-09	
1660.000000	3.37537e-05	1660.000000	3.39032e-05	1660.000000	3.50728e-05	1660.000000	3.39588e-05	1660.000000	3.50721e-05	1660.000000	3.39004e-05	1660.000000	2.8106e-09	
1680.000000	3.37445e-05	1680.000000	3.38884e-05	1680.000000	3.50428e-05	1680.000000	3.39297e-05	1680.000000	3.50422e-05	1680.000000	3.38856e-05	1680.000000	2.77955e-09	
1700.000000	3.37375e-05	1700.000000	3.38755e-05	1700.000000	3.50143e-05	1700.000000	3.39021e-05	1700.000000	3.50138e-05	1700.000000	3.38727e-05	1700.000000	2.7492e-09	
1750.000000	3.37288e-05	1750.000000	3.3851e-05	1750.000000	3.49492e-05	1750.000000	3.38391e-05	1750.000000	3.49487e-05	1750.000000	3.38483e-05	1750.000000	2.67626e-09	
1800.000000	3.3732e-05	1800.000000	3.38369e-05	1800.000000	3.48924e-05	1800.000000	3.37841e-05	1800.000000	3.48916e-05	1800.000000	3.38343e-05	1800.000000	2.60721e-09	
1850.000000	3.37462e-05	1850.000000	3.38324e-05	1850.000000	3.48429e-05	1850.000000	3.37364e-05	1850.000000	3.48422e-05	1850.000000	3.38298e-05	1850.000000	2.54175e-09	
1900.000000	3.37706e-05	1900.000000	3.38367e-05	1900.000000	3.48002e-05	1900.000000	3.36954e-05	1900.000000	3.47992e-05	1900.000000	3.38342e-05	1900.000000	2.47961e-09	
1950.000000	3.38046e-05	1950.000000	3.38491e-05	1950.000000	3.47635e-05	1950.000000	3.36603e-05	1950.000000	3.47623e-05	1950.000000	3.38467e-05	1950.000000	2.42054e-09	
2000.000000	3.38475e-05	2000.000000	3.38691e-05	2000.000000	3.47322e-05	2000.000000	3.36306e-05	2000.000000	3.47312e-05	2000.000000	3.38667e-05	2000.000000	2.3643e-09	
2100.000000	3.39576e-05	2100.000000	3.39295e-05	2100.000000	3.4684e-05	2100.000000	3.35859e-05	2100.000000	3.46834e-05	2100.000000	3.39273e-05	2100.000000	2.25958e-09	
2200.000000	3.40969e-05	2200.000000	3.40141e-05	2200.000000	3.46525e-05	2200.000000	3.35579e-05	2200.000000	3.46528e-05	2200.000000	3.4012e-05	2200.000000	2.16402e-09	
2300.000000	3.42621e-05	2300.000000	3.41198e-05	2300.000000	3.46353e-05	2300.000000	3.35439e-05	2300.000000	3.46361e-05	2300.000000	3.41177e-05	2300.000000	2.07647e-09	
2400.000000	3.44503e-05	2400.000000	3.42438e-05	2400.000000	3.46305e-05	2400.000000	3.35418e-05	2400.000000	3.46318e-05	2400.000000	3.42418e-05	2400.000000	1.99595e-09	
2500.000000	3.46592e-05	2500.000000	3.43841e-05	2500.000000	3.46363e-05	2500.000000	3.35496e-05	2500.000000	3.46374e-05	2500.000000	3.43821e-05	2500.000000	1.92163e-09	
2600.000000	3.48866e-05	2600.000000	3.45386e-05	2600.000000	3.46509e-05	2600.000000	3.3566e-05	2600.000000	3.46519e-05	2600.000000	3.45367e-05	2600.000000	1.85282e-09	
2700.000000	3.51309e-05	2700.000000	3.47058e-05	2700.000000	3.46729e-05	2700.000000	3.35896e-05	2700.000000	3.46736e-05	2700.000000	3.4704e-05	2700.000000	1.78893e-09	
2800.000000	3.53905e-05	2800.000000	3.48843e-05	2800.000000	3.47011e-05	2800.000000	3.36193e-05	2800.000000	3.47018e-05	2800.000000	3.48825e-05	2800.000000	1.72943e-09	
2900.000000	3.56642e-05	2900.000000	3.50729e-05	2900.000000	3.47346e-05	2900.000000	3.36543e-05	2900.000000	3.47351e-05	2900.000000	3.50712e-05	2900.000000	1.67389e-09	
3000.000000	3.59508e-05	3000.000000	3.52706e-05	3000.000000	3.47727e-05	3000.000000	3.36938e-05	3000.000000	3.47731e-05	3000.000000	3.5269e-05	3000.000000	1.62191e-09	
3200.000000	3.65588e-05	3200.000000	3.56898e-05	3200.000000	3.48598e-05	3200.000000	3.37838e-05	3200.000000	3.48603e-05	3200.000000	3.56882e-05	3200.000000	1.52736e-09	
3400.000000	3.72079e-05	3400.000000	3.61359e-05	3400.000000	3.49584e-05	3400.000000	3.3885e-05	3400.000000	3.49591e-05	3400.000000	3.61344e-05	3400.000000	1.44355e-09	
3600.000000	3.7893e-05	3600.000000	3.66042e-05	3600.000000	3.50656e-05	3600.000000	3.39944e-05	3600.000000	3.50664e-05	3600.000000	3.66028e-05	3600.000000	1.36872e-09	
3800.000000	3.86097e-05	3800.000000	3.70912e-05	3800.000000	3.51788e-05	3800.000000	3.41095e-05	3800.000000	3.51796e-05	3800.000000	3.70899e-05	3800.000000	1.3015e-09	
4000.000000	3.93549e-05	4000.000000	3.75938e-05	4000.000000	3.52964e-05	4000.000000	3.42287e-05	4000.000000	3.52969e-05	4000.000000	3.75925e-05	4000.000000	1.24076e-09	
4200.000000	4.01257e-05	4200.000000	3.81097e-05	4200.000000	3.54168e-05	4200.000000	3.43506e-05	4200.000000	3.54172e-05	4200.000000	3.81085e-05	4200.000000	1.1856e-09	
4400.000000	4.092e-05 	4400.000000	3.8637e-05	4400.000000	3.55389e-05	4400.000000	3.44742e-05	4400.000000	3.55391e-05	4400.000000	3.86359e-05	4400.000000	1.13529e-09	
4600.000000	4.17358e-05	4600.000000	3.91741e-05	4600.000000	3.56619e-05	4600.000000	3.45986e-05	4600.000000	3.56621e-05	4600.000000	3.9173e-05	4600.000000	1.0892e-09	
4800.000000	4.25717e-05	4800.000000	3.97197e-05	4800.000000	3.57852e-05	4800.000000	3.47232e-05	4800.000000	3.57853e-05	4800.000000	3.97186e-05	4800.000000	1.04681e-09	
5000.000000	4.34261e-05	5000.000000	4.02725e-05	5000.000000	3.59083e-05	5000.000000	3.48476e-05	5000.000000	3.59084e-05	5000.000000	4.02715e-05	5000.000000	1.0077e-09	
5250.000000	4.45188e-05	5250.000000	4.09725e-05	5250.000000	3.60612e-05	5250.000000	3.50022e-05	5250.000000	3.60614e-05	5250.000000	4.09715e-05	5250.000000	9.62858e-10	
5500.000000	4.56369e-05	5500.000000	4.16809e-05	5500.000000	3.62128e-05	5500.000000	3.51553e-05	5500.000000	3.6213e-05	5500.000000	4.168e-05 	5500.000000	9.21953e-10	
6000.000000	4.7944e-05	6000.000000	4.31184e-05	6000.000000	3.65101e-05	6000.000000	3.54557e-05	6000.000000	3.65104e-05	6000.000000	4.31175e-05	6000.000000	8.50028e-10	
6500.000000	5.03376e-05	6500.000000	4.45771e-05	6500.000000	3.67987e-05	6500.000000	3.57467e-05	6500.000000	3.67987e-05	6500.000000	4.45763e-05	6500.000000	7.88806e-10	
7000.000000	5.2811e-05	7000.000000	4.60517e-05	7000.000000	3.70774e-05	7000.000000	3.60276e-05	7000.000000	3.70769e-05	7000.000000	4.6051e-05	7000.000000	7.36043e-10	
7500.000000	5.53588e-05	7500.000000	4.75381e-05	7500.000000	3.73441e-05	7500.000000	3.62983e-05	7500.000000	3.73449e-05	7500.000000	4.75374e-05	7500.000000	6.90085e-10	
8000.000000	5.79773e-05	8000.000000	4.90335e-05	8000.000000	3.76013e-05	8000.000000	3.65586e-05	8000.000000	3.76026e-05	8000.000000	4.90328e-05	8000.000000	6.49683e-10	
8500.000000	6.06635e-05	8500.000000	5.05356e-05	8500.000000	3.78495e-05	8500.000000	3.68092e-05	8500.000000	3.78504e-05	8500.000000	5.0535e-05	8500.000000	6.13879e-10	
9000.000000	6.34149e-05	9000.000000	5.20427e-05	9000.000000	3.80883e-05	9000.000000	3.70502e-05	9000.000000	3.80887e-05	9000.000000	5.20422e-05	9000.000000	5.81922e-10	
9500.000000	6.62299e-05	9500.000000	5.35537e-05	9500.000000	3.83179e-05	9500.000000	3.72823e-05	9500.000000	3.8318e-05	9500.000000	5.35531e-05	9500.000000	5.5322e-10	
10000.000000	6.91068e-05	10000.000000	5.50674e-05	10000.000000	3.85387e-05	10000.000000	3.75058e-05	10000.000000	3.85386e-05	10000.000000	5.50669e-05	10000.000000	5.27293e-10	
11000.000000	7.50422e-05	11000.000000	5.81001e-05	11000.000000	3.89558e-05	11000.000000	3.79292e-05	11000.000000	3.89562e-05	11000.000000	5.80996e-05	11000.000000	4.82288e-10	
12000.000000	8.1214e-05	12000.000000	6.11362e-05	12000.000000	3.93441e-05	12000.000000	3.83241e-05	12000.000000	3.93448e-05	12000.000000	6.11358e-05	12000.000000	4.4455e-10	
13000.000000	8.76173e-05	13000.000000	6.41728e-05	13000.000000	3.97069e-05	13000.000000	3.86935e-05	13000.000000	3.97077e-05	13000.000000	6.41724e-05	13000.000000	4.12436e-10	
14000.000000	9.4249e-05	14000.000000	6.72078e-05	14000.000000	4.00474e-05	14000.000000	3.90404e-05	14000.000000	4.00476e-05	14000.000000	6.72075e-05	14000.000000	3.84767e-10	
15000.000000	0.000101107	15000.000000	7.02401e-05	15000.000000	4.03677e-05	15000.000000	3.93671e-05	15000.000000	4.03671e-05	15000.000000	7.02397e-05	15000.000000	3.60671e-10	
16000.000000	0.000108189	16000.000000	7.32687e-05	16000.000000	4.0669e-05	16000.000000	3.96757e-05	16000.000000	4.06681e-05	16000.000000	7.32683e-05	16000.000000	3.39493e-10	
17000.000000	0.000115496	17000.000000	7.6293e-05	17000.000000	4.09532e-05	17000.000000	3.99681e-05	17000.000000	4.09524e-05	17000.000000	7.62927e-05	17000.000000	3.20729e-10	
18000.000000	0.000123025	18000.000000	7.93127e-05	18000.000000	4.12221e-05	18000.000000	4.02457e-05	18000.000000	4.12218e-05	18000.000000	7.93124e-05	18000.000000	3.03985e-10	
19000.000000	0.000130778	19000.000000	8.23275e-05	19000.000000	4.14772e-05	19000.000000	4.05099e-05	19000.000000	4.14773e-05	19000.000000	8.23272e-05	19000.000000	2.88948e-10	
20000.000000	0.000138753	20000.000000	8.53374e-05	20000.000000	4.17201e-05	20000.000000	4.0762e-05	20000.000000	4.17204e-05	20000.000000	8.53371e-05	20000.000000	2.75368e-10	
21000.000000	0.000146952	21000.000000	8.83422e-05	21000.000000	4.19518e-05	21000.000000	4.10029e-05	21000.000000	4.1952e-05	21000.000000	8.83419e-05	21000.000000	2.63041e-10	
22000.000000	0.000155374	22000.000000	9.1342e-05	22000.000000	4.21727e-05	22000.000000	4.12336e-05	22000.000000	4.2173e-05	22000.000000	9.13417e-05	22000.000000	2.518e-10 	
23000.000000	0.00016402	23000.000000	9.43367e-05	23000.000000	4.23841e-05	23000.000000	4.1455e-05	23000.000000	4.23845e-05	23000.000000	9.43364e-05	23000.000000	2.41506e-10	
24000.000000	0.000172891	24000.000000	9.73264e-05	24000.000000	4.25866e-05	24000.000000	4.16676e-05	24000.000000	4.25866e-05	24000.000000	9.73262e-05	24000.000000	2.32043e-10	
25000.000000	0.000181987	25000.000000	0.000100311	25000.000000	4.27806e-05	25000.000000	4.18722e-05	25000.000000	4.27807e-05	25000.000000	0.000100311	25000.000000	2.23313e-10	
26000.000000	0.000191308	26000.000000	0.000103291	26000.000000	4.29671e-05	26000.000000	4.20693e-05	26000.000000	4.29668e-05	26000.000000	0.000103291	26000.000000	2.15234e-10	
27000.000000	0.000200856	27000.000000	0.000106266	27000.000000	4.31466e-05	27000.000000	4.22595e-05	27000.000000	4.31458e-05	27000.000000	0.000106266	27000.000000	2.07736e-10	
28000.000000	0.000210632	28000.000000	0.000109237	28000.000000	4.3319e-05	28000.000000	4.24432e-05	28000.000000	4.33178e-05	28000.000000	0.000109237	28000.000000	2.00756e-10	
29000.000000	0.000220636	29000.000000	0.000112203	29000.000000	4.34845e-05	29000.000000	4.26208e-05	29000.000000	4.34837e-05	29000.000000	0.000112203	29000.000000	1.94242e-10	
30000.000000	0.00023087	30000.000000	0.000115165	30000.000000	4.36437e-05	30000.000000	4.27928e-05	30000.000000	4.36435e-05	30000.000000	0.000115164	30000.000000	1.8815e-10	
32000.000000	0.000252028	32000.000000	0.000121075	32000.000000	4.3946e-05	32000.000000	4.3121e-05	32000.000000	4.39467e-05	32000.000000	0.000121075	32000.000000	1.77073e-10	
34000.000000	0.000274115	34000.000000	0.000126968	34000.000000	4.42296e-05	34000.000000	4.34303e-05	34000.000000	4.42298e-05	34000.000000	0.000126968	34000.000000	1.6726e-10	
36000.000000	0.000297139	36000.000000	0.000132846	36000.000000	4.44951e-05	36000.000000	4.37228e-05	36000.000000	4.4495e-05	36000.000000	0.000132846	36000.000000	1.58504e-10	
38000.000000	0.000321109	38000.000000	0.000138708	38000.000000	4.47436e-05	38000.000000	4.40001e-05	38000.000000	4.47443e-05	38000.000000	0.000138708	38000.000000	1.50643e-10	
40000.000000	0.000346033	40000.000000	0.000144556	40000.000000	4.49773e-05	40000.000000	4.42637e-05	40000.000000	4.49789e-05	40000.000000	0.000144556	40000.000000	1.43545e-10	
42000.000000	0.00037192	42000.000000	0.00015039	42000.000000	4.51981e-05	42000.000000	4.45149e-05	42000.000000	4.52002e-05	42000.000000	0.000150389	42000.000000	1.37102e-10	
44000.000000	0.00039878	44000.000000	0.00015621	44000.000000	4.54078e-05	44000.000000	4.47549e-05	44000.000000	4.54097e-05	44000.000000	0.00015621	44000.000000	1.31228e-10	
46000.000000	0.000426623	46000.000000	0.000162018	46000.000000	4.56079e-05	46000.000000	4.49845e-05	46000.000000	4.56076e-05	46000.000000	0.000162017	46000.000000	1.25849e-10	
48000.000000	0.000455457	48000.000000	0.000167813	48000.000000	4.57988e-05	48000.000000	4.52047e-05	48000.000000	4.57958e-05	48000.000000	0.000167813	48000.000000	1.20905e-10	
50000.000000	0.000485293	50000.000000	0.000173597	50000.000000	4.59799e-05	50000.000000	4.54161e-05	50000.000000	4.59743e-05	50000.000000	0.000173596	50000.000000	1.16345e-10	
