! 86Kr energy loss (dE/dX) in He
! apply ZOOM for details
Energy (MeV/u)1	0 - [He-base] F.Hubert et al, AD&ND Tables 46(1990)1	Energy (MeV/u)2	1 - [H -base] J.F.Ziegler et al,Pergamon Press,NY(low energy)	Energy (MeV/u)3	2 - ATIMA 1.2 LS-theory (recommended for high energy)	Energy (MeV/u)4	3 - ATIMA 1.2 without LS-correction	Energy (MeV/u)5	4 - ATIMA 1.4 H.Weick, improved mean charge formula for HI	Energy (MeV/u)6	5 - electrical component of [1] - J.F.Ziegler et al	Energy (MeV/u)7	6 - nuclear component of [1] - J.F.Ziegler et al	
0.001000	0.000212832	0.001000	0.000212832	0.001000	0.000186319	0.001000	0.000186319	0.001000	0.000186329	0.001000	5.46139e-05	0.001000	0.000158218	
0.002000	0.000214273	0.002000	0.000214273	0.002000	0.000183187	0.002000	0.000183187	0.002000	0.000183195	0.002000	7.08254e-05	0.002000	0.000143448	
0.005000	0.000208631	0.005000	0.000208631	0.005000	0.000171595	0.005000	0.000171595	0.005000	0.0001716 	0.005000	9.98658e-05	0.005000	0.000108765	
0.008000	0.00020782	0.008000	0.00020782	0.008000	0.00016818	0.008000	0.00016818	0.008000	0.000168183	0.008000	0.000119114	0.008000	8.8706e-05	
0.010000	0.000208988	0.010000	0.000208988	0.010000	0.000168332	0.010000	0.000168332	0.010000	0.000168335	0.010000	0.00012951	0.010000	7.94779e-05	
0.015000	0.000214638	0.015000	0.000214638	0.015000	0.000172683	0.015000	0.000172683	0.015000	0.000172685	0.015000	0.000150778	0.015000	6.38601e-05	
0.020000	0.000221901	0.020000	0.000221901	0.020000	0.000179605	0.020000	0.000179605	0.020000	0.000179607	0.020000	0.000167954	0.020000	5.39477e-05	
0.025000	0.000229622	0.025000	0.000229622	0.025000	0.000187498	0.025000	0.000187498	0.025000	0.000187499	0.025000	0.000182612	0.025000	4.70093e-05	
0.030000	0.000237373	0.030000	0.000237373	0.030000	0.000195736	0.030000	0.000195736	0.030000	0.000195737	0.030000	0.000195534	0.030000	4.18388e-05	
0.035000	0.000244985	0.035000	0.000244985	0.035000	0.000204042	0.035000	0.000204042	0.035000	0.000204043	0.035000	0.000207171	0.035000	3.78142e-05	
0.040000	0.000252388	0.040000	0.000252388	0.040000	0.000212284	0.040000	0.000212284	0.040000	0.000212285	0.040000	0.000217809	0.040000	3.45792e-05	
0.045000	0.000259559	0.045000	0.000259559	0.045000	0.000220398	0.045000	0.000220398	0.045000	0.000220399	0.045000	0.000227645	0.045000	3.19139e-05	
0.050000	0.000266545	0.050000	0.000266545	0.050000	0.000228402	0.050000	0.000228402	0.050000	0.000228403	0.050000	0.000236871	0.050000	2.96744e-05	
0.055000	0.000284715	0.055000	0.000284715	0.055000	0.000247764	0.055000	0.000247764	0.055000	0.000247765	0.055000	0.000256953	0.055000	2.77627e-05	
0.060000	0.000302065	0.060000	0.000302065	0.060000	0.000267145	0.060000	0.000267145	0.060000	0.000267145	0.060000	0.000276203	0.060000	2.58621e-05	
0.070000	0.000336074	0.070000	0.000336074	0.070000	0.000306768	0.070000	0.000306768	0.070000	0.000306769	0.070000	0.000312902	0.070000	2.31719e-05	
0.080000	0.000368783	0.080000	0.000368783	0.080000	0.000346225	0.080000	0.000346225	0.080000	0.000346226	0.080000	0.000347746	0.080000	2.10367e-05	
0.090000	0.000400235	0.090000	0.000400235	0.090000	0.000384973	0.090000	0.000384973	0.090000	0.000384974	0.090000	0.000380939	0.090000	1.92962e-05	
0.100000	0.000430345	0.100000	0.000430345	0.100000	0.000422618	0.100000	0.000422618	0.100000	0.000422619	0.100000	0.000412498	0.100000	1.78472e-05	
0.120000	0.000486282	0.120000	0.000486282	0.120000	0.000493548	0.120000	0.000493548	0.120000	0.000493549	0.120000	0.000470716	0.120000	1.55656e-05	
0.140000	0.000536521	0.140000	0.000536521	0.140000	0.00055769	0.140000	0.00055769	0.140000	0.00055769	0.140000	0.000522677	0.140000	1.38442e-05	
0.160000	0.000596784	0.160000	0.000596784	0.160000	0.000614642	0.160000	0.000614642	0.160000	0.000614643	0.160000	0.000584289	0.160000	1.24943e-05	
0.180000	0.0006538 	0.180000	0.0006538 	0.180000	0.000664578	0.180000	0.000664578	0.180000	0.000664579	0.180000	0.000642396	0.180000	1.14045e-05	
0.200000	0.000704606	0.200000	0.000704606	0.200000	0.000708002	0.200000	0.000708002	0.200000	0.000708003	0.200000	0.000694101	0.200000	1.05043e-05	
0.250000	0.000808957	0.250000	0.000808957	0.250000	0.000792565	0.250000	0.000792565	0.250000	0.000792566	0.250000	0.000800147	0.250000	8.81057e-06	
0.300000	0.000888456	0.300000	0.000888456	0.300000	0.000851435	0.300000	0.000851435	0.300000	0.000851436	0.300000	0.000880837	0.300000	7.61934e-06	
0.350000	0.000951929	0.350000	0.000951929	0.350000	0.000893377	0.350000	0.000893377	0.350000	0.000893378	0.350000	0.000945197	0.350000	6.73174e-06	
0.400000	0.00100266	0.400000	0.00100266	0.400000	0.000924422	0.400000	0.000924422	0.400000	0.000924423	0.400000	0.000996618	0.400000	6.04254e-06	
0.450000	0.00104324	0.450000	0.00104324	0.450000	0.000948416	0.450000	0.000948416	0.450000	0.000948417	0.450000	0.00103775	0.450000	5.49052e-06	
0.500000	0.00107604	0.500000	0.00107604	0.500000	0.000967736	0.500000	0.000967736	0.500000	0.000967737	0.500000	0.001071  	0.500000	5.03758e-06	
0.600000	0.00112469	0.600000	0.00112469	0.600000	0.00101558	0.600000	0.00101558	0.600000	0.00101558	0.600000	0.00112036	0.600000	4.33658e-06	
0.700000	0.00117417	0.700000	0.00117417	0.700000	0.00105471	0.700000	0.00105471	0.700000	0.00105471	0.700000	0.00117035	0.700000	3.81751e-06	
0.800000	0.00120837	0.800000	0.00120837	0.800000	0.00108393	0.800000	0.00108393	0.800000	0.00108393	0.800000	0.00120495	0.800000	3.41645e-06	
0.900000	0.0012317 	0.900000	0.0012317 	0.900000	0.00110606	0.900000	0.00110606	0.900000	0.00110606	0.900000	0.00122861	0.900000	3.09654e-06	
1.000000	0.00124717	1.000000	0.00124717	1.000000	0.00112281	1.000000	0.00112281	1.000000	0.00112281	1.000000	0.00124434	1.000000	2.83494e-06	
1.250000	0.00125885	1.250000	0.00125885	1.250000	0.00114798	1.250000	0.00114798	1.250000	0.00114798	1.250000	0.0012565 	1.250000	2.34937e-06	
1.500000	0.00125228	1.500000	0.00125228	1.500000	0.0011572 	1.500000	0.0011572 	1.500000	0.0011572 	1.500000	0.00125026	1.500000	2.01325e-06	
1.750000	0.00123729	1.750000	0.00123729	1.750000	0.00115651	1.750000	0.00115651	1.750000	0.00115651	1.750000	0.00123552	1.750000	1.76582e-06	
2.000000	0.00121358	2.000000	0.00121358	2.000000	0.00114948	2.000000	0.00114948	2.000000	0.00114949	2.000000	0.001212  	2.000000	1.57554e-06	
2.250000	0.00118796	2.250000	0.00118796	2.250000	0.00113839	2.250000	0.00113839	2.250000	0.00113839	2.250000	0.00118654	2.250000	1.42436e-06	
2.500000	0.00145013	2.500000	0.00116268	2.500000	0.00112468	2.500000	0.00112468	2.500000	0.00112468	2.500000	0.00116138	2.500000	1.30115e-06	
3.000000	0.00137718	3.000000	0.00111402	3.000000	0.00109298	3.000000	0.00109298	3.000000	0.00109298	3.000000	0.0011129 	3.000000	1.11201e-06	
3.500000	0.00130861	3.500000	0.00106649	3.500000	0.00105316	3.500000	0.00105316	3.500000	0.00105316	3.500000	0.00106552	3.500000	9.73238e-07	
4.000000	0.00124552	4.000000	0.00102334	4.000000	0.00101523	4.000000	0.00101523	4.000000	0.00101523	4.000000	0.00102247	4.000000	8.66809e-07	
4.500000	0.00118791	4.500000	0.000984693	4.500000	0.000979847	4.500000	0.000979847	4.500000	0.000979848	4.500000	0.000983911	4.500000	7.82435e-07	
5.000000	0.00113539	5.000000	0.000948759	5.000000	0.00094682	5.000000	0.00094682	5.000000	0.000946821	5.000000	0.000948045	5.000000	7.13803e-07	
5.500000	0.00108747	5.500000	0.000915155	5.500000	0.00091596	5.500000	0.00091596	5.500000	0.000915961	5.500000	0.000914498	5.500000	6.56816e-07	
6.000000	0.00104363	6.000000	0.000883842	6.000000	0.000887082	6.000000	0.000887082	6.000000	0.000887082	6.000000	0.000883233	6.000000	6.08695e-07	
6.500000	0.00100343	6.500000	0.000854698	6.500000	0.000860011	6.500000	0.000860011	6.500000	0.000860012	6.500000	0.000854131	6.500000	5.67489e-07	
7.000000	0.00096644	7.000000	0.000827488	7.000000	0.00083459	7.000000	0.00083459	7.000000	0.000834591	7.000000	0.000826957	7.000000	5.31783e-07	
7.500000	0.000932308	7.500000	0.000802007	7.500000	0.000810676	7.500000	0.000810676	7.500000	0.000810677	7.500000	0.000801507	7.500000	5.00527e-07	
8.000000	0.000900718	8.000000	0.000778121	8.000000	0.000788139	8.000000	0.000788139	8.000000	0.00078814	8.000000	0.000777648	8.000000	4.72923e-07	
8.500000	0.000871397	8.500000	0.000755675	8.500000	0.000766864	8.500000	0.000766864	8.500000	0.000766865	8.500000	0.000755226	8.500000	4.48357e-07	
9.000000	0.000844108	9.000000	0.000734535	9.000000	0.000746747	9.000000	0.000746747	9.000000	0.000746748	9.000000	0.000734108	9.000000	4.26345e-07	
9.500000	0.000818645	9.500000	0.000714584	9.500000	0.000727695	9.500000	0.000727695	9.500000	0.000727695	9.500000	0.000714177	9.500000	4.06502e-07	
10.000000	0.000794828	10.000000	0.000666768	10.000000	0.000709624	10.000000	0.000709624	10.000000	0.000709624	10.000000	0.00066638	10.000000	3.88516e-07	
11.000000	0.000751524	11.000000	0.00064199	11.000000	0.00067134	11.000000	0.00067719	11.000000	0.000680105	11.000000	0.000641633	11.000000	3.57149e-07	
12.000000	0.000713152	12.000000	0.00061872	12.000000	0.000637288	12.000000	0.000647898	12.000000	0.000652758	12.000000	0.000618389	12.000000	3.30693e-07	
13.000000	0.000678898	13.000000	0.000596928	13.000000	0.000606826	13.000000	0.000621331	13.000000	0.000627432	13.000000	0.00059662	13.000000	3.08064e-07	
14.000000	0.00064812	14.000000	0.000576543	14.000000	0.000579441	14.000000	0.00059714	14.000000	0.000603968	14.000000	0.000576254	14.000000	2.88474e-07	
15.000000	0.000620301	15.000000	0.000557472	15.000000	0.000554711	15.000000	0.000575032	15.000000	0.000582212	15.000000	0.000557201	15.000000	2.7134e-07	
16.000000	0.000595025	16.000000	0.000539619	16.000000	0.000532279	16.000000	0.000554759	16.000000	0.000562019	16.000000	0.000539363	16.000000	2.56221e-07	
17.000000	0.00057195	17.000000	0.000522888	17.000000	0.00051185	17.000000	0.000536112	17.000000	0.000543255	17.000000	0.000522645	17.000000	2.42776e-07	
18.000000	0.000550794	18.000000	0.000507187	18.000000	0.000493186	18.000000	0.000518911	18.000000	0.000525772	18.000000	0.000506957	18.000000	2.30736e-07	
19.000000	0.00053132	19.000000	0.000492434	19.000000	0.00047609	19.000000	0.000503004	19.000000	0.000509489	19.000000	0.000492214	19.000000	2.1989e-07	
20.000000	0.000513332	20.000000	0.00047855	20.000000	0.000460397	20.000000	0.000488259	20.000000	0.000494311	20.000000	0.00047834	20.000000	2.10066e-07	
21.000000	0.00049666	21.000000	0.000465464	21.000000	0.000445944	21.000000	0.000474561	21.000000	0.000480099	21.000000	0.000465263	21.000000	2.01122e-07	
22.000000	0.000481163	22.000000	0.000453113	22.000000	0.000432582	22.000000	0.00046181	22.000000	0.00046683	22.000000	0.00045292	22.000000	1.92945e-07	
23.000000	0.000466717	23.000000	0.000441439	23.000000	0.00042021	23.000000	0.000449919	23.000000	0.000454392	23.000000	0.000441254	23.000000	1.85437e-07	
24.000000	0.000453216	24.000000	0.000430389	24.000000	0.000408758	24.000000	0.000438811	24.000000	0.000442739	24.000000	0.00043021	24.000000	1.7852e-07	
25.000000	0.000440569	25.000000	0.000419915	25.000000	0.000398143	25.000000	0.000428418	25.000000	0.000431801	25.000000	0.000419742	25.000000	1.72124e-07	
27.000000	0.000417522	27.000000	0.000400527	27.000000	0.000379059	27.000000	0.000409546	27.000000	0.000411871	27.000000	0.000400366	27.000000	1.60674e-07	
29.000000	0.000397043	29.000000	0.000382977	29.000000	0.000362445	29.000000	0.000392895	29.000000	0.000394228	29.000000	0.000382826	29.000000	1.50717e-07	
31.000000	0.000378718	31.000000	0.000367017	31.000000	0.000348085	31.000000	0.000376848	31.000000	0.000377048	31.000000	0.000366875	31.000000	1.41974e-07	
33.000000	0.000362215	33.000000	0.000352442	33.000000	0.000335188	33.000000	0.000361107	33.000000	0.00036027	33.000000	0.000352307	33.000000	1.34234e-07	
35.000000	0.000347271	35.000000	0.000339079	35.000000	0.000323301	35.000000	0.000346741	35.000000	0.000345163	35.000000	0.000338952	35.000000	1.2733e-07	
38.000000	0.000327317	38.000000	0.000320999	38.000000	0.000307105	38.000000	0.000327398	38.000000	0.000325107	38.000000	0.00032088	38.000000	1.18265e-07	
41.000000	0.000309819	41.000000	0.000304925	41.000000	0.000292639	41.000000	0.000310293	41.000000	0.000307611	41.000000	0.000304815	41.000000	1.10457e-07	
44.000000	0.000294342	44.000000	0.000290542	44.000000	0.00027961	44.000000	0.000295057	44.000000	0.000292193	44.000000	0.000290439	44.000000	1.03658e-07	
47.000000	0.000280548	47.000000	0.000277597	47.000000	0.000267834	47.000000	0.000281399	47.000000	0.000278478	47.000000	0.000277499	47.000000	9.76812e-08	
50.000000	0.000268172	50.000000	0.000265884	50.000000	0.000257118	50.000000	0.000269086	50.000000	0.0002662 	50.000000	0.000265792	50.000000	9.23848e-08	
55.000000	0.000250137	55.000000	0.000248657	55.000000	0.000241306	55.000000	0.000251052	55.000000	0.000248331	55.000000	0.000248572	55.000000	8.47765e-08	
60.000000	0.000234718	60.000000	0.000233789	60.000000	0.000227559	60.000000	0.00023556	60.000000	0.000233078	60.000000	0.00023371	60.000000	7.83733e-08	
65.000000	0.000221374	65.000000	0.000220825	65.000000	0.000215501	65.000000	0.000222108	65.000000	0.000219889	65.000000	0.000220752	65.000000	7.29062e-08	
70.000000	0.000209704	70.000000	0.000209423	70.000000	0.000204875	70.000000	0.000210318	70.000000	0.000208365	70.000000	0.000209355	70.000000	6.81815e-08	
75.000000	0.000199408	75.000000	0.000199316	75.000000	0.000195416	75.000000	0.0001999 	75.000000	0.000198284	75.000000	0.000199252	75.000000	6.40556e-08	
80.000000	0.00019025	80.000000	0.000190296	80.000000	0.000186944	80.000000	0.000190629	80.000000	0.00018932	80.000000	0.000190235	80.000000	6.04201e-08	
85.000000	0.00018205	85.000000	0.000182196	85.000000	0.000179309	85.000000	0.000182326	85.000000	0.000181289	85.000000	0.000182139	85.000000	5.71913e-08	
90.000000	0.00017466	90.000000	0.000174883	90.000000	0.000172394	90.000000	0.000174846	90.000000	0.000174055	90.000000	0.000174828	90.000000	5.43037e-08	
95.000000	0.000167964	95.000000	0.000168247	95.000000	0.000166119	95.000000	0.000168074	95.000000	0.000167512	95.000000	0.000168195	95.000000	5.17052e-08	
100.000000	0.000161868	100.000000	0.000162199	100.000000	0.000160364	100.000000	0.000161914	100.000000	0.000161558	100.000000	0.00016215	100.000000	4.93539e-08	
105.000000	0.000156291	105.000000	0.000156664	105.000000	0.000155115	105.000000	0.000156286	105.000000	0.000156112	105.000000	0.000156617	105.000000	4.72156e-08	
110.000000	0.00015117	110.000000	0.00015158	110.000000	0.000150267	110.000000	0.000151126	110.000000	0.000151126	110.000000	0.000151535	110.000000	4.52624e-08	
115.000000	0.000146449	115.000000	0.000146893	115.000000	0.000145792	115.000000	0.000146376	115.000000	0.000146524	115.000000	0.00014685	115.000000	4.34707e-08	
120.000000	0.000142082	120.000000	0.00014256	120.000000	0.00014165	120.000000	0.000141991	120.000000	0.000142283	120.000000	0.000142518	120.000000	4.18212e-08	
125.000000	0.00013803	125.000000	0.000138541	125.000000	0.000137801	125.000000	0.00013793	125.000000	0.000138348	125.000000	0.000138501	125.000000	4.02973e-08	
130.000000	0.000134259	130.000000	0.000134804	130.000000	0.000134224	130.000000	0.000134158	130.000000	0.000134697	130.000000	0.000134766	130.000000	3.8885e-08	
135.000000	0.00013074	135.000000	0.000131321	135.000000	0.000130879	135.000000	0.000130646	135.000000	0.00013129	135.000000	0.000131283	135.000000	3.75723e-08	
140.000000	0.000127449	140.000000	0.000128065	140.000000	0.00012775	140.000000	0.000127368	140.000000	0.000128115	140.000000	0.000128029	140.000000	3.6349e-08	
145.000000	0.000124363	145.000000	0.000125017	145.000000	0.000124824	145.000000	0.000124301	145.000000	0.000125133	145.000000	0.000124982	145.000000	3.52059e-08	
150.000000	0.000121463	150.000000	0.000122156	150.000000	0.000122079	150.000000	0.000121426	150.000000	0.000122343	150.000000	0.000122122	150.000000	3.41355e-08	
155.000000	0.000117347	155.000000	0.000119466	155.000000	0.000119482	155.000000	0.000118726	155.000000	0.000119716	155.000000	0.000119433	155.000000	3.31308e-08	
160.000000	0.00011495	160.000000	0.000116933	160.000000	0.000117033	160.000000	0.000116185	160.000000	0.000117244	160.000000	0.0001169 	160.000000	3.2186e-08	
165.000000	0.000112687	165.000000	0.000114542	165.000000	0.000114732	165.000000	0.000113789	165.000000	0.000114915	165.000000	0.000114511	165.000000	3.12957e-08	
170.000000	0.000110546	170.000000	0.000112283	170.000000	0.000112553	170.000000	0.000111527	170.000000	0.000112708	170.000000	0.000112252	170.000000	3.04554e-08	
175.000000	0.000108519	175.000000	0.000110144	175.000000	0.000110486	175.000000	0.000109388	175.000000	0.000110625	175.000000	0.000110115	175.000000	2.96608e-08	
180.000000	0.000106595	180.000000	0.000108117	180.000000	0.000108528	180.000000	0.000107361	180.000000	0.00010865	180.000000	0.000108088	180.000000	2.89082e-08	
185.000000	0.000104768	185.000000	0.000106193	185.000000	0.000106668	185.000000	0.00010544	185.000000	0.000106773	185.000000	0.000106165	185.000000	2.81945e-08	
190.000000	0.00010303	190.000000	0.000104365	190.000000	0.000104896	190.000000	0.000103615	190.000000	0.000104992	190.000000	0.000104337	190.000000	2.75165e-08	
195.000000	0.000101374	195.000000	0.000102625	195.000000	0.000103209	195.000000	0.000101879	195.000000	0.000103297	195.000000	0.000102598	195.000000	2.68717e-08	
200.000000	9.97958e-05	200.000000	0.000100967	200.000000	0.000101603	200.000000	0.000100227	200.000000	0.000101679	200.000000	0.000100941	200.000000	2.62577e-08	
210.000000	9.68486e-05	210.000000	9.78767e-05	210.000000	9.86113e-05	210.000000	9.71497e-05	210.000000	9.86701e-05	210.000000	9.78516e-05	210.000000	2.51133e-08	
220.000000	9.41515e-05	220.000000	9.50539e-05	220.000000	9.58684e-05	220.000000	9.43427e-05	220.000000	9.5916e-05	220.000000	9.50298e-05	220.000000	2.40682e-08	
230.000000	9.16739e-05	230.000000	9.24657e-05	230.000000	9.3364e-05	230.000000	9.17722e-05	230.000000	9.33946e-05	230.000000	9.24426e-05	230.000000	2.31099e-08	
240.000000	8.93898e-05	240.000000	9.00844e-05	240.000000	9.10472e-05	240.000000	8.94101e-05	240.000000	9.10722e-05	240.000000	9.00621e-05	240.000000	2.22279e-08	
250.000000	8.72773e-05	250.000000	8.78863e-05	250.000000	8.89102e-05	250.000000	8.72323e-05	250.000000	8.89308e-05	250.000000	8.78649e-05	250.000000	2.14133e-08	
260.000000	8.5318e-05	260.000000	8.58515e-05	260.000000	8.69347e-05	260.000000	8.52186e-05	260.000000	8.69473e-05	260.000000	8.58308e-05	260.000000	2.06585e-08	
270.000000	8.34956e-05	270.000000	8.39625e-05	270.000000	8.50955e-05	270.000000	8.33513e-05	270.000000	8.51082e-05	270.000000	8.39426e-05	270.000000	1.99571e-08	
280.000000	8.17963e-05	280.000000	8.22046e-05	280.000000	8.33872e-05	280.000000	8.16155e-05	280.000000	8.33943e-05	280.000000	8.21853e-05	280.000000	1.93036e-08	
290.000000	8.02081e-05	290.000000	8.05648e-05	290.000000	8.17921e-05	290.000000	7.99979e-05	290.000000	8.17992e-05	290.000000	8.05461e-05	290.000000	1.86931e-08	
300.000000	7.87206e-05	300.000000	7.90317e-05	300.000000	8.03016e-05	300.000000	7.84873e-05	300.000000	8.0304e-05	300.000000	7.90136e-05	300.000000	1.81216e-08	
310.000000	7.73246e-05	310.000000	7.75955e-05	310.000000	7.89076e-05	310.000000	7.70737e-05	310.000000	7.89063e-05	310.000000	7.75779e-05	310.000000	1.75852e-08	
320.000000	7.60118e-05	320.000000	7.62474e-05	320.000000	7.75999e-05	320.000000	7.57482e-05	320.000000	7.75939e-05	320.000000	7.62304e-05	320.000000	1.7081e-08	
330.000000	7.47753e-05	330.000000	7.49799e-05	330.000000	7.63671e-05	330.000000	7.45031e-05	330.000000	7.63598e-05	330.000000	7.49633e-05	330.000000	1.66059e-08	
340.000000	7.36086e-05	340.000000	7.3786e-05	340.000000	7.52044e-05	340.000000	7.33315e-05	340.000000	7.51997e-05	340.000000	7.37699e-05	340.000000	1.61575e-08	
350.000000	7.2506e-05	350.000000	7.26598e-05	350.000000	7.41089e-05	350.000000	7.22274e-05	350.000000	7.41027e-05	350.000000	7.2644e-05	350.000000	1.57337e-08	
360.000000	7.14626e-05	360.000000	7.15957e-05	360.000000	7.30745e-05	360.000000	7.11853e-05	360.000000	7.30679e-05	360.000000	7.15804e-05	360.000000	1.53323e-08	
370.000000	7.04738e-05	370.000000	7.05889e-05	370.000000	7.20964e-05	370.000000	7.02003e-05	370.000000	7.20905e-05	370.000000	7.0574e-05	370.000000	1.49517e-08	
380.000000	6.95354e-05	380.000000	6.96352e-05	380.000000	7.11712e-05	380.000000	6.9268e-05	380.000000	7.1162e-05	380.000000	6.96206e-05	380.000000	1.45902e-08	
390.000000	6.8644e-05	390.000000	6.87304e-05	390.000000	7.02931e-05	390.000000	6.83844e-05	390.000000	7.02829e-05	390.000000	6.87162e-05	390.000000	1.42465e-08	
400.000000	6.7796e-05	400.000000	6.78712e-05	400.000000	6.94564e-05	400.000000	6.75461e-05	400.000000	6.94497e-05	400.000000	6.78573e-05	400.000000	1.39192e-08	
410.000000	6.69886e-05	410.000000	6.70543e-05	410.000000	6.86612e-05	410.000000	6.67497e-05	410.000000	6.86554e-05	410.000000	6.70407e-05	410.000000	1.36072e-08	
420.000000	6.62189e-05	420.000000	6.62767e-05	420.000000	6.7908e-05	420.000000	6.59925e-05	420.000000	6.79004e-05	420.000000	6.62634e-05	420.000000	1.33094e-08	
430.000000	6.54845e-05	430.000000	6.55359e-05	430.000000	6.71913e-05	430.000000	6.52716e-05	430.000000	6.71823e-05	430.000000	6.55229e-05	430.000000	1.30248e-08	
440.000000	6.47831e-05	440.000000	6.48293e-05	440.000000	6.6506e-05	440.000000	6.45847e-05	440.000000	6.64969e-05	440.000000	6.48166e-05	440.000000	1.27526e-08	
450.000000	6.41127e-05	450.000000	6.41549e-05	450.000000	6.58507e-05	450.000000	6.39295e-05	450.000000	6.58423e-05	450.000000	6.41424e-05	450.000000	1.2492e-08	
460.000000	6.34712e-05	460.000000	6.35105e-05	460.000000	6.5225e-05	460.000000	6.33041e-05	460.000000	6.52179e-05	460.000000	6.34983e-05	460.000000	1.22422e-08	
470.000000	6.2857e-05	470.000000	6.28943e-05	470.000000	6.46275e-05	470.000000	6.27066e-05	470.000000	6.46218e-05	470.000000	6.28823e-05	470.000000	1.20026e-08	
480.000000	6.22685e-05	480.000000	6.23047e-05	480.000000	6.40562e-05	480.000000	6.21352e-05	480.000000	6.40499e-05	480.000000	6.22929e-05	480.000000	1.17726e-08	
490.000000	6.17042e-05	490.000000	6.17399e-05	490.000000	6.35093e-05	490.000000	6.15884e-05	490.000000	6.35026e-05	490.000000	6.17284e-05	490.000000	1.15515e-08	
500.000000	6.11626e-05	500.000000	6.11987e-05	500.000000	6.29852e-05	500.000000	6.10647e-05	500.000000	6.29789e-05	500.000000	6.11873e-05	500.000000	1.13389e-08	
520.000000	6.0143e-05	520.000000	6.01814e-05	520.000000	6.2001e-05	520.000000	6.00816e-05	520.000000	6.19949e-05	520.000000	6.01704e-05	520.000000	1.09372e-08	
540.000000	5.92004e-05	540.000000	5.92432e-05	540.000000	6.10952e-05	540.000000	5.91761e-05	540.000000	6.10875e-05	540.000000	5.92326e-05	540.000000	1.0564e-08	
560.000000	5.83272e-05	560.000000	5.83759e-05	560.000000	6.0257e-05	560.000000	5.83402e-05	560.000000	6.02499e-05	560.000000	5.83657e-05	560.000000	1.02163e-08	
580.000000	5.75165e-05	580.000000	5.75724e-05	580.000000	5.94778e-05	580.000000	5.75667e-05	580.000000	5.94732e-05	580.000000	5.75625e-05	580.000000	9.89165e-09	
600.000000	5.67624e-05	600.000000	5.68265e-05	600.000000	5.87576e-05	600.000000	5.68494e-05	600.000000	5.87541e-05	600.000000	5.68169e-05	600.000000	9.5877e-09	
620.000000	5.60598e-05	620.000000	5.61327e-05	620.000000	5.80898e-05	620.000000	5.6183e-05	620.000000	5.80836e-05	620.000000	5.61234e-05	620.000000	9.30254e-09	
640.000000	5.5404e-05	640.000000	5.54864e-05	640.000000	5.74654e-05	640.000000	5.55626e-05	640.000000	5.74602e-05	640.000000	5.54773e-05	640.000000	9.03446e-09	
660.000000	5.4791e-05	660.000000	5.48832e-05	660.000000	5.68814e-05	660.000000	5.49842e-05	660.000000	5.68785e-05	660.000000	5.48744e-05	660.000000	8.78196e-09	
680.000000	5.42174e-05	680.000000	5.43196e-05	680.000000	5.63361e-05	680.000000	5.44439e-05	680.000000	5.63343e-05	680.000000	5.4311e-05	680.000000	8.54369e-09	
700.000000	5.36797e-05	700.000000	5.37922e-05	700.000000	5.58275e-05	700.000000	5.39386e-05	700.000000	5.5826e-05	700.000000	5.37838e-05	700.000000	8.31847e-09	
720.000000	5.31754e-05	720.000000	5.3298e-05	720.000000	5.53527e-05	720.000000	5.34653e-05	720.000000	5.53489e-05	720.000000	5.32899e-05	720.000000	8.10525e-09	
740.000000	5.27017e-05	740.000000	5.28345e-05	740.000000	5.4907e-05	740.000000	5.30215e-05	740.000000	5.49013e-05	740.000000	5.28266e-05	740.000000	7.90307e-09	
760.000000	5.22564e-05	760.000000	5.23993e-05	760.000000	5.44867e-05	760.000000	5.26047e-05	760.000000	5.44815e-05	760.000000	5.23915e-05	760.000000	7.7111e-09	
780.000000	5.18375e-05	780.000000	5.19902e-05	780.000000	5.40906e-05	780.000000	5.22129e-05	780.000000	5.40859e-05	780.000000	5.19827e-05	780.000000	7.52857e-09	
800.000000	5.1443e-05	800.000000	5.16054e-05	800.000000	5.37179e-05	800.000000	5.18442e-05	800.000000	5.37134e-05	800.000000	5.1598e-05	800.000000	7.35479e-09	
820.000000	5.10714e-05	820.000000	5.12431e-05	820.000000	5.33669e-05	820.000000	5.14969e-05	820.000000	5.3363e-05	820.000000	5.12359e-05	820.000000	7.18914e-09	
840.000000	5.07209e-05	840.000000	5.09017e-05	840.000000	5.30363e-05	840.000000	5.11694e-05	840.000000	5.30322e-05	840.000000	5.08947e-05	840.000000	7.03106e-09	
860.000000	5.03904e-05	860.000000	5.05799e-05	860.000000	5.27242e-05	860.000000	5.08603e-05	860.000000	5.27193e-05	860.000000	5.0573e-05	860.000000	6.88002e-09	
880.000000	5.00784e-05	880.000000	5.02763e-05	880.000000	5.24291e-05	880.000000	5.05683e-05	880.000000	5.24242e-05	880.000000	5.02696e-05	880.000000	6.73557e-09	
900.000000	4.97838e-05	900.000000	4.99898e-05	900.000000	5.21492e-05	900.000000	5.02923e-05	900.000000	5.21456e-05	900.000000	4.99832e-05	900.000000	6.59728e-09	
920.000000	4.95055e-05	920.000000	4.97192e-05	920.000000	5.18835e-05	920.000000	5.00313e-05	920.000000	5.18809e-05	920.000000	4.97127e-05	920.000000	6.46476e-09	
940.000000	4.92427e-05	940.000000	4.94635e-05	940.000000	5.16318e-05	940.000000	4.97841e-05	940.000000	5.16304e-05	940.000000	4.94572e-05	940.000000	6.33765e-09	
960.000000	4.89942e-05	960.000000	4.92219e-05	960.000000	5.13937e-05	960.000000	4.955e-05 	960.000000	5.13935e-05	960.000000	4.92157e-05	960.000000	6.21562e-09	
980.000000	4.87594e-05	980.000000	4.89935e-05	980.000000	5.11686e-05	980.000000	4.93282e-05	980.000000	5.1169e-05	980.000000	4.89874e-05	980.000000	6.09836e-09	
1000.000000	4.85375e-05	1000.000000	4.87775e-05	1000.000000	5.09556e-05	1000.000000	4.91177e-05	1000.000000	5.09553e-05	1000.000000	4.87715e-05	1000.000000	5.98561e-09	
1020.000000	4.83277e-05	1020.000000	4.85732e-05	1020.000000	5.07538e-05	1020.000000	4.89181e-05	1020.000000	5.07526e-05	1020.000000	4.85674e-05	1020.000000	5.8771e-09	
1040.000000	4.81294e-05	1040.000000	4.838e-05 	1040.000000	5.05622e-05	1040.000000	4.87285e-05	1040.000000	5.05605e-05	1040.000000	4.83743e-05	1040.000000	5.7726e-09	
1060.000000	4.79419e-05	1060.000000	4.81972e-05	1060.000000	5.03801e-05	1060.000000	4.85484e-05	1060.000000	5.03782e-05	1060.000000	4.81916e-05	1060.000000	5.67187e-09	
1080.000000	4.77648e-05	1080.000000	4.80243e-05	1080.000000	5.02068e-05	1080.000000	4.83774e-05	1080.000000	5.02041e-05	1080.000000	4.80188e-05	1080.000000	5.57473e-09	
1100.000000	4.75975e-05	1100.000000	4.78608e-05	1100.000000	5.00417e-05	1100.000000	4.82147e-05	1100.000000	5.00387e-05	1100.000000	4.78553e-05	1100.000000	5.48098e-09	
1120.000000	4.74394e-05	1120.000000	4.77061e-05	1120.000000	4.98842e-05	1120.000000	4.80601e-05	1120.000000	4.98816e-05	1120.000000	4.77007e-05	1120.000000	5.39045e-09	
1140.000000	4.72902e-05	1140.000000	4.75597e-05	1140.000000	4.97339e-05	1140.000000	4.7913e-05	1140.000000	4.97324e-05	1140.000000	4.75544e-05	1140.000000	5.30296e-09	
1160.000000	4.71494e-05	1160.000000	4.74214e-05	1160.000000	4.95908e-05	1160.000000	4.7773e-05	1160.000000	4.959e-05 	1160.000000	4.74162e-05	1160.000000	5.21837e-09	
1180.000000	4.70166e-05	1180.000000	4.72906e-05	1180.000000	4.94546e-05	1180.000000	4.76398e-05	1180.000000	4.94541e-05	1180.000000	4.72855e-05	1180.000000	5.13653e-09	
1200.000000	4.68914e-05	1200.000000	4.71671e-05	1200.000000	4.93251e-05	1200.000000	4.75129e-05	1200.000000	4.93249e-05	1200.000000	4.7162e-05	1200.000000	5.05731e-09	
1220.000000	4.67735e-05	1220.000000	4.70503e-05	1220.000000	4.92021e-05	1220.000000	4.73921e-05	1220.000000	4.92021e-05	1220.000000	4.70454e-05	1220.000000	4.98058e-09	
1240.000000	4.66626e-05	1240.000000	4.69401e-05	1240.000000	4.90853e-05	1240.000000	4.72771e-05	1240.000000	4.90851e-05	1240.000000	4.69352e-05	1240.000000	4.90623e-09	
1260.000000	4.65583e-05	1260.000000	4.68362e-05	1260.000000	4.89741e-05	1260.000000	4.71675e-05	1260.000000	4.89733e-05	1260.000000	4.68313e-05	1260.000000	4.83414e-09	
1280.000000	4.64604e-05	1280.000000	4.67381e-05	1280.000000	4.88681e-05	1280.000000	4.7063e-05	1280.000000	4.88666e-05	1280.000000	4.67334e-05	1280.000000	4.76422e-09	
1300.000000	4.63685e-05	1300.000000	4.66458e-05	1300.000000	4.8767e-05	1300.000000	4.69635e-05	1300.000000	4.8765e-05	1300.000000	4.66411e-05	1300.000000	4.69637e-09	
1320.000000	4.62825e-05	1320.000000	4.65588e-05	1320.000000	4.86704e-05	1320.000000	4.68687e-05	1320.000000	4.86683e-05	1320.000000	4.65542e-05	1320.000000	4.63048e-09	
1340.000000	4.6202e-05	1340.000000	4.6477e-05	1340.000000	4.85781e-05	1340.000000	4.67783e-05	1340.000000	4.85762e-05	1340.000000	4.64725e-05	1340.000000	4.56649e-09	
1360.000000	4.61269e-05	1360.000000	4.64002e-05	1360.000000	4.84899e-05	1360.000000	4.66921e-05	1360.000000	4.84883e-05	1360.000000	4.63957e-05	1360.000000	4.50431e-09	
1380.000000	4.6057e-05	1380.000000	4.63281e-05	1380.000000	4.84056e-05	1380.000000	4.661e-05 	1380.000000	4.84041e-05	1380.000000	4.63237e-05	1380.000000	4.44385e-09	
1400.000000	4.59919e-05	1400.000000	4.62606e-05	1400.000000	4.83252e-05	1400.000000	4.65318e-05	1400.000000	4.8324e-05	1400.000000	4.62562e-05	1400.000000	4.38506e-09	
1420.000000	4.59317e-05	1420.000000	4.61974e-05	1420.000000	4.82484e-05	1420.000000	4.64572e-05	1420.000000	4.82476e-05	1420.000000	4.6193e-05	1420.000000	4.32785e-09	
1440.000000	4.58759e-05	1440.000000	4.61383e-05	1440.000000	4.81752e-05	1440.000000	4.63861e-05	1440.000000	4.8175e-05	1440.000000	4.61341e-05	1440.000000	4.27217e-09	
1460.000000	4.58246e-05	1460.000000	4.60833e-05	1460.000000	4.81055e-05	1460.000000	4.63184e-05	1460.000000	4.81058e-05	1460.000000	4.60791e-05	1460.000000	4.21796e-09	
1480.000000	4.57774e-05	1480.000000	4.60321e-05	1480.000000	4.80391e-05	1480.000000	4.62538e-05	1480.000000	4.80396e-05	1480.000000	4.60279e-05	1480.000000	4.16515e-09	
1500.000000	4.57344e-05	1500.000000	4.59846e-05	1500.000000	4.79758e-05	1500.000000	4.61923e-05	1500.000000	4.79763e-05	1500.000000	4.59805e-05	1500.000000	4.1137e-09	
1520.000000	4.56952e-05	1520.000000	4.59407e-05	1520.000000	4.79155e-05	1520.000000	4.61338e-05	1520.000000	4.79161e-05	1520.000000	4.59366e-05	1520.000000	4.06354e-09	
1540.000000	4.56599e-05	1540.000000	4.59001e-05	1540.000000	4.7858e-05	1540.000000	4.6078e-05	1540.000000	4.78589e-05	1540.000000	4.58961e-05	1540.000000	4.01464e-09	
1560.000000	4.56281e-05	1560.000000	4.58629e-05	1560.000000	4.78033e-05	1560.000000	4.60249e-05	1560.000000	4.78044e-05	1560.000000	4.58589e-05	1560.000000	3.96695e-09	
1580.000000	4.55999e-05	1580.000000	4.58288e-05	1580.000000	4.77513e-05	1580.000000	4.59744e-05	1580.000000	4.77526e-05	1580.000000	4.58248e-05	1580.000000	3.92041e-09	
1600.000000	4.55751e-05	1600.000000	4.57977e-05	1600.000000	4.77017e-05	1600.000000	4.59263e-05	1600.000000	4.7703e-05	1600.000000	4.57938e-05	1600.000000	3.87499e-09	
1620.000000	4.55535e-05	1620.000000	4.57696e-05	1620.000000	4.76546e-05	1620.000000	4.58806e-05	1620.000000	4.76557e-05	1620.000000	4.57657e-05	1620.000000	3.83065e-09	
1640.000000	4.55352e-05	1640.000000	4.57443e-05	1640.000000	4.76097e-05	1640.000000	4.58371e-05	1640.000000	4.76108e-05	1640.000000	4.57405e-05	1640.000000	3.78734e-09	
1660.000000	4.55198e-05	1660.000000	4.57217e-05	1660.000000	4.75671e-05	1660.000000	4.57958e-05	1660.000000	4.75681e-05	1660.000000	4.57179e-05	1660.000000	3.74504e-09	
1680.000000	4.55075e-05	1680.000000	4.57017e-05	1680.000000	4.75265e-05	1680.000000	4.57566e-05	1680.000000	4.75277e-05	1680.000000	4.5698e-05	1680.000000	3.70371e-09	
1700.000000	4.5498e-05	1700.000000	4.56843e-05	1700.000000	4.7488e-05	1700.000000	4.57194e-05	1700.000000	4.74892e-05	1700.000000	4.56806e-05	1700.000000	3.66331e-09	
1750.000000	4.54863e-05	1750.000000	4.56512e-05	1750.000000	4.74e-05  	1750.000000	4.56344e-05	1750.000000	4.74012e-05	1750.000000	4.56477e-05	1750.000000	3.5662e-09	
1800.000000	4.54906e-05	1800.000000	4.56322e-05	1800.000000	4.7323e-05	1800.000000	4.55604e-05	1800.000000	4.7324e-05	1800.000000	4.56288e-05	1800.000000	3.47428e-09	
1850.000000	4.55098e-05	1850.000000	4.56261e-05	1850.000000	4.72559e-05	1850.000000	4.54961e-05	1850.000000	4.72572e-05	1850.000000	4.56227e-05	1850.000000	3.38714e-09	
1900.000000	4.55427e-05	1900.000000	4.56319e-05	1900.000000	4.71977e-05	1900.000000	4.54407e-05	1900.000000	4.7199e-05	1900.000000	4.56286e-05	1900.000000	3.3044e-09	
1950.000000	4.55886e-05	1950.000000	4.56487e-05	1950.000000	4.71478e-05	1950.000000	4.53933e-05	1950.000000	4.71491e-05	1950.000000	4.56455e-05	1950.000000	3.22575e-09	
2000.000000	4.56464e-05	2000.000000	4.56757e-05	2000.000000	4.71054e-05	2000.000000	4.53534e-05	2000.000000	4.71069e-05	2000.000000	4.56725e-05	2000.000000	3.15088e-09	
2100.000000	4.57949e-05	2100.000000	4.57572e-05	2100.000000	4.70406e-05	2100.000000	4.52931e-05	2100.000000	4.70419e-05	2100.000000	4.57542e-05	2100.000000	3.01143e-09	
2200.000000	4.59828e-05	2200.000000	4.58713e-05	2200.000000	4.69988e-05	2200.000000	4.52554e-05	2200.000000	4.70003e-05	2200.000000	4.58684e-05	2200.000000	2.8842e-09	
2300.000000	4.62056e-05	2300.000000	4.60138e-05	2300.000000	4.69763e-05	2300.000000	4.52365e-05	2300.000000	4.69775e-05	2300.000000	4.6011e-05	2300.000000	2.76761e-09	
2400.000000	4.64595e-05	2400.000000	4.61811e-05	2400.000000	4.69701e-05	2400.000000	4.52336e-05	2400.000000	4.69713e-05	2400.000000	4.61784e-05	2400.000000	2.66038e-09	
2500.000000	4.67411e-05	2500.000000	4.63701e-05	2500.000000	4.69777e-05	2500.000000	4.52443e-05	2500.000000	4.69785e-05	2500.000000	4.63676e-05	2500.000000	2.56141e-09	
2600.000000	4.70479e-05	2600.000000	4.65785e-05	2600.000000	4.6997e-05	2600.000000	4.52663e-05	2600.000000	4.69978e-05	2600.000000	4.65761e-05	2600.000000	2.46978e-09	
2700.000000	4.73773e-05	2700.000000	4.6804e-05	2700.000000	4.70262e-05	2700.000000	4.52982e-05	2700.000000	4.70267e-05	2700.000000	4.68016e-05	2700.000000	2.38468e-09	
2800.000000	4.77275e-05	2800.000000	4.70447e-05	2800.000000	4.70638e-05	2800.000000	4.53383e-05	2800.000000	4.70645e-05	2800.000000	4.70424e-05	2800.000000	2.30544e-09	
2900.000000	4.80966e-05	2900.000000	4.72991e-05	2900.000000	4.71086e-05	2900.000000	4.53855e-05	2900.000000	4.71091e-05	2900.000000	4.72969e-05	2900.000000	2.23146e-09	
3000.000000	4.84831e-05	3000.000000	4.75657e-05	3000.000000	4.71596e-05	3000.000000	4.54388e-05	3000.000000	4.71602e-05	3000.000000	4.75636e-05	3000.000000	2.16223e-09	
3200.000000	4.9303e-05	3200.000000	4.8131e-05	3200.000000	4.72766e-05	3200.000000	4.55601e-05	3200.000000	4.72773e-05	3200.000000	4.8129e-05	3200.000000	2.03629e-09	
3400.000000	5.01784e-05	3400.000000	4.87326e-05	3400.000000	4.74092e-05	3400.000000	4.56966e-05	3400.000000	4.74101e-05	3400.000000	4.87307e-05	3400.000000	1.92464e-09	
3600.000000	5.11023e-05	3600.000000	4.93642e-05	3600.000000	4.75532e-05	3600.000000	4.58441e-05	3600.000000	4.75543e-05	3600.000000	4.93624e-05	3600.000000	1.82496e-09	
3800.000000	5.20689e-05	3800.000000	5.00209e-05	3800.000000	4.77054e-05	3800.000000	4.59994e-05	3800.000000	4.77065e-05	3800.000000	5.00192e-05	3800.000000	1.7354e-09	
4000.000000	5.30738e-05	4000.000000	5.06988e-05	4000.000000	4.78634e-05	4000.000000	4.61602e-05	4000.000000	4.78643e-05	4000.000000	5.06971e-05	4000.000000	1.65448e-09	
4200.000000	5.41134e-05	4200.000000	5.13946e-05	4200.000000	4.80252e-05	4200.000000	4.63245e-05	4200.000000	4.80262e-05	4200.000000	5.1393e-05	4200.000000	1.58099e-09	
4400.000000	5.51845e-05	4400.000000	5.21057e-05	4400.000000	4.81893e-05	4400.000000	4.64912e-05	4400.000000	4.81902e-05	4400.000000	5.21042e-05	4400.000000	1.51395e-09	
4600.000000	5.62848e-05	4600.000000	5.283e-05 	4600.000000	4.83547e-05	4600.000000	4.66589e-05	4600.000000	4.83557e-05	4600.000000	5.28286e-05	4600.000000	1.45253e-09	
4800.000000	5.74119e-05	4800.000000	5.35657e-05	4800.000000	4.85204e-05	4800.000000	4.6827e-05	4800.000000	4.85215e-05	4800.000000	5.35643e-05	4800.000000	1.39606e-09	
5000.000000	5.85643e-05	5000.000000	5.43113e-05	5000.000000	4.8686e-05	5000.000000	4.69948e-05	5000.000000	4.86871e-05	5000.000000	5.431e-05 	5000.000000	1.34394e-09	
5250.000000	6.00378e-05	5250.000000	5.52553e-05	5250.000000	4.88917e-05	5250.000000	4.72033e-05	5250.000000	4.8893e-05	5250.000000	5.5254e-05	5250.000000	1.28418e-09	
5500.000000	6.15457e-05	5500.000000	5.62107e-05	5500.000000	4.90956e-05	5500.000000	4.74098e-05	5500.000000	4.9097e-05	5500.000000	5.62095e-05	5500.000000	1.22966e-09	
6000.000000	6.4657e-05	6000.000000	5.81492e-05	6000.000000	4.94958e-05	6000.000000	4.78148e-05	6000.000000	4.94973e-05	6000.000000	5.81481e-05	6000.000000	1.13381e-09	
6500.000000	6.78851e-05	6500.000000	6.01165e-05	6500.000000	4.98844e-05	6500.000000	4.82073e-05	6500.000000	4.98852e-05	6500.000000	6.01154e-05	6500.000000	1.05221e-09	
7000.000000	7.12206e-05	7000.000000	6.21051e-05	7000.000000	5.02597e-05	7000.000000	4.85862e-05	7000.000000	5.02595e-05	7000.000000	6.21041e-05	7000.000000	9.81879e-10	
7500.000000	7.46567e-05	7500.000000	6.41097e-05	7500.000000	5.0619e-05	7500.000000	4.89511e-05	7500.000000	5.062e-05 	7500.000000	6.41087e-05	7500.000000	9.20616e-10	
8000.000000	7.81879e-05	8000.000000	6.61263e-05	8000.000000	5.09655e-05	8000.000000	4.93023e-05	8000.000000	5.09666e-05	8000.000000	6.61254e-05	8000.000000	8.66757e-10	
8500.000000	8.18105e-05	8500.000000	6.8152e-05	8500.000000	5.12993e-05	8500.000000	4.96402e-05	8500.000000	5.12998e-05	8500.000000	6.81512e-05	8500.000000	8.19024e-10	
9000.000000	8.55211e-05	9000.000000	7.01846e-05	9000.000000	5.16202e-05	9000.000000	4.99652e-05	9000.000000	5.16202e-05	9000.000000	7.01838e-05	9000.000000	7.7642e-10	
9500.000000	8.93173e-05	9500.000000	7.22222e-05	9500.000000	5.19283e-05	9500.000000	5.02782e-05	9500.000000	5.19285e-05	9500.000000	7.22215e-05	9500.000000	7.38151e-10	
10000.000000	9.31971e-05	10000.000000	7.42636e-05	10000.000000	5.22243e-05	10000.000000	5.05797e-05	10000.000000	5.2225e-05	10000.000000	7.42629e-05	10000.000000	7.03583e-10	
11000.000000	0.000101202	11000.000000	7.83535e-05	11000.000000	5.27842e-05	11000.000000	5.11507e-05	11000.000000	5.2786e-05	11000.000000	7.83528e-05	11000.000000	6.43573e-10	
12000.000000	0.000109525	12000.000000	8.2448e-05	12000.000000	5.33064e-05	12000.000000	5.16832e-05	12000.000000	5.33079e-05	12000.000000	8.24474e-05	12000.000000	5.93249e-10	
13000.000000	0.00011816	13000.000000	8.65431e-05	13000.000000	5.37944e-05	13000.000000	5.21814e-05	13000.000000	5.3795e-05	13000.000000	8.65425e-05	13000.000000	5.50423e-10	
14000.000000	0.000127104	14000.000000	9.06362e-05	14000.000000	5.42519e-05	14000.000000	5.26492e-05	14000.000000	5.4251e-05	14000.000000	9.06357e-05	14000.000000	5.13522e-10	
15000.000000	0.000136352	15000.000000	9.47255e-05	15000.000000	5.46817e-05	15000.000000	5.30898e-05	15000.000000	5.46792e-05	15000.000000	9.4725e-05	15000.000000	4.81385e-10	
16000.000000	0.000145904	16000.000000	9.88098e-05	16000.000000	5.50854e-05	16000.000000	5.3506e-05	16000.000000	5.50824e-05	16000.000000	9.88093e-05	16000.000000	4.53138e-10	
17000.000000	0.000155757	17000.000000	0.000102888	17000.000000	5.54656e-05	17000.000000	5.39002e-05	17000.000000	5.54632e-05	17000.000000	0.000102888	17000.000000	4.28109e-10	
18000.000000	0.000165911	18000.000000	0.000106961	18000.000000	5.58249e-05	18000.000000	5.42746e-05	18000.000000	5.58237e-05	18000.000000	0.00010696	18000.000000	4.05774e-10	
19000.000000	0.000176366	19000.000000	0.000111027	19000.000000	5.61656e-05	19000.000000	5.4631e-05	19000.000000	5.61653e-05	19000.000000	0.000111026	19000.000000	3.85715e-10	
20000.000000	0.000187122	20000.000000	0.000115086	20000.000000	5.64898e-05	20000.000000	5.49709e-05	20000.000000	5.64901e-05	20000.000000	0.000115085	20000.000000	3.67599e-10	
21000.000000	0.000198179	21000.000000	0.000119138	21000.000000	5.67992e-05	21000.000000	5.52958e-05	21000.000000	5.67994e-05	21000.000000	0.000119138	21000.000000	3.51154e-10	
22000.000000	0.000209537	22000.000000	0.000123183	22000.000000	5.70947e-05	22000.000000	5.5607e-05	22000.000000	5.70942e-05	22000.000000	0.000123183	22000.000000	3.36157e-10	
23000.000000	0.000221197	23000.000000	0.000127222	23000.000000	5.73761e-05	23000.000000	5.59054e-05	23000.000000	5.73762e-05	23000.000000	0.000127222	23000.000000	3.22423e-10	
24000.000000	0.00023316	24000.000000	0.000131254	24000.000000	5.76451e-05	24000.000000	5.61922e-05	24000.000000	5.76455e-05	24000.000000	0.000131254	24000.000000	3.09798e-10	
25000.000000	0.000245426	25000.000000	0.000135279	25000.000000	5.79036e-05	25000.000000	5.64681e-05	25000.000000	5.79039e-05	25000.000000	0.000135279	25000.000000	2.9815e-10	
26000.000000	0.000257997	26000.000000	0.000139298	26000.000000	5.81513e-05	26000.000000	5.67339e-05	26000.000000	5.81513e-05	26000.000000	0.000139298	26000.000000	2.87371e-10	
27000.000000	0.000270874	27000.000000	0.00014331	27000.000000	5.83887e-05	27000.000000	5.69904e-05	27000.000000	5.83894e-05	27000.000000	0.00014331	27000.000000	2.77365e-10	
28000.000000	0.000284058	28000.000000	0.000147317	28000.000000	5.86169e-05	28000.000000	5.72381e-05	28000.000000	5.86177e-05	28000.000000	0.000147316	28000.000000	2.68052e-10	
29000.000000	0.000297549	29000.000000	0.000151317	29000.000000	5.88368e-05	29000.000000	5.74777e-05	29000.000000	5.88379e-05	29000.000000	0.000151316	29000.000000	2.59361e-10	
30000.000000	0.00031135	30000.000000	0.00015531	30000.000000	5.90489e-05	30000.000000	5.77096e-05	30000.000000	5.90497e-05	30000.000000	0.00015531	30000.000000	2.51231e-10	
32000.000000	0.000339884	32000.000000	0.000163281	32000.000000	5.94509e-05	32000.000000	5.81522e-05	32000.000000	5.94513e-05	32000.000000	0.000163281	32000.000000	2.36449e-10	
34000.000000	0.00036967	34000.000000	0.000171229	34000.000000	5.98254e-05	34000.000000	5.85694e-05	34000.000000	5.98256e-05	34000.000000	0.000171229	34000.000000	2.23353e-10	
36000.000000	0.00040072	36000.000000	0.000179155	36000.000000	6.01749e-05	36000.000000	5.89638e-05	36000.000000	6.01755e-05	36000.000000	0.000179155	36000.000000	2.11669e-10	
38000.000000	0.000433046	38000.000000	0.000187061	38000.000000	6.05024e-05	38000.000000	5.93377e-05	38000.000000	6.0504e-05	38000.000000	0.000187061	38000.000000	2.01177e-10	
40000.000000	0.000466658	40000.000000	0.000194947	40000.000000	6.08104e-05	40000.000000	5.96932e-05	40000.000000	6.08126e-05	40000.000000	0.000194947	40000.000000	1.91703e-10	
42000.000000	0.00050157	42000.000000	0.000202815	42000.000000	6.1101e-05	42000.000000	6.00321e-05	42000.000000	6.11032e-05	42000.000000	0.000202814	42000.000000	1.83104e-10	
44000.000000	0.000537793	44000.000000	0.000210664	44000.000000	6.13763e-05	44000.000000	6.03557e-05	44000.000000	6.1378e-05	44000.000000	0.000210664	44000.000000	1.75264e-10	
46000.000000	0.000575342	46000.000000	0.000218496	46000.000000	6.16383e-05	46000.000000	6.06653e-05	46000.000000	6.1637e-05	46000.000000	0.000218496	46000.000000	1.68084e-10	
48000.000000	0.000614227	48000.000000	0.000226312	48000.000000	6.18875e-05	48000.000000	6.09622e-05	48000.000000	6.1883e-05	48000.000000	0.000226312	48000.000000	1.61485e-10	
50000.000000	0.000654464	50000.000000	0.000234111	50000.000000	6.21234e-05	50000.000000	6.12474e-05	50000.000000	6.21159e-05	50000.000000	0.000234111	50000.000000	1.55398e-10	
