! 91Sr energy loss (dE/dX) in He
! apply ZOOM for details
Energy (MeV/u)1	0 - [He-base] F.Hubert et al, AD&ND Tables 46(1990)1	Energy (MeV/u)2	1 - [H -base] J.F.Ziegler et al,Pergamon Press,NY(low energy)	Energy (MeV/u)3	2 - ATIMA 1.2 LS-theory (recommended for high energy)	Energy (MeV/u)4	3 - ATIMA 1.2 without LS-correction	Energy (MeV/u)5	4 - ATIMA 1.4 H.Weick, improved mean charge formula for HI	Energy (MeV/u)6	5 - electrical component of [1] - J.F.Ziegler et al	Energy (MeV/u)7	6 - nuclear component of [1] - J.F.Ziegler et al	
0.001000	0.00022393	0.001000	0.00022393	0.001000	0.000193043	0.001000	0.000193043	0.001000	0.000193053	0.001000	5.71953e-05	0.001000	0.000166735	
0.002000	0.000226568	0.002000	0.000226568	0.002000	0.000189599	0.002000	0.000189599	0.002000	0.000189607	0.002000	7.41731e-05	0.002000	0.000152395	
0.005000	0.000221399	0.005000	0.000221399	0.005000	0.000175635	0.005000	0.000175635	0.005000	0.00017564	0.005000	0.000104586	0.005000	0.000116813	
0.008000	0.00022049	0.008000	0.00022049	0.008000	0.00017015	0.008000	0.00017015	0.008000	0.000170154	0.008000	0.000124744	0.008000	9.57465e-05	
0.010000	0.000221602	0.010000	0.000221602	0.010000	0.000169156	0.010000	0.000169156	0.010000	0.000169159	0.010000	0.000135631	0.010000	8.59704e-05	
0.015000	0.000227224	0.015000	0.000227224	0.015000	0.0001712 	0.015000	0.0001712 	0.015000	0.000171203	0.015000	0.000157905	0.015000	6.93199e-05	
0.020000	0.000234581	0.020000	0.000234581	0.020000	0.000176329	0.020000	0.000176329	0.020000	0.000176331	0.020000	0.000175892	0.020000	5.86884e-05	
0.025000	0.000242463	0.025000	0.000242463	0.025000	0.000182745	0.025000	0.000182745	0.025000	0.000182747	0.025000	0.000191244	0.025000	5.12189e-05	
0.030000	0.000250415	0.030000	0.000250415	0.030000	0.000189717	0.030000	0.000189717	0.030000	0.000189719	0.030000	0.000204777	0.030000	4.56381e-05	
0.035000	0.000258249	0.035000	0.000258249	0.035000	0.000196909	0.035000	0.000196909	0.035000	0.00019691	0.035000	0.000216963	0.035000	4.12856e-05	
0.040000	0.000265886	0.040000	0.000265886	0.040000	0.00020415	0.040000	0.00020415	0.040000	0.000204151	0.040000	0.000228104	0.040000	3.77817e-05	
0.045000	0.000273296	0.045000	0.000273296	0.045000	0.000211351	0.045000	0.000211351	0.045000	0.000211352	0.045000	0.000238405	0.045000	3.48913e-05	
0.050000	0.000280473	0.050000	0.000280473	0.050000	0.000218465	0.050000	0.000218465	0.050000	0.000218466	0.050000	0.000248013	0.050000	3.24602e-05	
0.055000	0.000290364	0.055000	0.000290364	0.055000	0.000228531	0.055000	0.000228531	0.055000	0.000228532	0.055000	0.000259981	0.055000	3.03829e-05	
0.060000	0.00030853	0.060000	0.00030853	0.060000	0.000247832	0.060000	0.000247832	0.060000	0.000247833	0.060000	0.000279945	0.060000	2.85846e-05	
0.070000	0.000343461	0.070000	0.000343461	0.070000	0.00028694	0.070000	0.00028694	0.070000	0.000286941	0.070000	0.000318077	0.070000	2.53836e-05	
0.080000	0.0003774 	0.080000	0.0003774 	0.080000	0.000326603	0.080000	0.000326603	0.080000	0.000326604	0.080000	0.000354341	0.080000	2.30589e-05	
0.090000	0.000410089	0.090000	0.000410089	0.090000	0.000365916	0.090000	0.000365916	0.090000	0.000365917	0.090000	0.000388927	0.090000	2.11619e-05	
0.100000	0.000441419	0.100000	0.000441419	0.100000	0.000404411	0.100000	0.000404411	0.100000	0.000404412	0.100000	0.000421838	0.100000	1.95811e-05	
0.120000	0.000499701	0.120000	0.000499701	0.120000	0.000477666	0.120000	0.000477666	0.120000	0.000477667	0.120000	0.000482611	0.120000	1.70897e-05	
0.140000	0.000552113	0.140000	0.000552113	0.140000	0.000544672	0.140000	0.000544672	0.140000	0.000544672	0.140000	0.000536905	0.140000	1.52079e-05	
0.160000	0.000604372	0.160000	0.000604372	0.160000	0.000604766	0.160000	0.000604766	0.160000	0.000604767	0.160000	0.00059064	0.160000	1.3731e-05	
0.180000	0.000664057	0.180000	0.000664057	0.180000	0.000657944	0.180000	0.000657944	0.180000	0.000657945	0.180000	0.000651519	0.180000	1.25379e-05	
0.200000	0.000717464	0.200000	0.000717464	0.200000	0.00070459	0.200000	0.00070459	0.200000	0.00070459	0.200000	0.000705912	0.200000	1.15518e-05	
0.250000	0.000827844	0.250000	0.000827844	0.250000	0.000796702	0.250000	0.000796702	0.250000	0.000796702	0.250000	0.000818149	0.250000	9.69507e-06	
0.300000	0.000912616	0.300000	0.000912616	0.300000	0.000862104	0.300000	0.000862104	0.300000	0.000862105	0.300000	0.000904228	0.300000	8.38807e-06	
0.350000	0.000980708	0.350000	0.000980708	0.350000	0.000909566	0.350000	0.000909566	0.350000	0.000909566	0.350000	0.000973294	0.350000	7.4136e-06	
0.400000	0.00103998	0.400000	0.00103998	0.400000	0.000945271	0.400000	0.000945271	0.400000	0.000945272	0.400000	0.00103333	0.400000	6.65655e-06	
0.450000	0.00108765	0.450000	0.00108765	0.450000	0.000973239	0.450000	0.000973239	0.450000	0.00097324	0.450000	0.0010816 	0.450000	6.04995e-06	
0.500000	0.00112636	0.500000	0.00112636	0.500000	0.000995991	0.500000	0.000995991	0.500000	0.000995992	0.500000	0.00112081	0.500000	5.55204e-06	
0.600000	0.00118413	0.600000	0.00118413	0.600000	0.00104746	0.600000	0.00104746	0.600000	0.00104746	0.600000	0.00117934	0.600000	4.78112e-06	
0.700000	0.0012312 	0.700000	0.0012312 	0.700000	0.00109185	0.700000	0.00109185	0.700000	0.00109185	0.700000	0.00122699	0.700000	4.21002e-06	
0.800000	0.00126941	0.800000	0.00126941	0.800000	0.00112549	0.800000	0.00112549	0.800000	0.00112549	0.800000	0.00126564	0.800000	3.76859e-06	
0.900000	0.00129599	0.900000	0.00129599	0.900000	0.00115139	0.900000	0.00115139	0.900000	0.00115139	0.900000	0.00129257	0.900000	3.41636e-06	
1.000000	0.00131412	1.000000	0.00131412	1.000000	0.00117139	1.000000	0.00117139	1.000000	0.0011714 	1.000000	0.00131099	1.000000	3.12827e-06	
1.250000	0.0013286 	1.250000	0.0013286 	1.250000	0.00120296	1.250000	0.00120296	1.250000	0.00120296	1.250000	0.001326  	1.250000	2.59334e-06	
1.500000	0.00131827	1.500000	0.00131827	1.500000	0.00121678	1.500000	0.00121678	1.500000	0.00121678	1.500000	0.00131605	1.500000	2.22288e-06	
1.750000	0.00130121	1.750000	0.00130121	1.750000	0.00121944	1.750000	0.00121944	1.750000	0.00121945	1.750000	0.00129926	1.750000	1.95009e-06	
2.000000	0.0012801 	2.000000	0.0012801 	2.000000	0.0012149 	2.000000	0.0012149 	2.000000	0.0012149 	2.000000	0.00127836	2.000000	1.74026e-06	
2.250000	0.00125584	2.250000	0.00125584	2.250000	0.00120562	2.250000	0.00120562	2.250000	0.00120562	2.250000	0.00125426	2.250000	1.5735e-06	
2.500000	0.00156591	2.500000	0.00123147	2.500000	0.00119324	2.500000	0.00119324	2.500000	0.00119324	2.500000	0.00123003	2.500000	1.43757e-06	
3.000000	0.00148955	3.000000	0.00118374	3.000000	0.00116314	3.000000	0.00116314	3.000000	0.00116314	3.000000	0.00118251	3.000000	1.22886e-06	
3.500000	0.00141738	3.500000	0.00113801	3.500000	0.00112669	3.500000	0.00112669	3.500000	0.0011267 	3.500000	0.00113693	3.500000	1.07569e-06	
4.000000	0.00135073	4.000000	0.00109493	4.000000	0.00108783	4.000000	0.00108783	4.000000	0.00108783	4.000000	0.00109397	4.000000	9.58194e-07	
4.500000	0.00128968	4.500000	0.00105508	4.500000	0.00105143	4.500000	0.00105143	4.500000	0.00105143	4.500000	0.00105421	4.500000	8.65029e-07	
5.000000	0.00123389	5.000000	0.00101808	5.000000	0.00101733	5.000000	0.00101733	5.000000	0.00101733	5.000000	0.00101729	5.000000	7.89235e-07	
5.500000	0.00118287	5.500000	0.000983531	5.500000	0.000985367	5.500000	0.000985367	5.500000	0.000985367	5.500000	0.000982805	5.500000	7.26293e-07	
6.000000	0.00113614	6.000000	0.000950839	6.000000	0.000955378	6.000000	0.000955378	6.000000	0.000955378	6.000000	0.000950166	6.000000	6.73138e-07	
6.500000	0.0010932 	6.500000	0.000920371	6.500000	0.000927199	6.500000	0.000927199	6.500000	0.000927199	6.500000	0.000919743	6.500000	6.27616e-07	
7.000000	0.00105365	7.000000	0.000891956	7.000000	0.000900679	7.000000	0.000900679	7.000000	0.00090068	7.000000	0.000891368	7.000000	5.88167e-07	
7.500000	0.0010171 	7.500000	0.000865381	7.500000	0.000875682	7.500000	0.000875682	7.500000	0.000875682	7.500000	0.000864827	7.500000	5.53631e-07	
8.000000	0.000983243	8.000000	0.000840474	8.000000	0.000852081	8.000000	0.000852081	8.000000	0.000852082	8.000000	0.00083995	8.000000	5.23128e-07	
8.500000	0.000951782	8.500000	0.000816993	8.500000	0.000829764	8.500000	0.000829764	8.500000	0.000829764	8.500000	0.000816497	8.500000	4.95981e-07	
9.000000	0.000922473	9.000000	0.00079482	9.000000	0.000808628	9.000000	0.000808628	9.000000	0.000808628	9.000000	0.000794348	9.000000	4.71654e-07	
9.500000	0.000895101	9.500000	0.000773847	9.500000	0.000788581	9.500000	0.000788581	9.500000	0.000788581	9.500000	0.000773397	9.500000	4.49722e-07	
10.000000	0.000869477	10.000000	0.000722617	10.000000	0.000769539	10.000000	0.000769539	10.000000	0.00076954	10.000000	0.000722187	10.000000	4.29843e-07	
11.000000	0.000822835	11.000000	0.000696756	11.000000	0.000728714	11.000000	0.000735358	11.000000	0.00073894	11.000000	0.000696361	11.000000	3.95169e-07	
12.000000	0.000781448	12.000000	0.000672366	12.000000	0.00069234	12.000000	0.00070442	12.000000	0.000710442	12.000000	0.000672  	12.000000	3.65923e-07	
13.000000	0.000744456	13.000000	0.000649445	13.000000	0.000659763	13.000000	0.000676305	13.000000	0.000683934	13.000000	0.000649104	13.000000	3.40905e-07	
14.000000	0.00071118	14.000000	0.000627938	14.000000	0.000630434	14.000000	0.000650659	14.000000	0.000659281	14.000000	0.000627619	14.000000	3.19244e-07	
15.000000	0.000681073	15.000000	0.000607766	15.000000	0.000603896	15.000000	0.000627184	15.000000	0.000636344	15.000000	0.000607465	15.000000	3.00299e-07	
16.000000	0.000653692	16.000000	0.000588838	16.000000	0.000579798	16.000000	0.000605627	16.000000	0.000614992	16.000000	0.000588554	16.000000	2.8358e-07	
17.000000	0.000628672	17.000000	0.000571062	17.000000	0.000557843	17.000000	0.000585772	17.000000	0.000595099	17.000000	0.000570794	17.000000	2.68711e-07	
18.000000	0.000605714	18.000000	0.000554352	18.000000	0.000537767	18.000000	0.000567435	18.000000	0.000576516	18.000000	0.000554096	18.000000	2.55396e-07	
19.000000	0.000584566	19.000000	0.000538622	19.000000	0.000519359	19.000000	0.000550459	19.000000	0.000559172	19.000000	0.000538379	19.000000	2.43401e-07	
20.000000	0.000565016	20.000000	0.000523796	20.000000	0.000502444	20.000000	0.000534705	20.000000	0.000542972	20.000000	0.000523564	20.000000	2.32534e-07	
21.000000	0.000546886	21.000000	0.000509803	21.000000	0.000486863	21.000000	0.000520057	21.000000	0.000527774	21.000000	0.000509581	21.000000	2.22642e-07	
22.000000	0.000530022	22.000000	0.000496578	22.000000	0.000472467	22.000000	0.000506408	22.000000	0.00051356	22.000000	0.000496365	22.000000	2.13596e-07	
23.000000	0.000514292	23.000000	0.000484062	23.000000	0.000459136	23.000000	0.00049367	23.000000	0.000500213	23.000000	0.000483857	23.000000	2.05292e-07	
24.000000	0.000499584	24.000000	0.000472201	24.000000	0.000446767	24.000000	0.000481761	24.000000	0.000487691	24.000000	0.000472004	24.000000	1.97639e-07	
25.000000	0.000485797	25.000000	0.000460947	25.000000	0.000435273	25.000000	0.00047061	25.000000	0.000475921	25.000000	0.000460756	25.000000	1.90563e-07	
27.000000	0.000460655	27.000000	0.000440083	27.000000	0.000414612	27.000000	0.000450341	27.000000	0.000454432	27.000000	0.000439905	27.000000	1.77896e-07	
29.000000	0.000438295	29.000000	0.000421162	29.000000	0.000396672	29.000000	0.000432437	29.000000	0.000435366	29.000000	0.000420995	29.000000	1.66879e-07	
31.000000	0.000418268	31.000000	0.000403926	31.000000	0.000381264	31.000000	0.000415113	31.000000	0.000416595	31.000000	0.000403769	31.000000	1.57206e-07	
33.000000	0.000400219	33.000000	0.000388163	33.000000	0.00036746	33.000000	0.000398054	33.000000	0.000398116	33.000000	0.000388014	33.000000	1.48642e-07	
35.000000	0.000383863	35.000000	0.00037369	35.000000	0.000354708	35.000000	0.000382465	35.000000	0.000381484	35.000000	0.000373549	35.000000	1.41002e-07	
38.000000	0.000362005	38.000000	0.000354077	38.000000	0.000337353	38.000000	0.000361443	38.000000	0.000359408	38.000000	0.000353946	38.000000	1.3097e-07	
41.000000	0.000342821	41.000000	0.000336612	41.000000	0.000321783	41.000000	0.000342822	41.000000	0.000340148	41.000000	0.00033649	41.000000	1.22329e-07	
44.000000	0.000325838	44.000000	0.00032096	44.000000	0.000307758	44.000000	0.00032621	44.000000	0.000323178	44.000000	0.000320845	44.000000	1.14804e-07	
47.000000	0.000310691	47.000000	0.000306853	47.000000	0.000295037	47.000000	0.000311298	47.000000	0.000308099	47.000000	0.000306745	47.000000	1.08189e-07	
50.000000	0.000297091	50.000000	0.000294072	50.000000	0.000283451	50.000000	0.000297837	50.000000	0.000294604	50.000000	0.00029397	50.000000	1.02327e-07	
55.000000	0.000277257	55.000000	0.000275247	55.000000	0.000266315	55.000000	0.000278095	55.000000	0.000274932	55.000000	0.000275153	55.000000	9.39049e-08	
60.000000	0.000260284	60.000000	0.000258972	60.000000	0.000251371	60.000000	0.000261106	60.000000	0.000258133	60.000000	0.000258886	60.000000	8.68164e-08	
65.000000	0.000245584	65.000000	0.000244762	65.000000	0.000238279	65.000000	0.000246333	65.000000	0.000243605	65.000000	0.000244682	65.000000	8.0764e-08	
70.000000	0.000232719	70.000000	0.000232247	70.000000	0.000226694	70.000000	0.00023337	70.000000	0.000230909	70.000000	0.000232172	70.000000	7.55332e-08	
75.000000	0.00022136	75.000000	0.000221141	75.000000	0.000216354	75.000000	0.000221903	75.000000	0.000219838	75.000000	0.00022107	75.000000	7.09651e-08	
80.000000	0.000211252	80.000000	0.000211219	80.000000	0.000207082	80.000000	0.000211688	80.000000	0.000209986	80.000000	0.000211152	80.000000	6.69398e-08	
85.000000	0.000202195	85.000000	0.000202301	85.000000	0.000198743	85.000000	0.000202531	85.000000	0.000201151	85.000000	0.000202238	85.000000	6.33646e-08	
90.000000	0.00019403	90.000000	0.000194242	90.000000	0.000191157	90.000000	0.000194276	90.000000	0.000193185	90.000000	0.000194182	90.000000	6.01671e-08	
95.000000	0.000186629	95.000000	0.000186925	95.000000	0.000184269	95.000000	0.000186797	95.000000	0.000185977	95.000000	0.000186867	95.000000	5.72897e-08	
100.000000	0.000179887	100.000000	0.00018025	100.000000	0.000177966	100.000000	0.000179989	100.000000	0.000179417	100.000000	0.000180196	100.000000	5.46858e-08	
105.000000	0.000173717	105.000000	0.000174139	105.000000	0.000172196	105.000000	0.000173766	105.000000	0.000173414	105.000000	0.000174086	105.000000	5.23179e-08	
110.000000	0.00016805	110.000000	0.000168521	110.000000	0.000166858	110.000000	0.000168057	110.000000	0.000167916	110.000000	0.000168471	110.000000	5.01547e-08	
115.000000	0.000162823	115.000000	0.000163341	115.000000	0.000161945	115.000000	0.0001628 	115.000000	0.000162839	115.000000	0.000163292	115.000000	4.81705e-08	
120.000000	0.000157988	120.000000	0.000158548	120.000000	0.000157392	120.000000	0.000157945	120.000000	0.000158157	120.000000	0.000158502	120.000000	4.63437e-08	
125.000000	0.000153499	125.000000	0.000154101	125.000000	0.000153145	125.000000	0.000153446	125.000000	0.000153809	125.000000	0.000154057	125.000000	4.46559e-08	
130.000000	0.000149322	130.000000	0.000149965	130.000000	0.0001492 	130.000000	0.000149266	130.000000	0.000149775	130.000000	0.000149922	130.000000	4.30917e-08	
135.000000	0.000145422	135.000000	0.000146107	135.000000	0.000145522	135.000000	0.000145373	135.000000	0.000146007	135.000000	0.000146065	135.000000	4.16377e-08	
140.000000	0.000141774	140.000000	0.000142501	140.000000	0.000142077	140.000000	0.000141738	140.000000	0.000142499	140.000000	0.000142461	140.000000	4.02827e-08	
145.000000	0.000138353	145.000000	0.000139123	145.000000	0.000138841	145.000000	0.000138337	145.000000	0.000139204	145.000000	0.000139084	145.000000	3.90166e-08	
150.000000	0.000135138	150.000000	0.000135951	150.000000	0.000135795	150.000000	0.000135148	150.000000	0.000136119	150.000000	0.000135914	150.000000	3.78309e-08	
155.000000	0.000130567	155.000000	0.000132969	155.000000	0.000132931	155.000000	0.000132152	155.000000	0.000133215	155.000000	0.000132932	155.000000	3.67181e-08	
160.000000	0.000127909	160.000000	0.000130159	160.000000	0.000130235	160.000000	0.000129331	160.000000	0.00013048	160.000000	0.000130123	160.000000	3.56715e-08	
165.000000	0.000125398	165.000000	0.000127507	165.000000	0.00012769	165.000000	0.000126672	165.000000	0.000127903	165.000000	0.000127472	165.000000	3.46853e-08	
170.000000	0.000123024	170.000000	0.000125  	170.000000	0.00012528	170.000000	0.00012416	170.000000	0.00012546	170.000000	0.000124966	170.000000	3.37544e-08	
175.000000	0.000120774	175.000000	0.000122626	175.000000	0.000122993	175.000000	0.000121784	175.000000	0.000123153	175.000000	0.000122594	175.000000	3.28742e-08	
180.000000	0.000118639	180.000000	0.000120376	180.000000	0.000120818	180.000000	0.000119534	180.000000	0.000120966	180.000000	0.000120344	180.000000	3.20405e-08	
185.000000	0.000116611	185.000000	0.00011824	185.000000	0.000118756	185.000000	0.000117399	185.000000	0.000118886	185.000000	0.000118209	185.000000	3.12498e-08	
190.000000	0.000114682	190.000000	0.00011621	190.000000	0.000116802	190.000000	0.000115371	190.000000	0.000116912	190.000000	0.000116179	190.000000	3.04988e-08	
195.000000	0.000112844	195.000000	0.000114277	195.000000	0.000114941	195.000000	0.000113443	195.000000	0.000115034	195.000000	0.000114247	195.000000	2.97845e-08	
200.000000	0.000111091	200.000000	0.000112435	200.000000	0.000113162	200.000000	0.000111607	200.000000	0.000113242	200.000000	0.000112406	200.000000	2.91042e-08	
210.000000	0.000107818	210.000000	0.000109002	210.000000	0.000109847	210.000000	0.000108187	210.000000	0.000109908	210.000000	0.000108974	210.000000	2.78363e-08	
220.000000	0.000104823	220.000000	0.000105864	220.000000	0.00010681	220.000000	0.000105066	220.000000	0.000106856	220.000000	0.000105838	220.000000	2.66785e-08	
230.000000	0.00010207	230.000000	0.000102987	230.000000	0.000104023	230.000000	0.000102208	230.000000	0.000104061	230.000000	0.000102961	230.000000	2.56168e-08	
240.000000	9.95325e-05	240.000000	0.000100339	240.000000	0.000101463	240.000000	9.9581e-05	240.000000	0.000101486	240.000000	0.000100315	240.000000	2.46395e-08	
250.000000	9.7185e-05	250.000000	9.78947e-05	250.000000	9.90906e-05	250.000000	9.71588e-05	250.000000	9.91104e-05	250.000000	9.7871e-05	250.000000	2.37369e-08	
260.000000	9.50074e-05	260.000000	9.56314e-05	260.000000	9.68979e-05	260.000000	9.49187e-05	260.000000	9.6909e-05	260.000000	9.56085e-05	260.000000	2.29006e-08	
270.000000	9.29817e-05	270.000000	9.353e-05 	270.000000	9.48654e-05	270.000000	9.28414e-05	270.000000	9.48677e-05	270.000000	9.35079e-05	270.000000	2.21235e-08	
280.000000	9.10926e-05	280.000000	9.15741e-05	280.000000	9.29615e-05	280.000000	9.09101e-05	280.000000	9.29649e-05	280.000000	9.15527e-05	280.000000	2.13994e-08	
290.000000	8.93269e-05	290.000000	8.97493e-05	290.000000	9.11903e-05	290.000000	8.91102e-05	290.000000	9.1194e-05	290.000000	8.97286e-05	290.000000	2.0723e-08	
300.000000	8.76729e-05	300.000000	8.80432e-05	300.000000	8.95389e-05	300.000000	8.74292e-05	300.000000	8.95336e-05	300.000000	8.80231e-05	300.000000	2.00896e-08	
310.000000	8.61204e-05	310.000000	8.64447e-05	310.000000	8.79902e-05	310.000000	8.5856e-05	310.000000	8.79818e-05	310.000000	8.64252e-05	310.000000	1.94953e-08	
320.000000	8.46605e-05	320.000000	8.49442e-05	320.000000	8.65324e-05	320.000000	8.43807e-05	320.000000	8.65242e-05	320.000000	8.49252e-05	320.000000	1.89365e-08	
330.000000	8.32852e-05	330.000000	8.35332e-05	330.000000	8.5162e-05	330.000000	8.29949e-05	330.000000	8.51532e-05	330.000000	8.35148e-05	330.000000	1.84101e-08	
340.000000	8.19874e-05	340.000000	8.22041e-05	340.000000	8.38724e-05	340.000000	8.16908e-05	340.000000	8.38646e-05	340.000000	8.21862e-05	340.000000	1.79132e-08	
350.000000	8.07609e-05	350.000000	8.09502e-05	350.000000	8.26563e-05	350.000000	8.04618e-05	350.000000	8.26457e-05	350.000000	8.09327e-05	350.000000	1.74435e-08	
360.000000	7.96002e-05	360.000000	7.97654e-05	360.000000	8.15086e-05	360.000000	7.93017e-05	360.000000	8.14958e-05	360.000000	7.97484e-05	360.000000	1.69987e-08	
370.000000	7.85001e-05	370.000000	7.86444e-05	370.000000	8.04229e-05	370.000000	7.82051e-05	370.000000	8.04099e-05	370.000000	7.86278e-05	370.000000	1.65769e-08	
380.000000	7.74561e-05	380.000000	7.75824e-05	380.000000	7.93921e-05	380.000000	7.71671e-05	380.000000	7.9378e-05	380.000000	7.75662e-05	380.000000	1.61764e-08	
390.000000	7.64642e-05	390.000000	7.65749e-05	390.000000	7.84125e-05	390.000000	7.61834e-05	390.000000	7.8401e-05	390.000000	7.65591e-05	390.000000	1.57954e-08	
400.000000	7.55206e-05	400.000000	7.5618e-05	400.000000	7.74824e-05	400.000000	7.525e-05 	400.000000	7.74749e-05	400.000000	7.56026e-05	400.000000	1.54327e-08	
410.000000	7.46221e-05	410.000000	7.47082e-05	410.000000	7.66003e-05	410.000000	7.43634e-05	410.000000	7.65919e-05	410.000000	7.46931e-05	410.000000	1.50869e-08	
420.000000	7.37656e-05	420.000000	7.38422e-05	420.000000	7.57639e-05	420.000000	7.35202e-05	420.000000	7.57525e-05	420.000000	7.38275e-05	420.000000	1.47569e-08	
430.000000	7.29483e-05	430.000000	7.30171e-05	430.000000	7.4968e-05	430.000000	7.27175e-05	430.000000	7.49542e-05	430.000000	7.30027e-05	430.000000	1.44415e-08	
440.000000	7.21677e-05	440.000000	7.22302e-05	440.000000	7.42076e-05	440.000000	7.19526e-05	440.000000	7.41922e-05	440.000000	7.2216e-05	440.000000	1.41398e-08	
450.000000	7.14215e-05	450.000000	7.1479e-05	450.000000	7.34796e-05	450.000000	7.1223e-05	450.000000	7.34641e-05	450.000000	7.14651e-05	450.000000	1.3851e-08	
460.000000	7.07076e-05	460.000000	7.07612e-05	460.000000	7.27824e-05	460.000000	7.05266e-05	460.000000	7.27698e-05	460.000000	7.07477e-05	460.000000	1.35742e-08	
470.000000	7.0024e-05	470.000000	7.00749e-05	470.000000	7.21154e-05	470.000000	6.98611e-05	470.000000	7.2107e-05	470.000000	7.00616e-05	470.000000	1.33086e-08	
480.000000	6.93689e-05	480.000000	6.94181e-05	480.000000	7.14785e-05	480.000000	6.92248e-05	480.000000	7.14708e-05	480.000000	6.9405e-05	480.000000	1.30536e-08	
490.000000	6.87407e-05	490.000000	6.8789e-05	490.000000	7.08706e-05	490.000000	6.86159e-05	490.000000	7.08621e-05	490.000000	6.87762e-05	490.000000	1.28086e-08	
500.000000	6.81379e-05	500.000000	6.81861e-05	500.000000	7.02893e-05	500.000000	6.80327e-05	500.000000	7.02797e-05	500.000000	6.81735e-05	500.000000	1.2573e-08	
520.000000	6.70028e-05	520.000000	6.70529e-05	520.000000	6.91971e-05	520.000000	6.69378e-05	520.000000	6.91851e-05	520.000000	6.70407e-05	520.000000	1.21277e-08	
540.000000	6.59535e-05	540.000000	6.60077e-05	540.000000	6.81871e-05	540.000000	6.59294e-05	540.000000	6.81757e-05	540.000000	6.5996e-05	540.000000	1.17141e-08	
560.000000	6.49813e-05	560.000000	6.50416e-05	560.000000	6.7252e-05	560.000000	6.49984e-05	560.000000	6.72439e-05	560.000000	6.50302e-05	560.000000	1.13287e-08	
580.000000	6.40787e-05	580.000000	6.41464e-05	580.000000	6.63869e-05	580.000000	6.41369e-05	580.000000	6.63796e-05	580.000000	6.41355e-05	580.000000	1.09688e-08	
600.000000	6.32391e-05	600.000000	6.33154e-05	600.000000	6.55845e-05	600.000000	6.3338e-05	600.000000	6.55794e-05	600.000000	6.33048e-05	600.000000	1.06319e-08	
620.000000	6.24567e-05	620.000000	6.25425e-05	620.000000	6.48385e-05	620.000000	6.25957e-05	620.000000	6.48331e-05	620.000000	6.25322e-05	620.000000	1.03158e-08	
640.000000	6.17265e-05	640.000000	6.18224e-05	640.000000	6.41439e-05	640.000000	6.19047e-05	640.000000	6.41394e-05	640.000000	6.18124e-05	640.000000	1.00187e-08	
660.000000	6.10439e-05	660.000000	6.11504e-05	660.000000	6.34961e-05	660.000000	6.12604e-05	660.000000	6.3492e-05	660.000000	6.11407e-05	660.000000	9.73876e-09	
680.000000	6.04051e-05	680.000000	6.05225e-05	680.000000	6.28909e-05	680.000000	6.06586e-05	680.000000	6.28863e-05	680.000000	6.0513e-05	680.000000	9.47463e-09	
700.000000	5.98064e-05	700.000000	5.99349e-05	700.000000	6.23246e-05	700.000000	6.00958e-05	700.000000	6.23206e-05	700.000000	5.99256e-05	700.000000	9.22497e-09	
720.000000	5.92447e-05	720.000000	5.93843e-05	720.000000	6.17939e-05	720.000000	5.95686e-05	720.000000	6.17894e-05	720.000000	5.93753e-05	720.000000	8.98861e-09	
740.000000	5.87172e-05	740.000000	5.88679e-05	740.000000	6.12965e-05	740.000000	5.90742e-05	740.000000	6.12911e-05	740.000000	5.88591e-05	740.000000	8.76449e-09	
760.000000	5.82213e-05	760.000000	5.8383e-05	760.000000	6.08296e-05	760.000000	5.86099e-05	760.000000	6.08237e-05	760.000000	5.83744e-05	760.000000	8.55168e-09	
780.000000	5.77547e-05	780.000000	5.79272e-05	780.000000	6.03898e-05	780.000000	5.81735e-05	780.000000	6.03833e-05	780.000000	5.79189e-05	780.000000	8.34933e-09	
800.000000	5.73154e-05	800.000000	5.74985e-05	800.000000	5.99741e-05	800.000000	5.77628e-05	800.000000	5.99685e-05	800.000000	5.74903e-05	800.000000	8.15668e-09	
820.000000	5.69015e-05	820.000000	5.70948e-05	820.000000	5.95817e-05	820.000000	5.73759e-05	820.000000	5.95784e-05	820.000000	5.70868e-05	820.000000	7.97304e-09	
840.000000	5.65112e-05	840.000000	5.67145e-05	840.000000	5.92124e-05	840.000000	5.7011e-05	840.000000	5.921e-05 	840.000000	5.67067e-05	840.000000	7.79778e-09	
860.000000	5.6143e-05	860.000000	5.63559e-05	860.000000	5.88653e-05	860.000000	5.66667e-05	860.000000	5.88616e-05	860.000000	5.63483e-05	860.000000	7.63034e-09	
880.000000	5.57955e-05	880.000000	5.60177e-05	880.000000	5.85377e-05	880.000000	5.63415e-05	880.000000	5.8533e-05	880.000000	5.60102e-05	880.000000	7.4702e-09	
900.000000	5.54674e-05	900.000000	5.56984e-05	900.000000	5.82273e-05	900.000000	5.60341e-05	900.000000	5.82227e-05	900.000000	5.56911e-05	900.000000	7.31689e-09	
920.000000	5.51575e-05	920.000000	5.53969e-05	920.000000	5.79325e-05	920.000000	5.57433e-05	920.000000	5.79278e-05	920.000000	5.53897e-05	920.000000	7.16996e-09	
940.000000	5.48647e-05	940.000000	5.51121e-05	940.000000	5.76528e-05	940.000000	5.5468e-05	940.000000	5.76489e-05	940.000000	5.5105e-05	940.000000	7.02904e-09	
960.000000	5.4588e-05	960.000000	5.48429e-05	960.000000	5.73877e-05	960.000000	5.52072e-05	960.000000	5.73851e-05	960.000000	5.4836e-05	960.000000	6.89374e-09	
980.000000	5.43265e-05	980.000000	5.45884e-05	980.000000	5.71366e-05	980.000000	5.496e-05 	980.000000	5.71351e-05	980.000000	5.45816e-05	980.000000	6.76375e-09	
1000.000000	5.40793e-05	1000.000000	5.43477e-05	1000.000000	5.68985e-05	1000.000000	5.47256e-05	1000.000000	5.68969e-05	1000.000000	5.43411e-05	1000.000000	6.63874e-09	
1020.000000	5.38456e-05	1020.000000	5.41201e-05	1020.000000	5.66726e-05	1020.000000	5.45031e-05	1020.000000	5.66712e-05	1020.000000	5.41136e-05	1020.000000	6.51844e-09	
1040.000000	5.36247e-05	1040.000000	5.39049e-05	1040.000000	5.64579e-05	1040.000000	5.4292e-05	1040.000000	5.64572e-05	1040.000000	5.38985e-05	1040.000000	6.40257e-09	
1060.000000	5.34159e-05	1060.000000	5.37012e-05	1060.000000	5.6254e-05	1060.000000	5.40914e-05	1060.000000	5.62541e-05	1060.000000	5.36949e-05	1060.000000	6.2909e-09	
1080.000000	5.32186e-05	1080.000000	5.35086e-05	1080.000000	5.60601e-05	1080.000000	5.39008e-05	1080.000000	5.60601e-05	1080.000000	5.35024e-05	1080.000000	6.1832e-09	
1100.000000	5.30322e-05	1100.000000	5.33263e-05	1100.000000	5.58759e-05	1100.000000	5.37196e-05	1100.000000	5.58759e-05	1100.000000	5.33202e-05	1100.000000	6.07925e-09	
1120.000000	5.28561e-05	1120.000000	5.31539e-05	1120.000000	5.57007e-05	1120.000000	5.35474e-05	1120.000000	5.57009e-05	1120.000000	5.3148e-05	1120.000000	5.97887e-09	
1140.000000	5.26899e-05	1140.000000	5.29909e-05	1140.000000	5.55342e-05	1140.000000	5.33835e-05	1140.000000	5.55346e-05	1140.000000	5.2985e-05	1140.000000	5.88187e-09	
1160.000000	5.25331e-05	1160.000000	5.28368e-05	1160.000000	5.53757e-05	1160.000000	5.32275e-05	1160.000000	5.5376e-05	1160.000000	5.2831e-05	1160.000000	5.78807e-09	
1180.000000	5.23852e-05	1180.000000	5.26911e-05	1180.000000	5.52248e-05	1180.000000	5.30791e-05	1180.000000	5.52246e-05	1180.000000	5.26854e-05	1180.000000	5.69733e-09	
1200.000000	5.22457e-05	1200.000000	5.25534e-05	1200.000000	5.50809e-05	1200.000000	5.29378e-05	1200.000000	5.50807e-05	1200.000000	5.25478e-05	1200.000000	5.6095e-09	
1220.000000	5.21144e-05	1220.000000	5.24233e-05	1220.000000	5.49437e-05	1220.000000	5.28032e-05	1220.000000	5.49438e-05	1220.000000	5.24178e-05	1220.000000	5.52442e-09	
1240.000000	5.19908e-05	1240.000000	5.23006e-05	1240.000000	5.48129e-05	1240.000000	5.2675e-05	1240.000000	5.48135e-05	1240.000000	5.22951e-05	1240.000000	5.44198e-09	
1260.000000	5.18747e-05	1260.000000	5.21847e-05	1260.000000	5.46881e-05	1260.000000	5.25529e-05	1260.000000	5.46889e-05	1260.000000	5.21794e-05	1260.000000	5.36206e-09	
1280.000000	5.17656e-05	1280.000000	5.20755e-05	1280.000000	5.45692e-05	1280.000000	5.24366e-05	1280.000000	5.457e-05 	1280.000000	5.20702e-05	1280.000000	5.28453e-09	
1300.000000	5.16632e-05	1300.000000	5.19726e-05	1300.000000	5.44559e-05	1300.000000	5.23257e-05	1300.000000	5.44568e-05	1300.000000	5.19674e-05	1300.000000	5.20929e-09	
1320.000000	5.15674e-05	1320.000000	5.18757e-05	1320.000000	5.43479e-05	1320.000000	5.22201e-05	1320.000000	5.4349e-05	1320.000000	5.18706e-05	1320.000000	5.13624e-09	
1340.000000	5.14778e-05	1340.000000	5.17846e-05	1340.000000	5.4245e-05	1340.000000	5.21194e-05	1340.000000	5.42465e-05	1340.000000	5.17795e-05	1340.000000	5.06528e-09	
1360.000000	5.13941e-05	1360.000000	5.1699e-05	1360.000000	5.41469e-05	1360.000000	5.20234e-05	1360.000000	5.41484e-05	1360.000000	5.1694e-05	1360.000000	4.99632e-09	
1380.000000	5.13162e-05	1380.000000	5.16187e-05	1380.000000	5.40534e-05	1380.000000	5.19319e-05	1380.000000	5.40546e-05	1380.000000	5.16137e-05	1380.000000	4.92929e-09	
1400.000000	5.12438e-05	1400.000000	5.15434e-05	1400.000000	5.39643e-05	1400.000000	5.18448e-05	1400.000000	5.39653e-05	1400.000000	5.15385e-05	1400.000000	4.86409e-09	
1420.000000	5.11766e-05	1420.000000	5.1473e-05	1420.000000	5.38793e-05	1420.000000	5.17617e-05	1420.000000	5.38803e-05	1420.000000	5.14682e-05	1420.000000	4.80066e-09	
1440.000000	5.11145e-05	1440.000000	5.14072e-05	1440.000000	5.37983e-05	1440.000000	5.16825e-05	1440.000000	5.37993e-05	1440.000000	5.14025e-05	1440.000000	4.73892e-09	
1460.000000	5.10573e-05	1460.000000	5.13459e-05	1460.000000	5.3721e-05	1460.000000	5.1607e-05	1460.000000	5.37223e-05	1460.000000	5.13412e-05	1460.000000	4.67881e-09	
1480.000000	5.10048e-05	1480.000000	5.12888e-05	1480.000000	5.36473e-05	1480.000000	5.15351e-05	1480.000000	5.36484e-05	1480.000000	5.12842e-05	1480.000000	4.62025e-09	
1500.000000	5.09569e-05	1500.000000	5.12359e-05	1500.000000	5.35771e-05	1500.000000	5.14666e-05	1500.000000	5.35779e-05	1500.000000	5.12314e-05	1500.000000	4.5632e-09	
1520.000000	5.09133e-05	1520.000000	5.1187e-05	1520.000000	5.35101e-05	1520.000000	5.14014e-05	1520.000000	5.35108e-05	1520.000000	5.11824e-05	1520.000000	4.50758e-09	
1540.000000	5.08739e-05	1540.000000	5.11418e-05	1540.000000	5.34464e-05	1540.000000	5.13393e-05	1540.000000	5.34469e-05	1540.000000	5.11373e-05	1540.000000	4.45336e-09	
1560.000000	5.08385e-05	1560.000000	5.11003e-05	1560.000000	5.33857e-05	1560.000000	5.12801e-05	1560.000000	5.33862e-05	1560.000000	5.10959e-05	1560.000000	4.40047e-09	
1580.000000	5.08071e-05	1580.000000	5.10623e-05	1580.000000	5.33278e-05	1580.000000	5.12239e-05	1580.000000	5.33285e-05	1580.000000	5.10579e-05	1580.000000	4.34886e-09	
1600.000000	5.07794e-05	1600.000000	5.10277e-05	1600.000000	5.32729e-05	1600.000000	5.11703e-05	1600.000000	5.32733e-05	1600.000000	5.10234e-05	1600.000000	4.2985e-09	
1620.000000	5.07554e-05	1620.000000	5.09963e-05	1620.000000	5.32205e-05	1620.000000	5.11194e-05	1620.000000	5.32206e-05	1620.000000	5.09921e-05	1620.000000	4.24932e-09	
1640.000000	5.0735e-05	1640.000000	5.09681e-05	1640.000000	5.31708e-05	1640.000000	5.10709e-05	1640.000000	5.31705e-05	1640.000000	5.09639e-05	1640.000000	4.20131e-09	
1660.000000	5.07179e-05	1660.000000	5.0943e-05	1660.000000	5.31235e-05	1660.000000	5.10249e-05	1660.000000	5.31229e-05	1660.000000	5.09388e-05	1660.000000	4.1544e-09	
1680.000000	5.07042e-05	1680.000000	5.09207e-05	1680.000000	5.30785e-05	1680.000000	5.09812e-05	1680.000000	5.30778e-05	1680.000000	5.09166e-05	1680.000000	4.10856e-09	
1700.000000	5.06936e-05	1700.000000	5.09013e-05	1700.000000	5.30358e-05	1700.000000	5.09397e-05	1700.000000	5.3035e-05	1700.000000	5.08972e-05	1700.000000	4.06377e-09	
1750.000000	5.06806e-05	1750.000000	5.08645e-05	1750.000000	5.2938e-05	1750.000000	5.08451e-05	1750.000000	5.29368e-05	1750.000000	5.08605e-05	1750.000000	3.95608e-09	
1800.000000	5.06854e-05	1800.000000	5.08433e-05	1800.000000	5.2852e-05	1800.000000	5.07626e-05	1800.000000	5.28508e-05	1800.000000	5.08394e-05	1800.000000	3.85414e-09	
1850.000000	5.07067e-05	1850.000000	5.08365e-05	1850.000000	5.27767e-05	1850.000000	5.0691e-05	1850.000000	5.27762e-05	1850.000000	5.08328e-05	1850.000000	3.7575e-09	
1900.000000	5.07435e-05	1900.000000	5.0843e-05	1900.000000	5.27112e-05	1900.000000	5.06293e-05	1900.000000	5.27113e-05	1900.000000	5.08393e-05	1900.000000	3.66575e-09	
1950.000000	5.07946e-05	1950.000000	5.08617e-05	1950.000000	5.2655e-05	1950.000000	5.05766e-05	1950.000000	5.26556e-05	1950.000000	5.08581e-05	1950.000000	3.57853e-09	
2000.000000	5.0859e-05	2000.000000	5.08917e-05	2000.000000	5.26072e-05	2000.000000	5.05321e-05	2000.000000	5.26085e-05	2000.000000	5.08882e-05	2000.000000	3.4955e-09	
2100.000000	5.10245e-05	2100.000000	5.09825e-05	2100.000000	5.25349e-05	2100.000000	5.04649e-05	2100.000000	5.2536e-05	2100.000000	5.09792e-05	2100.000000	3.34085e-09	
2200.000000	5.12339e-05	2200.000000	5.11097e-05	2200.000000	5.24889e-05	2200.000000	5.04229e-05	2200.000000	5.24896e-05	2200.000000	5.11065e-05	2200.000000	3.19974e-09	
2300.000000	5.14821e-05	2300.000000	5.12684e-05	2300.000000	5.24646e-05	2300.000000	5.04019e-05	2300.000000	5.24639e-05	2300.000000	5.12653e-05	2300.000000	3.07044e-09	
2400.000000	5.1765e-05	2400.000000	5.14548e-05	2400.000000	5.24581e-05	2400.000000	5.03987e-05	2400.000000	5.2457e-05	2400.000000	5.14518e-05	2400.000000	2.95152e-09	
2500.000000	5.20788e-05	2500.000000	5.16655e-05	2500.000000	5.24666e-05	2500.000000	5.04105e-05	2500.000000	5.24649e-05	2500.000000	5.16627e-05	2500.000000	2.84176e-09	
2600.000000	5.24206e-05	2600.000000	5.18977e-05	2600.000000	5.24877e-05	2600.000000	5.04351e-05	2600.000000	5.24863e-05	2600.000000	5.18949e-05	2600.000000	2.74012e-09	
2700.000000	5.27877e-05	2700.000000	5.21489e-05	2700.000000	5.25198e-05	2700.000000	5.04706e-05	2700.000000	5.25183e-05	2700.000000	5.21462e-05	2700.000000	2.64574e-09	
2800.000000	5.31778e-05	2800.000000	5.24171e-05	2800.000000	5.25612e-05	2800.000000	5.05153e-05	2800.000000	5.25603e-05	2800.000000	5.24146e-05	2800.000000	2.55785e-09	
2900.000000	5.35891e-05	2900.000000	5.27005e-05	2900.000000	5.26107e-05	2900.000000	5.05679e-05	2900.000000	5.26099e-05	2900.000000	5.26981e-05	2900.000000	2.4758e-09	
3000.000000	5.40197e-05	3000.000000	5.29976e-05	3000.000000	5.26671e-05	3000.000000	5.06273e-05	3000.000000	5.26667e-05	3000.000000	5.29952e-05	3000.000000	2.39902e-09	
3200.000000	5.49333e-05	3200.000000	5.36275e-05	3200.000000	5.27968e-05	3200.000000	5.07625e-05	3200.000000	5.2797e-05	3200.000000	5.36252e-05	3200.000000	2.25933e-09	
3400.000000	5.59087e-05	3400.000000	5.42978e-05	3400.000000	5.2944e-05	3400.000000	5.09146e-05	3400.000000	5.29447e-05	3400.000000	5.42956e-05	3400.000000	2.13549e-09	
3600.000000	5.6938e-05	3600.000000	5.50015e-05	3600.000000	5.31039e-05	3600.000000	5.10789e-05	3600.000000	5.31052e-05	3600.000000	5.49995e-05	3600.000000	2.02492e-09	
3800.000000	5.8015e-05	3800.000000	5.57332e-05	3800.000000	5.32731e-05	3800.000000	5.1252e-05	3800.000000	5.32746e-05	3800.000000	5.57313e-05	3800.000000	1.92557e-09	
4000.000000	5.91347e-05	4000.000000	5.64885e-05	4000.000000	5.34487e-05	4000.000000	5.14311e-05	4000.000000	5.34503e-05	4000.000000	5.64866e-05	4000.000000	1.83581e-09	
4200.000000	6.0293e-05	4200.000000	5.72637e-05	4200.000000	5.36287e-05	4200.000000	5.16143e-05	4200.000000	5.36305e-05	4200.000000	5.7262e-05	4200.000000	1.7543e-09	
4400.000000	6.14865e-05	4400.000000	5.8056e-05	4400.000000	5.38112e-05	4400.000000	5.17999e-05	4400.000000	5.38131e-05	4400.000000	5.80544e-05	4400.000000	1.67993e-09	
4600.000000	6.27123e-05	4600.000000	5.88631e-05	4600.000000	5.39952e-05	4600.000000	5.19868e-05	4600.000000	5.39973e-05	4600.000000	5.88615e-05	4600.000000	1.6118e-09	
4800.000000	6.39682e-05	4800.000000	5.96828e-05	4800.000000	5.41797e-05	4800.000000	5.21741e-05	4800.000000	5.41818e-05	4800.000000	5.96812e-05	4800.000000	1.54915e-09	
5000.000000	6.52522e-05	5000.000000	6.05135e-05	5000.000000	5.43639e-05	5000.000000	5.23611e-05	5000.000000	5.43662e-05	5000.000000	6.0512e-05	5000.000000	1.49133e-09	
5250.000000	6.68939e-05	5250.000000	6.15653e-05	5250.000000	5.4593e-05	5250.000000	5.25934e-05	5250.000000	5.45954e-05	5250.000000	6.15639e-05	5250.000000	1.42504e-09	
5500.000000	6.85741e-05	5500.000000	6.26298e-05	5500.000000	5.48199e-05	5500.000000	5.28235e-05	5500.000000	5.48225e-05	5500.000000	6.26285e-05	5500.000000	1.36456e-09	
6000.000000	7.20407e-05	6000.000000	6.47897e-05	6000.000000	5.52655e-05	6000.000000	5.32748e-05	6000.000000	5.52681e-05	6000.000000	6.47885e-05	6000.000000	1.25822e-09	
6500.000000	7.56374e-05	6500.000000	6.69816e-05	6500.000000	5.56981e-05	6500.000000	5.37121e-05	6500.000000	5.56998e-05	6500.000000	6.69805e-05	6500.000000	1.16769e-09	
7000.000000	7.93538e-05	7000.000000	6.91973e-05	7000.000000	5.61161e-05	7000.000000	5.41342e-05	7000.000000	5.61165e-05	7000.000000	6.91962e-05	7000.000000	1.08966e-09	
7500.000000	8.31823e-05	7500.000000	7.14308e-05	7500.000000	5.65162e-05	7500.000000	5.45408e-05	7500.000000	5.65176e-05	7500.000000	7.14298e-05	7500.000000	1.02169e-09	
8000.000000	8.71168e-05	8000.000000	7.36777e-05	8000.000000	5.69023e-05	8000.000000	5.49321e-05	8000.000000	5.69034e-05	8000.000000	7.36768e-05	8000.000000	9.61937e-10	
8500.000000	9.1153e-05	8500.000000	7.59348e-05	8500.000000	5.72738e-05	8500.000000	5.53085e-05	8500.000000	5.72742e-05	8500.000000	7.59339e-05	8500.000000	9.08977e-10	
9000.000000	9.52874e-05	9000.000000	7.81995e-05	9000.000000	5.76306e-05	9000.000000	5.56707e-05	9000.000000	5.76307e-05	9000.000000	7.81986e-05	9000.000000	8.61706e-10	
9500.000000	9.95171e-05	9500.000000	8.04698e-05	9500.000000	5.79737e-05	9500.000000	5.60194e-05	9500.000000	5.79736e-05	9500.000000	8.0469e-05	9500.000000	8.19245e-10	
10000.000000	0.00010384	10000.000000	8.27443e-05	10000.000000	5.83041e-05	10000.000000	5.63553e-05	10000.000000	5.83035e-05	10000.000000	8.27435e-05	10000.000000	7.8089e-10	
11000.000000	0.000112759	11000.000000	8.73012e-05	11000.000000	5.89281e-05	11000.000000	5.69916e-05	11000.000000	5.89275e-05	11000.000000	8.73005e-05	11000.000000	7.14303e-10	
12000.000000	0.000122032	12000.000000	9.18633e-05	12000.000000	5.95075e-05	12000.000000	5.75848e-05	12000.000000	5.95078e-05	12000.000000	9.18627e-05	12000.000000	6.58463e-10	
13000.000000	0.000131654	13000.000000	9.64261e-05	13000.000000	6.0048e-05	13000.000000	5.814e-05 	13000.000000	6.00493e-05	13000.000000	9.64255e-05	13000.000000	6.10941e-10	
14000.000000	0.000141619	14000.000000	0.000100987	14000.000000	6.05544e-05	14000.000000	5.86612e-05	14000.000000	6.05562e-05	14000.000000	0.000100986	14000.000000	5.69992e-10	
15000.000000	0.000151923	15000.000000	0.000105543	15000.000000	6.10304e-05	15000.000000	5.91521e-05	15000.000000	6.1032e-05	15000.000000	0.000105542	15000.000000	5.3433e-10	
16000.000000	0.000162566	16000.000000	0.000110094	16000.000000	6.14782e-05	16000.000000	5.96158e-05	16000.000000	6.14799e-05	16000.000000	0.000110093	16000.000000	5.02984e-10	
17000.000000	0.000173544	17000.000000	0.000114638	17000.000000	6.19005e-05	17000.000000	6.00551e-05	17000.000000	6.19028e-05	17000.000000	0.000114637	17000.000000	4.75209e-10	
18000.000000	0.000184858	18000.000000	0.000119175	18000.000000	6.23002e-05	18000.000000	6.04722e-05	18000.000000	6.2303e-05	18000.000000	0.000119175	18000.000000	4.50423e-10	
19000.000000	0.000196507	19000.000000	0.000123705	19000.000000	6.26796e-05	19000.000000	6.08692e-05	19000.000000	6.26822e-05	19000.000000	0.000123705	19000.000000	4.28162e-10	
20000.000000	0.000208491	20000.000000	0.000128228	20000.000000	6.3041e-05	20000.000000	6.1248e-05	20000.000000	6.30426e-05	20000.000000	0.000128228	20000.000000	4.08057e-10	
21000.000000	0.00022081	21000.000000	0.000132743	21000.000000	6.3385e-05	21000.000000	6.161e-05 	21000.000000	6.33857e-05	21000.000000	0.000132743	21000.000000	3.89807e-10	
22000.000000	0.000233465	22000.000000	0.000137251	22000.000000	6.37109e-05	22000.000000	6.19567e-05	22000.000000	6.37126e-05	22000.000000	0.00013725	22000.000000	3.73163e-10	
23000.000000	0.000246457	23000.000000	0.00014175	23000.000000	6.40236e-05	23000.000000	6.22893e-05	23000.000000	6.40251e-05	23000.000000	0.00014175	23000.000000	3.57921e-10	
24000.000000	0.000259786	24000.000000	0.000146243	24000.000000	6.43234e-05	24000.000000	6.26088e-05	24000.000000	6.43235e-05	24000.000000	0.000146242	24000.000000	3.43908e-10	
25000.000000	0.000273453	25000.000000	0.000150728	25000.000000	6.46095e-05	25000.000000	6.29162e-05	25000.000000	6.46098e-05	25000.000000	0.000150727	25000.000000	3.30982e-10	
26000.000000	0.00028746	26000.000000	0.000155206	26000.000000	6.48834e-05	26000.000000	6.32124e-05	26000.000000	6.48838e-05	26000.000000	0.000155205	26000.000000	3.19018e-10	
27000.000000	0.000301807	27000.000000	0.000159676	27000.000000	6.51464e-05	27000.000000	6.34981e-05	27000.000000	6.51473e-05	27000.000000	0.000159676	27000.000000	3.07913e-10	
28000.000000	0.000316496	28000.000000	0.00016414	28000.000000	6.53991e-05	28000.000000	6.37741e-05	28000.000000	6.54e-05  	28000.000000	0.000164139	28000.000000	2.97576e-10	
29000.000000	0.000331529	29000.000000	0.000168597	29000.000000	6.56421e-05	29000.000000	6.40411e-05	29000.000000	6.56435e-05	29000.000000	0.000168596	29000.000000	2.8793e-10	
30000.000000	0.000346905	30000.000000	0.000173047	30000.000000	6.5876e-05	30000.000000	6.42994e-05	30000.000000	6.58778e-05	30000.000000	0.000173046	30000.000000	2.78907e-10	
32000.000000	0.000378698	32000.000000	0.000181927	32000.000000	6.63194e-05	32000.000000	6.47926e-05	32000.000000	6.63217e-05	32000.000000	0.000181927	32000.000000	2.625e-10 	
34000.000000	0.000411886	34000.000000	0.000190783	34000.000000	6.67337e-05	34000.000000	6.52574e-05	34000.000000	6.6735e-05	34000.000000	0.000190782	34000.000000	2.47965e-10	
36000.000000	0.000446482	36000.000000	0.000199614	36000.000000	6.71201e-05	36000.000000	6.56968e-05	36000.000000	6.71213e-05	36000.000000	0.000199614	36000.000000	2.34996e-10	
38000.000000	0.000482498	38000.000000	0.000208423	38000.000000	6.74811e-05	38000.000000	6.61135e-05	38000.000000	6.74836e-05	38000.000000	0.000208423	38000.000000	2.23351e-10	
40000.000000	0.000519949	40000.000000	0.00021721	40000.000000	6.78199e-05	40000.000000	6.65096e-05	40000.000000	6.78237e-05	40000.000000	0.000217209	40000.000000	2.12835e-10	
42000.000000	0.000558848	42000.000000	0.000225976	42000.000000	6.81396e-05	42000.000000	6.68871e-05	42000.000000	6.81438e-05	42000.000000	0.000225975	42000.000000	2.0329e-10	
44000.000000	0.000599208	44000.000000	0.000234721	44000.000000	6.8443e-05	44000.000000	6.72477e-05	44000.000000	6.84462e-05	44000.000000	0.000234721	44000.000000	1.94587e-10	
46000.000000	0.000641044	46000.000000	0.000243448	46000.000000	6.87322e-05	46000.000000	6.75927e-05	46000.000000	6.87312e-05	46000.000000	0.000243448	46000.000000	1.86618e-10	
48000.000000	0.000684371	48000.000000	0.000252156	48000.000000	6.90077e-05	48000.000000	6.79235e-05	48000.000000	6.90016e-05	48000.000000	0.000252156	48000.000000	1.79293e-10	
50000.000000	0.000729202	50000.000000	0.000260846	50000.000000	6.92683e-05	50000.000000	6.82412e-05	50000.000000	6.92575e-05	50000.000000	0.000260846	50000.000000	1.72536e-10	
