! 110Pd energy loss (dE/dX) in He
! apply ZOOM for details
Energy (MeV/u)1	0 - [He-base] F.Hubert et al, AD&ND Tables 46(1990)1	Energy (MeV/u)2	1 - [H -base] J.F.Ziegler et al,Pergamon Press,NY(low energy)	Energy (MeV/u)3	2 - ATIMA 1.2 LS-theory (recommended for high energy)	Energy (MeV/u)4	3 - ATIMA 1.2 without LS-correction	Energy (MeV/u)5	4 - ATIMA 1.4 H.Weick, improved mean charge formula for HI	Energy (MeV/u)6	5 - electrical component of [1] - J.F.Ziegler et al	Energy (MeV/u)7	6 - nuclear component of [1] - J.F.Ziegler et al	
0.001000	0.000265378	0.001000	0.000265378	0.001000	0.000227376	0.001000	0.000227376	0.001000	0.000227386	0.001000	6.60552e-05	0.001000	0.000199322	
0.002000	0.000273042	0.002000	0.000273042	0.002000	0.000227051	0.002000	0.000227051	0.002000	0.000227059	0.002000	8.5663e-05	0.002000	0.000187379	
0.005000	0.000270137	0.005000	0.000270137	0.005000	0.000212073	0.005000	0.000212073	0.005000	0.000212079	0.005000	0.000120787	0.005000	0.00014935	
0.008000	0.00026875	0.008000	0.00026875	0.008000	0.00020402	0.008000	0.00020402	0.008000	0.000204025	0.008000	0.000144067	0.008000	0.000124683	
0.010000	0.00026949	0.010000	0.00026949	0.010000	0.00020155	0.010000	0.00020155	0.010000	0.000201553	0.010000	0.000156641	0.010000	0.000112849	
0.015000	0.000274558	0.015000	0.000274558	0.015000	0.000200828	0.015000	0.000200828	0.015000	0.000200831	0.015000	0.000182365	0.015000	9.21934e-05	
0.020000	0.000281837	0.020000	0.000281837	0.020000	0.000204138	0.020000	0.000204138	0.020000	0.00020414	0.020000	0.000203139	0.020000	7.86978e-05	
0.025000	0.000289948	0.025000	0.000289948	0.025000	0.000209325	0.025000	0.000209325	0.025000	0.000209327	0.025000	0.000220869	0.025000	6.90793e-05	
0.030000	0.000298319	0.030000	0.000298319	0.030000	0.000215452	0.030000	0.000215452	0.030000	0.000215454	0.030000	0.000236498	0.030000	6.18208e-05	
0.035000	0.000306689	0.035000	0.000306689	0.035000	0.000222058	0.035000	0.000222058	0.035000	0.00022206	0.035000	0.000250572	0.035000	5.61174e-05	
0.040000	0.000314937	0.040000	0.000314937	0.040000	0.000228897	0.040000	0.000228897	0.040000	0.000228898	0.040000	0.000263439	0.040000	5.14989e-05	
0.045000	0.000323006	0.045000	0.000323006	0.045000	0.00023583	0.045000	0.00023583	0.045000	0.000235831	0.045000	0.000275335	0.045000	4.76708e-05	
0.050000	0.00033087	0.050000	0.00033087	0.050000	0.000242775	0.050000	0.000242775	0.050000	0.000242776	0.050000	0.000286431	0.050000	4.44383e-05	
0.055000	0.000338521	0.055000	0.000338521	0.055000	0.000249684	0.055000	0.000249684	0.055000	0.000249685	0.055000	0.000296854	0.055000	4.16669e-05	
0.060000	0.00034596	0.060000	0.00034596	0.060000	0.000256527	0.060000	0.000256527	0.060000	0.000256529	0.060000	0.0003067 	0.060000	3.92607e-05	
0.070000	0.000362338	0.070000	0.000362338	0.070000	0.000271605	0.070000	0.000271605	0.070000	0.000271606	0.070000	0.000327059	0.070000	3.52788e-05	
0.080000	0.000410647	0.080000	0.000410647	0.080000	0.000312556	0.080000	0.000312556	0.080000	0.000312557	0.080000	0.00037884	0.080000	3.18064e-05	
0.090000	0.000458334	0.090000	0.000458334	0.090000	0.000354305	0.090000	0.000354305	0.090000	0.000354306	0.090000	0.000429087	0.090000	2.92469e-05	
0.100000	0.000504578	0.100000	0.000504578	0.100000	0.000395865	0.100000	0.000395865	0.100000	0.000395866	0.100000	0.000477471	0.100000	2.71068e-05	
0.120000	0.000591468	0.120000	0.000591468	0.120000	0.00047659	0.120000	0.00047659	0.120000	0.00047659	0.120000	0.000567747	0.120000	2.37205e-05	
0.140000	0.000669984	0.140000	0.000669984	0.140000	0.000552161	0.140000	0.000552161	0.140000	0.000552161	0.140000	0.000648832	0.140000	2.11518e-05	
0.160000	0.000740138	0.160000	0.000740138	0.160000	0.000621312	0.160000	0.000621312	0.160000	0.000621313	0.160000	0.000721008	0.160000	1.91293e-05	
0.180000	0.000802581	0.180000	0.000802581	0.180000	0.000683633	0.180000	0.000683633	0.180000	0.000683633	0.180000	0.000785089	0.180000	1.74911e-05	
0.200000	0.000858179	0.200000	0.000858179	0.200000	0.000739243	0.200000	0.000739243	0.200000	0.000739244	0.200000	0.000842044	0.200000	1.61343e-05	
0.250000	0.000972793	0.250000	0.000972793	0.250000	0.000852118	0.250000	0.000852118	0.250000	0.000852119	0.250000	0.00095922	0.250000	1.35721e-05	
0.300000	0.00106119	0.300000	0.00106119	0.300000	0.000935426	0.300000	0.000935426	0.300000	0.000935427	0.300000	0.00104943	0.300000	1.17627e-05	
0.350000	0.0011311 	0.350000	0.0011311 	0.350000	0.000998122	0.350000	0.000998122	0.350000	0.000998123	0.350000	0.00112069	0.350000	1.04103e-05	
0.400000	0.00118759	0.400000	0.00118759	0.400000	0.00104687	0.400000	0.00104687	0.400000	0.00104687	0.400000	0.00117824	0.400000	9.35761e-06	
0.450000	0.00123976	0.450000	0.00123976	0.450000	0.00108616	0.450000	0.00108616	0.450000	0.00108616	0.450000	0.00123125	0.450000	8.51279e-06	
0.500000	0.00129694	0.500000	0.00129694	0.500000	0.00111889	0.500000	0.00111889	0.500000	0.0011189 	0.500000	0.00128912	0.500000	7.81844e-06	
0.600000	0.00138483	0.600000	0.00138483	0.600000	0.00117142	0.600000	0.00117142	0.600000	0.00117142	0.600000	0.00137809	0.600000	6.74165e-06	
0.700000	0.00144744	0.700000	0.00144744	0.700000	0.00121559	0.700000	0.00121559	0.700000	0.00121559	0.700000	0.00144149	0.700000	5.94255e-06	
0.800000	0.00149258	0.800000	0.00149258	0.800000	0.0012676 	0.800000	0.0012676 	0.800000	0.0012676 	0.800000	0.00148726	0.800000	5.32403e-06	
0.900000	0.0015305 	0.900000	0.0015305 	0.900000	0.00130934	0.900000	0.00130934	0.900000	0.00130934	0.900000	0.00152567	0.900000	4.82993e-06	
1.000000	0.00156048	1.000000	0.00156048	1.000000	0.00134314	1.000000	0.00134314	1.000000	0.00134314	1.000000	0.00155606	1.000000	4.4254e-06	
1.250000	0.00160362	1.250000	0.00160362	1.250000	0.00140232	1.250000	0.00140232	1.250000	0.00140232	1.250000	0.00159995	1.250000	3.67326e-06	
1.500000	0.00161626	1.500000	0.00161626	1.500000	0.00143657	1.500000	0.00143657	1.500000	0.00143657	1.500000	0.0016131 	1.500000	3.15156e-06	
1.750000	0.00159558	1.750000	0.00159558	1.750000	0.00145459	1.750000	0.00145459	1.750000	0.00145459	1.750000	0.00159281	1.750000	2.76694e-06	
2.000000	0.00157256	2.000000	0.00157256	2.000000	0.00146172	2.000000	0.00146172	2.000000	0.00146172	2.000000	0.00157009	2.000000	2.47079e-06	
2.250000	0.00154838	2.250000	0.00154838	2.250000	0.00146137	2.250000	0.00146137	2.250000	0.00146137	2.250000	0.00154614	2.250000	2.23524e-06	
2.500000	0.00204195	2.500000	0.00152371	2.500000	0.00145581	2.500000	0.00145581	2.500000	0.00145581	2.500000	0.00152167	2.500000	2.0431e-06	
3.000000	0.00195356	3.000000	0.00147351	3.000000	0.00143482	3.000000	0.00143482	3.000000	0.00143482	3.000000	0.00147176	3.000000	1.74784e-06	
3.500000	0.00186816	3.500000	0.0014253 	3.500000	0.00140642	3.500000	0.00140642	3.500000	0.00140642	3.500000	0.00142377	3.500000	1.53095e-06	
4.000000	0.00178809	4.000000	0.00137955	4.000000	0.00137456	4.000000	0.00137456	4.000000	0.00137457	4.000000	0.00137818	4.000000	1.36444e-06	
4.500000	0.00171394	4.500000	0.00133634	4.500000	0.00133831	4.500000	0.00133831	4.500000	0.00133831	4.500000	0.0013351 	4.500000	1.23233e-06	
5.000000	0.00164556	5.000000	0.00129561	5.000000	0.00130089	5.000000	0.00130089	5.000000	0.00130089	5.000000	0.00129448	5.000000	1.12479e-06	
5.500000	0.00158258	5.500000	0.00125723	5.500000	0.00126539	5.500000	0.00126539	5.500000	0.00126539	5.500000	0.00125619	5.500000	1.03544e-06	
6.000000	0.00152451	6.000000	0.00122081	6.000000	0.00123174	6.000000	0.00123174	6.000000	0.00123174	6.000000	0.00121985	6.000000	9.59951e-07	
6.500000	0.00147086	6.500000	0.00118654	6.500000	0.00119982	6.500000	0.00119982	6.500000	0.00119982	6.500000	0.00118565	6.500000	8.95279e-07	
7.000000	0.0014212 	7.000000	0.00115424	7.000000	0.00116954	7.000000	0.00116954	7.000000	0.00116954	7.000000	0.0011534 	7.000000	8.39215e-07	
7.500000	0.00137511	7.500000	0.00112341	7.500000	0.00114078	7.500000	0.00114078	7.500000	0.00114078	7.500000	0.00112262	7.500000	7.90118e-07	
8.000000	0.00133223	8.000000	0.00109426	8.000000	0.00111344	8.000000	0.00111344	8.000000	0.00111344	8.000000	0.00109351	8.000000	7.46743e-07	
8.500000	0.00129224	8.500000	0.00106683	8.500000	0.00108743	8.500000	0.00108743	8.500000	0.00108743	8.500000	0.00106612	8.500000	7.08128e-07	
9.000000	0.00125486	9.000000	0.00104093	9.000000	0.00106265	9.000000	0.00106265	9.000000	0.00106265	9.000000	0.00104025	9.000000	6.73517e-07	
9.500000	0.00121984	9.500000	0.0010164 	9.500000	0.00103901	9.500000	0.00103901	9.500000	0.00103901	9.500000	0.00101576	9.500000	6.42307e-07	
10.000000	0.00118696	10.000000	0.000951773	10.000000	0.00101645	10.000000	0.00101645	10.000000	0.00101645	10.000000	0.000951159	10.000000	6.14012e-07	
11.000000	0.00112686	11.000000	0.000922437	11.000000	0.000965763	11.000000	0.000975943	11.000000	0.000982908	11.000000	0.000921872	11.000000	5.64645e-07	
12.000000	0.00107326	12.000000	0.000894286	12.000000	0.000920302	12.000000	0.000938978	12.000000	0.000950972	12.000000	0.000893763	12.000000	5.22991e-07	
13.000000	0.00102515	13.000000	0.000867458	13.000000	0.000879344	13.000000	0.000905144	13.000000	0.000920718	13.000000	0.000866971	13.000000	4.87346e-07	
14.000000	0.000981692	14.000000	0.000841988	14.000000	0.000842283	14.000000	0.000874084	14.000000	0.000892141	14.000000	0.000841532	14.000000	4.56477e-07	
15.000000	0.000942226	15.000000	0.000817855	15.000000	0.000808604	15.000000	0.000845489	15.000000	0.000865193	15.000000	0.000817425	15.000000	4.29471e-07	
16.000000	0.00090621	16.000000	0.000795009	16.000000	0.000777899	16.000000	0.000819094	16.000000	0.000839808	16.000000	0.000794603	16.000000	4.05633e-07	
17.000000	0.000873197	17.000000	0.000773385	17.000000	0.000749818	17.000000	0.000794667	17.000000	0.000815907	17.000000	0.000773001	17.000000	3.84428e-07	
18.000000	0.000842815	18.000000	0.000752912	18.000000	0.000724055	18.000000	0.000772011	18.000000	0.000793362	18.000000	0.000752546	18.000000	3.65435e-07	
19.000000	0.000814751	19.000000	0.000733516	19.000000	0.000700361	19.000000	0.000750952	19.000000	0.000772137	19.000000	0.000733168	19.000000	3.48321e-07	
20.000000	0.000788741	20.000000	0.000715128	20.000000	0.000678532	20.000000	0.000731338	20.000000	0.000752159	20.000000	0.000714795	20.000000	3.32815e-07	
21.000000	0.000764561	21.000000	0.000697679	21.000000	0.000658372	21.000000	0.000713037	21.000000	0.000733273	21.000000	0.00069736	21.000000	3.18697e-07	
22.000000	0.000742018	22.000000	0.000681105	22.000000	0.000639701	22.000000	0.000695933	22.000000	0.000715495	22.000000	0.000680799	22.000000	3.05785e-07	
23.000000	0.000720946	23.000000	0.000665346	23.000000	0.000622378	23.000000	0.000679922	23.000000	0.000698694	23.000000	0.000665052	23.000000	2.93929e-07	
24.000000	0.000701202	24.000000	0.000650347	24.000000	0.000606285	24.000000	0.000664913	24.000000	0.00068284	24.000000	0.000650064	24.000000	2.83003e-07	
25.000000	0.000682658	25.000000	0.000636056	25.000000	0.000591323	25.000000	0.000650824	25.000000	0.000667857	25.000000	0.000635783	25.000000	2.72899e-07	
27.000000	0.00064875	27.000000	0.000609415	27.000000	0.000564448	27.000000	0.000625125	27.000000	0.000640298	27.000000	0.00060916	27.000000	2.54807e-07	
29.000000	0.000618491	29.000000	0.000585089	29.000000	0.000541026	29.000000	0.000602329	29.000000	0.000615624	29.000000	0.00058485	29.000000	2.39069e-07	
31.000000	0.000591305	31.000000	0.000562792	31.000000	0.000521328	31.000000	0.000579952	31.000000	0.000590178	31.000000	0.000562566	31.000000	2.25247e-07	
33.000000	0.000566735	33.000000	0.000542283	33.000000	0.000504157	33.000000	0.000557603	33.000000	0.000564252	33.000000	0.00054207	33.000000	2.13007e-07	
35.000000	0.000544409	35.000000	0.000523358	35.000000	0.000488235	35.000000	0.000537078	35.000000	0.000540902	35.000000	0.000523156	35.000000	2.02087e-07	
38.000000	0.000514483	38.000000	0.00049756	38.000000	0.000466333	38.000000	0.000509245	38.000000	0.000509889	38.000000	0.000497372	38.000000	1.87744e-07	
41.000000	0.00048813	41.000000	0.00047444	41.000000	0.000446552	41.000000	0.000484437	41.000000	0.000482829	41.000000	0.000474264	41.000000	1.75387e-07	
44.000000	0.000464731	44.000000	0.000453601	44.000000	0.000428563	44.000000	0.000462182	44.000000	0.000458975	44.000000	0.000453437	44.000000	1.64624e-07	
47.000000	0.000443803	47.000000	0.000434722	47.000000	0.000412147	47.000000	0.000442101	47.000000	0.000437779	47.000000	0.000434567	47.000000	1.55161e-07	
50.000000	0.000424965	50.000000	0.000417537	50.000000	0.000397138	50.000000	0.00042389	50.000000	0.000418803	50.000000	0.00041739	50.000000	1.46773e-07	
55.000000	0.000397408	55.000000	0.000392083	55.000000	0.000374692	55.000000	0.00039703	55.000000	0.000391182	55.000000	0.000391948	55.000000	1.34721e-07	
60.000000	0.000373746	60.000000	0.000369938	60.000000	0.000355054	60.000000	0.000373773	60.000000	0.000367582	60.000000	0.000369813	60.000000	1.24574e-07	
65.000000	0.000353188	65.000000	0.000350494	65.000000	0.000337641	65.000000	0.000353437	65.000000	0.000347166	65.000000	0.000350378	65.000000	1.15908e-07	
70.000000	0.000335149	70.000000	0.000333285	70.000000	0.000322143	70.000000	0.000335504	70.000000	0.000329334	70.000000	0.000333177	70.000000	1.08417e-07	
75.000000	0.000319181	75.000000	0.000317946	75.000000	0.000308246	75.000000	0.000319574	75.000000	0.000314182	75.000000	0.000317844	75.000000	1.01875e-07	
80.000000	0.000304941	80.000000	0.000304187	80.000000	0.000295761	80.000000	0.000305327	80.000000	0.00030065	80.000000	0.000304091	80.000000	9.61082e-08	
85.000000	0.000292155	85.000000	0.000291776	85.000000	0.000284409	85.000000	0.000292513	85.000000	0.000288461	85.000000	0.000291685	85.000000	9.0986e-08	
90.000000	0.000280607	90.000000	0.000280525	90.000000	0.000274105	90.000000	0.000280924	90.000000	0.000277435	90.000000	0.000280438	90.000000	8.64041e-08	
95.000000	0.000270122	95.000000	0.000270277	95.000000	0.000264649	95.000000	0.000270395	95.000000	0.000267433	95.000000	0.000270195	95.000000	8.22804e-08	
100.000000	0.000260555	100.000000	0.000260905	100.000000	0.000255997	100.000000	0.000260786	100.000000	0.000258312	100.000000	0.000260827	100.000000	7.85483e-08	
105.000000	0.000251789	105.000000	0.000252301	105.000000	0.000248054	105.000000	0.000251984	105.000000	0.000249951	105.000000	0.000252226	105.000000	7.5154e-08	
110.000000	0.000243724	110.000000	0.000244375	110.000000	0.000240685	110.000000	0.00024389	110.000000	0.000242284	110.000000	0.000244303	110.000000	7.20528e-08	
115.000000	0.000236278	115.000000	0.000237049	115.000000	0.000233865	115.000000	0.000236423	115.000000	0.000235188	115.000000	0.00023698	115.000000	6.92079e-08	
120.000000	0.00022938	120.000000	0.000230259	120.000000	0.000227532	120.000000	0.000229513	120.000000	0.000228638	120.000000	0.000230192	120.000000	6.65884e-08	
125.000000	0.000222971	125.000000	0.000223947	125.000000	0.000221631	125.000000	0.000223101	125.000000	0.000222545	125.000000	0.000223883	125.000000	6.4168e-08	
130.000000	0.000216999	130.000000	0.000218065	130.000000	0.000216133	130.000000	0.000217135	130.000000	0.000216888	130.000000	0.000218003	130.000000	6.19247e-08	
135.000000	0.00021142	135.000000	0.000212571	135.000000	0.000210982	135.000000	0.00021157	135.000000	0.000211594	135.000000	0.000212511	135.000000	5.98394e-08	
140.000000	0.000206195	140.000000	0.000207428	140.000000	0.000206143	140.000000	0.000206368	140.000000	0.00020666	140.000000	0.00020737	140.000000	5.78957e-08	
145.000000	0.000201291	145.000000	0.000202603	145.000000	0.000201597	145.000000	0.000201494	145.000000	0.000202014	145.000000	0.000202547	145.000000	5.60795e-08	
150.000000	0.000196679	150.000000	0.000198068	150.000000	0.000197325	150.000000	0.000196919	150.000000	0.000197665	150.000000	0.000198014	150.000000	5.43785e-08	
155.000000	0.000190087	155.000000	0.000193798	155.000000	0.000193304	155.000000	0.000192616	155.000000	0.000193564	155.000000	0.000193745	155.000000	5.27819e-08	
160.000000	0.000186271	160.000000	0.00018977	160.000000	0.000189507	160.000000	0.000188562	160.000000	0.0001897 	160.000000	0.000189719	160.000000	5.12803e-08	
165.000000	0.000182665	165.000000	0.000185964	165.000000	0.00018591	165.000000	0.000184736	165.000000	0.00018606	165.000000	0.000185915	165.000000	4.98652e-08	
170.000000	0.000179252	170.000000	0.000182363	170.000000	0.000182496	170.000000	0.000181119	170.000000	0.000182602	170.000000	0.000182315	170.000000	4.85293e-08	
175.000000	0.000176017	175.000000	0.000178951	175.000000	0.000179257	175.000000	0.000177696	175.000000	0.000179335	175.000000	0.000178904	175.000000	4.72661e-08	
180.000000	0.000172945	180.000000	0.000175713	180.000000	0.000176187	180.000000	0.000174451	180.000000	0.000176236	180.000000	0.000175667	180.000000	4.60697e-08	
185.000000	0.000170025	185.000000	0.000172637	185.000000	0.000173264	185.000000	0.00017137	185.000000	0.000173284	185.000000	0.000172592	185.000000	4.49349e-08	
190.000000	0.000167246	190.000000	0.00016971	190.000000	0.000170475	190.000000	0.000168442	190.000000	0.000170483	190.000000	0.000169666	190.000000	4.38569e-08	
195.000000	0.000164597	195.000000	0.000166922	195.000000	0.000167826	195.000000	0.000165656	195.000000	0.000167815	195.000000	0.000166879	195.000000	4.28316e-08	
200.000000	0.00016207	200.000000	0.000164264	200.000000	0.000165307	200.000000	0.000163002	200.000000	0.000165264	200.000000	0.000164222	200.000000	4.18551e-08	
210.000000	0.000157348	210.000000	0.000159303	210.000000	0.000160573	210.000000	0.000158054	210.000000	0.000160517	210.000000	0.000159263	210.000000	4.0035e-08	
220.000000	0.000153022	220.000000	0.000154764	220.000000	0.00015624	220.000000	0.000153535	220.000000	0.000156162	220.000000	0.000154726	220.000000	3.83727e-08	
230.000000	0.000149044	230.000000	0.000150597	230.000000	0.000152259	230.000000	0.000149393	230.000000	0.000152172	230.000000	0.000150561	230.000000	3.68482e-08	
240.000000	0.000145374	240.000000	0.000146759	240.000000	0.000148594	240.000000	0.000145583	240.000000	0.000148494	240.000000	0.000146724	240.000000	3.54449e-08	
250.000000	0.000141977	250.000000	0.000143213	250.000000	0.000145202	250.000000	0.000142067	250.000000	0.000145099	250.000000	0.000143179	250.000000	3.41487e-08	
260.000000	0.000138824	260.000000	0.000139926	260.000000	0.000142053	260.000000	0.000138814	260.000000	0.000141948	260.000000	0.000139894	260.000000	3.29477e-08	
270.000000	0.000135889	270.000000	0.000136873	270.000000	0.000139131	270.000000	0.000135796	270.000000	0.000139025	270.000000	0.000136841	270.000000	3.18315e-08	
280.000000	0.000133151	280.000000	0.000134029	280.000000	0.000136409	280.000000	0.000132988	280.000000	0.000136296	280.000000	0.000133998	280.000000	3.07914e-08	
290.000000	0.00013059	290.000000	0.000131375	290.000000	0.000133861	290.000000	0.00013037	290.000000	0.000133755	290.000000	0.000131345	290.000000	2.98197e-08	
300.000000	0.00012819	300.000000	0.000128891	300.000000	0.000131477	300.000000	0.000127924	300.000000	0.000131368	300.000000	0.000128862	300.000000	2.89099e-08	
310.000000	0.000125937	310.000000	0.000126563	310.000000	0.000129242	310.000000	0.000125634	310.000000	0.000129137	310.000000	0.000126535	310.000000	2.80561e-08	
320.000000	0.000123817	320.000000	0.000124377	320.000000	0.000127138	320.000000	0.000123486	320.000000	0.000127039	320.000000	0.00012435	320.000000	2.72532e-08	
330.000000	0.000121819	330.000000	0.00012232	330.000000	0.000125163	330.000000	0.000121467	330.000000	0.000125064	330.000000	0.000122294	330.000000	2.64968e-08	
340.000000	0.000119933	340.000000	0.000120382	340.000000	0.000123304	340.000000	0.000119567	340.000000	0.000123208	340.000000	0.000120356	340.000000	2.57828e-08	
350.000000	0.00011815	350.000000	0.000118553	350.000000	0.000121546	350.000000	0.000117776	350.000000	0.00012145	350.000000	0.000118528	350.000000	2.51079e-08	
360.000000	0.000116463	360.000000	0.000116824	360.000000	0.000119883	360.000000	0.000116085	360.000000	0.000119791	360.000000	0.0001168 	360.000000	2.44687e-08	
370.000000	0.000114862	370.000000	0.000115188	370.000000	0.000118312	370.000000	0.000114486	370.000000	0.000118226	370.000000	0.000115164	370.000000	2.38625e-08	
380.000000	0.000113344	380.000000	0.000113638	380.000000	0.000116824	380.000000	0.000112972	380.000000	0.000116736	380.000000	0.000113614	380.000000	2.32868e-08	
390.000000	0.0001119 	390.000000	0.000112166	390.000000	0.000115412	390.000000	0.000111537	390.000000	0.000115325	390.000000	0.000112144	390.000000	2.27393e-08	
400.000000	0.000110527	400.000000	0.000110769	400.000000	0.000114067	400.000000	0.000110175	400.000000	0.000113988	400.000000	0.000110746	400.000000	2.2218e-08	
410.000000	0.000109219	410.000000	0.000109439	410.000000	0.000112787	410.000000	0.000108881	410.000000	0.000112711	410.000000	0.000109418	410.000000	2.17209e-08	
420.000000	0.000107971	420.000000	0.000108174	420.000000	0.000111569	420.000000	0.000107651	420.000000	0.000111497	420.000000	0.000108153	420.000000	2.12465e-08	
430.000000	0.000106781	430.000000	0.000106968	430.000000	0.000110409	430.000000	0.000106479	430.000000	0.000110343	430.000000	0.000106947	430.000000	2.07931e-08	
440.000000	0.000105644	440.000000	0.000105818	440.000000	0.000109304	440.000000	0.000105363	440.000000	0.00010924	440.000000	0.000105797	440.000000	2.03595e-08	
450.000000	0.000104557	450.000000	0.000104719	450.000000	0.000108249	450.000000	0.000104297	450.000000	0.000108186	450.000000	0.000104699	450.000000	1.99442e-08	
460.000000	0.000103516	460.000000	0.00010367	460.000000	0.000107241	460.000000	0.00010328	460.000000	0.000107181	460.000000	0.00010365	460.000000	1.95462e-08	
470.000000	0.00010252	470.000000	0.000102666	470.000000	0.000106278	470.000000	0.000102308	470.000000	0.000106221	470.000000	0.000102647	470.000000	1.91644e-08	
480.000000	0.000101565	480.000000	0.000101706	480.000000	0.000105357	480.000000	0.000101379	480.000000	0.000105299	480.000000	0.000101687	480.000000	1.87979e-08	
490.000000	0.000100649	490.000000	0.000100785	490.000000	0.000104475	490.000000	0.00010049	490.000000	0.000104416	490.000000	0.000100767	490.000000	1.84456e-08	
500.000000	9.97698e-05	500.000000	9.99033e-05	500.000000	0.000103629	500.000000	9.96376e-05	500.000000	0.000103572	500.000000	9.98852e-05	500.000000	1.81067e-08	
520.000000	9.81142e-05	520.000000	9.82452e-05	520.000000	0.000102035	520.000000	9.80378e-05	520.000000	0.000101984	520.000000	9.82277e-05	520.000000	1.74665e-08	
540.000000	9.65834e-05	540.000000	9.67157e-05	540.000000	0.000100564	540.000000	9.65642e-05	540.000000	0.000100519	540.000000	9.66989e-05	540.000000	1.68716e-08	
560.000000	9.51648e-05	560.000000	9.53016e-05	560.000000	9.92062e-05	560.000000	9.52036e-05	560.000000	9.91659e-05	560.000000	9.52853e-05	560.000000	1.63174e-08	
580.000000	9.38474e-05	580.000000	9.39913e-05	580.000000	9.79486e-05	580.000000	9.39443e-05	580.000000	9.79099e-05	580.000000	9.39755e-05	580.000000	1.57998e-08	
600.000000	9.26217e-05	600.000000	9.27746e-05	600.000000	9.67815e-05	600.000000	9.27764e-05	600.000000	9.67476e-05	600.000000	9.27593e-05	600.000000	1.53152e-08	
620.000000	9.14793e-05	620.000000	9.1643e-05	620.000000	9.56969e-05	620.000000	9.16911e-05	620.000000	9.56623e-05	620.000000	9.16281e-05	620.000000	1.48606e-08	
640.000000	9.0413e-05	640.000000	9.05885e-05	640.000000	9.46877e-05	640.000000	9.06807e-05	640.000000	9.46537e-05	640.000000	9.05741e-05	640.000000	1.44331e-08	
660.000000	8.94161e-05	660.000000	8.96045e-05	660.000000	9.37436e-05	660.000000	8.97385e-05	660.000000	9.37122e-05	660.000000	8.95905e-05	660.000000	1.40305e-08	
680.000000	8.84829e-05	680.000000	8.86849e-05	680.000000	9.28579e-05	680.000000	8.88585e-05	680.000000	9.28305e-05	680.000000	8.86712e-05	680.000000	1.36505e-08	
700.000000	8.76082e-05	700.000000	8.78242e-05	700.000000	9.20305e-05	700.000000	8.80353e-05	700.000000	9.20074e-05	700.000000	8.7811e-05	700.000000	1.32913e-08	
720.000000	8.67875e-05	720.000000	8.70179e-05	720.000000	9.12587e-05	720.000000	8.72642e-05	720.000000	9.1234e-05	720.000000	8.70049e-05	720.000000	1.29513e-08	
740.000000	8.60167e-05	740.000000	8.62614e-05	740.000000	9.05343e-05	740.000000	8.6541e-05	740.000000	9.05081e-05	740.000000	8.62488e-05	740.000000	1.26288e-08	
760.000000	8.5292e-05	760.000000	8.55511e-05	760.000000	8.98509e-05	760.000000	8.58619e-05	760.000000	8.98277e-05	760.000000	8.55388e-05	760.000000	1.23226e-08	
780.000000	8.461e-05 	780.000000	8.48835e-05	780.000000	8.92068e-05	780.000000	8.52234e-05	780.000000	8.91858e-05	780.000000	8.48715e-05	780.000000	1.20314e-08	
800.000000	8.39679e-05	800.000000	8.42554e-05	800.000000	8.86007e-05	800.000000	8.46226e-05	800.000000	8.85812e-05	800.000000	8.42437e-05	800.000000	1.17542e-08	
820.000000	8.33628e-05	820.000000	8.36641e-05	820.000000	8.803e-05 	820.000000	8.40565e-05	820.000000	8.80127e-05	820.000000	8.36526e-05	820.000000	1.149e-08 	
840.000000	8.27922e-05	840.000000	8.31069e-05	840.000000	8.74917e-05	840.000000	8.35227e-05	840.000000	8.74756e-05	840.000000	8.30957e-05	840.000000	1.12377e-08	
860.000000	8.22539e-05	860.000000	8.25816e-05	860.000000	8.69833e-05	860.000000	8.3019e-05	860.000000	8.69673e-05	860.000000	8.25706e-05	860.000000	1.09968e-08	
880.000000	8.17458e-05	880.000000	8.2086e-05	880.000000	8.6503e-05	880.000000	8.25431e-05	880.000000	8.64879e-05	880.000000	8.20753e-05	880.000000	1.07663e-08	
900.000000	8.1266e-05	900.000000	8.16183e-05	900.000000	8.60492e-05	900.000000	8.20933e-05	900.000000	8.60357e-05	900.000000	8.16077e-05	900.000000	1.05457e-08	
920.000000	8.08128e-05	920.000000	8.11765e-05	920.000000	8.562e-05 	920.000000	8.16677e-05	920.000000	8.5605e-05	920.000000	8.11662e-05	920.000000	1.03342e-08	
940.000000	8.03846e-05	940.000000	8.07592e-05	940.000000	8.52132e-05	940.000000	8.12649e-05	940.000000	8.51979e-05	940.000000	8.07491e-05	940.000000	1.01314e-08	
960.000000	7.99799e-05	960.000000	8.03648e-05	960.000000	8.48266e-05	960.000000	8.08833e-05	960.000000	8.48129e-05	960.000000	8.03548e-05	960.000000	9.93661e-09	
980.000000	7.95974e-05	980.000000	7.99919e-05	980.000000	8.44588e-05	980.000000	8.05215e-05	980.000000	8.44481e-05	980.000000	7.99822e-05	980.000000	9.74949e-09	
1000.000000	7.92359e-05	1000.000000	7.96393e-05	1000.000000	8.41094e-05	1000.000000	8.01785e-05	1000.000000	8.41001e-05	1000.000000	7.96298e-05	1000.000000	9.56955e-09	
1020.000000	7.8894e-05	1020.000000	7.93059e-05	1020.000000	8.37781e-05	1020.000000	7.9853e-05	1020.000000	8.377e-05 	1020.000000	7.92965e-05	1020.000000	9.39637e-09	
1040.000000	7.85709e-05	1040.000000	7.89904e-05	1040.000000	8.34646e-05	1040.000000	7.95439e-05	1040.000000	8.34573e-05	1040.000000	7.89812e-05	1040.000000	9.22957e-09	
1060.000000	7.82655e-05	1060.000000	7.8692e-05	1060.000000	8.31676e-05	1060.000000	7.92504e-05	1060.000000	8.31607e-05	1060.000000	7.8683e-05	1060.000000	9.06881e-09	
1080.000000	7.79769e-05	1080.000000	7.84098e-05	1080.000000	8.28856e-05	1080.000000	7.89715e-05	1080.000000	8.28768e-05	1080.000000	7.84008e-05	1080.000000	8.91376e-09	
1100.000000	7.77042e-05	1100.000000	7.81427e-05	1100.000000	8.26174e-05	1100.000000	7.87063e-05	1100.000000	8.26073e-05	1100.000000	7.8134e-05	1100.000000	8.76411e-09	
1120.000000	7.74467e-05	1120.000000	7.78901e-05	1120.000000	8.23615e-05	1120.000000	7.84542e-05	1120.000000	8.23514e-05	1120.000000	7.78815e-05	1120.000000	8.61959e-09	
1140.000000	7.72035e-05	1140.000000	7.76513e-05	1140.000000	8.21174e-05	1140.000000	7.82143e-05	1140.000000	8.21085e-05	1140.000000	7.76428e-05	1140.000000	8.47993e-09	
1160.000000	7.6974e-05	1160.000000	7.74254e-05	1160.000000	8.18845e-05	1160.000000	7.79861e-05	1160.000000	8.18764e-05	1160.000000	7.74171e-05	1160.000000	8.34489e-09	
1180.000000	7.67576e-05	1180.000000	7.72119e-05	1180.000000	8.16625e-05	1180.000000	7.77689e-05	1180.000000	8.16549e-05	1180.000000	7.72037e-05	1180.000000	8.21424e-09	
1200.000000	7.65536e-05	1200.000000	7.70102e-05	1200.000000	8.14509e-05	1200.000000	7.7562e-05	1200.000000	8.14443e-05	1200.000000	7.70021e-05	1200.000000	8.08777e-09	
1220.000000	7.63615e-05	1220.000000	7.68196e-05	1220.000000	8.12495e-05	1220.000000	7.73651e-05	1220.000000	8.12441e-05	1220.000000	7.68116e-05	1220.000000	7.96527e-09	
1240.000000	7.61807e-05	1240.000000	7.66397e-05	1240.000000	8.10576e-05	1240.000000	7.71775e-05	1240.000000	8.10537e-05	1240.000000	7.66319e-05	1240.000000	7.84657e-09	
1260.000000	7.60107e-05	1260.000000	7.647e-05 	1260.000000	8.08749e-05	1260.000000	7.69988e-05	1260.000000	8.08713e-05	1260.000000	7.64622e-05	1260.000000	7.73147e-09	
1280.000000	7.58511e-05	1280.000000	7.63099e-05	1280.000000	8.07008e-05	1280.000000	7.68285e-05	1280.000000	8.06972e-05	1280.000000	7.63023e-05	1280.000000	7.61983e-09	
1300.000000	7.57014e-05	1300.000000	7.61591e-05	1300.000000	8.0535e-05	1300.000000	7.66662e-05	1300.000000	8.05315e-05	1300.000000	7.61516e-05	1300.000000	7.51148e-09	
1320.000000	7.55612e-05	1320.000000	7.60171e-05	1320.000000	8.0377e-05	1320.000000	7.65116e-05	1320.000000	8.03739e-05	1320.000000	7.60097e-05	1320.000000	7.40629e-09	
1340.000000	7.54301e-05	1340.000000	7.58836e-05	1340.000000	8.02265e-05	1340.000000	7.63642e-05	1340.000000	8.02239e-05	1340.000000	7.58763e-05	1340.000000	7.3041e-09	
1360.000000	7.53077e-05	1360.000000	7.57582e-05	1360.000000	8.0083e-05	1360.000000	7.62237e-05	1360.000000	8.00804e-05	1360.000000	7.5751e-05	1360.000000	7.2048e-09	
1380.000000	7.51937e-05	1380.000000	7.56405e-05	1380.000000	7.99461e-05	1380.000000	7.60899e-05	1380.000000	7.9943e-05	1380.000000	7.56334e-05	1380.000000	7.10826e-09	
1400.000000	7.50877e-05	1400.000000	7.55302e-05	1400.000000	7.98156e-05	1400.000000	7.59623e-05	1400.000000	7.98122e-05	1400.000000	7.55232e-05	1400.000000	7.01437e-09	
1420.000000	7.49895e-05	1420.000000	7.5427e-05	1420.000000	7.9691e-05	1420.000000	7.58406e-05	1420.000000	7.96877e-05	1420.000000	7.54201e-05	1420.000000	6.92301e-09	
1440.000000	7.48987e-05	1440.000000	7.53306e-05	1440.000000	7.95722e-05	1440.000000	7.57247e-05	1440.000000	7.95693e-05	1440.000000	7.53238e-05	1440.000000	6.83409e-09	
1460.000000	7.4815e-05	1460.000000	7.52408e-05	1460.000000	7.94587e-05	1460.000000	7.56143e-05	1460.000000	7.94567e-05	1460.000000	7.5234e-05	1460.000000	6.74751e-09	
1480.000000	7.47382e-05	1480.000000	7.51572e-05	1480.000000	7.93504e-05	1480.000000	7.55091e-05	1480.000000	7.93484e-05	1480.000000	7.51506e-05	1480.000000	6.66318e-09	
1500.000000	7.46681e-05	1500.000000	7.50797e-05	1500.000000	7.92471e-05	1500.000000	7.54088e-05	1500.000000	7.92451e-05	1500.000000	7.50731e-05	1500.000000	6.581e-09 	
1520.000000	7.46043e-05	1520.000000	7.50079e-05	1520.000000	7.91486e-05	1520.000000	7.53133e-05	1520.000000	7.91469e-05	1520.000000	7.50014e-05	1520.000000	6.50089e-09	
1540.000000	7.45467e-05	1540.000000	7.49417e-05	1540.000000	7.90547e-05	1540.000000	7.52224e-05	1540.000000	7.90535e-05	1540.000000	7.49353e-05	1540.000000	6.42279e-09	
1560.000000	7.4495e-05	1560.000000	7.48809e-05	1560.000000	7.89652e-05	1560.000000	7.51359e-05	1560.000000	7.89648e-05	1560.000000	7.48745e-05	1560.000000	6.3466e-09	
1580.000000	7.4449e-05	1580.000000	7.48252e-05	1580.000000	7.888e-05 	1580.000000	7.50535e-05	1580.000000	7.88804e-05	1580.000000	7.48189e-05	1580.000000	6.27227e-09	
1600.000000	7.44086e-05	1600.000000	7.47745e-05	1600.000000	7.87989e-05	1600.000000	7.49751e-05	1600.000000	7.87996e-05	1600.000000	7.47683e-05	1600.000000	6.19972e-09	
1620.000000	7.43735e-05	1620.000000	7.47286e-05	1620.000000	7.87218e-05	1620.000000	7.49006e-05	1620.000000	7.87223e-05	1620.000000	7.47224e-05	1620.000000	6.12889e-09	
1640.000000	7.43436e-05	1640.000000	7.46873e-05	1640.000000	7.86485e-05	1640.000000	7.48297e-05	1640.000000	7.8649e-05	1640.000000	7.46812e-05	1640.000000	6.05972e-09	
1660.000000	7.43187e-05	1660.000000	7.46504e-05	1660.000000	7.85787e-05	1660.000000	7.47624e-05	1660.000000	7.85793e-05	1660.000000	7.46444e-05	1660.000000	5.99215e-09	
1680.000000	7.42987e-05	1680.000000	7.46178e-05	1680.000000	7.85125e-05	1680.000000	7.46984e-05	1680.000000	7.85133e-05	1680.000000	7.46119e-05	1680.000000	5.92613e-09	
1700.000000	7.42833e-05	1700.000000	7.45893e-05	1700.000000	7.84496e-05	1700.000000	7.46377e-05	1700.000000	7.84507e-05	1700.000000	7.45835e-05	1700.000000	5.86159e-09	
1750.000000	7.42643e-05	1750.000000	7.45354e-05	1750.000000	7.8306e-05	1750.000000	7.44993e-05	1750.000000	7.8307e-05	1750.000000	7.45297e-05	1750.000000	5.70645e-09	
1800.000000	7.42715e-05	1800.000000	7.45044e-05	1800.000000	7.81805e-05	1800.000000	7.43785e-05	1800.000000	7.81808e-05	1800.000000	7.44988e-05	1800.000000	5.55959e-09	
1850.000000	7.4303e-05	1850.000000	7.44944e-05	1850.000000	7.80713e-05	1850.000000	7.42737e-05	1850.000000	7.80717e-05	1850.000000	7.4489e-05	1850.000000	5.42036e-09	
1900.000000	7.4357e-05	1900.000000	7.45039e-05	1900.000000	7.79768e-05	1900.000000	7.41834e-05	1900.000000	7.79766e-05	1900.000000	7.44986e-05	1900.000000	5.28818e-09	
1950.000000	7.44319e-05	1950.000000	7.45313e-05	1950.000000	7.78956e-05	1950.000000	7.41063e-05	1950.000000	7.78948e-05	1950.000000	7.45261e-05	1950.000000	5.1625e-09	
2000.000000	7.45265e-05	2000.000000	7.45753e-05	2000.000000	7.78264e-05	2000.000000	7.40413e-05	2000.000000	7.78259e-05	2000.000000	7.45702e-05	2000.000000	5.04287e-09	
2100.000000	7.47691e-05	2100.000000	7.47084e-05	2100.000000	7.77198e-05	2100.000000	7.39431e-05	2100.000000	7.77194e-05	2100.000000	7.47035e-05	2100.000000	4.82003e-09	
2200.000000	7.50761e-05	2200.000000	7.48947e-05	2200.000000	7.76498e-05	2200.000000	7.38817e-05	2200.000000	7.76512e-05	2200.000000	7.48901e-05	2200.000000	4.61669e-09	
2300.000000	7.544e-05 	2300.000000	7.51273e-05	2300.000000	7.76113e-05	2300.000000	7.38511e-05	2300.000000	7.76132e-05	2300.000000	7.51229e-05	2300.000000	4.43035e-09	
2400.000000	7.58545e-05	2400.000000	7.54005e-05	2400.000000	7.75995e-05	2400.000000	7.38466e-05	2400.000000	7.76027e-05	2400.000000	7.53962e-05	2400.000000	4.25896e-09	
2500.000000	7.63145e-05	2500.000000	7.57092e-05	2500.000000	7.76105e-05	2500.000000	7.3864e-05	2500.000000	7.76138e-05	2500.000000	7.57051e-05	2500.000000	4.10076e-09	
2600.000000	7.68154e-05	2600.000000	7.60494e-05	2600.000000	7.76409e-05	2600.000000	7.39002e-05	2600.000000	7.76448e-05	2600.000000	7.60455e-05	2600.000000	3.95427e-09	
2700.000000	7.73534e-05	2700.000000	7.64176e-05	2700.000000	7.76877e-05	2700.000000	7.39523e-05	2700.000000	7.76913e-05	2700.000000	7.64137e-05	2700.000000	3.81823e-09	
2800.000000	7.79251e-05	2800.000000	7.68106e-05	2800.000000	7.77484e-05	2800.000000	7.40179e-05	2800.000000	7.77525e-05	2800.000000	7.68069e-05	2800.000000	3.69154e-09	
2900.000000	7.85278e-05	2900.000000	7.72259e-05	2900.000000	7.78211e-05	2900.000000	7.40951e-05	2900.000000	7.78246e-05	2900.000000	7.72224e-05	2900.000000	3.57325e-09	
3000.000000	7.91589e-05	3000.000000	7.76613e-05	3000.000000	7.79038e-05	3000.000000	7.41822e-05	3000.000000	7.79075e-05	3000.000000	7.76578e-05	3000.000000	3.46256e-09	
3200.000000	8.04977e-05	3200.000000	7.85842e-05	3200.000000	7.80939e-05	3200.000000	7.43804e-05	3200.000000	7.80974e-05	3200.000000	7.8581e-05	3200.000000	3.26117e-09	
3400.000000	8.1927e-05	3400.000000	7.95665e-05	3400.000000	7.83092e-05	3400.000000	7.46034e-05	3400.000000	7.83129e-05	3400.000000	7.95634e-05	3400.000000	3.08261e-09	
3600.000000	8.34354e-05	3600.000000	8.05977e-05	3600.000000	7.85426e-05	3600.000000	7.48443e-05	3600.000000	7.85472e-05	3600.000000	8.05948e-05	3600.000000	2.92318e-09	
3800.000000	8.50136e-05	3800.000000	8.16699e-05	3800.000000	7.8789e-05	3800.000000	7.50979e-05	3800.000000	7.87944e-05	3800.000000	8.16672e-05	3800.000000	2.77992e-09	
4000.000000	8.66544e-05	4000.000000	8.27767e-05	4000.000000	7.90446e-05	4000.000000	7.53605e-05	4000.000000	7.90509e-05	4000.000000	8.2774e-05	4000.000000	2.65048e-09	
4200.000000	8.83517e-05	4200.000000	8.39127e-05	4200.000000	7.93065e-05	4200.000000	7.56289e-05	4200.000000	7.9314e-05	4200.000000	8.39102e-05	4200.000000	2.53292e-09	
4400.000000	9.01006e-05	4400.000000	8.50738e-05	4400.000000	7.95726e-05	4400.000000	7.5901e-05	4400.000000	7.95805e-05	4400.000000	8.50714e-05	4400.000000	2.42566e-09	
4600.000000	9.1897e-05	4600.000000	8.62564e-05	4600.000000	7.9841e-05	4600.000000	7.61749e-05	4600.000000	7.98494e-05	4600.000000	8.62541e-05	4600.000000	2.32739e-09	
4800.000000	9.37374e-05	4800.000000	8.74576e-05	4800.000000	8.01105e-05	4800.000000	7.64494e-05	4800.000000	8.01188e-05	4800.000000	8.74553e-05	4800.000000	2.23702e-09	
5000.000000	9.56188e-05	5000.000000	8.86749e-05	5000.000000	8.03799e-05	5000.000000	7.67234e-05	5000.000000	8.0388e-05	5000.000000	8.86728e-05	5000.000000	2.15362e-09	
5250.000000	9.80246e-05	5250.000000	9.02162e-05	5250.000000	8.07152e-05	5250.000000	7.70638e-05	5250.000000	8.07225e-05	5250.000000	9.02141e-05	5250.000000	2.05798e-09	
5500.000000	0.000100487	5500.000000	9.17761e-05	5500.000000	8.10479e-05	5500.000000	7.7401e-05	5500.000000	8.10539e-05	5500.000000	9.17741e-05	5500.000000	1.97074e-09	
6000.000000	0.000105567	6000.000000	9.49412e-05	6000.000000	8.16999e-05	6000.000000	7.80624e-05	6000.000000	8.17041e-05	6000.000000	9.49394e-05	6000.000000	1.81731e-09	
6500.000000	0.000110837	6500.000000	9.81531e-05	6500.000000	8.23258e-05	6500.000000	7.87032e-05	6500.000000	8.23339e-05	6500.000000	9.81515e-05	6500.000000	1.68669e-09	
7000.000000	0.000116283	7000.000000	0.0001014 	7000.000000	8.2937e-05	7000.000000	7.93218e-05	7000.000000	8.29415e-05	7000.000000	0.000101398	7000.000000	1.57409e-09	
7500.000000	0.000121893	7500.000000	0.000104673	7500.000000	8.35183e-05	7500.000000	7.99177e-05	7500.000000	8.35263e-05	7500.000000	0.000104671	7500.000000	1.476e-09 	
8000.000000	0.000127659	8000.000000	0.000107965	8000.000000	8.40823e-05	8000.000000	8.0491e-05	8000.000000	8.40885e-05	8000.000000	0.000107964	8000.000000	1.38976e-09	
8500.000000	0.000133573	8500.000000	0.000111273	8500.000000	8.46241e-05	8500.000000	8.10426e-05	8500.000000	8.46285e-05	8500.000000	0.000111272	8500.000000	1.31332e-09	
9000.000000	0.000139632	9000.000000	0.000114591	9000.000000	8.51414e-05	9000.000000	8.15734e-05	9000.000000	8.51476e-05	9000.000000	0.00011459	9000.000000	1.24509e-09	
9500.000000	0.00014583	9500.000000	0.000117918	9500.000000	8.56389e-05	9500.000000	8.20843e-05	9500.000000	8.56467e-05	9500.000000	0.000117917	9500.000000	1.1838e-09	
10000.000000	0.000152164	10000.000000	0.000121251	10000.000000	8.6119e-05	10000.000000	8.25765e-05	10000.000000	8.61265e-05	10000.000000	0.00012125	10000.000000	1.12843e-09	
11000.000000	0.000165233	11000.000000	0.000127929	11000.000000	8.70256e-05	11000.000000	8.35088e-05	11000.000000	8.70334e-05	11000.000000	0.000127928	11000.000000	1.03229e-09	
12000.000000	0.000178823	12000.000000	0.000134614	12000.000000	8.78652e-05	12000.000000	8.43782e-05	12000.000000	8.78761e-05	12000.000000	0.000134613	12000.000000	9.5167e-10	
13000.000000	0.000192922	13000.000000	0.0001413 	13000.000000	8.865e-05 	13000.000000	8.51916e-05	13000.000000	8.86615e-05	13000.000000	0.000141299	13000.000000	8.8305e-10	
14000.000000	0.000207524	14000.000000	0.000147983	14000.000000	8.93887e-05	14000.000000	8.59554e-05	14000.000000	8.93957e-05	14000.000000	0.000147982	14000.000000	8.23917e-10	
15000.000000	0.000222625	15000.000000	0.00015466	15000.000000	9.00843e-05	15000.000000	8.66747e-05	15000.000000	9.00842e-05	15000.000000	0.000154659	15000.000000	7.72414e-10	
16000.000000	0.000238219	16000.000000	0.000161328	16000.000000	9.07359e-05	16000.000000	8.73542e-05	16000.000000	9.07316e-05	16000.000000	0.000161328	16000.000000	7.27142e-10	
17000.000000	0.000254307	17000.000000	0.000167987	17000.000000	9.13466e-05	17000.000000	8.79978e-05	17000.000000	9.1342e-05	17000.000000	0.000167987	17000.000000	6.87025e-10	
18000.000000	0.000270886	18000.000000	0.000174636	18000.000000	9.19208e-05	18000.000000	8.8609e-05	18000.000000	9.1919e-05	18000.000000	0.000174636	18000.000000	6.51221e-10	
19000.000000	0.000287956	19000.000000	0.000181275	19000.000000	9.24628e-05	19000.000000	8.91908e-05	19000.000000	9.24648e-05	19000.000000	0.000181274	19000.000000	6.19066e-10	
20000.000000	0.000305517	20000.000000	0.000187902	20000.000000	9.29768e-05	20000.000000	8.97458e-05	20000.000000	9.29829e-05	20000.000000	0.000187902	20000.000000	5.90022e-10	
21000.000000	0.000323569	21000.000000	0.000194518	21000.000000	9.34665e-05	21000.000000	9.02763e-05	21000.000000	9.34755e-05	21000.000000	0.000194518	21000.000000	5.63656e-10	
22000.000000	0.000342114	22000.000000	0.000201123	22000.000000	9.39354e-05	22000.000000	9.07843e-05	22000.000000	9.39442e-05	22000.000000	0.000201123	22000.000000	5.3961e-10	
23000.000000	0.000361151	23000.000000	0.000207717	23000.000000	9.43842e-05	23000.000000	9.12715e-05	23000.000000	9.43918e-05	23000.000000	0.000207717	23000.000000	5.17588e-10	
24000.000000	0.000380683	24000.000000	0.0002143 	24000.000000	9.48121e-05	24000.000000	9.17397e-05	24000.000000	9.48183e-05	24000.000000	0.0002143 	24000.000000	4.97343e-10	
25000.000000	0.000400711	25000.000000	0.000220873	25000.000000	9.52196e-05	25000.000000	9.21902e-05	25000.000000	9.52271e-05	25000.000000	0.000220872	25000.000000	4.78665e-10	
26000.000000	0.000421236	26000.000000	0.000227434	26000.000000	9.56094e-05	26000.000000	9.26242e-05	26000.000000	9.56176e-05	26000.000000	0.000227434	26000.000000	4.61378e-10	
27000.000000	0.00044226	27000.000000	0.000233985	27000.000000	9.59838e-05	27000.000000	9.30429e-05	27000.000000	9.59929e-05	27000.000000	0.000233985	27000.000000	4.45331e-10	
28000.000000	0.000463786	28000.000000	0.000240526	28000.000000	9.63436e-05	28000.000000	9.34473e-05	28000.000000	9.6352e-05	28000.000000	0.000240526	28000.000000	4.30393e-10	
29000.000000	0.000485813	29000.000000	0.000247057	29000.000000	9.66894e-05	29000.000000	9.38385e-05	29000.000000	9.66978e-05	29000.000000	0.000247057	29000.000000	4.16453e-10	
30000.000000	0.000508346	30000.000000	0.000253578	30000.000000	9.70221e-05	30000.000000	9.42171e-05	30000.000000	9.70298e-05	30000.000000	0.000253578	30000.000000	4.03413e-10	
32000.000000	0.000554934	32000.000000	0.000266591	32000.000000	9.7651e-05	32000.000000	9.49397e-05	32000.000000	9.76577e-05	32000.000000	0.000266591	32000.000000	3.79702e-10	
34000.000000	0.000603567	34000.000000	0.000279568	34000.000000	9.82359e-05	34000.000000	9.56208e-05	34000.000000	9.82408e-05	34000.000000	0.000279568	34000.000000	3.58694e-10	
36000.000000	0.000654263	36000.000000	0.000292509	36000.000000	9.87793e-05	36000.000000	9.62646e-05	36000.000000	9.87841e-05	36000.000000	0.000292509	36000.000000	3.39949e-10	
38000.000000	0.000707041	38000.000000	0.000305417	38000.000000	9.92857e-05	38000.000000	9.68752e-05	38000.000000	9.92923e-05	38000.000000	0.000305417	38000.000000	3.23117e-10	
40000.000000	0.00076192	40000.000000	0.000318293	40000.000000	9.97596e-05	40000.000000	9.74556e-05	40000.000000	9.97683e-05	40000.000000	0.000318293	40000.000000	3.07916e-10	
42000.000000	0.000818921	42000.000000	0.000331139	42000.000000	0.000100205	42000.000000	9.80087e-05	42000.000000	0.000100215	42000.000000	0.000331138	42000.000000	2.94118e-10	
44000.000000	0.000878064	44000.000000	0.000343955	44000.000000	0.000100627	44000.000000	9.85371e-05	44000.000000	0.000100636	44000.000000	0.000343954	44000.000000	2.81536e-10	
46000.000000	0.00093937	46000.000000	0.000356742	46000.000000	0.000101027	46000.000000	9.90426e-05	46000.000000	0.000101032	46000.000000	0.000356742	46000.000000	2.70015e-10	
48000.000000	0.00100286	48000.000000	0.000369503	48000.000000	0.000101408	48000.000000	9.95274e-05	48000.000000	0.000101406	48000.000000	0.000369503	48000.000000	2.59425e-10	
50000.000000	0.00106855	50000.000000	0.000382238	50000.000000	0.000101768	50000.000000	9.99929e-05	50000.000000	0.00010176	50000.000000	0.000382237	50000.000000	2.49656e-10	
