! 132Cs energy loss (dE/dX) in He
! apply ZOOM for details
Energy (MeV/u)1	0 - [He-base] F.Hubert et al, AD&ND Tables 46(1990)1	Energy (MeV/u)2	1 - [H -base] J.F.Ziegler et al,Pergamon Press,NY(low energy)	Energy (MeV/u)3	2 - ATIMA 1.2 LS-theory (recommended for high energy)	Energy (MeV/u)4	3 - ATIMA 1.2 without LS-correction	Energy (MeV/u)5	4 - ATIMA 1.4 H.Weick, improved mean charge formula for HI	Energy (MeV/u)6	5 - electrical component of [1] - J.F.Ziegler et al	Energy (MeV/u)7	6 - nuclear component of [1] - J.F.Ziegler et al	
0.001000	0.000303047	0.001000	0.000303047	0.001000	0.000262879	0.001000	0.000262879	0.001000	0.000262889	0.001000	6.9495e-05	0.001000	0.000233552	
0.002000	0.000315347	0.002000	0.000315347	0.002000	0.000266696	0.002000	0.000266696	0.002000	0.000266705	0.002000	9.01238e-05	0.002000	0.000225224	
0.005000	0.000313338	0.005000	0.000313338	0.005000	0.000251831	0.005000	0.000251831	0.005000	0.000251837	0.005000	0.000127077	0.005000	0.00018626	
0.008000	0.000309892	0.008000	0.000309892	0.008000	0.000241261	0.008000	0.000241261	0.008000	0.000241266	0.008000	0.00015157	0.008000	0.000158322	
0.010000	0.000309236	0.010000	0.000309236	0.010000	0.000237166	0.010000	0.000237166	0.010000	0.00023717	0.010000	0.000164799	0.010000	0.000144438	
0.015000	0.00031143	0.015000	0.00031143	0.015000	0.000233136	0.015000	0.000233136	0.015000	0.000233139	0.015000	0.000191861	0.015000	0.000119569	
0.020000	0.000316639	0.020000	0.000316639	0.020000	0.000234056	0.020000	0.000234056	0.020000	0.000234059	0.020000	0.000213717	0.020000	0.000102921	
0.025000	0.000323247	0.025000	0.000323247	0.025000	0.000237489	0.025000	0.000237489	0.025000	0.000237491	0.025000	0.00023237	0.025000	9.08761e-05	
0.030000	0.000330503	0.030000	0.000330503	0.030000	0.000242295	0.030000	0.000242295	0.030000	0.000242297	0.030000	0.000248813	0.030000	8.16899e-05	
0.035000	0.000338035	0.035000	0.000338035	0.035000	0.000247888	0.035000	0.000247888	0.035000	0.00024789	0.035000	0.00026362	0.035000	7.44147e-05	
0.040000	0.000345644	0.040000	0.000345644	0.040000	0.000253938	0.040000	0.000253938	0.040000	0.000253939	0.040000	0.000277157	0.040000	6.84869e-05	
0.045000	0.000353222	0.045000	0.000353222	0.045000	0.000260249	0.045000	0.000260249	0.045000	0.00026025	0.045000	0.000289673	0.045000	6.35488e-05	
0.050000	0.000360709	0.050000	0.000360709	0.050000	0.000266701	0.050000	0.000266701	0.050000	0.000266703	0.050000	0.000301347	0.050000	5.93616e-05	
0.055000	0.000368071	0.055000	0.000368071	0.055000	0.000273219	0.055000	0.000273219	0.055000	0.00027322	0.055000	0.000312313	0.055000	5.5759e-05	
0.060000	0.000375293	0.060000	0.000375293	0.060000	0.00027975	0.060000	0.00027975	0.060000	0.000279752	0.060000	0.000322671	0.060000	5.26214e-05	
0.070000	0.000389283	0.070000	0.000389283	0.070000	0.000292737	0.070000	0.000292737	0.070000	0.000292738	0.070000	0.000341873	0.070000	4.74097e-05	
0.080000	0.00040267	0.080000	0.00040267	0.080000	0.000305508	0.080000	0.000305508	0.080000	0.000305509	0.080000	0.000359428	0.080000	4.32422e-05	
0.090000	0.000421844	0.090000	0.000421844	0.090000	0.000323543	0.090000	0.000323543	0.090000	0.000323544	0.090000	0.000382021	0.090000	3.98232e-05	
0.100000	0.000467866	0.100000	0.000467866	0.100000	0.000365692	0.100000	0.000365692	0.100000	0.000365693	0.100000	0.00043125	0.100000	3.66154e-05	
0.120000	0.000557242	0.120000	0.000557242	0.120000	0.000450516	0.120000	0.000450516	0.120000	0.000450517	0.120000	0.000525112	0.120000	3.21303e-05	
0.140000	0.000640314	0.140000	0.000640314	0.140000	0.000532223	0.140000	0.000532223	0.140000	0.000532224	0.140000	0.000611602	0.140000	2.87125e-05	
0.160000	0.000716352	0.160000	0.000716352	0.160000	0.000608779	0.160000	0.000608779	0.160000	0.000608779	0.160000	0.00069034	0.160000	2.60119e-05	
0.180000	0.000785481	0.180000	0.000785481	0.180000	0.000679213	0.180000	0.000679213	0.180000	0.000679214	0.180000	0.000761663	0.180000	2.38183e-05	
0.200000	0.00084821	0.200000	0.00084821	0.200000	0.000743252	0.200000	0.000743252	0.200000	0.000743253	0.200000	0.000826212	0.200000	2.19973e-05	
0.250000	0.000981207	0.250000	0.000981207	0.250000	0.000877012	0.250000	0.000877012	0.250000	0.000877013	0.250000	0.000962659	0.250000	1.85481e-05	
0.300000	0.00111208	0.300000	0.00111208	0.300000	0.000979538	0.300000	0.000979538	0.300000	0.000979539	0.300000	0.00109598	0.300000	1.61037e-05	
0.350000	0.00121979	0.350000	0.00121979	0.350000	0.00105929	0.350000	0.00105929	0.350000	0.00105929	0.350000	0.00120551	0.350000	1.42721e-05	
0.400000	0.00130836	0.400000	0.00130836	0.400000	0.00112307	0.400000	0.00112307	0.400000	0.00112307	0.400000	0.00129551	0.400000	1.28435e-05	
0.450000	0.00138205	0.450000	0.00138205	0.450000	0.00117567	0.450000	0.00117567	0.450000	0.00117567	0.450000	0.00137035	0.450000	1.16951e-05	
0.500000	0.00144399	0.500000	0.00144399	0.500000	0.00122029	0.500000	0.00122029	0.500000	0.00122029	0.500000	0.00143324	0.500000	1.07499e-05	
0.600000	0.00156027	0.600000	0.00156027	0.600000	0.00129333	0.600000	0.00129333	0.600000	0.00129333	0.600000	0.00155098	0.600000	9.28174e-06	
0.700000	0.00166596	0.700000	0.00166596	0.700000	0.00135187	0.700000	0.00135187	0.700000	0.00135187	0.700000	0.00165777	0.700000	8.19022e-06	
0.800000	0.00174609	0.800000	0.00174609	0.800000	0.00140044	0.800000	0.00140044	0.800000	0.00140044	0.800000	0.00173874	0.800000	7.34414e-06	
0.900000	0.00180738	0.900000	0.00180738	0.900000	0.00144653	0.900000	0.00144653	0.900000	0.00144653	0.900000	0.00180071	0.900000	6.66745e-06	
1.000000	0.00185447	1.000000	0.00185447	1.000000	0.00149679	1.000000	0.00149679	1.000000	0.00149679	1.000000	0.00184836	1.000000	6.11287e-06	
1.250000	0.00189518	1.250000	0.00189518	1.250000	0.00158972	1.250000	0.00158972	1.250000	0.00158972	1.250000	0.0018901 	1.250000	5.08034e-06	
1.500000	0.00190194	1.500000	0.00190194	1.500000	0.00164975	1.500000	0.00164975	1.500000	0.00164975	1.500000	0.00189758	1.500000	4.36302e-06	
1.750000	0.00189666	1.750000	0.00189666	1.750000	0.00168785	1.750000	0.00168785	1.750000	0.00168785	1.750000	0.00189283	1.750000	3.83351e-06	
2.000000	0.00188142	2.000000	0.00188142	2.000000	0.00171079	2.000000	0.00171079	2.000000	0.00171079	2.000000	0.001878  	2.000000	3.4254e-06	
2.250000	0.00186046	2.250000	0.00186046	2.250000	0.001723  	2.250000	0.001723  	2.250000	0.001723  	2.250000	0.00185736	2.250000	3.10053e-06	
2.500000	0.00258585	2.500000	0.001838  	2.500000	0.0017275 	2.500000	0.0017275 	2.500000	0.0017275 	2.500000	0.00183517	2.500000	2.83534e-06	
3.000000	0.00248826	3.000000	0.00179104	3.000000	0.00172105	3.000000	0.00172105	3.000000	0.00172105	3.000000	0.00178862	3.000000	2.42748e-06	
3.500000	0.00239126	3.500000	0.00173927	3.500000	0.00170199	3.500000	0.00170199	3.500000	0.001702  	3.500000	0.00173714	3.500000	2.12759e-06	
4.000000	0.00229867	4.000000	0.00168867	4.000000	0.00167598	4.000000	0.00167598	4.000000	0.00167598	4.000000	0.00168677	4.000000	1.89718e-06	
4.500000	0.0022118 	4.500000	0.00164182	4.500000	0.00164622	4.500000	0.00164622	4.500000	0.00164622	4.500000	0.0016401 	4.500000	1.71425e-06	
5.000000	0.00213089	5.000000	0.00159805	5.000000	0.00161459	5.000000	0.00161459	5.000000	0.00161459	5.000000	0.00159648	5.000000	1.56526e-06	
5.500000	0.00205575	5.500000	0.00155727	5.500000	0.00158088	5.500000	0.00158088	5.500000	0.00158088	5.500000	0.00155583	5.500000	1.44141e-06	
6.000000	0.00198598	6.000000	0.00151936	6.000000	0.00154447	6.000000	0.00154447	6.000000	0.00154447	6.000000	0.00151802	6.000000	1.33673e-06	
6.500000	0.00192115	6.500000	0.00148306	6.500000	0.00150959	6.500000	0.00150959	6.500000	0.00150959	6.500000	0.00148181	6.500000	1.24701e-06	
7.000000	0.00186082	7.000000	0.00144835	7.000000	0.0014762 	7.000000	0.0014762 	7.000000	0.0014762 	7.000000	0.00144718	7.000000	1.16921e-06	
7.500000	0.00180457	7.500000	0.0014151 	7.500000	0.00144424	7.500000	0.00144424	7.500000	0.00144424	7.500000	0.001414  	7.500000	1.10106e-06	
8.000000	0.00175202	8.000000	0.00138332	8.000000	0.00141363	8.000000	0.00141363	8.000000	0.00141363	8.000000	0.00138228	8.000000	1.04083e-06	
8.500000	0.00170282	8.500000	0.00135295	8.500000	0.00138432	8.500000	0.00138432	8.500000	0.00138432	8.500000	0.00135196	8.500000	9.87198e-07	
9.000000	0.00165667	9.000000	0.00132389	9.000000	0.00135623	9.000000	0.00135623	9.000000	0.00135623	9.000000	0.00132295	9.000000	9.39115e-07	
9.500000	0.00161329	9.500000	0.00129599	9.500000	0.0013293 	9.500000	0.0013293 	9.500000	0.0013293 	9.500000	0.00129509	9.500000	8.95747e-07	
10.000000	0.00157244	10.000000	0.00121649	10.000000	0.00130345	10.000000	0.00130345	10.000000	0.00130345	10.000000	0.00121563	10.000000	8.5642e-07	
11.000000	0.00149747	11.000000	0.00118444	11.000000	0.00124231	11.000000	0.00125709	11.000000	0.00126916	11.000000	0.00118365	11.000000	7.87788e-07	
12.000000	0.00143029	12.000000	0.00115331	12.000000	0.00118711	12.000000	0.00121442	12.000000	0.00123555	12.000000	0.00115258	12.000000	7.29858e-07	
13.000000	0.0013697 	13.000000	0.00112326	13.000000	0.00113707	13.000000	0.00117509	13.000000	0.00120296	13.000000	0.00112258	13.000000	6.8027e-07	
14.000000	0.00131475	14.000000	0.00109436	14.000000	0.00109155	14.000000	0.00113874	14.000000	0.00117159	14.000000	0.00109372	14.000000	6.37315e-07	
15.000000	0.00126467	15.000000	0.00106666	15.000000	0.00105001	15.000000	0.00110509	15.000000	0.00114154	15.000000	0.00106606	15.000000	5.99724e-07	
16.000000	0.00121881	16.000000	0.00104019	16.000000	0.00101197	16.000000	0.00107387	16.000000	0.00111284	16.000000	0.00103962	16.000000	5.66535e-07	
17.000000	0.00117665	17.000000	0.00101492	17.000000	0.000977048	17.000000	0.00104484	17.000000	0.00108549	17.000000	0.00101438	17.000000	5.37006e-07	
18.000000	0.00113773	18.000000	0.000990813	18.000000	0.000944928	18.000000	0.00101781	18.000000	0.0010594 	18.000000	0.000990303	18.000000	5.10553e-07	
19.000000	0.00110168	19.000000	0.000967821	19.000000	0.00091531	19.000000	0.000992583	19.000000	0.00103461	19.000000	0.000967334	19.000000	4.86711e-07	
20.000000	0.00106819	20.000000	0.000945887	20.000000	0.000887923	20.000000	0.000969009	20.000000	0.00101108	20.000000	0.000945422	20.000000	4.65106e-07	
21.000000	0.00103697	21.000000	0.000924957	21.000000	0.000862552	21.000000	0.000946942	21.000000	0.000988645	21.000000	0.000924511	21.000000	4.45432e-07	
22.000000	0.00100781	22.000000	0.000904972	22.000000	0.000839023	22.000000	0.000926258	22.000000	0.000967378	22.000000	0.000904545	22.000000	4.27436e-07	
23.000000	0.00098049	23.000000	0.00088588	23.000000	0.000817173	23.000000	0.000906844	23.000000	0.00094714	23.000000	0.000885469	23.000000	4.10909e-07	
24.000000	0.000954839	24.000000	0.000867626	24.000000	0.000796847	24.000000	0.000888599	24.000000	0.000927926	24.000000	0.00086723	24.000000	3.95676e-07	
25.000000	0.000930702	25.000000	0.000850162	25.000000	0.000777913	25.000000	0.000871434	25.000000	0.000909658	25.000000	0.000849781	25.000000	3.81587e-07	
27.000000	0.000886447	27.000000	0.000817419	27.000000	0.000743773	27.000000	0.000840029	27.000000	0.00087579	27.000000	0.000817062	27.000000	3.56356e-07	
29.000000	0.000846821	29.000000	0.00078731	29.000000	0.000713948	29.000000	0.00081207	29.000000	0.000845175	29.000000	0.000786975	29.000000	3.34403e-07	
31.000000	0.000811111	31.000000	0.000759539	31.000000	0.000689688	31.000000	0.000784229	31.000000	0.000812111	31.000000	0.000759223	31.000000	3.15119e-07	
33.000000	0.000778744	33.000000	0.000733849	33.000000	0.000669254	33.000000	0.000756025	33.000000	0.000777305	33.000000	0.000733551	33.000000	2.98038e-07	
35.000000	0.000749257	35.000000	0.000710018	35.000000	0.000650115	35.000000	0.000730002	35.000000	0.000745861	35.000000	0.000709736	35.000000	2.82797e-07	
38.000000	0.000709612	38.000000	0.000677342	38.000000	0.000623541	38.000000	0.000694522	38.000000	0.000703935	38.000000	0.000677079	38.000000	2.62775e-07	
41.000000	0.000674583	41.000000	0.000647869	41.000000	0.00059942	41.000000	0.000662707	41.000000	0.000667182	41.000000	0.000647624	41.000000	2.4552e-07	
44.000000	0.000643386	44.000000	0.000621151	44.000000	0.000577331	44.000000	0.000634008	44.000000	0.000634656	44.000000	0.000620921	44.000000	2.30489e-07	
47.000000	0.000615406	47.000000	0.000596817	47.000000	0.000557023	47.000000	0.000607982	47.000000	0.000605624	47.000000	0.0005966 	47.000000	2.17271e-07	
50.000000	0.000590156	50.000000	0.000574561	50.000000	0.000538338	50.000000	0.000584268	50.000000	0.000579532	50.000000	0.000574356	50.000000	2.05552e-07	
55.000000	0.000553105	55.000000	0.000541407	55.000000	0.000510168	55.000000	0.000549098	55.000000	0.000541403	55.000000	0.000541219	55.000000	1.8871e-07	
60.000000	0.000521178	60.000000	0.000512377	60.000000	0.000485313	60.000000	0.00051845	60.000000	0.000508704	60.000000	0.000512202	60.000000	1.74528e-07	
65.000000	0.000493354	65.000000	0.000486742	65.000000	0.000463129	65.000000	0.0004915 	65.000000	0.000480338	65.000000	0.000486579	65.000000	1.62414e-07	
70.000000	0.000468868	70.000000	0.000463937	70.000000	0.000443294	70.000000	0.000467616	70.000000	0.00045549	70.000000	0.000463785	70.000000	1.5194e-07	
75.000000	0.00044714	75.000000	0.000443516	75.000000	0.000425404	75.000000	0.000446301	75.000000	0.000435005	75.000000	0.000443373	75.000000	1.4279e-07	
80.000000	0.000427717	80.000000	0.000425123	80.000000	0.000409123	80.000000	0.000427161	80.000000	0.000416719	80.000000	0.000424988	80.000000	1.34725e-07	
85.000000	0.00041024	85.000000	0.000408469	85.000000	0.000394396	85.000000	0.000409881	85.000000	0.000400294	85.000000	0.000408341	85.000000	1.27559e-07	
90.000000	0.000394424	90.000000	0.000393318	90.000000	0.000380873	90.000000	0.000394201	90.000000	0.000385432	90.000000	0.000393196	90.000000	1.21148e-07	
95.000000	0.000380037	95.000000	0.000379475	95.000000	0.000368456	95.000000	0.000379911	95.000000	0.00037195	95.000000	0.000379359	95.000000	1.15378e-07	
100.000000	0.000366889	100.000000	0.000366777	100.000000	0.000357053	100.000000	0.000366833	100.000000	0.000359661	100.000000	0.000366667	100.000000	1.10155e-07	
105.000000	0.000354822	105.000000	0.000355088	105.000000	0.000346504	105.000000	0.000354821	105.000000	0.000348396	105.000000	0.000354983	105.000000	1.05405e-07	
110.000000	0.000343704	110.000000	0.000344293	110.000000	0.000336755	110.000000	0.00034375	110.000000	0.000338071	110.000000	0.000344192	110.000000	1.01064e-07	
115.000000	0.000333425	115.000000	0.000334292	115.000000	0.000327673	115.000000	0.000333513	115.000000	0.000328513	115.000000	0.000334195	115.000000	9.70811e-08	
120.000000	0.000323891	120.000000	0.000325002	120.000000	0.000319217	120.000000	0.000324022	120.000000	0.000319693	120.000000	0.000324909	120.000000	9.34136e-08	
125.000000	0.000315022	125.000000	0.000316349	125.000000	0.000311329	125.000000	0.000315197	125.000000	0.000311475	125.000000	0.000316259	125.000000	9.00247e-08	
130.000000	0.000306749	130.000000	0.00030827	130.000000	0.000303922	130.000000	0.000306972	130.000000	0.000303832	130.000000	0.000308183	130.000000	8.68834e-08	
135.000000	0.000299011	135.000000	0.00030071	135.000000	0.000296993	135.000000	0.000299287	135.000000	0.000296676	135.000000	0.000300626	135.000000	8.39631e-08	
140.000000	0.000291758	140.000000	0.000293621	140.000000	0.000290476	140.000000	0.000292093	140.000000	0.000290006	140.000000	0.00029354	140.000000	8.1241e-08	
145.000000	0.000284944	145.000000	0.000286961	145.000000	0.000284339	145.000000	0.000285343	145.000000	0.00028372	145.000000	0.000286882	145.000000	7.86972e-08	
150.000000	0.000278529	150.000000	0.000280691	150.000000	0.000278563	150.000000	0.000278998	150.000000	0.000277835	150.000000	0.000280614	150.000000	7.63146e-08	
155.000000	0.000269297	155.000000	0.000274779	155.000000	0.000273099	155.000000	0.000273023	155.000000	0.00027228	155.000000	0.000274704	155.000000	7.4078e-08	
160.000000	0.000263986	160.000000	0.000269194	160.000000	0.000267929	160.000000	0.000267387	160.000000	0.000267042	160.000000	0.000269122	160.000000	7.19744e-08	
165.000000	0.000258964	165.000000	0.000263912	165.000000	0.000263041	165.000000	0.000262062	165.000000	0.000262104	165.000000	0.000263842	165.000000	6.99919e-08	
170.000000	0.000254207	170.000000	0.000258907	170.000000	0.000258401	170.000000	0.000257024	170.000000	0.000257408	170.000000	0.000258839	170.000000	6.81202e-08	
175.000000	0.000249695	175.000000	0.00025416	175.000000	0.000253983	175.000000	0.00025225	175.000000	0.00025297	175.000000	0.000254093	175.000000	6.63503e-08	
180.000000	0.000245408	180.000000	0.00024965	180.000000	0.000249773	180.000000	0.000247721	180.000000	0.000248757	180.000000	0.000249585	180.000000	6.46738e-08	
185.000000	0.000241331	185.000000	0.000245361	185.000000	0.000245775	185.000000	0.000243418	185.000000	0.000244739	185.000000	0.000245298	185.000000	6.30836e-08	
190.000000	0.000237447	190.000000	0.000241276	190.000000	0.000241981	190.000000	0.000239324	190.000000	0.000240925	190.000000	0.000241215	190.000000	6.15729e-08	
195.000000	0.000233744	195.000000	0.000237382	195.000000	0.000238349	195.000000	0.000235426	195.000000	0.00023729	195.000000	0.000237322	195.000000	6.01359e-08	
200.000000	0.000230209	200.000000	0.000233666	200.000000	0.000234864	200.000000	0.00023171	200.000000	0.00023381	200.000000	0.000233608	200.000000	5.87673e-08	
210.000000	0.000223598	210.000000	0.000226722	210.000000	0.000228365	210.000000	0.000224775	210.000000	0.000227334	210.000000	0.000226665	210.000000	5.62162e-08	
220.000000	0.000217536	220.000000	0.000220359	220.000000	0.000222397	220.000000	0.000218433	220.000000	0.000221381	220.000000	0.000220306	220.000000	5.3886e-08	
230.000000	0.000211956	230.000000	0.00021451	230.000000	0.000216916	230.000000	0.000212614	230.000000	0.000215924	230.000000	0.000214459	230.000000	5.17489e-08	
240.000000	0.000206804	240.000000	0.000209116	240.000000	0.000211851	240.000000	0.000207256	240.000000	0.000210881	240.000000	0.000209066	240.000000	4.97815e-08	
250.000000	0.000202032	250.000000	0.000204125	250.000000	0.000207144	250.000000	0.000202308	250.000000	0.000206222	250.000000	0.000204077	250.000000	4.79641e-08	
260.000000	0.000197599	260.000000	0.000199496	260.000000	0.000202774	260.000000	0.000197725	260.000000	0.000201893	260.000000	0.00019945	260.000000	4.62799e-08	
270.000000	0.00019347	270.000000	0.000195191	270.000000	0.000198711	270.000000	0.000193469	270.000000	0.000197875	270.000000	0.000195146	270.000000	4.47146e-08	
280.000000	0.000189615	280.000000	0.000191177	280.000000	0.000194925	280.000000	0.000189508	280.000000	0.000194121	280.000000	0.000191134	280.000000	4.32559e-08	
290.000000	0.000186008	290.000000	0.000187428	290.000000	0.000191392	290.000000	0.000185812	290.000000	0.000190626	290.000000	0.000187386	290.000000	4.18932e-08	
300.000000	0.000182626	300.000000	0.000183917	300.000000	0.000188074	300.000000	0.000182357	300.000000	0.000187334	300.000000	0.000183877	300.000000	4.0617e-08	
310.000000	0.000179449	310.000000	0.000180625	310.000000	0.000184957	310.000000	0.00017912	310.000000	0.000184256	310.000000	0.000180585	310.000000	3.94194e-08	
320.000000	0.000176458	320.000000	0.00017753	320.000000	0.000182031	320.000000	0.000176083	320.000000	0.000181359	320.000000	0.000177492	320.000000	3.82932e-08	
330.000000	0.000173639	330.000000	0.000174618	330.000000	0.00017927	330.000000	0.000173227	330.000000	0.000178629	330.000000	0.00017458	330.000000	3.72321e-08	
340.000000	0.000170976	340.000000	0.000171871	340.000000	0.000176661	340.000000	0.000170538	340.000000	0.000176063	340.000000	0.000171835	340.000000	3.62305e-08	
350.000000	0.000168458	350.000000	0.000169278	350.000000	0.000174201	350.000000	0.000168001	350.000000	0.000173627	350.000000	0.000169243	350.000000	3.52835e-08	
360.000000	0.000166072	360.000000	0.000166826	360.000000	0.000171876	360.000000	0.000165606	360.000000	0.000171328	360.000000	0.000166792	360.000000	3.43867e-08	
370.000000	0.000163811	370.000000	0.000164504	370.000000	0.000169675	370.000000	0.00016334	370.000000	0.000169157	370.000000	0.000164471	370.000000	3.35362e-08	
380.000000	0.000161663	380.000000	0.000162303	380.000000	0.000167591	380.000000	0.000161195	380.000000	0.000167086	380.000000	0.00016227	380.000000	3.27284e-08	
390.000000	0.000159621	390.000000	0.000160213	390.000000	0.000165612	390.000000	0.00015916	390.000000	0.000165125	390.000000	0.000160181	390.000000	3.19601e-08	
400.000000	0.000157677	400.000000	0.000158227	400.000000	0.000163726	400.000000	0.000157229	400.000000	0.000163267	400.000000	0.000158196	400.000000	3.12285e-08	
410.000000	0.000155826	410.000000	0.000156338	410.000000	0.000161929	410.000000	0.000155394	410.000000	0.000161489	410.000000	0.000156308	410.000000	3.05309e-08	
420.000000	0.00015406	420.000000	0.000154539	420.000000	0.00016022	420.000000	0.000153647	420.000000	0.000159799	420.000000	0.000154509	420.000000	2.98651e-08	
430.000000	0.000152374	430.000000	0.000152824	430.000000	0.000158592	430.000000	0.000151984	430.000000	0.000158192	430.000000	0.000152795	430.000000	2.92288e-08	
440.000000	0.000150763	440.000000	0.000151188	440.000000	0.00015704	440.000000	0.000150399	440.000000	0.000156657	440.000000	0.000151159	440.000000	2.86201e-08	
450.000000	0.000149222	450.000000	0.000149625	450.000000	0.000155557	450.000000	0.000148887	450.000000	0.000155187	450.000000	0.000149597	450.000000	2.80373e-08	
460.000000	0.000147748	460.000000	0.000148131	460.000000	0.000154139	460.000000	0.000147442	460.000000	0.000153786	460.000000	0.000148104	460.000000	2.74786e-08	
470.000000	0.000146335	470.000000	0.000146703	470.000000	0.000152781	470.000000	0.000146062	470.000000	0.000152448	470.000000	0.000146676	470.000000	2.69427e-08	
480.000000	0.000144981	480.000000	0.000145335	480.000000	0.000151482	480.000000	0.000144742	480.000000	0.00015116	480.000000	0.000145308	480.000000	2.64281e-08	
490.000000	0.000143682	490.000000	0.000144024	490.000000	0.000150238	490.000000	0.000143478	490.000000	0.000149927	490.000000	0.000143998	490.000000	2.59335e-08	
500.000000	0.000142435	500.000000	0.000142768	500.000000	0.000149047	500.000000	0.000142267	500.000000	0.000148748	500.000000	0.000142742	500.000000	2.54579e-08	
520.000000	0.000140086	520.000000	0.000140405	520.000000	0.000146803	520.000000	0.000139993	520.000000	0.000146528	520.000000	0.000140381	520.000000	2.4559e-08	
540.000000	0.000137914	540.000000	0.000138225	540.000000	0.000144729	540.000000	0.000137898	540.000000	0.000144478	540.000000	0.000138202	540.000000	2.37238e-08	
560.000000	0.000135899	560.000000	0.000136209	560.000000	0.000142811	560.000000	0.000135963	560.000000	0.000142584	560.000000	0.000136186	560.000000	2.29457e-08	
580.000000	0.000134028	580.000000	0.000134341	580.000000	0.000141035	580.000000	0.000134171	580.000000	0.000140823	580.000000	0.000134318	580.000000	2.22189e-08	
600.000000	0.000132287	600.000000	0.000132605	600.000000	0.000139384	600.000000	0.00013251	600.000000	0.000139194	600.000000	0.000132584	600.000000	2.15384e-08	
620.000000	0.000130664	620.000000	0.000130991	620.000000	0.000137847	620.000000	0.000130965	620.000000	0.000137669	620.000000	0.00013097	620.000000	2.08999e-08	
640.000000	0.000129148	640.000000	0.000129486	640.000000	0.000136417	640.000000	0.000129527	640.000000	0.000136253	640.000000	0.000129466	640.000000	2.02996e-08	
660.000000	0.000127731	660.000000	0.000128082	660.000000	0.000135084	660.000000	0.000128186	660.000000	0.000134929	660.000000	0.000128062	660.000000	1.97341e-08	
680.000000	0.000126404	680.000000	0.000126769	680.000000	0.000133836	680.000000	0.000126933	680.000000	0.000133689	680.000000	0.00012675	680.000000	1.92004e-08	
700.000000	0.00012516	700.000000	0.00012554	700.000000	0.000132666	700.000000	0.000125761	700.000000	0.000132532	700.000000	0.000125522	700.000000	1.86959e-08	
720.000000	0.000123993	720.000000	0.000124389	720.000000	0.000131567	720.000000	0.000124663	720.000000	0.000131443	720.000000	0.000124371	720.000000	1.82182e-08	
740.000000	0.000122896	740.000000	0.000123309	740.000000	0.000130538	740.000000	0.000123633	740.000000	0.00013042	740.000000	0.000123291	740.000000	1.77653e-08	
760.000000	0.000121865	760.000000	0.000122295	760.000000	0.000129572	760.000000	0.000122666	760.000000	0.000129461	760.000000	0.000122277	760.000000	1.73351e-08	
780.000000	0.000120895	780.000000	0.000121341	780.000000	0.000128664	780.000000	0.000121757	780.000000	0.000128556	780.000000	0.000121324	780.000000	1.69261e-08	
800.000000	0.000119981	800.000000	0.000120444	800.000000	0.000127806	800.000000	0.000120901	800.000000	0.000127704	800.000000	0.000120428	800.000000	1.65366e-08	
820.000000	0.000119119	820.000000	0.0001196 	820.000000	0.000126995	820.000000	0.000120094	820.000000	0.000126902	820.000000	0.000119583	820.000000	1.61654e-08	
840.000000	0.000118307	840.000000	0.000118804	840.000000	0.000126229	840.000000	0.000119334	840.000000	0.000126145	840.000000	0.000118788	840.000000	1.5811e-08	
860.000000	0.000117541	860.000000	0.000118053	860.000000	0.000125507	860.000000	0.000118616	860.000000	0.000125427	860.000000	0.000118038	860.000000	1.54724e-08	
880.000000	0.000116817	880.000000	0.000117345	880.000000	0.000124825	880.000000	0.000117938	880.000000	0.00012475	880.000000	0.00011733	880.000000	1.51486e-08	
900.000000	0.000116134	900.000000	0.000116677	900.000000	0.00012418	900.000000	0.000117297	900.000000	0.000124113	900.000000	0.000116662	900.000000	1.48386e-08	
920.000000	0.000115489	920.000000	0.000116046	920.000000	0.000123569	920.000000	0.000116691	920.000000	0.000123504	920.000000	0.000116031	920.000000	1.45414e-08	
940.000000	0.000114879	940.000000	0.000115449	940.000000	0.000122991	940.000000	0.000116117	940.000000	0.000122928	940.000000	0.000115435	940.000000	1.42564e-08	
960.000000	0.000114303	960.000000	0.000114886	960.000000	0.000122443	960.000000	0.000115573	960.000000	0.000122384	960.000000	0.000114872	960.000000	1.39827e-08	
980.000000	0.000113758	980.000000	0.000114353	980.000000	0.000121924	980.000000	0.000115057	980.000000	0.000121869	980.000000	0.000114339	980.000000	1.37198e-08	
1000.000000	0.000113243	1000.000000	0.000113849	1000.000000	0.000121431	1000.000000	0.000114568	1000.000000	0.000121377	1000.000000	0.000113836	1000.000000	1.34669e-08	
1020.000000	0.000112756	1020.000000	0.000113373	1020.000000	0.000120963	1020.000000	0.000114104	1020.000000	0.000120909	1020.000000	0.000113359	1020.000000	1.32235e-08	
1040.000000	0.000112295	1040.000000	0.000112922	1040.000000	0.000120516	1040.000000	0.000113664	1040.000000	0.000120466	1040.000000	0.000112909	1040.000000	1.29891e-08	
1060.000000	0.00011186	1060.000000	0.000112496	1060.000000	0.000120091	1060.000000	0.000113245	1060.000000	0.000120046	1060.000000	0.000112483	1060.000000	1.27631e-08	
1080.000000	0.000111449	1080.000000	0.000112092	1080.000000	0.000119687	1080.000000	0.000112848	1080.000000	0.000119643	1080.000000	0.00011208	1080.000000	1.25452e-08	
1100.000000	0.000111061	1100.000000	0.00011171	1100.000000	0.000119302	1100.000000	0.00011247	1100.000000	0.00011926	1100.000000	0.000111698	1100.000000	1.23348e-08	
1120.000000	0.000110694	1120.000000	0.00011135	1120.000000	0.000118938	1120.000000	0.00011211	1120.000000	0.000118897	1120.000000	0.000111337	1120.000000	1.21317e-08	
1140.000000	0.000110347	1140.000000	0.000111008	1140.000000	0.000118592	1140.000000	0.000111769	1140.000000	0.000118553	1140.000000	0.000110996	1140.000000	1.19354e-08	
1160.000000	0.00011002	1160.000000	0.000110685	1160.000000	0.000118264	1160.000000	0.000111443	1160.000000	0.000118224	1160.000000	0.000110674	1160.000000	1.17456e-08	
1180.000000	0.000109712	1180.000000	0.00011038	1180.000000	0.000117951	1180.000000	0.000111134	1180.000000	0.000117909	1180.000000	0.000110369	1180.000000	1.15619e-08	
1200.000000	0.000109421	1200.000000	0.000110092	1200.000000	0.000117653	1200.000000	0.000110839	1200.000000	0.00011761	1200.000000	0.00011008	1200.000000	1.13841e-08	
1220.000000	0.000109147	1220.000000	0.000109819	1220.000000	0.000117368	1220.000000	0.000110558	1220.000000	0.000117326	1220.000000	0.000109808	1220.000000	1.12119e-08	
1240.000000	0.00010889	1240.000000	0.000109562	1240.000000	0.000117095	1240.000000	0.00011029	1240.000000	0.000117056	1240.000000	0.000109551	1240.000000	1.10451e-08	
1260.000000	0.000108648	1260.000000	0.00010932	1260.000000	0.000116835	1260.000000	0.000110036	1260.000000	0.000116797	1260.000000	0.000109309	1260.000000	1.08833e-08	
1280.000000	0.00010842	1280.000000	0.000109091	1280.000000	0.000116587	1280.000000	0.000109793	1280.000000	0.000116549	1280.000000	0.00010908	1280.000000	1.07263e-08	
1300.000000	0.000108207	1300.000000	0.000108875	1300.000000	0.000116351	1300.000000	0.000109562	1300.000000	0.000116314	1300.000000	0.000108865	1300.000000	1.0574e-08	
1320.000000	0.000108007	1320.000000	0.000108672	1320.000000	0.000116125	1320.000000	0.000109341	1320.000000	0.00011609	1320.000000	0.000108662	1320.000000	1.04261e-08	
1340.000000	0.00010782	1340.000000	0.000108482	1340.000000	0.000115911	1340.000000	0.000109131	1340.000000	0.000115877	1340.000000	0.000108471	1340.000000	1.02824e-08	
1360.000000	0.000107646	1360.000000	0.000108302	1360.000000	0.000115706	1360.000000	0.000108931	1360.000000	0.000115673	1360.000000	0.000108292	1360.000000	1.01428e-08	
1380.000000	0.000107483	1380.000000	0.000108134	1380.000000	0.000115511	1380.000000	0.00010874	1380.000000	0.000115478	1380.000000	0.000108124	1380.000000	1.00071e-08	
1400.000000	0.000107332	1400.000000	0.000107976	1400.000000	0.000115325	1400.000000	0.000108558	1400.000000	0.000115292	1400.000000	0.000107967	1400.000000	9.87505e-09	
1420.000000	0.000107192	1420.000000	0.000107829	1420.000000	0.000115147	1420.000000	0.000108385	1420.000000	0.000115115	1420.000000	0.000107819	1420.000000	9.7466e-09	
1440.000000	0.000107063	1440.000000	0.000107691	1440.000000	0.000114978	1440.000000	0.000108219	1440.000000	0.000114947	1440.000000	0.000107682	1440.000000	9.62157e-09	
1460.000000	0.000106944	1460.000000	0.000107563	1460.000000	0.000114816	1460.000000	0.000108062	1460.000000	0.000114787	1460.000000	0.000107553	1460.000000	9.49983e-09	
1480.000000	0.000106835	1480.000000	0.000107443	1480.000000	0.000114662	1480.000000	0.000107912	1480.000000	0.000114633	1480.000000	0.000107434	1480.000000	9.38124e-09	
1500.000000	0.000106735	1500.000000	0.000107332	1500.000000	0.000114514	1500.000000	0.000107769	1500.000000	0.000114486	1500.000000	0.000107323	1500.000000	9.26568e-09	
1520.000000	0.000106644	1520.000000	0.00010723	1520.000000	0.000114374	1520.000000	0.000107633	1520.000000	0.000114347	1520.000000	0.000107221	1520.000000	9.15304e-09	
1540.000000	0.000106562	1540.000000	0.000107135	1540.000000	0.00011424	1540.000000	0.000107503	1540.000000	0.000114215	1540.000000	0.000107126	1540.000000	9.04321e-09	
1560.000000	0.000106488	1560.000000	0.000107048	1560.000000	0.000114112	1560.000000	0.00010738	1560.000000	0.000114089	1560.000000	0.000107039	1560.000000	8.93607e-09	
1580.000000	0.000106423	1580.000000	0.000106969	1580.000000	0.000113991	1580.000000	0.000107263	1580.000000	0.00011397	1580.000000	0.00010696	1580.000000	8.83154e-09	
1600.000000	0.000106365	1600.000000	0.000106896	1600.000000	0.000113875	1600.000000	0.000107151	1600.000000	0.000113856	1600.000000	0.000106888	1600.000000	8.72952e-09	
1620.000000	0.000106316	1620.000000	0.000106831	1620.000000	0.000113765	1620.000000	0.000107045	1620.000000	0.000113746	1620.000000	0.000106822	1620.000000	8.62991e-09	
1640.000000	0.000106273	1640.000000	0.000106772	1640.000000	0.00011366	1640.000000	0.000106944	1640.000000	0.000113642	1640.000000	0.000106763	1640.000000	8.53263e-09	
1660.000000	0.000106238	1660.000000	0.000106719	1660.000000	0.000113561	1660.000000	0.000106848	1660.000000	0.000113543	1660.000000	0.00010671	1660.000000	8.4376e-09	
1680.000000	0.000106209	1680.000000	0.000106672	1680.000000	0.000113466	1680.000000	0.000106757	1680.000000	0.00011345	1680.000000	0.000106664	1680.000000	8.34474e-09	
1700.000000	0.000106188	1700.000000	0.000106632	1700.000000	0.000113376	1700.000000	0.00010667	1700.000000	0.000113362	1700.000000	0.000106623	1700.000000	8.25398e-09	
1750.000000	0.000106161	1750.000000	0.000106554	1750.000000	0.000113171	1750.000000	0.000106473	1750.000000	0.000113158	1750.000000	0.000106546	1750.000000	8.03579e-09	
1800.000000	0.000106172	1800.000000	0.00010651	1800.000000	0.000112991	1800.000000	0.000106301	1800.000000	0.00011298	1800.000000	0.000106502	1800.000000	7.82923e-09	
1850.000000	0.000106217	1850.000000	0.000106496	1850.000000	0.000112835	1850.000000	0.000106152	1850.000000	0.000112825	1850.000000	0.000106488	1850.000000	7.6334e-09	
1900.000000	0.000106295	1900.000000	0.000106509	1900.000000	0.000112699	1900.000000	0.000106023	1900.000000	0.000112691	1900.000000	0.000106502	1900.000000	7.44746e-09	
1950.000000	0.000106403	1950.000000	0.000106549	1950.000000	0.000112583	1950.000000	0.000105913	1950.000000	0.000112575	1950.000000	0.000106541	1950.000000	7.27068e-09	
2000.000000	0.000106538	2000.000000	0.000106612	2000.000000	0.000112484	2000.000000	0.000105821	2000.000000	0.000112478	2000.000000	0.000106604	2000.000000	7.10239e-09	
2100.000000	0.000106885	2100.000000	0.000106802	2100.000000	0.000112332	2100.000000	0.000105681	2100.000000	0.000112327	2100.000000	0.000106795	2100.000000	6.78892e-09	
2200.000000	0.000107325	2200.000000	0.000107068	2200.000000	0.000112234	2200.000000	0.000105594	2200.000000	0.000112232	2200.000000	0.000107062	2200.000000	6.50284e-09	
2300.000000	0.000107845	2300.000000	0.000107401	2300.000000	0.00011218	2300.000000	0.000105551	2300.000000	0.000112178	2300.000000	0.000107394	2300.000000	6.24069e-09	
2400.000000	0.000108438	2400.000000	0.000107791	2400.000000	0.000112163	2400.000000	0.000105545	2400.000000	0.000112165	2400.000000	0.000107785	2400.000000	5.99954e-09	
2500.000000	0.000109096	2500.000000	0.000108233	2500.000000	0.000112179	2500.000000	0.00010557	2500.000000	0.000112181	2500.000000	0.000108227	2500.000000	5.77694e-09	
2600.000000	0.000109812	2600.000000	0.000108719	2600.000000	0.000112221	2600.000000	0.000105623	2600.000000	0.000112226	2600.000000	0.000108713	2600.000000	5.57081e-09	
2700.000000	0.000110582	2700.000000	0.000109245	2700.000000	0.000112287	2700.000000	0.000105697	2700.000000	0.000112293	2700.000000	0.00010924	2700.000000	5.37936e-09	
2800.000000	0.000111399	2800.000000	0.000109807	2800.000000	0.000112372	2800.000000	0.000105792	2800.000000	0.000112381	2800.000000	0.000109802	2800.000000	5.20107e-09	
2900.000000	0.000112261	2900.000000	0.000110401	2900.000000	0.000112474	2900.000000	0.000105902	2900.000000	0.000112484	2900.000000	0.000110396	2900.000000	5.0346e-09	
3000.000000	0.000113163	3000.000000	0.000111023	3000.000000	0.000112591	3000.000000	0.000106027	3000.000000	0.000112602	3000.000000	0.000111018	3000.000000	4.87882e-09	
3200.000000	0.000115077	3200.000000	0.000112343	3200.000000	0.000112859	3200.000000	0.000106311	3200.000000	0.000112873	3200.000000	0.000112338	3200.000000	4.59536e-09	
3400.000000	0.000117121	3400.000000	0.000113747	3400.000000	0.000113165	3400.000000	0.00010663	3400.000000	0.000113181	3400.000000	0.000113743	3400.000000	4.34403e-09	
3600.000000	0.000119277	3600.000000	0.000115221	3600.000000	0.000113499	3600.000000	0.000106975	3600.000000	0.000113515	3600.000000	0.000115217	3600.000000	4.1196e-09	
3800.000000	0.000121534	3800.000000	0.000116754	3800.000000	0.000113852	3800.000000	0.000107337	3800.000000	0.000113868	3800.000000	0.00011675	3800.000000	3.91792e-09	
4000.000000	0.000123879	4000.000000	0.000118336	4000.000000	0.000114219	4000.000000	0.000107713	4000.000000	0.000114233	4000.000000	0.000118332	4000.000000	3.73568e-09	
4200.000000	0.000126306	4200.000000	0.00011996	4200.000000	0.000114595	4200.000000	0.000108097	4200.000000	0.000114608	4200.000000	0.000119957	4200.000000	3.57016e-09	
4400.000000	0.000128806	4400.000000	0.00012162	4400.000000	0.000114975	4400.000000	0.000108486	4400.000000	0.000114987	4400.000000	0.000121617	4400.000000	3.41913e-09	
4600.000000	0.000131374	4600.000000	0.000123311	4600.000000	0.000115358	4600.000000	0.000108878	4600.000000	0.00011537	4600.000000	0.000123307	4600.000000	3.28076e-09	
4800.000000	0.000134005	4800.000000	0.000125028	4800.000000	0.00011574	4800.000000	0.00010927	4800.000000	0.000115754	4800.000000	0.000125025	4800.000000	3.1535e-09	
5000.000000	0.000136695	5000.000000	0.000126768	5000.000000	0.000116122	5000.000000	0.000109662	5000.000000	0.000116137	5000.000000	0.000126765	5000.000000	3.03605e-09	
5250.000000	0.000140134	5250.000000	0.000128972	5250.000000	0.000116595	5250.000000	0.000110149	5250.000000	0.000116613	5250.000000	0.000128969	5250.000000	2.90137e-09	
5500.000000	0.000143654	5500.000000	0.000131202	5500.000000	0.000117064	5500.000000	0.000110631	5500.000000	0.000117084	5500.000000	0.000131199	5500.000000	2.7785e-09	
6000.000000	0.000150916	6000.000000	0.000135726	6000.000000	0.000117984	6000.000000	0.000111576	6000.000000	0.000118008	6000.000000	0.000135724	6000.000000	2.5624e-09	
6500.000000	0.000158451	6500.000000	0.000140318	6500.000000	0.00011888	6500.000000	0.000112493	6500.000000	0.000118903	6500.000000	0.000140316	6500.000000	2.3784e-09	
7000.000000	0.000166236	7000.000000	0.00014496	7000.000000	0.000119738	7000.000000	0.000113377	7000.000000	0.000119765	7000.000000	0.000144957	7000.000000	2.21978e-09	
7500.000000	0.000174256	7500.000000	0.000149639	7500.000000	0.000120566	7500.000000	0.000114229	7500.000000	0.000120595	7500.000000	0.000149637	7500.000000	2.08159e-09	
8000.000000	0.000182499	8000.000000	0.000154346	8000.000000	0.000121365	8000.000000	0.000115048	8000.000000	0.000121392	8000.000000	0.000154344	8000.000000	1.96008e-09	
8500.000000	0.000190954	8500.000000	0.000159074	8500.000000	0.000122131	8500.000000	0.000115837	8500.000000	0.000122157	8500.000000	0.000159072	8500.000000	1.85237e-09	
9000.000000	0.000199615	9000.000000	0.000163818	9000.000000	0.000122865	9000.000000	0.000116595	9000.000000	0.000122892	9000.000000	0.000163816	9000.000000	1.75623e-09	
9500.000000	0.000208476	9500.000000	0.000168574	9500.000000	0.00012357	9500.000000	0.000117326	9500.000000	0.000123598	9500.000000	0.000168573	9500.000000	1.66985e-09	
10000.000000	0.000217532	10000.000000	0.000173339	10000.000000	0.00012425	10000.000000	0.000118029	10000.000000	0.000124276	10000.000000	0.000173337	10000.000000	1.59182e-09	
11000.000000	0.000236215	11000.000000	0.000182885	11000.000000	0.000125532	11000.000000	0.000119362	11000.000000	0.000125557	11000.000000	0.000182884	11000.000000	1.45633e-09	
12000.000000	0.000255642	12000.000000	0.000192442	12000.000000	0.000126717	12000.000000	0.000120605	12000.000000	0.000126745	12000.000000	0.000192441	12000.000000	1.34269e-09	
13000.000000	0.000275799	13000.000000	0.000202001	13000.000000	0.000127821	13000.000000	0.000121768	13000.000000	0.000127851	13000.000000	0.000201999	13000.000000	1.24596e-09	
14000.000000	0.000296674	14000.000000	0.000211554	14000.000000	0.000128857	14000.000000	0.000122859	14000.000000	0.000128883	14000.000000	0.000211553	14000.000000	1.1626e-09	
15000.000000	0.000318261	15000.000000	0.000221099	15000.000000	0.00012983	15000.000000	0.000123887	15000.000000	0.000129849	15000.000000	0.000221098	15000.000000	1.08999e-09	
16000.000000	0.000340555	16000.000000	0.000230632	16000.000000	0.00013074	16000.000000	0.000124859	16000.000000	0.000130756	16000.000000	0.000230631	16000.000000	1.02616e-09	
17000.000000	0.000363553	17000.000000	0.000240152	17000.000000	0.000131592	17000.000000	0.000125779	17000.000000	0.000131609	17000.000000	0.000240151	17000.000000	9.69594e-10	
18000.000000	0.000387254	18000.000000	0.000249658	18000.000000	0.000132392	18000.000000	0.000126652	18000.000000	0.000132415	18000.000000	0.000249657	18000.000000	9.19108e-10	
19000.000000	0.000411657	19000.000000	0.000259148	19000.000000	0.000133149	19000.000000	0.000127484	19000.000000	0.000133175	19000.000000	0.000259147	19000.000000	8.73764e-10	
20000.000000	0.000436762	20000.000000	0.000268622	20000.000000	0.000133866	20000.000000	0.000128277	20000.000000	0.000133896	20000.000000	0.000268621	20000.000000	8.32806e-10	
21000.000000	0.00046257	21000.000000	0.00027808	21000.000000	0.000134548	21000.000000	0.000129035	21000.000000	0.00013458	21000.000000	0.000278079	21000.000000	7.95622e-10	
22000.000000	0.000489081	22000.000000	0.000287523	22000.000000	0.000135197	22000.000000	0.000129762	22000.000000	0.000135229	22000.000000	0.000287522	22000.000000	7.61708e-10	
23000.000000	0.000516296	23000.000000	0.000296949	23000.000000	0.000135818	23000.000000	0.000130458	23000.000000	0.000135848	23000.000000	0.000296949	23000.000000	7.30648e-10	
24000.000000	0.000544219	24000.000000	0.00030636	24000.000000	0.000136409	24000.000000	0.000131127	24000.000000	0.000136437	24000.000000	0.00030636	24000.000000	7.02092e-10	
25000.000000	0.00057285	25000.000000	0.000315756	25000.000000	0.000136971	25000.000000	0.000131771	25000.000000	0.000137001	25000.000000	0.000315755	25000.000000	6.75747e-10	
26000.000000	0.000602193	26000.000000	0.000325136	26000.000000	0.000137507	26000.000000	0.000132391	26000.000000	0.000137538	26000.000000	0.000325136	26000.000000	6.51363e-10	
27000.000000	0.000632249	27000.000000	0.000334502	27000.000000	0.000138023	27000.000000	0.00013299	27000.000000	0.000138054	27000.000000	0.000334501	27000.000000	6.28726e-10	
28000.000000	0.00066302	28000.000000	0.000343852	28000.000000	0.000138517	28000.000000	0.000133568	28000.000000	0.000138546	28000.000000	0.000343852	28000.000000	6.07655e-10	
29000.000000	0.000694511	29000.000000	0.000353189	29000.000000	0.000138989	29000.000000	0.000134127	29000.000000	0.00013902	29000.000000	0.000353188	29000.000000	5.87989e-10	
30000.000000	0.000726723	30000.000000	0.000362511	30000.000000	0.000139442	30000.000000	0.000134668	30000.000000	0.000139473	30000.000000	0.00036251	30000.000000	5.69593e-10	
32000.000000	0.000793325	32000.000000	0.000381115	32000.000000	0.000140297	32000.000000	0.000135701	32000.000000	0.000140329	32000.000000	0.000381114	32000.000000	5.3614e-10	
34000.000000	0.000862849	34000.000000	0.000399666	34000.000000	0.000141094	34000.000000	0.000136675	34000.000000	0.000141122	34000.000000	0.000399665	34000.000000	5.06501e-10	
36000.000000	0.000935323	36000.000000	0.000418167	36000.000000	0.000141831	36000.000000	0.000137595	36000.000000	0.000141858	36000.000000	0.000418166	36000.000000	4.80052e-10	
38000.000000	0.00101077	38000.000000	0.00043662	38000.000000	0.000142513	38000.000000	0.000138468	38000.000000	0.000142544	38000.000000	0.000436619	38000.000000	4.56301e-10	
40000.000000	0.00108923	40000.000000	0.000455027	40000.000000	0.000143149	40000.000000	0.000139297	40000.000000	0.000143185	40000.000000	0.000455027	40000.000000	4.34851e-10	
42000.000000	0.00117072	42000.000000	0.000473391	42000.000000	0.000143746	42000.000000	0.000140088	42000.000000	0.000143785	42000.000000	0.00047339	42000.000000	4.15381e-10	
44000.000000	0.00125527	44000.000000	0.000491712	44000.000000	0.000144311	44000.000000	0.000140843	44000.000000	0.000144349	44000.000000	0.000491712	44000.000000	3.97625e-10	
46000.000000	0.00134291	46000.000000	0.000509993	46000.000000	0.00014485	46000.000000	0.000141566	46000.000000	0.000144878	46000.000000	0.000509993	46000.000000	3.81366e-10	
48000.000000	0.00143367	48000.000000	0.000528235	48000.000000	0.000145363	48000.000000	0.000142259	48000.000000	0.000145378	48000.000000	0.000528235	48000.000000	3.6642e-10	
50000.000000	0.00152759	50000.000000	0.000546441	50000.000000	0.000145847	50000.000000	0.000142924	50000.000000	0.00014585	50000.000000	0.00054644	50000.000000	3.52632e-10	
