! 137La energy loss (dE/dX) in He
! apply ZOOM for details
Energy (MeV/u)1	0 - [He-base] F.Hubert et al, AD&ND Tables 46(1990)1	Energy (MeV/u)2	1 - [H -base] J.F.Ziegler et al,Pergamon Press,NY(low energy)	Energy (MeV/u)3	2 - ATIMA 1.2 LS-theory (recommended for high energy)	Energy (MeV/u)4	3 - ATIMA 1.2 without LS-correction	Energy (MeV/u)5	4 - ATIMA 1.4 H.Weick, improved mean charge formula for HI	Energy (MeV/u)6	5 - electrical component of [1] - J.F.Ziegler et al	Energy (MeV/u)7	6 - nuclear component of [1] - J.F.Ziegler et al	
0.001000	0.000315157	0.001000	0.000315157	0.001000	0.000267876	0.001000	0.000267876	0.001000	0.000267885	0.001000	7.43173e-05	0.001000	0.00024084	
0.002000	0.000329788	0.002000	0.000329788	0.002000	0.000271642	0.002000	0.000271642	0.002000	0.00027165	0.002000	9.63776e-05	0.002000	0.000233411	
0.005000	0.000330356	0.005000	0.000330356	0.005000	0.000254906	0.005000	0.000254906	0.005000	0.000254912	0.005000	0.000135895	0.005000	0.000194461	
0.008000	0.000327989	0.008000	0.000327989	0.008000	0.000242358	0.008000	0.000242358	0.008000	0.000242363	0.008000	0.000162087	0.008000	0.000165902	
0.010000	0.000327836	0.010000	0.000327836	0.010000	0.000237081	0.010000	0.000237081	0.010000	0.000237086	0.010000	0.000176234	0.010000	0.000151602	
0.015000	0.000331019	0.015000	0.000331019	0.015000	0.000230534	0.015000	0.000230534	0.015000	0.000230537	0.015000	0.000205175	0.015000	0.000125844	
0.020000	0.00033706	0.020000	0.00033706	0.020000	0.000229397	0.020000	0.000229397	0.020000	0.0002294 	0.020000	0.000228547	0.020000	0.000108512	
0.025000	0.000344426	0.025000	0.000344426	0.025000	0.000231084	0.025000	0.000231084	0.025000	0.000231086	0.025000	0.000248495	0.025000	9.59313e-05	
0.030000	0.000352394	0.030000	0.000352394	0.030000	0.000234366	0.030000	0.000234366	0.030000	0.000234368	0.030000	0.000266079	0.030000	8.63149e-05	
0.035000	0.000360599	0.035000	0.000360599	0.035000	0.0002386 	0.035000	0.0002386 	0.035000	0.000238601	0.035000	0.000281913	0.035000	7.8686e-05	
0.040000	0.000368851	0.040000	0.000368851	0.040000	0.000243416	0.040000	0.000243416	0.040000	0.000243418	0.040000	0.000296389	0.040000	7.24618e-05	
0.045000	0.000377045	0.045000	0.000377045	0.045000	0.000248596	0.045000	0.000248596	0.045000	0.000248597	0.045000	0.000309774	0.045000	6.72712e-05	
0.050000	0.000385124	0.050000	0.000385124	0.050000	0.000253999	0.050000	0.000253999	0.050000	0.000254  	0.050000	0.000322258	0.050000	6.2866e-05	
0.055000	0.000393057	0.055000	0.000393057	0.055000	0.000259534	0.055000	0.000259534	0.055000	0.000259536	0.055000	0.000333984	0.055000	5.90729e-05	
0.060000	0.000400829	0.060000	0.000400829	0.060000	0.000265142	0.060000	0.000265142	0.060000	0.000265144	0.060000	0.000345061	0.060000	5.57673e-05	
0.070000	0.000415868	0.070000	0.000415868	0.070000	0.000276423	0.070000	0.000276423	0.070000	0.000276424	0.070000	0.000365596	0.070000	5.0272e-05	
0.080000	0.000430243	0.080000	0.000430243	0.080000	0.000287639	0.080000	0.000287639	0.080000	0.00028764	0.080000	0.000384369	0.080000	4.58738e-05	
0.090000	0.000443989	0.090000	0.000443989	0.090000	0.000298693	0.090000	0.000298693	0.090000	0.000298694	0.090000	0.000401727	0.090000	4.22628e-05	
0.100000	0.000483155	0.100000	0.000483155	0.100000	0.000332489	0.100000	0.000332489	0.100000	0.00033249	0.100000	0.000443917	0.100000	3.92376e-05	
0.120000	0.000574605	0.120000	0.000574605	0.120000	0.00041543	0.120000	0.00041543	0.120000	0.000415431	0.120000	0.000540479	0.120000	3.4126e-05	
0.140000	0.000659948	0.140000	0.000659948	0.140000	0.000496939	0.140000	0.000496939	0.140000	0.00049694	0.140000	0.000629438	0.140000	3.05099e-05	
0.160000	0.000738061	0.160000	0.000738061	0.160000	0.000574258	0.160000	0.000574258	0.160000	0.000574259	0.160000	0.000710411	0.160000	2.76504e-05	
0.180000	0.000809075	0.180000	0.000809075	0.180000	0.00064613	0.180000	0.00064613	0.180000	0.000646131	0.180000	0.000783748	0.180000	2.53263e-05	
0.200000	0.000873512	0.200000	0.000873512	0.200000	0.000712064	0.200000	0.000712064	0.200000	0.000712065	0.200000	0.000850116	0.200000	2.33961e-05	
0.250000	0.00101014	0.250000	0.00101014	0.250000	0.000851577	0.250000	0.000851577	0.250000	0.000851578	0.250000	0.000990403	0.250000	1.97375e-05	
0.300000	0.00113482	0.300000	0.00113482	0.300000	0.000960211	0.300000	0.000960211	0.300000	0.000960212	0.300000	0.00111768	0.300000	1.71428e-05	
0.350000	0.00124243	0.350000	0.00124243	0.350000	0.00104578	0.350000	0.00104578	0.350000	0.00104578	0.350000	0.00122723	0.350000	1.51974e-05	
0.400000	0.00133115	0.400000	0.00133115	0.400000	0.00111486	0.400000	0.00111486	0.400000	0.00111486	0.400000	0.00131747	0.400000	1.36795e-05	
0.450000	0.00140519	0.450000	0.00140519	0.450000	0.00117223	0.450000	0.00117223	0.450000	0.00117223	0.450000	0.00139273	0.450000	1.24588e-05	
0.500000	0.00146765	0.500000	0.00146765	0.500000	0.00122114	0.500000	0.00122114	0.500000	0.00122114	0.500000	0.00145619	0.500000	1.14539e-05	
0.600000	0.00157504	0.600000	0.00157504	0.600000	0.00130151	0.600000	0.00130151	0.600000	0.00130151	0.600000	0.00156514	0.600000	9.89234e-06	
0.700000	0.00168723	0.700000	0.00168723	0.700000	0.00136612	0.700000	0.00136612	0.700000	0.00136612	0.700000	0.00167849	0.700000	8.73095e-06	
0.800000	0.00177298	0.800000	0.00177298	0.800000	0.00141982	0.800000	0.00141982	0.800000	0.00141982	0.800000	0.00176515	0.800000	7.83044e-06	
0.900000	0.00183916	0.900000	0.00183916	0.900000	0.00147177	0.900000	0.00147177	0.900000	0.00147177	0.900000	0.00183205	0.900000	7.11003e-06	
1.000000	0.00189053	1.000000	0.00189053	1.000000	0.00152576	1.000000	0.00152576	1.000000	0.00152576	1.000000	0.00188401	1.000000	6.5195e-06	
1.250000	0.00194865	1.250000	0.00194865	1.250000	0.00162643	1.250000	0.00162643	1.250000	0.00162643	1.250000	0.00194323	1.250000	5.41972e-06	
1.500000	0.00195938	1.500000	0.00195938	1.500000	0.00169248	1.500000	0.00169248	1.500000	0.00169248	1.500000	0.00195472	1.500000	4.65541e-06	
1.750000	0.00195701	1.750000	0.00195701	1.750000	0.00173534	1.750000	0.00173534	1.750000	0.00173534	1.750000	0.00195292	1.750000	4.09108e-06	
2.000000	0.00194614	2.000000	0.00194614	2.000000	0.00176209	2.000000	0.00176209	2.000000	0.00176209	2.000000	0.00194248	2.000000	3.65603e-06	
2.250000	0.00192781	2.250000	0.00192781	2.250000	0.00177739	2.250000	0.00177739	2.250000	0.00177739	2.250000	0.0019245 	2.250000	3.30966e-06	
2.500000	0.00270581	2.500000	0.00190722	2.500000	0.00178439	2.500000	0.00178439	2.500000	0.0017844 	2.500000	0.00190419	2.500000	3.02689e-06	
3.000000	0.00260695	3.000000	0.00186249	3.000000	0.0017817 	3.000000	0.0017817 	3.000000	0.0017817 	3.000000	0.0018599 	3.000000	2.5919e-06	
3.500000	0.00250799	3.500000	0.00181235	3.500000	0.00176517	3.500000	0.00176517	3.500000	0.00176518	3.500000	0.00181008	3.500000	2.27199e-06	
4.000000	0.0024131 	4.000000	0.00175815	4.000000	0.00174087	4.000000	0.00174087	4.000000	0.00174087	4.000000	0.00175612	4.000000	2.02616e-06	
4.500000	0.00232378	4.500000	0.00170912	4.500000	0.00171223	4.500000	0.00171223	4.500000	0.00171223	4.500000	0.00170729	4.500000	1.83096e-06	
5.000000	0.0022404 	5.000000	0.001664  	5.000000	0.00168129	5.000000	0.00168129	5.000000	0.0016813 	5.000000	0.00166233	5.000000	1.67196e-06	
5.500000	0.00216282	5.500000	0.001622  	5.500000	0.00164932	5.500000	0.00164932	5.500000	0.00164932	5.500000	0.00162046	5.500000	1.53978e-06	
6.000000	0.00209067	6.000000	0.00158369	6.000000	0.00161378	6.000000	0.00161378	6.000000	0.00161378	6.000000	0.00158227	6.000000	1.42804e-06	
6.500000	0.00202354	6.500000	0.00154734	6.500000	0.0015784 	6.500000	0.0015784 	6.500000	0.0015784 	6.500000	0.001546  	6.500000	1.33227e-06	
7.000000	0.00196099	7.000000	0.00151243	7.000000	0.00154447	7.000000	0.00154447	7.000000	0.00154447	7.000000	0.00151118	7.000000	1.24922e-06	
7.500000	0.00190262	7.500000	0.00147892	7.500000	0.00151193	7.500000	0.00151193	7.500000	0.00151193	7.500000	0.00147775	7.500000	1.17645e-06	
8.000000	0.00184803	8.000000	0.00144676	8.000000	0.00148073	8.000000	0.00148073	8.000000	0.00148073	8.000000	0.00144565	8.000000	1.11215e-06	
8.500000	0.00179688	8.500000	0.00141595	8.500000	0.00145081	8.500000	0.00145081	8.500000	0.00145081	8.500000	0.0014149 	8.500000	1.05488e-06	
9.000000	0.00174887	9.000000	0.00138642	9.000000	0.00142209	9.000000	0.00142209	9.000000	0.00142209	9.000000	0.00138542	9.000000	1.00354e-06	
9.500000	0.0017037 	9.500000	0.0013581 	9.500000	0.00139452	9.500000	0.00139452	9.500000	0.00139452	9.500000	0.00135715	9.500000	9.57232e-07	
10.000000	0.00166114	10.000000	0.00127558	10.000000	0.00136804	10.000000	0.00136804	10.000000	0.00136804	10.000000	0.00127467	10.000000	9.15235e-07	
11.000000	0.00158297	11.000000	0.0012433 	11.000000	0.00130466	11.000000	0.00132055	11.000000	0.00133393	11.000000	0.00124246	11.000000	8.41939e-07	
12.000000	0.00151284	12.000000	0.00121171	12.000000	0.00124738	12.000000	0.00127677	12.000000	0.00130025	12.000000	0.00121093	12.000000	7.80069e-07	
13.000000	0.00144953	13.000000	0.0011811 	13.000000	0.00119538	13.000000	0.00123635	13.000000	0.00126741	13.000000	0.00118037	13.000000	7.27104e-07	
14.000000	0.00139207	14.000000	0.00115157	14.000000	0.00114802	14.000000	0.00119895	14.000000	0.00123565	14.000000	0.00115089	14.000000	6.8122e-07	
15.000000	0.00133966	15.000000	0.00112322	15.000000	0.00110478	15.000000	0.00116427	15.000000	0.00120511	15.000000	0.00112257	15.000000	6.41065e-07	
16.000000	0.00129163	16.000000	0.00109605	16.000000	0.00106515	16.000000	0.00113207	16.000000	0.00117585	16.000000	0.00109545	16.000000	6.05611e-07	
17.000000	0.00124744	17.000000	0.00107007	17.000000	0.00102871	17.000000	0.0011021 	17.000000	0.00114788	17.000000	0.0010695 	17.000000	5.74064e-07	
18.000000	0.00120662	18.000000	0.00104525	18.000000	0.000995163	18.000000	0.00107417	18.000000	0.00112115	18.000000	0.0010447 	18.000000	5.45803e-07	
19.000000	0.0011688 	19.000000	0.00102154	19.000000	0.000964217	19.000000	0.00104808	19.000000	0.00109569	19.000000	0.00102102	19.000000	5.2033e-07	
20.000000	0.00113364	20.000000	0.00099889	20.000000	0.000935614	20.000000	0.00102369	20.000000	0.00107147	20.000000	0.000998392	20.000000	4.97246e-07	
21.000000	0.00110085	21.000000	0.000977251	21.000000	0.000909111	21.000000	0.00100084	21.000000	0.00104834	21.000000	0.000976774	21.000000	4.76224e-07	
22.000000	0.00107021	22.000000	0.000956567	22.000000	0.00088449	22.000000	0.000979407	22.000000	0.00102638	22.000000	0.00095611	22.000000	4.56995e-07	
23.000000	0.00104149	23.000000	0.000936786	23.000000	0.000861599	23.000000	0.000959281	23.000000	0.00100545	23.000000	0.000936346	23.000000	4.39336e-07	
24.000000	0.00101451	24.000000	0.000917856	24.000000	0.000840326	24.000000	0.000940358	24.000000	0.000985557	24.000000	0.000917433	24.000000	4.23058e-07	
25.000000	0.00098911	25.000000	0.000899729	25.000000	0.000820529	25.000000	0.000922547	25.000000	0.000966617	25.000000	0.000899321	25.000000	4.08003e-07	
27.000000	0.00094252	27.000000	0.000865701	27.000000	0.000784746	27.000000	0.00088994	27.000000	0.000931441	27.000000	0.00086532	27.000000	3.8104e-07	
29.000000	0.000900774	29.000000	0.000834365	29.000000	0.000753482	29.000000	0.000860893	29.000000	0.000899576	29.000000	0.000834008	29.000000	3.57579e-07	
31.000000	0.000863128	31.000000	0.000805424	31.000000	0.000728264	31.000000	0.000831879	31.000000	0.000864842	31.000000	0.000805087	31.000000	3.36969e-07	
33.000000	0.000828987	33.000000	0.00077862	33.000000	0.00070711	33.000000	0.000802402	33.000000	0.000828055	33.000000	0.000778302	33.000000	3.18713e-07	
35.000000	0.000797866	35.000000	0.000753729	35.000000	0.000687337	35.000000	0.000775179	35.000000	0.000794815	35.000000	0.000753427	35.000000	3.02423e-07	
38.000000	0.000755998	38.000000	0.000719556	38.000000	0.000659876	38.000000	0.000738022	38.000000	0.00075047	38.000000	0.000719275	38.000000	2.81022e-07	
41.000000	0.00071898	41.000000	0.000688692	41.000000	0.000634807	41.000000	0.000704662	41.000000	0.000711552	41.000000	0.00068843	41.000000	2.62579e-07	
44.000000	0.00068599	44.000000	0.000660679	44.000000	0.000611856	44.000000	0.000674536	44.000000	0.000677064	44.000000	0.000660432	44.000000	2.46511e-07	
47.000000	0.000656385	47.000000	0.000635138	47.000000	0.000590774	47.000000	0.000647188	47.000000	0.000646261	47.000000	0.000634905	47.000000	2.32381e-07	
50.000000	0.000629653	50.000000	0.000611754	50.000000	0.000571265	50.000000	0.000622246	50.000000	0.000618559	50.000000	0.000611534	50.000000	2.19853e-07	
55.000000	0.000590404	55.000000	0.000576879	55.000000	0.000541948	55.000000	0.000585211	55.000000	0.000577986	55.000000	0.000576677	55.000000	2.01848e-07	
60.000000	0.000556557	60.000000	0.0005463 	60.000000	0.000515912	60.000000	0.000552895	60.000000	0.000543139	60.000000	0.000546113	60.000000	1.86685e-07	
65.000000	0.000527039	65.000000	0.000519265	65.000000	0.000492727	65.000000	0.000524446	65.000000	0.000512852	65.000000	0.000519091	65.000000	1.73733e-07	
70.000000	0.000501049	70.000000	0.000495189	70.000000	0.000471895	70.000000	0.000499206	70.000000	0.000486294	70.000000	0.000495027	70.000000	1.62534e-07	
75.000000	0.000477973	75.000000	0.00047361	75.000000	0.000453111	75.000000	0.00047666	75.000000	0.000464421	75.000000	0.000473457	75.000000	1.5275e-07	
80.000000	0.000457334	80.000000	0.000454156	80.000000	0.000436076	80.000000	0.000456398	80.000000	0.000444931	80.000000	0.000454012	80.000000	1.44126e-07	
85.000000	0.000438755	85.000000	0.000436527	85.000000	0.000420539	85.000000	0.000438089	85.000000	0.000427403	85.000000	0.000436391	85.000000	1.36463e-07	
90.000000	0.000421935	90.000000	0.000420477	90.000000	0.000406312	90.000000	0.000421465	90.000000	0.000411575	90.000000	0.000420348	90.000000	1.29608e-07	
95.000000	0.000406628	95.000000	0.000405803	95.000000	0.000393282	95.000000	0.000406303	95.000000	0.000397233	95.000000	0.00040568	95.000000	1.23437e-07	
100.000000	0.000392634	100.000000	0.000392335	100.000000	0.000381259	100.000000	0.000392419	100.000000	0.000384139	100.000000	0.000392217	100.000000	1.17852e-07	
105.000000	0.000379787	105.000000	0.00037993	105.000000	0.000370133	105.000000	0.00037966	105.000000	0.000372131	105.000000	0.000379817	105.000000	1.12771e-07	
110.000000	0.000367946	110.000000	0.000368466	110.000000	0.000359801	110.000000	0.000367893	110.000000	0.000361131	110.000000	0.000368358	110.000000	1.08129e-07	
115.000000	0.000356996	115.000000	0.000357842	115.000000	0.000350212	115.000000	0.00035701	115.000000	0.000350952	115.000000	0.000357738	115.000000	1.0387e-07	
120.000000	0.000346837	120.000000	0.000347967	120.000000	0.000341279	120.000000	0.000346913	120.000000	0.000341564	120.000000	0.000347867	120.000000	9.99473e-08	
125.000000	0.000337383	125.000000	0.000338765	125.000000	0.000332917	125.000000	0.000337522	125.000000	0.000332828	125.000000	0.000338669	125.000000	9.63228e-08	
130.000000	0.000328562	130.000000	0.000330171	130.000000	0.000325081	130.000000	0.000328765	130.000000	0.000324721	130.000000	0.000330078	130.000000	9.29631e-08	
135.000000	0.000320311	135.000000	0.000322125	135.000000	0.00031774	135.000000	0.000320581	135.000000	0.000317123	135.000000	0.000322035	135.000000	8.98397e-08	
140.000000	0.000312575	140.000000	0.000314578	140.000000	0.000310859	140.000000	0.000312916	140.000000	0.000310038	140.000000	0.000314491	140.000000	8.69281e-08	
145.000000	0.000305305	145.000000	0.000307484	145.000000	0.000304371	145.000000	0.000305722	145.000000	0.000303355	145.000000	0.0003074 	145.000000	8.42073e-08	
150.000000	0.00029846	150.000000	0.000300805	150.000000	0.000298222	150.000000	0.000298959	150.000000	0.0002971 	150.000000	0.000300723	150.000000	8.16588e-08	
155.000000	0.000288592	155.000000	0.000294504	155.000000	0.000292416	155.000000	0.000292588	155.000000	0.000291197	155.000000	0.000294425	155.000000	7.92666e-08	
160.000000	0.000282925	160.000000	0.000288551	160.000000	0.000286936	160.000000	0.000286576	160.000000	0.000285632	160.000000	0.000288474	160.000000	7.70164e-08	
165.000000	0.000277565	165.000000	0.000282918	165.000000	0.000281749	165.000000	0.000280896	165.000000	0.000280387	165.000000	0.000282843	165.000000	7.48958e-08	
170.000000	0.000272487	170.000000	0.000277581	170.000000	0.000276818	170.000000	0.00027552	170.000000	0.000275397	170.000000	0.000277508	170.000000	7.28938e-08	
175.000000	0.000267669	175.000000	0.000272516	175.000000	0.000272129	175.000000	0.000270424	175.000000	0.000270683	175.000000	0.000272445	175.000000	7.10005e-08	
180.000000	0.000263092	180.000000	0.000267703	180.000000	0.000267678	180.000000	0.000265589	180.000000	0.00026621	180.000000	0.000267634	180.000000	6.92072e-08	
185.000000	0.000258737	185.000000	0.000263125	185.000000	0.000263436	185.000000	0.000260994	185.000000	0.000261943	185.000000	0.000263057	185.000000	6.75061e-08	
190.000000	0.000254589	190.000000	0.000258764	190.000000	0.000259383	190.000000	0.000256622	190.000000	0.000257895	190.000000	0.000258698	190.000000	6.58901e-08	
195.000000	0.000250632	195.000000	0.000254606	195.000000	0.000255519	195.000000	0.000252458	195.000000	0.000254037	195.000000	0.000254542	195.000000	6.43529e-08	
200.000000	0.000246855	200.000000	0.000250638	200.000000	0.000251831	200.000000	0.000248488	200.000000	0.000250342	200.000000	0.000250575	200.000000	6.28889e-08	
210.000000	0.000239791	210.000000	0.000243218	210.000000	0.000244913	210.000000	0.000241077	210.000000	0.000243467	210.000000	0.000243158	210.000000	6.01598e-08	
220.000000	0.000233312	220.000000	0.000236419	220.000000	0.000238569	220.000000	0.000234299	220.000000	0.000237144	220.000000	0.000236362	220.000000	5.76671e-08	
230.000000	0.000227347	230.000000	0.000230166	230.000000	0.000232717	230.000000	0.000228077	230.000000	0.000231349	230.000000	0.000230111	230.000000	5.53808e-08	
240.000000	0.000221838	240.000000	0.000224398	240.000000	0.000227311	240.000000	0.000222347	240.000000	0.00022599	240.000000	0.000224344	240.000000	5.3276e-08	
250.000000	0.000216734	250.000000	0.00021906	250.000000	0.000222315	250.000000	0.000217053	250.000000	0.00022104	250.000000	0.000219008	250.000000	5.13317e-08	
260.000000	0.000211993	260.000000	0.000214107	260.000000	0.000217668	260.000000	0.00021215	260.000000	0.000216439	260.000000	0.000214057	260.000000	4.95299e-08	
270.000000	0.000207576	270.000000	0.0002095 	270.000000	0.000213336	270.000000	0.000207596	270.000000	0.000212166	270.000000	0.000209452	270.000000	4.78553e-08	
280.000000	0.000203451	280.000000	0.000205204	280.000000	0.0002093 	280.000000	0.000203356	280.000000	0.00020817	280.000000	0.000205158	280.000000	4.62947e-08	
290.000000	0.000199592	290.000000	0.00020119	290.000000	0.000205515	290.000000	0.0001994 	290.000000	0.000204451	290.000000	0.000201145	290.000000	4.48367e-08	
300.000000	0.000195972	300.000000	0.000197431	300.000000	0.000201968	300.000000	0.000195701	300.000000	0.000200948	300.000000	0.000197387	300.000000	4.34713e-08	
310.000000	0.000192571	310.000000	0.000193904	310.000000	0.000198645	310.000000	0.000192235	310.000000	0.000197676	310.000000	0.000193862	310.000000	4.219e-08 	
320.000000	0.00018937	320.000000	0.00019059	320.000000	0.000195522	320.000000	0.000188983	320.000000	0.000194596	320.000000	0.000190549	320.000000	4.0985e-08	
330.000000	0.000186351	330.000000	0.000187469	330.000000	0.000192578	330.000000	0.000185924	330.000000	0.000191692	330.000000	0.00018743	330.000000	3.98496e-08	
340.000000	0.0001835 	340.000000	0.000184527	340.000000	0.0001898 	340.000000	0.000183044	340.000000	0.000188963	340.000000	0.000184488	340.000000	3.8778e-08	
350.000000	0.000180804	350.000000	0.000181748	350.000000	0.000187182	350.000000	0.000180327	350.000000	0.000186371	350.000000	0.00018171	350.000000	3.77647e-08	
360.000000	0.00017825	360.000000	0.00017912	360.000000	0.000184699	360.000000	0.00017776	360.000000	0.000183925	360.000000	0.000179083	360.000000	3.68052e-08	
370.000000	0.000175827	370.000000	0.000176632	370.000000	0.000182341	370.000000	0.000175333	370.000000	0.000181615	370.000000	0.000176596	370.000000	3.58951e-08	
380.000000	0.000173527	380.000000	0.000174272	380.000000	0.000180109	380.000000	0.000173034	380.000000	0.00017941	380.000000	0.000174237	380.000000	3.50308e-08	
390.000000	0.00017134	390.000000	0.000172032	390.000000	0.000177991	390.000000	0.000170854	390.000000	0.000177322	390.000000	0.000171998	390.000000	3.42087e-08	
400.000000	0.000169258	400.000000	0.000169903	400.000000	0.000175976	400.000000	0.000168784	400.000000	0.000175344	400.000000	0.000169869	400.000000	3.34258e-08	
410.000000	0.000167274	410.000000	0.000167877	410.000000	0.000174057	410.000000	0.000166817	410.000000	0.00017345	410.000000	0.000167845	410.000000	3.26794e-08	
420.000000	0.000165382	420.000000	0.000165948	420.000000	0.00017223	420.000000	0.000164945	420.000000	0.000171649	420.000000	0.000165916	420.000000	3.1967e-08	
430.000000	0.000163576	430.000000	0.000164109	430.000000	0.000170491	430.000000	0.000163163	430.000000	0.000169936	430.000000	0.000164078	430.000000	3.12861e-08	
440.000000	0.00016185	440.000000	0.000162354	440.000000	0.000168832	440.000000	0.000161464	440.000000	0.000168298	440.000000	0.000162323	440.000000	3.06348e-08	
450.000000	0.000160199	450.000000	0.000160678	450.000000	0.000167248	450.000000	0.000159842	450.000000	0.00016673	450.000000	0.000160648	450.000000	3.00111e-08	
460.000000	0.000158619	460.000000	0.000159076	460.000000	0.00016573	460.000000	0.000158294	460.000000	0.000165235	460.000000	0.000159046	460.000000	2.94134e-08	
470.000000	0.000157105	470.000000	0.000157543	470.000000	0.000164275	470.000000	0.000156814	470.000000	0.000163808	470.000000	0.000157514	470.000000	2.88399e-08	
480.000000	0.000155654	480.000000	0.000156075	480.000000	0.000162882	480.000000	0.000155399	480.000000	0.000162434	480.000000	0.000156047	480.000000	2.82892e-08	
490.000000	0.000154262	490.000000	0.000154669	490.000000	0.000161549	490.000000	0.000154043	490.000000	0.000161118	490.000000	0.000154642	490.000000	2.776e-08 	
500.000000	0.000152925	500.000000	0.000153321	500.000000	0.000160272	500.000000	0.000152745	500.000000	0.000159861	500.000000	0.000153294	500.000000	2.7251e-08	
520.000000	0.000150407	520.000000	0.000150787	520.000000	0.000157871	520.000000	0.000150307	520.000000	0.000157495	520.000000	0.00015076	520.000000	2.62891e-08	
540.000000	0.000148078	540.000000	0.000148447	540.000000	0.000155659	540.000000	0.00014806	540.000000	0.000155308	540.000000	0.000148422	540.000000	2.53953e-08	
560.000000	0.000145918	560.000000	0.000146284	560.000000	0.000153611	560.000000	0.000145985	560.000000	0.000153287	560.000000	0.000146259	560.000000	2.45626e-08	
580.000000	0.000143912	580.000000	0.000144278	580.000000	0.000151706	580.000000	0.000144064	580.000000	0.000151408	580.000000	0.000144255	580.000000	2.37848e-08	
600.000000	0.000142045	600.000000	0.000142416	600.000000	0.000149937	600.000000	0.000142282	600.000000	0.00014967	600.000000	0.000142393	600.000000	2.30566e-08	
620.000000	0.000140305	620.000000	0.000140683	620.000000	0.000148293	620.000000	0.000140625	620.000000	0.000148043	620.000000	0.000140661	620.000000	2.23733e-08	
640.000000	0.00013868	640.000000	0.000139068	640.000000	0.000146761	640.000000	0.000139083	640.000000	0.000146531	640.000000	0.000139046	640.000000	2.17309e-08	
660.000000	0.00013716	660.000000	0.00013756	660.000000	0.000145332	660.000000	0.000137644	660.000000	0.000145118	660.000000	0.000137539	660.000000	2.11257e-08	
680.000000	0.000135737	680.000000	0.000136151	680.000000	0.000143997	680.000000	0.0001363 	680.000000	0.000143793	680.000000	0.000136131	680.000000	2.05545e-08	
700.000000	0.000134403	700.000000	0.000134832	700.000000	0.000142745	700.000000	0.000135043	700.000000	0.000142557	700.000000	0.000134812	700.000000	2.00146e-08	
720.000000	0.000133151	720.000000	0.000133596	720.000000	0.000141569	720.000000	0.000133865	720.000000	0.000141393	720.000000	0.000133577	720.000000	1.95034e-08	
740.000000	0.000131974	740.000000	0.000132437	740.000000	0.000140465	740.000000	0.00013276	740.000000	0.0001403 	740.000000	0.000132418	740.000000	1.90186e-08	
760.000000	0.000130868	760.000000	0.000131348	760.000000	0.00013943	760.000000	0.000131722	760.000000	0.000139276	760.000000	0.000131329	760.000000	1.85582e-08	
780.000000	0.000129827	780.000000	0.000130324	780.000000	0.000138455	780.000000	0.000130746	780.000000	0.000138308	780.000000	0.000130306	780.000000	1.81205e-08	
800.000000	0.000128847	800.000000	0.000129361	800.000000	0.000137536	800.000000	0.000129828	800.000000	0.000137396	800.000000	0.000129343	800.000000	1.77036e-08	
820.000000	0.000127923	820.000000	0.000128454	820.000000	0.000136668	820.000000	0.000128963	820.000000	0.000136539	820.000000	0.000128436	820.000000	1.73063e-08	
840.000000	0.000127052	840.000000	0.000127599	840.000000	0.00013585	840.000000	0.000128147	840.000000	0.000135729	840.000000	0.000127582	840.000000	1.6927e-08	
860.000000	0.000126229	860.000000	0.000126793	860.000000	0.000135077	860.000000	0.000127377	860.000000	0.000134961	860.000000	0.000126777	860.000000	1.65647e-08	
880.000000	0.000125453	880.000000	0.000126033	880.000000	0.000134347	880.000000	0.000126649	880.000000	0.000134237	880.000000	0.000126017	880.000000	1.62181e-08	
900.000000	0.00012472	900.000000	0.000125315	900.000000	0.000133656	900.000000	0.000125961	900.000000	0.000133555	900.000000	0.0001253 	900.000000	1.58862e-08	
920.000000	0.000124028	920.000000	0.000124638	920.000000	0.000133  	920.000000	0.000125311	920.000000	0.000132903	920.000000	0.000124622	920.000000	1.55682e-08	
940.000000	0.000123374	940.000000	0.000123997	940.000000	0.000132379	940.000000	0.000124695	940.000000	0.000132287	940.000000	0.000123982	940.000000	1.52631e-08	
960.000000	0.000122755	960.000000	0.000123392	960.000000	0.00013179	960.000000	0.000124111	960.000000	0.000131706	960.000000	0.000123377	960.000000	1.49702e-08	
980.000000	0.000122171	980.000000	0.00012282	980.000000	0.000131232	980.000000	0.000123558	980.000000	0.000131154	980.000000	0.000122805	980.000000	1.46887e-08	
1000.000000	0.000121618	1000.000000	0.000122279	1000.000000	0.000130703	1000.000000	0.000123033	1000.000000	0.000130628	1000.000000	0.000122265	1000.000000	1.44181e-08	
1020.000000	0.000121096	1020.000000	0.000121767	1020.000000	0.000130201	1020.000000	0.000122535	1020.000000	0.000130127	1020.000000	0.000121753	1020.000000	1.41575e-08	
1040.000000	0.000120602	1040.000000	0.000121283	1040.000000	0.000129723	1040.000000	0.000122063	1040.000000	0.000129653	1040.000000	0.000121269	1040.000000	1.39066e-08	
1060.000000	0.000120135	1060.000000	0.000120825	1060.000000	0.000129269	1060.000000	0.000121614	1060.000000	0.000129203	1060.000000	0.000120812	1060.000000	1.36648e-08	
1080.000000	0.000119694	1080.000000	0.000120392	1080.000000	0.000128836	1080.000000	0.000121187	1080.000000	0.000128772	1080.000000	0.000120379	1080.000000	1.34315e-08	
1100.000000	0.000119277	1100.000000	0.000119982	1100.000000	0.000128425	1100.000000	0.000120782	1100.000000	0.000128362	1100.000000	0.000119969	1100.000000	1.32064e-08	
1120.000000	0.000118883	1120.000000	0.000119594	1120.000000	0.000128033	1120.000000	0.000120396	1120.000000	0.000127974	1120.000000	0.000119581	1120.000000	1.2989e-08	
1140.000000	0.000118511	1140.000000	0.000119228	1140.000000	0.000127661	1140.000000	0.000120029	1140.000000	0.000127605	1140.000000	0.000119215	1140.000000	1.27788e-08	
1160.000000	0.00011816	1160.000000	0.000118881	1160.000000	0.000127307	1160.000000	0.00011968	1160.000000	0.000127252	1160.000000	0.000118869	1160.000000	1.25757e-08	
1180.000000	0.000117829	1180.000000	0.000118553	1180.000000	0.000126969	1180.000000	0.000119347	1180.000000	0.000126915	1180.000000	0.000118541	1180.000000	1.23791e-08	
1200.000000	0.000117517	1200.000000	0.000118244	1200.000000	0.000126648	1200.000000	0.000119031	1200.000000	0.000126595	1200.000000	0.000118232	1200.000000	1.21888e-08	
1220.000000	0.000117224	1220.000000	0.000117951	1220.000000	0.000126342	1220.000000	0.00011873	1220.000000	0.000126291	1220.000000	0.000117939	1220.000000	1.20044e-08	
1240.000000	0.000116947	1240.000000	0.000117675	1240.000000	0.00012605	1240.000000	0.000118443	1240.000000	0.000126002	1240.000000	0.000117663	1240.000000	1.18258e-08	
1260.000000	0.000116687	1260.000000	0.000117415	1260.000000	0.000125772	1260.000000	0.000118169	1260.000000	0.000125724	1260.000000	0.000117403	1260.000000	1.16526e-08	
1280.000000	0.000116443	1280.000000	0.000117169	1280.000000	0.000125507	1280.000000	0.000117909	1280.000000	0.000125459	1280.000000	0.000117157	1280.000000	1.14846e-08	
1300.000000	0.000116214	1300.000000	0.000116937	1300.000000	0.000125254	1300.000000	0.000117661	1300.000000	0.000125207	1300.000000	0.000116926	1300.000000	1.13216e-08	
1320.000000	0.000116  	1320.000000	0.000116719	1320.000000	0.000125013	1320.000000	0.000117424	1320.000000	0.000124967	1320.000000	0.000116708	1320.000000	1.11633e-08	
1340.000000	0.0001158 	1340.000000	0.000116514	1340.000000	0.000124784	1340.000000	0.000117199	1340.000000	0.000124739	1340.000000	0.000116503	1340.000000	1.10095e-08	
1360.000000	0.000115612	1360.000000	0.000116322	1360.000000	0.000124565	1360.000000	0.000116984	1360.000000	0.000124521	1360.000000	0.000116311	1360.000000	1.086e-08 	
1380.000000	0.000115438	1380.000000	0.000116141	1380.000000	0.000124356	1380.000000	0.000116779	1380.000000	0.000124312	1380.000000	0.000116131	1380.000000	1.07147e-08	
1400.000000	0.000115276	1400.000000	0.000115972	1400.000000	0.000124157	1400.000000	0.000116584	1400.000000	0.000124112	1400.000000	0.000115961	1400.000000	1.05734e-08	
1420.000000	0.000115126	1420.000000	0.000115814	1420.000000	0.000123967	1420.000000	0.000116398	1420.000000	0.000123923	1420.000000	0.000115803	1420.000000	1.04359e-08	
1440.000000	0.000114987	1440.000000	0.000115666	1440.000000	0.000123786	1440.000000	0.00011622	1440.000000	0.000123743	1440.000000	0.000115655	1440.000000	1.03021e-08	
1460.000000	0.000114859	1460.000000	0.000115528	1460.000000	0.000123613	1460.000000	0.000116051	1460.000000	0.000123571	1460.000000	0.000115517	1460.000000	1.01718e-08	
1480.000000	0.000114742	1480.000000	0.000115399	1480.000000	0.000123448	1480.000000	0.00011589	1480.000000	0.000123406	1480.000000	0.000115389	1480.000000	1.00448e-08	
1500.000000	0.000114635	1500.000000	0.00011528	1500.000000	0.00012329	1500.000000	0.000115737	1500.000000	0.000123249	1500.000000	0.00011527	1500.000000	9.92112e-09	
1520.000000	0.000114538	1520.000000	0.00011517	1520.000000	0.00012314	1520.000000	0.000115591	1520.000000	0.0001231 	1520.000000	0.00011516	1520.000000	9.80054e-09	
1540.000000	0.00011445	1540.000000	0.000115069	1540.000000	0.000122997	1540.000000	0.000115452	1540.000000	0.000122959	1540.000000	0.000115059	1540.000000	9.68297e-09	
1560.000000	0.000114371	1560.000000	0.000114975	1560.000000	0.00012286	1560.000000	0.00011532	1560.000000	0.000122824	1560.000000	0.000114966	1560.000000	9.56828e-09	
1580.000000	0.000114301	1580.000000	0.00011489	1580.000000	0.00012273	1580.000000	0.000115194	1580.000000	0.000122697	1580.000000	0.00011488	1580.000000	9.45639e-09	
1600.000000	0.000114239	1600.000000	0.000114812	1600.000000	0.000122606	1600.000000	0.000115074	1600.000000	0.000122574	1600.000000	0.000114802	1600.000000	9.34717e-09	
1620.000000	0.000114186	1620.000000	0.000114741	1620.000000	0.000122488	1620.000000	0.00011496	1620.000000	0.000122457	1620.000000	0.000114732	1620.000000	9.24054e-09	
1640.000000	0.00011414	1640.000000	0.000114678	1640.000000	0.000122376	1640.000000	0.000114851	1640.000000	0.000122346	1640.000000	0.000114669	1640.000000	9.13641e-09	
1660.000000	0.000114102	1660.000000	0.000114621	1660.000000	0.000122269	1660.000000	0.000114749	1660.000000	0.00012224	1660.000000	0.000114612	1660.000000	9.03468e-09	
1680.000000	0.000114072	1680.000000	0.000114571	1680.000000	0.000122167	1680.000000	0.000114651	1680.000000	0.00012214	1680.000000	0.000114562	1680.000000	8.93527e-09	
1700.000000	0.000114049	1700.000000	0.000114528	1700.000000	0.00012207	1700.000000	0.000114558	1700.000000	0.000122046	1700.000000	0.000114519	1700.000000	8.83811e-09	
1750.000000	0.00011402	1750.000000	0.000114445	1750.000000	0.000121849	1750.000000	0.000114346	1750.000000	0.000121828	1750.000000	0.000114436	1750.000000	8.60454e-09	
1800.000000	0.000114032	1800.000000	0.000114397	1800.000000	0.000121656	1800.000000	0.000114162	1800.000000	0.000121637	1800.000000	0.000114389	1800.000000	8.38342e-09	
1850.000000	0.000114081	1850.000000	0.000114382	1850.000000	0.000121488	1850.000000	0.000114002	1850.000000	0.000121472	1850.000000	0.000114374	1850.000000	8.17377e-09	
1900.000000	0.000114164	1900.000000	0.000114396	1900.000000	0.000121342	1900.000000	0.000113864	1900.000000	0.000121329	1900.000000	0.000114388	1900.000000	7.97472e-09	
1950.000000	0.00011428	1950.000000	0.000114438	1950.000000	0.000121217	1950.000000	0.000113746	1950.000000	0.000121205	1950.000000	0.000114431	1950.000000	7.78547e-09	
2000.000000	0.000114426	2000.000000	0.000114506	2000.000000	0.000121111	2000.000000	0.000113647	2000.000000	0.000121101	2000.000000	0.000114498	2000.000000	7.60531e-09	
2100.000000	0.000114799	2100.000000	0.00011471	2100.000000	0.000120948	2100.000000	0.000113497	2100.000000	0.00012094	2100.000000	0.000114703	2100.000000	7.26972e-09	
2200.000000	0.000115271	2200.000000	0.000114996	2200.000000	0.000120842	2200.000000	0.000113404	2200.000000	0.000120838	2200.000000	0.00011499	2200.000000	6.96346e-09	
2300.000000	0.00011583	2300.000000	0.000115354	2300.000000	0.000120784	2300.000000	0.000113358	2300.000000	0.000120782	2300.000000	0.000115347	2300.000000	6.6828e-09	
2400.000000	0.000116467	2400.000000	0.000115773	2400.000000	0.000120766	2400.000000	0.000113352	2400.000000	0.000120767	2400.000000	0.000115767	2400.000000	6.42462e-09	
2500.000000	0.000117174	2500.000000	0.000116247	2500.000000	0.000120783	2500.000000	0.000113379	2500.000000	0.000120786	2500.000000	0.000116241	2500.000000	6.18631e-09	
2600.000000	0.000117943	2600.000000	0.00011677	2600.000000	0.000120828	2600.000000	0.000113435	2600.000000	0.000120834	2600.000000	0.000116764	2600.000000	5.96562e-09	
2700.000000	0.00011877	2700.000000	0.000117335	2700.000000	0.000120898	2700.000000	0.000113516	2700.000000	0.000120906	2700.000000	0.000117329	2700.000000	5.76066e-09	
2800.000000	0.000119648	2800.000000	0.000117938	2800.000000	0.000120989	2800.000000	0.000113617	2800.000000	0.000121001	2800.000000	0.000117933	2800.000000	5.56977e-09	
2900.000000	0.000120573	2900.000000	0.000118576	2900.000000	0.000121099	2900.000000	0.000113736	2900.000000	0.000121112	2900.000000	0.000118571	2900.000000	5.39155e-09	
3000.000000	0.000121543	3000.000000	0.000119244	3000.000000	0.000121224	3000.000000	0.00011387	3000.000000	0.000121239	3000.000000	0.000119239	3000.000000	5.22475e-09	
3200.000000	0.000123599	3200.000000	0.000120662	3200.000000	0.000121513	3200.000000	0.000114175	3200.000000	0.000121531	3200.000000	0.000120657	3200.000000	4.92126e-09	
3400.000000	0.000125793	3400.000000	0.00012217	3400.000000	0.000121842	3400.000000	0.000114518	3400.000000	0.000121861	3400.000000	0.000122165	3400.000000	4.65216e-09	
3600.000000	0.00012811	3600.000000	0.000123753	3600.000000	0.000122202	3600.000000	0.000114888	3600.000000	0.00012222	3600.000000	0.000123749	3600.000000	4.41187e-09	
3800.000000	0.000130533	3800.000000	0.0001254 	3800.000000	0.000122583	3800.000000	0.000115278	3800.000000	0.000122598	3800.000000	0.000125395	3800.000000	4.19593e-09	
4000.000000	0.000133053	4000.000000	0.000127099	4000.000000	0.000122979	4000.000000	0.000115681	4000.000000	0.000122991	4000.000000	0.000127095	4000.000000	4.0008e-09	
4200.000000	0.000135659	4200.000000	0.000128843	4200.000000	0.000123383	4200.000000	0.000116094	4200.000000	0.000123393	4200.000000	0.000128839	4200.000000	3.82357e-09	
4400.000000	0.000138344	4400.000000	0.000130626	4400.000000	0.000123793	4400.000000	0.000116512	4400.000000	0.0001238 	4400.000000	0.000130622	4400.000000	3.66186e-09	
4600.000000	0.000141102	4600.000000	0.000132442	4600.000000	0.000124203	4600.000000	0.000116932	4600.000000	0.000124211	4600.000000	0.000132438	4600.000000	3.5137e-09	
4800.000000	0.000143928	4800.000000	0.000134286	4800.000000	0.000124614	4800.000000	0.000117354	4800.000000	0.000124623	4800.000000	0.000134283	4800.000000	3.37743e-09	
5000.000000	0.000146817	5000.000000	0.000136155	5000.000000	0.000125022	5000.000000	0.000117775	5000.000000	0.000125034	5000.000000	0.000136152	5000.000000	3.25167e-09	
5250.000000	0.000150511	5250.000000	0.000138522	5250.000000	0.000125528	5250.000000	0.000118298	5250.000000	0.000125544	5250.000000	0.000138519	5250.000000	3.10745e-09	
5500.000000	0.000154292	5500.000000	0.000140917	5500.000000	0.000126029	5500.000000	0.000118815	5500.000000	0.00012605	5500.000000	0.000140914	5500.000000	2.97588e-09	
6000.000000	0.000162091	6000.000000	0.000145777	6000.000000	0.00012701	6000.000000	0.000119831	6000.000000	0.000127041	6000.000000	0.000145774	6000.000000	2.74447e-09	
6500.000000	0.000170184	6500.000000	0.000150709	6500.000000	0.000127971	6500.000000	0.000120815	6500.000000	0.000128  	6500.000000	0.000150706	6500.000000	2.54744e-09	
7000.000000	0.000178546	7000.000000	0.000155694	7000.000000	0.000128897	7000.000000	0.000121765	7000.000000	0.000128925	7000.000000	0.000155692	7000.000000	2.37758e-09	
7500.000000	0.00018716	7500.000000	0.000160719	7500.000000	0.000129781	7500.000000	0.00012268	7500.000000	0.000129814	7500.000000	0.000160717	7500.000000	2.22959e-09	
8000.000000	0.000196013	8000.000000	0.000165775	8000.000000	0.000130636	8000.000000	0.00012356	8000.000000	0.000130669	8000.000000	0.000165773	8000.000000	2.09947e-09	
8500.000000	0.000205094	8500.000000	0.000170853	8500.000000	0.000131457	8500.000000	0.000124407	8500.000000	0.000131488	8500.000000	0.000170851	8500.000000	1.98413e-09	
9000.000000	0.000214397	9000.000000	0.000175949	9000.000000	0.000132242	9000.000000	0.000125222	9000.000000	0.000132276	9000.000000	0.000175947	9000.000000	1.88116e-09	
9500.000000	0.000223913	9500.000000	0.000181057	9500.000000	0.000132997	9500.000000	0.000126006	9500.000000	0.000133032	9500.000000	0.000181055	9500.000000	1.78866e-09	
10000.000000	0.00023364	10000.000000	0.000186175	10000.000000	0.000133722	10000.000000	0.000126762	10000.000000	0.000133758	10000.000000	0.000186173	10000.000000	1.70509e-09	
11000.000000	0.000253707	11000.000000	0.000196428	11000.000000	0.00013509	11000.000000	0.000128193	11000.000000	0.00013513	11000.000000	0.000196426	11000.000000	1.55999e-09	
12000.000000	0.000274572	12000.000000	0.000206692	12000.000000	0.00013636	12000.000000	0.000129528	12000.000000	0.000136401	12000.000000	0.000206691	12000.000000	1.43828e-09	
13000.000000	0.000296221	13000.000000	0.000216959	13000.000000	0.000137543	13000.000000	0.000130777	13000.000000	0.000137584	13000.000000	0.000216957	13000.000000	1.33468e-09	
14000.000000	0.000318642	14000.000000	0.00022722	14000.000000	0.00013865	14000.000000	0.000131949	14000.000000	0.000138687	14000.000000	0.000227219	14000.000000	1.2454e-09	
15000.000000	0.000341828	15000.000000	0.000237471	15000.000000	0.000139688	15000.000000	0.000133053	15000.000000	0.00013972	15000.000000	0.00023747	15000.000000	1.16764e-09	
16000.000000	0.000365773	16000.000000	0.000247711	16000.000000	0.000140659	16000.000000	0.000134096	16000.000000	0.000140688	16000.000000	0.000247709	16000.000000	1.09927e-09	
17000.000000	0.000390474	17000.000000	0.000257935	17000.000000	0.000141568	17000.000000	0.000135084	17000.000000	0.0001416 	17000.000000	0.000257934	17000.000000	1.03869e-09	
18000.000000	0.00041593	18000.000000	0.000268145	18000.000000	0.000142423	18000.000000	0.000136023	18000.000000	0.00014246	18000.000000	0.000268144	18000.000000	9.84611e-10	
19000.000000	0.00044214	19000.000000	0.000278337	19000.000000	0.000143231	19000.000000	0.000136916	19000.000000	0.000143271	19000.000000	0.000278336	19000.000000	9.36043e-10	
20000.000000	0.000469104	20000.000000	0.000288513	20000.000000	0.000143998	20000.000000	0.000137768	20000.000000	0.00014404	20000.000000	0.000288512	20000.000000	8.92174e-10	
21000.000000	0.000496823	21000.000000	0.000298672	21000.000000	0.000144727	21000.000000	0.000138582	21000.000000	0.000144769	21000.000000	0.000298671	21000.000000	8.52346e-10	
22000.000000	0.000525297	22000.000000	0.000308814	22000.000000	0.000145417	22000.000000	0.000139362	22000.000000	0.000145461	22000.000000	0.000308813	22000.000000	8.16021e-10	
23000.000000	0.000554528	23000.000000	0.000318938	23000.000000	0.000146078	23000.000000	0.00014011	23000.000000	0.00014612	23000.000000	0.000318938	23000.000000	7.82751e-10	
24000.000000	0.000584518	24000.000000	0.000329046	24000.000000	0.000146708	24000.000000	0.000140829	24000.000000	0.000146747	24000.000000	0.000329046	24000.000000	7.52164e-10	
25000.000000	0.00061527	25000.000000	0.000339138	25000.000000	0.000147307	25000.000000	0.00014152	25000.000000	0.000147347	25000.000000	0.000339137	25000.000000	7.23945e-10	
26000.000000	0.000646785	26000.000000	0.000349212	26000.000000	0.000147878	26000.000000	0.000142187	26000.000000	0.000147919	26000.000000	0.000349212	26000.000000	6.97826e-10	
27000.000000	0.000679066	27000.000000	0.000359271	27000.000000	0.000148424	27000.000000	0.000142829	27000.000000	0.000148467	27000.000000	0.000359271	27000.000000	6.73579e-10	
28000.000000	0.000712117	28000.000000	0.000369314	28000.000000	0.000148948	28000.000000	0.00014345	28000.000000	0.000148991	28000.000000	0.000369314	28000.000000	6.51007e-10	
29000.000000	0.000745939	29000.000000	0.000379342	29000.000000	0.00014945	29000.000000	0.000144051	29000.000000	0.000149493	29000.000000	0.000379342	29000.000000	6.29943e-10	
30000.000000	0.000780537	30000.000000	0.000389355	30000.000000	0.000149933	30000.000000	0.000144632	30000.000000	0.000149975	30000.000000	0.000389354	30000.000000	6.10237e-10	
32000.000000	0.00085207	32000.000000	0.000409336	32000.000000	0.000150843	32000.000000	0.000145741	32000.000000	0.000150884	32000.000000	0.000409335	32000.000000	5.74403e-10	
34000.000000	0.000926743	34000.000000	0.000429261	34000.000000	0.000151686	34000.000000	0.000146787	34000.000000	0.000151724	34000.000000	0.00042926	34000.000000	5.42653e-10	
36000.000000	0.00100458	36000.000000	0.000449132	36000.000000	0.000152465	36000.000000	0.000147775	36000.000000	0.000152505	36000.000000	0.000449131	36000.000000	5.14321e-10	
38000.000000	0.00108562	38000.000000	0.000468951	38000.000000	0.000153188	38000.000000	0.000148712	38000.000000	0.000153232	38000.000000	0.000468951	38000.000000	4.88879e-10	
40000.000000	0.00116989	40000.000000	0.000488722	40000.000000	0.000153862	40000.000000	0.000149603	40000.000000	0.000153911	40000.000000	0.000488721	40000.000000	4.65901e-10	
42000.000000	0.00125741	42000.000000	0.000508445	42000.000000	0.000154495	42000.000000	0.000150453	42000.000000	0.000154546	42000.000000	0.000508444	42000.000000	4.45044e-10	
44000.000000	0.00134822	44000.000000	0.000528123	44000.000000	0.000155094	44000.000000	0.000151264	44000.000000	0.000155142	44000.000000	0.000528123	44000.000000	4.26023e-10	
46000.000000	0.00144235	46000.000000	0.000547758	46000.000000	0.000155664	46000.000000	0.00015204	46000.000000	0.000155702	46000.000000	0.000547757	46000.000000	4.08605e-10	
48000.000000	0.00153983	48000.000000	0.000567351	48000.000000	0.000156206	48000.000000	0.000152784	48000.000000	0.00015623	48000.000000	0.000567351	48000.000000	3.92594e-10	
50000.000000	0.0016407 	50000.000000	0.000586904	50000.000000	0.000156716	50000.000000	0.000153498	50000.000000	0.000156729	50000.000000	0.000586904	50000.000000	3.77824e-10	
