! 142Pr energy loss (dE/dX) in He
! apply ZOOM for details
Energy (MeV/u)1	0 - [He-base] F.Hubert et al, AD&ND Tables 46(1990)1	Energy (MeV/u)2	1 - [H -base] J.F.Ziegler et al,Pergamon Press,NY(low energy)	Energy (MeV/u)3	2 - ATIMA 1.2 LS-theory (recommended for high energy)	Energy (MeV/u)4	3 - ATIMA 1.2 without LS-correction	Energy (MeV/u)5	4 - ATIMA 1.4 H.Weick, improved mean charge formula for HI	Energy (MeV/u)6	5 - electrical component of [1] - J.F.Ziegler et al	Energy (MeV/u)7	6 - nuclear component of [1] - J.F.Ziegler et al	
0.001000	0.000327303	0.001000	0.000327303	0.001000	0.000277702	0.001000	0.000277702	0.001000	0.000277711	0.001000	7.92854e-05	0.001000	0.000248018	
0.002000	0.000344336	0.002000	0.000344336	0.002000	0.000283493	0.002000	0.000283493	0.002000	0.000283501	0.002000	0.00010282	0.002000	0.000241515	
0.005000	0.00034763	0.005000	0.00034763	0.005000	0.000269019	0.005000	0.000269019	0.005000	0.000269025	0.005000	0.00014498	0.005000	0.00020265	
0.008000	0.000346432	0.008000	0.000346432	0.008000	0.000257458	0.008000	0.000257458	0.008000	0.000257463	0.008000	0.000172923	0.008000	0.000173509	
0.010000	0.000346822	0.010000	0.000346822	0.010000	0.000252663	0.010000	0.000252663	0.010000	0.000252668	0.010000	0.000188015	0.010000	0.000158807	
0.015000	0.000351071	0.015000	0.000351071	0.015000	0.000247129	0.015000	0.000247129	0.015000	0.000247132	0.015000	0.000218891	0.015000	0.00013218	
0.020000	0.000357996	0.020000	0.000357996	0.020000	0.000246901	0.020000	0.000246901	0.020000	0.000246904	0.020000	0.000243826	0.020000	0.000114171	
0.025000	0.000366163	0.025000	0.000366163	0.025000	0.000249453	0.025000	0.000249453	0.025000	0.000249455	0.025000	0.000265107	0.025000	0.000101056	
0.030000	0.000374876	0.030000	0.000374876	0.030000	0.000253569	0.030000	0.000253569	0.030000	0.000253571	0.030000	0.000283866	0.030000	9.10093e-05	
0.035000	0.000383785	0.035000	0.000383785	0.035000	0.00025861	0.035000	0.00025861	0.035000	0.000258612	0.035000	0.000300759	0.035000	8.30259e-05	
0.040000	0.000392707	0.040000	0.000392707	0.040000	0.000264211	0.040000	0.000264211	0.040000	0.000264213	0.040000	0.000316203	0.040000	7.65038e-05	
0.045000	0.000401541	0.045000	0.000401541	0.045000	0.000270153	0.045000	0.000270153	0.045000	0.000270154	0.045000	0.000330482	0.045000	7.10592e-05	
0.050000	0.000410235	0.050000	0.000410235	0.050000	0.000276297	0.050000	0.000276297	0.050000	0.000276298	0.050000	0.000343801	0.050000	6.64342e-05	
0.055000	0.00041876	0.055000	0.00041876	0.055000	0.000282555	0.055000	0.000282555	0.055000	0.000282556	0.055000	0.000356311	0.055000	6.24489e-05	
0.060000	0.000427102	0.060000	0.000427102	0.060000	0.000288866	0.060000	0.000288866	0.060000	0.000288868	0.060000	0.000368129	0.060000	5.89735e-05	
0.070000	0.000443228	0.070000	0.000443228	0.070000	0.000301504	0.070000	0.000301504	0.070000	0.000301505	0.070000	0.000390036	0.070000	5.31914e-05	
0.080000	0.000458624	0.080000	0.000458624	0.080000	0.000314016	0.080000	0.000314016	0.080000	0.000314018	0.080000	0.000410064	0.080000	4.85595e-05	
0.090000	0.000473336	0.090000	0.000473336	0.090000	0.000326313	0.090000	0.000326313	0.090000	0.000326314	0.090000	0.000428582	0.090000	4.47538e-05	
0.100000	0.000498487	0.100000	0.000498487	0.100000	0.000348054	0.100000	0.000348054	0.100000	0.000348055	0.100000	0.000456924	0.100000	4.15637e-05	
0.120000	0.000592369	0.120000	0.000592369	0.120000	0.000432891	0.120000	0.000432891	0.120000	0.000432892	0.120000	0.000556204	0.120000	3.61656e-05	
0.140000	0.000679989	0.140000	0.000679989	0.140000	0.000516137	0.140000	0.000516137	0.140000	0.000516138	0.140000	0.000647641	0.140000	3.2348e-05	
0.160000	0.000760176	0.160000	0.000760176	0.160000	0.000595005	0.160000	0.000595005	0.160000	0.000595006	0.160000	0.000730849	0.160000	2.93269e-05	
0.180000	0.000833067	0.180000	0.000833067	0.180000	0.000668253	0.180000	0.000668253	0.180000	0.000668254	0.180000	0.000806197	0.180000	2.687e-05 	
0.200000	0.000899204	0.200000	0.000899204	0.200000	0.000735405	0.200000	0.000735405	0.200000	0.000735406	0.200000	0.000874376	0.200000	2.48284e-05	
0.250000	0.00103943	0.250000	0.00103943	0.250000	0.000877406	0.250000	0.000877406	0.250000	0.000877407	0.250000	0.00101848	0.250000	2.09562e-05	
0.300000	0.00116168	0.300000	0.00116168	0.300000	0.000987954	0.300000	0.000987954	0.300000	0.000987955	0.300000	0.00114347	0.300000	1.8208e-05	
0.350000	0.00127279	0.350000	0.00127279	0.350000	0.00107507	0.350000	0.00107507	0.350000	0.00107507	0.350000	0.00125664	0.350000	1.61464e-05	
0.400000	0.00136457	0.400000	0.00136457	0.400000	0.00114549	0.400000	0.00114549	0.400000	0.00114549	0.400000	0.00135003	0.400000	1.45371e-05	
0.450000	0.0014413 	0.450000	0.0014413 	0.450000	0.00120405	0.450000	0.00120405	0.450000	0.00120405	0.450000	0.00142806	0.450000	1.32425e-05	
0.500000	0.00150614	0.500000	0.00150614	0.500000	0.00125406	0.500000	0.00125406	0.500000	0.00125407	0.500000	0.00149396	0.500000	1.21764e-05	
0.600000	0.00160895	0.600000	0.00160895	0.600000	0.00133649	0.600000	0.00133649	0.600000	0.00133649	0.600000	0.00159843	0.600000	1.05193e-05	
0.700000	0.0017197 	0.700000	0.0017197 	0.700000	0.00140302	0.700000	0.00140302	0.700000	0.00140302	0.700000	0.00171042	0.700000	9.2863e-06	
0.800000	0.00180728	0.800000	0.00180728	0.800000	0.00145851	0.800000	0.00145851	0.800000	0.00145851	0.800000	0.00179895	0.800000	8.32999e-06	
0.900000	0.00187514	0.900000	0.00187514	0.900000	0.0015056 	0.900000	0.0015056 	0.900000	0.0015056 	0.900000	0.00186758	0.900000	7.56476e-06	
1.000000	0.00192806	1.000000	0.00192806	1.000000	0.00155297	1.000000	0.00155297	1.000000	0.00155297	1.000000	0.00192112	1.000000	6.93736e-06	
1.250000	0.00200045	1.250000	0.00200045	1.250000	0.00166143	1.250000	0.00166143	1.250000	0.00166144	1.250000	0.00199468	1.250000	5.76859e-06	
1.500000	0.00201529	1.500000	0.00201529	1.500000	0.00173359	1.500000	0.00173359	1.500000	0.00173359	1.500000	0.00201033	1.500000	4.95606e-06	
1.750000	0.00201597	1.750000	0.00201597	1.750000	0.0017813 	1.750000	0.0017813 	1.750000	0.0017813 	1.750000	0.00201162	1.750000	4.35596e-06	
2.000000	0.00200793	2.000000	0.00200793	2.000000	0.00181195	2.000000	0.00181195	2.000000	0.00181195	2.000000	0.00200404	2.000000	3.89326e-06	
2.250000	0.0019919 	2.250000	0.0019919 	2.250000	0.00183043	2.250000	0.00183043	2.250000	0.00183043	2.250000	0.00198838	2.250000	3.52481e-06	
2.500000	0.00282498	2.500000	0.00197242	2.500000	0.00184003	2.500000	0.00184003	2.500000	0.00184004	2.500000	0.00196919	2.500000	3.22396e-06	
3.000000	0.00272518	3.000000	0.00192917	3.000000	0.00184125	3.000000	0.00184125	3.000000	0.00184125	3.000000	0.00192641	3.000000	2.76108e-06	
3.500000	0.00262449	3.500000	0.00188354	3.500000	0.00182741	3.500000	0.00182741	3.500000	0.00182741	3.500000	0.00188112	3.500000	2.4206e-06	
4.000000	0.00252749	4.000000	0.00182663	4.000000	0.00180494	4.000000	0.00180494	4.000000	0.00180495	4.000000	0.00182447	4.000000	2.15892e-06	
4.500000	0.0024359 	4.500000	0.0017759 	4.500000	0.00177754	4.500000	0.00177754	4.500000	0.00177755	4.500000	0.00177394	4.500000	1.95111e-06	
5.000000	0.00235019	5.000000	0.00172971	5.000000	0.00174742	5.000000	0.00174742	5.000000	0.00174742	5.000000	0.00172793	5.000000	1.78181e-06	
5.500000	0.00227027	5.500000	0.00168702	5.500000	0.00171593	5.500000	0.00171593	5.500000	0.00171593	5.500000	0.00168538	5.500000	1.64106e-06	
6.000000	0.00219583	6.000000	0.00164753	6.000000	0.00168293	6.000000	0.00168293	6.000000	0.00168293	6.000000	0.001646  	6.000000	1.52207e-06	
6.500000	0.00212648	6.500000	0.0016112 	6.500000	0.00164712	6.500000	0.00164712	6.500000	0.00164712	6.500000	0.00160978	6.500000	1.42007e-06	
7.000000	0.00206178	7.000000	0.0015762 	7.000000	0.0016127 	7.000000	0.0016127 	7.000000	0.0016127 	7.000000	0.00157486	7.000000	1.33161e-06	
7.500000	0.00200134	7.500000	0.00154251	7.500000	0.00157963	7.500000	0.00157963	7.500000	0.00157963	7.500000	0.00154126	7.500000	1.2541e-06	
8.000000	0.00194477	8.000000	0.00151005	8.000000	0.00154788	8.000000	0.00154788	8.000000	0.00154788	8.000000	0.00150886	8.000000	1.18561e-06	
8.500000	0.00189171	8.500000	0.00147885	8.500000	0.00151738	8.500000	0.00151738	8.500000	0.00151738	8.500000	0.00147773	8.500000	1.1246e-06	
9.000000	0.00184187	9.000000	0.0014489 	9.000000	0.00148807	9.000000	0.00148807	9.000000	0.00148808	9.000000	0.00144783	9.000000	1.0699e-06	
9.500000	0.00179496	9.500000	0.00142014	9.500000	0.00145991	9.500000	0.00145991	9.500000	0.00145991	9.500000	0.00141912	9.500000	1.02057e-06	
10.000000	0.00175072	10.000000	0.00133459	10.000000	0.00143282	10.000000	0.00143282	10.000000	0.00143282	10.000000	0.00133361	10.000000	9.75822e-07	
11.000000	0.00166939	11.000000	0.00130222	11.000000	0.00136726	11.000000	0.00138427	11.000000	0.00139902	11.000000	0.00130132	11.000000	8.97726e-07	
12.000000	0.00159635	12.000000	0.00127029	12.000000	0.00130791	12.000000	0.00133944	12.000000	0.00136537	12.000000	0.00126946	12.000000	8.31798e-07	
13.000000	0.00153035	13.000000	0.00123918	13.000000	0.00125399	13.000000	0.00129797	13.000000	0.00133237	13.000000	0.00123841	13.000000	7.75357e-07	
14.000000	0.0014704 	14.000000	0.00120909	14.000000	0.00120483	14.000000	0.00125955	14.000000	0.0013003 	14.000000	0.00120837	14.000000	7.26459e-07	
15.000000	0.00141567	15.000000	0.00118012	15.000000	0.00115988	15.000000	0.0012239 	15.000000	0.00126934	15.000000	0.00117944	15.000000	6.83663e-07	
16.000000	0.00136549	16.000000	0.00115231	16.000000	0.00111866	16.000000	0.00119075	16.000000	0.00123958	16.000000	0.00115166	16.000000	6.45876e-07	
17.000000	0.00131928	17.000000	0.00112566	17.000000	0.00108076	17.000000	0.00115987	17.000000	0.00121107	17.000000	0.00112504	17.000000	6.12252e-07	
18.000000	0.00127658	18.000000	0.00110015	18.000000	0.00104582	18.000000	0.00113106	18.000000	0.00118373	18.000000	0.00109957	18.000000	5.82128e-07	
19.000000	0.00123699	19.000000	0.00107575	19.000000	0.00101355	19.000000	0.00110414	19.000000	0.00115764	19.000000	0.0010752 	19.000000	5.54976e-07	
20.000000	0.00120016	20.000000	0.00105241	20.000000	0.000983688	20.000000	0.00107894	20.000000	0.00113278	20.000000	0.00105188	20.000000	5.30369e-07	
21.000000	0.00116581	21.000000	0.00103009	21.000000	0.000956022	21.000000	0.00105533	21.000000	0.00110899	21.000000	0.00102958	21.000000	5.0796e-07	
22.000000	0.00113368	22.000000	0.00100873	22.000000	0.000930347	22.000000	0.00103317	22.000000	0.00108637	22.000000	0.00100824	22.000000	4.87461e-07	
23.000000	0.00110355	23.000000	0.00098828	23.000000	0.000906472	23.000000	0.00101235	23.000000	0.00106478	23.000000	0.000987812	23.000000	4.68635e-07	
24.000000	0.00107525	24.000000	0.000968693	24.000000	0.000884216	24.000000	0.000992763	24.000000	0.00104422	24.000000	0.000968241	24.000000	4.51281e-07	
25.000000	0.00104859	25.000000	0.000949919	25.000000	0.000863449	25.000000	0.00097432	25.000000	0.00102463	25.000000	0.000949484	25.000000	4.3523e-07	
27.000000	0.000999658	27.000000	0.000914636	27.000000	0.000826002	27.000000	0.000940537	27.000000	0.000988184	27.000000	0.00091423	27.000000	4.06483e-07	
29.000000	0.000955784	29.000000	0.000882097	29.000000	0.000793389	29.000000	0.000910422	29.000000	0.000955098	29.000000	0.000881715	29.000000	3.81468e-07	
31.000000	0.000916194	31.000000	0.000852005	31.000000	0.000767206	31.000000	0.000880254	31.000000	0.000918704	31.000000	0.000851646	31.000000	3.59493e-07	
33.000000	0.000880269	33.000000	0.000824103	33.000000	0.000745358	33.000000	0.000849517	33.000000	0.000879938	33.000000	0.000823763	33.000000	3.40026e-07	
35.000000	0.000847504	35.000000	0.000798164	35.000000	0.000724978	35.000000	0.000821103	35.000000	0.000844902	35.000000	0.000797841	35.000000	3.22656e-07	
38.000000	0.000803398	38.000000	0.00076251	38.000000	0.000696673	38.000000	0.00078228	38.000000	0.000798148	38.000000	0.00076221	38.000000	2.99834e-07	
41.000000	0.000764373	41.000000	0.000730266	41.000000	0.000670671	41.000000	0.000747384	41.000000	0.000757091	41.000000	0.000729986	41.000000	2.80166e-07	
44.000000	0.000729573	44.000000	0.000700965	44.000000	0.0006469 	44.000000	0.000715836	44.000000	0.000720664	44.000000	0.000700702	44.000000	2.6303e-07	
47.000000	0.000698326	47.000000	0.000674222	47.000000	0.000624984	47.000000	0.000687168	47.000000	0.000688087	47.000000	0.000673974	47.000000	2.4796e-07	
50.000000	0.000670097	50.000000	0.000649714	50.000000	0.000604706	50.000000	0.000660999	50.000000	0.000658762	50.000000	0.000649479	50.000000	2.34598e-07	
55.000000	0.000628622	55.000000	0.000613118	55.000000	0.000574149	55.000000	0.000622098	55.000000	0.000615781	55.000000	0.000612903	55.000000	2.15394e-07	
60.000000	0.00059283	60.000000	0.000580989	60.000000	0.00054712	60.000000	0.000588111	60.000000	0.000578772	60.000000	0.000580789	60.000000	1.99221e-07	
65.000000	0.000561596	65.000000	0.00055255	65.000000	0.000522879	65.000000	0.000558156	65.000000	0.000546562	65.000000	0.000552364	65.000000	1.85405e-07	
70.000000	0.000534078	70.000000	0.000527197	70.000000	0.000501083	70.000000	0.000531553	70.000000	0.000518255	70.000000	0.000527024	70.000000	1.73459e-07	
75.000000	0.000509633	75.000000	0.000504451	75.000000	0.000481438	75.000000	0.000507766	75.000000	0.000494953	75.000000	0.000504288	75.000000	1.63022e-07	
80.000000	0.000487758	80.000000	0.000483928	80.000000	0.000463597	80.000000	0.000486371	80.000000	0.000474163	80.000000	0.000483775	80.000000	1.53821e-07	
85.000000	0.000468058	85.000000	0.000465316	85.000000	0.000447307	85.000000	0.000467024	85.000000	0.000455497	85.000000	0.000465171	85.000000	1.45647e-07	
90.000000	0.000450216	90.000000	0.000448359	90.000000	0.000432375	90.000000	0.000449444	90.000000	0.000438639	90.000000	0.000448221	90.000000	1.38333e-07	
95.000000	0.000433973	95.000000	0.000432845	95.000000	0.000418637	95.000000	0.000433401	95.000000	0.000423358	95.000000	0.000432713	95.000000	1.3175e-07	
100.000000	0.000419117	100.000000	0.000418597	100.000000	0.000405999	100.000000	0.000418701	100.000000	0.000409438	100.000000	0.000418471	100.000000	1.25791e-07	
105.000000	0.000405474	105.000000	0.000405466	105.000000	0.000394296	105.000000	0.000405184	105.000000	0.000396674	105.000000	0.000405345	105.000000	1.2037e-07	
110.000000	0.000392897	110.000000	0.000393325	110.000000	0.000383418	110.000000	0.000392713	110.000000	0.000384967	110.000000	0.00039321	110.000000	1.15417e-07	
115.000000	0.000381262	115.000000	0.000382067	115.000000	0.000373319	115.000000	0.000381171	115.000000	0.00037413	115.000000	0.000381956	115.000000	1.10872e-07	
120.000000	0.000370464	120.000000	0.000371599	120.000000	0.000363897	120.000000	0.00037046	120.000000	0.000364141	120.000000	0.000371492	120.000000	1.06687e-07	
125.000000	0.000360413	125.000000	0.00036184	125.000000	0.00035509	125.000000	0.000360493	125.000000	0.000354849	125.000000	0.000361737	125.000000	1.0282e-07	
130.000000	0.000351034	130.000000	0.000352721	130.000000	0.000346853	130.000000	0.000351195	130.000000	0.000346229	130.000000	0.000352622	130.000000	9.92345e-08	
135.000000	0.000342257	135.000000	0.000344181	135.000000	0.000339076	135.000000	0.000342503	135.000000	0.00033816	135.000000	0.000344085	135.000000	9.59017e-08	
140.000000	0.000334027	140.000000	0.000336168	140.000000	0.000331791	140.000000	0.000334359	140.000000	0.000330647	140.000000	0.000336075	140.000000	9.27948e-08	
145.000000	0.000326291	145.000000	0.000328633	145.000000	0.000324939	145.000000	0.000326713	145.000000	0.000323566	145.000000	0.000328543	145.000000	8.98915e-08	
150.000000	0.000319005	150.000000	0.000321536	150.000000	0.000318434	150.000000	0.000319523	150.000000	0.000316934	150.000000	0.000321448	150.000000	8.7172e-08	
155.000000	0.000308487	155.000000	0.000314839	155.000000	0.000312317	155.000000	0.000312747	155.000000	0.00031067	155.000000	0.000314754	155.000000	8.46192e-08	
160.000000	0.000302455	160.000000	0.00030851	160.000000	0.000306533	160.000000	0.000306353	160.000000	0.000304762	160.000000	0.000308428	160.000000	8.22179e-08	
165.000000	0.000296748	165.000000	0.00030252	165.000000	0.000301019	165.000000	0.000300309	165.000000	0.000299197	165.000000	0.00030244	165.000000	7.99549e-08	
170.000000	0.000291341	170.000000	0.000296842	170.000000	0.000295785	170.000000	0.000294588	170.000000	0.000293903	170.000000	0.000296764	170.000000	7.78184e-08	
175.000000	0.000286211	175.000000	0.000291453	175.000000	0.000290824	175.000000	0.000289164	175.000000	0.000288903	175.000000	0.000291377	175.000000	7.5798e-08	
180.000000	0.000281335	180.000000	0.000286331	180.000000	0.00028611	180.000000	0.000284015	180.000000	0.000284159	180.000000	0.000286257	180.000000	7.38842e-08	
185.000000	0.000276696	185.000000	0.000281458	185.000000	0.000281614	185.000000	0.000279122	185.000000	0.000279633	185.000000	0.000281386	185.000000	7.20688e-08	
190.000000	0.000272277	190.000000	0.000276815	190.000000	0.000277318	190.000000	0.000274466	190.000000	0.000275341	190.000000	0.000276745	190.000000	7.03442e-08	
195.000000	0.000268062	195.000000	0.000272387	195.000000	0.000273221	195.000000	0.00027003	195.000000	0.000271251	195.000000	0.000272318	195.000000	6.87037e-08	
200.000000	0.000264037	200.000000	0.00026816	200.000000	0.000269311	200.000000	0.0002658 	200.000000	0.000267334	200.000000	0.000268092	200.000000	6.71412e-08	
210.000000	0.000256507	210.000000	0.000260255	210.000000	0.000261972	210.000000	0.000257902	210.000000	0.000260047	210.000000	0.00026019	210.000000	6.42286e-08	
220.000000	0.0002496 	220.000000	0.000253008	220.000000	0.000255238	220.000000	0.000250676	220.000000	0.000253347	220.000000	0.000252946	220.000000	6.15682e-08	
230.000000	0.00024324	230.000000	0.000246341	230.000000	0.000249035	230.000000	0.000244041	230.000000	0.000247204	230.000000	0.000246282	230.000000	5.91281e-08	
240.000000	0.000237365	240.000000	0.000240189	240.000000	0.000243288	240.000000	0.000237929	240.000000	0.000241525	240.000000	0.000240132	240.000000	5.68816e-08	
250.000000	0.000231921	250.000000	0.000234495	250.000000	0.000237975	250.000000	0.000232282	250.000000	0.000236279	250.000000	0.00023444	250.000000	5.48064e-08	
260.000000	0.000226863	260.000000	0.00022921	260.000000	0.000233039	260.000000	0.00022705	260.000000	0.000231402	260.000000	0.000229157	260.000000	5.28833e-08	
270.000000	0.00022215	270.000000	0.000224292	270.000000	0.000228433	270.000000	0.00022219	270.000000	0.000226874	270.000000	0.000224241	270.000000	5.10959e-08	
280.000000	0.000217749	280.000000	0.000219707	280.000000	0.000224141	280.000000	0.000217664	280.000000	0.000222637	280.000000	0.000219657	280.000000	4.94301e-08	
290.000000	0.000213629	290.000000	0.00021542	290.000000	0.000220114	290.000000	0.000213441	290.000000	0.000218694	290.000000	0.000215372	290.000000	4.78739e-08	
300.000000	0.000209766	300.000000	0.000211406	300.000000	0.000216348	300.000000	0.000209491	300.000000	0.000214979	300.000000	0.00021136	300.000000	4.64165e-08	
310.000000	0.000206135	310.000000	0.000207639	310.000000	0.000212816	310.000000	0.00020579	310.000000	0.000211506	310.000000	0.000207594	310.000000	4.50488e-08	
320.000000	0.000202717	320.000000	0.000204098	320.000000	0.000209485	320.000000	0.000202316	320.000000	0.000208236	320.000000	0.000204055	320.000000	4.37626e-08	
330.000000	0.000199493	330.000000	0.000200764	330.000000	0.000206354	330.000000	0.000199049	330.000000	0.000205154	330.000000	0.000200722	330.000000	4.25507e-08	
340.000000	0.000196449	340.000000	0.00019762	340.000000	0.000203404	340.000000	0.000195972	340.000000	0.000202257	340.000000	0.000197579	340.000000	4.14068e-08	
350.000000	0.000193569	350.000000	0.00019465	350.000000	0.00020061	350.000000	0.000193069	350.000000	0.000199508	350.000000	0.00019461	350.000000	4.03252e-08	
360.000000	0.000190841	360.000000	0.000191841	360.000000	0.000197957	360.000000	0.000190327	360.000000	0.000196913	360.000000	0.000191802	360.000000	3.93009e-08	
370.000000	0.000188253	370.000000	0.000189181	370.000000	0.000195441	370.000000	0.000187733	370.000000	0.000194462	370.000000	0.000189142	370.000000	3.83294e-08	
380.000000	0.000185796	380.000000	0.000186658	380.000000	0.000193066	380.000000	0.000185276	380.000000	0.000192122	380.000000	0.000186621	380.000000	3.74067e-08	
390.000000	0.000183459	390.000000	0.000184263	390.000000	0.000190815	390.000000	0.000182946	390.000000	0.000189907	390.000000	0.000184226	390.000000	3.65292e-08	
400.000000	0.000181235	400.000000	0.000181986	400.000000	0.000188668	400.000000	0.000180734	400.000000	0.000187807	400.000000	0.00018195	400.000000	3.56935e-08	
410.000000	0.000179115	410.000000	0.00017982	410.000000	0.000186623	410.000000	0.000178631	410.000000	0.000185796	410.000000	0.000179785	410.000000	3.48967e-08	
420.000000	0.000177094	420.000000	0.000177756	420.000000	0.000184678	420.000000	0.00017663	420.000000	0.000183884	420.000000	0.000177722	420.000000	3.41361e-08	
430.000000	0.000175163	430.000000	0.000175789	430.000000	0.000182823	430.000000	0.000174725	430.000000	0.000182066	430.000000	0.000175756	430.000000	3.34093e-08	
440.000000	0.000173318	440.000000	0.000173912	440.000000	0.000181047	440.000000	0.000172908	440.000000	0.000180326	440.000000	0.000173879	440.000000	3.2714e-08	
450.000000	0.000171554	450.000000	0.000172119	450.000000	0.000179349	450.000000	0.000171175	450.000000	0.000178661	450.000000	0.000172087	450.000000	3.20482e-08	
460.000000	0.000169865	460.000000	0.000170405	460.000000	0.000177732	460.000000	0.000169519	460.000000	0.000177072	460.000000	0.000170373	460.000000	3.141e-08 	
470.000000	0.000168247	470.000000	0.000168765	470.000000	0.000176191	470.000000	0.000167937	470.000000	0.000175557	470.000000	0.000168734	470.000000	3.07978e-08	
480.000000	0.000166696	480.000000	0.000167194	480.000000	0.000174713	480.000000	0.000166423	480.000000	0.000174096	480.000000	0.000167164	480.000000	3.02099e-08	
490.000000	0.000165207	490.000000	0.00016569	490.000000	0.000173293	490.000000	0.000164974	490.000000	0.000172697	490.000000	0.00016566	490.000000	2.96449e-08	
500.000000	0.000163778	500.000000	0.000164247	500.000000	0.000171928	500.000000	0.000163585	500.000000	0.00017136	500.000000	0.000164218	500.000000	2.91015e-08	
520.000000	0.000161086	520.000000	0.000161535	520.000000	0.000169361	520.000000	0.000160978	520.000000	0.000168841	520.000000	0.000161507	520.000000	2.80746e-08	
540.000000	0.000158596	540.000000	0.000159031	540.000000	0.000166995	540.000000	0.000158574	540.000000	0.000166514	540.000000	0.000159004	540.000000	2.71205e-08	
560.000000	0.000156287	560.000000	0.000156715	560.000000	0.000164807	560.000000	0.000156355	560.000000	0.000164364	560.000000	0.000156689	560.000000	2.62314e-08	
580.000000	0.000154141	580.000000	0.000154568	580.000000	0.000162775	580.000000	0.0001543 	580.000000	0.000162364	580.000000	0.000154543	580.000000	2.5401e-08	
600.000000	0.000152145	600.000000	0.000152574	600.000000	0.000160888	600.000000	0.000152393	600.000000	0.000160516	600.000000	0.00015255	600.000000	2.46235e-08	
620.000000	0.000150283	620.000000	0.000150719	620.000000	0.000159134	620.000000	0.000150621	620.000000	0.000158784	620.000000	0.000150695	620.000000	2.3894e-08	
640.000000	0.000148545	640.000000	0.00014899	640.000000	0.0001575 	640.000000	0.000148971	640.000000	0.000157175	640.000000	0.000148967	640.000000	2.32081e-08	
660.000000	0.000146919	660.000000	0.000147376	660.000000	0.000155973	660.000000	0.000147431	660.000000	0.000155672	660.000000	0.000147353	660.000000	2.2562e-08	
680.000000	0.000145397	680.000000	0.000145867	680.000000	0.000154543	680.000000	0.000145993	680.000000	0.000154262	680.000000	0.000145845	680.000000	2.19521e-08	
700.000000	0.00014397	700.000000	0.000144455	700.000000	0.000153204	700.000000	0.000144648	700.000000	0.000152945	700.000000	0.000144433	700.000000	2.13757e-08	
720.000000	0.00014263	720.000000	0.000143131	720.000000	0.000151951	720.000000	0.000143388	720.000000	0.000151706	720.000000	0.00014311	720.000000	2.08298e-08	
740.000000	0.000141372	740.000000	0.000141889	740.000000	0.000150774	740.000000	0.000142205	740.000000	0.000150542	740.000000	0.000141869	740.000000	2.03122e-08	
760.000000	0.000140188	760.000000	0.000140723	760.000000	0.000149665	760.000000	0.000141095	760.000000	0.000149451	760.000000	0.000140703	760.000000	1.98207e-08	
780.000000	0.000139075	780.000000	0.000139626	780.000000	0.000148621	780.000000	0.000140051	780.000000	0.00014842	780.000000	0.000139607	780.000000	1.93533e-08	
800.000000	0.000138026	800.000000	0.000138595	800.000000	0.000147639	800.000000	0.000139068	800.000000	0.000147448	800.000000	0.000138576	800.000000	1.89082e-08	
820.000000	0.000137037	820.000000	0.000137623	820.000000	0.000146713	820.000000	0.000138142	820.000000	0.000146535	820.000000	0.000137605	820.000000	1.84839e-08	
840.000000	0.000136105	840.000000	0.000136708	840.000000	0.000145839	840.000000	0.000137269	840.000000	0.000145672	840.000000	0.00013669	840.000000	1.8079e-08	
860.000000	0.000135225	860.000000	0.000135845	860.000000	0.000145011	860.000000	0.000136445	860.000000	0.000144853	860.000000	0.000135827	860.000000	1.7692e-08	
880.000000	0.000134394	880.000000	0.000135031	880.000000	0.000144229	880.000000	0.000135666	880.000000	0.000144082	880.000000	0.000135013	880.000000	1.7322e-08	
900.000000	0.00013361	900.000000	0.000134262	900.000000	0.00014349	900.000000	0.00013493	900.000000	0.000143355	900.000000	0.000134245	900.000000	1.69676e-08	
920.000000	0.000132869	920.000000	0.000133536	920.000000	0.00014279	920.000000	0.000134234	920.000000	0.00014266	920.000000	0.000133519	920.000000	1.6628e-08	
940.000000	0.000132169	940.000000	0.00013285	940.000000	0.000142128	940.000000	0.000133574	940.000000	0.000142003	940.000000	0.000132834	940.000000	1.63023e-08	
960.000000	0.000131507	960.000000	0.000132202	960.000000	0.0001415 	960.000000	0.00013295	960.000000	0.000141383	960.000000	0.000132186	960.000000	1.59895e-08	
980.000000	0.000130881	980.000000	0.000131589	980.000000	0.000140902	980.000000	0.000132358	980.000000	0.000140795	980.000000	0.000131573	980.000000	1.5689e-08	
1000.000000	0.00013029	1000.000000	0.000131009	1000.000000	0.000140335	1000.000000	0.000131796	1000.000000	0.000140233	1000.000000	0.000130994	1000.000000	1.53999e-08	
1020.000000	0.000129731	1020.000000	0.000130461	1020.000000	0.000139797	1020.000000	0.000131263	1020.000000	0.000139698	1020.000000	0.000130446	1020.000000	1.51218e-08	
1040.000000	0.000129202	1040.000000	0.000129943	1040.000000	0.000139287	1040.000000	0.000130757	1040.000000	0.000139192	1040.000000	0.000129928	1040.000000	1.48538e-08	
1060.000000	0.000128703	1060.000000	0.000129452	1060.000000	0.000138803	1060.000000	0.000130277	1060.000000	0.000138713	1060.000000	0.000129438	1060.000000	1.45956e-08	
1080.000000	0.00012823	1080.000000	0.000128988	1080.000000	0.000138343	1080.000000	0.00012982	1080.000000	0.000138251	1080.000000	0.000128974	1080.000000	1.43465e-08	
1100.000000	0.000127784	1100.000000	0.000128549	1100.000000	0.000137905	1100.000000	0.000129386	1100.000000	0.000137814	1100.000000	0.000128535	1100.000000	1.41061e-08	
1120.000000	0.000127363	1120.000000	0.000128134	1120.000000	0.000137488	1120.000000	0.000128973	1120.000000	0.0001374 	1120.000000	0.00012812	1120.000000	1.38739e-08	
1140.000000	0.000126965	1140.000000	0.000127741	1140.000000	0.000137089	1140.000000	0.00012858	1140.000000	0.000137006	1140.000000	0.000127727	1140.000000	1.36495e-08	
1160.000000	0.000126589	1160.000000	0.00012737	1160.000000	0.000136709	1160.000000	0.000128207	1160.000000	0.000136629	1160.000000	0.000127356	1160.000000	1.34325e-08	
1180.000000	0.000126235	1180.000000	0.000127019	1180.000000	0.000136348	1180.000000	0.000127851	1180.000000	0.000136269	1180.000000	0.000127005	1180.000000	1.32226e-08	
1200.000000	0.000125901	1200.000000	0.000126687	1200.000000	0.000136004	1200.000000	0.000127512	1200.000000	0.000135928	1200.000000	0.000126674	1200.000000	1.30194e-08	
1220.000000	0.000125587	1220.000000	0.000126373	1220.000000	0.000135676	1220.000000	0.00012719	1220.000000	0.000135603	1220.000000	0.000126361	1220.000000	1.28226e-08	
1240.000000	0.000125291	1240.000000	0.000126078	1240.000000	0.000135365	1240.000000	0.000126883	1240.000000	0.000135294	1240.000000	0.000126065	1240.000000	1.26318e-08	
1260.000000	0.000125013	1260.000000	0.000125798	1260.000000	0.000135069	1260.000000	0.00012659	1260.000000	0.000134998	1260.000000	0.000125786	1260.000000	1.24469e-08	
1280.000000	0.000124752	1280.000000	0.000125535	1280.000000	0.000134786	1280.000000	0.000126311	1280.000000	0.000134714	1280.000000	0.000125523	1280.000000	1.22675e-08	
1300.000000	0.000124507	1300.000000	0.000125287	1300.000000	0.000134516	1300.000000	0.000126045	1300.000000	0.000134445	1300.000000	0.000125275	1300.000000	1.20933e-08	
1320.000000	0.000124277	1320.000000	0.000125054	1320.000000	0.000134258	1320.000000	0.000125792	1320.000000	0.000134189	1320.000000	0.000125042	1320.000000	1.19243e-08	
1340.000000	0.000124063	1340.000000	0.000124834	1340.000000	0.000134012	1340.000000	0.000125551	1340.000000	0.000133946	1340.000000	0.000124822	1340.000000	1.17601e-08	
1360.000000	0.000123863	1360.000000	0.000124628	1360.000000	0.000133776	1360.000000	0.000125321	1360.000000	0.000133713	1360.000000	0.000124616	1360.000000	1.16005e-08	
1380.000000	0.000123676	1380.000000	0.000124434	1380.000000	0.000133551	1380.000000	0.000125102	1380.000000	0.000133489	1380.000000	0.000124423	1380.000000	1.14453e-08	
1400.000000	0.000123503	1400.000000	0.000124253	1400.000000	0.000133337	1400.000000	0.000124893	1400.000000	0.000133276	1400.000000	0.000124242	1400.000000	1.12944e-08	
1420.000000	0.000123342	1420.000000	0.000124083	1420.000000	0.000133132	1420.000000	0.000124694	1420.000000	0.000133074	1420.000000	0.000124072	1420.000000	1.11475e-08	
1440.000000	0.000123194	1440.000000	0.000123925	1440.000000	0.000132938	1440.000000	0.000124504	1440.000000	0.000132882	1440.000000	0.000123914	1440.000000	1.10046e-08	
1460.000000	0.000123057	1460.000000	0.000123777	1460.000000	0.000132752	1460.000000	0.000124323	1460.000000	0.000132699	1460.000000	0.000123766	1460.000000	1.08654e-08	
1480.000000	0.000122931	1480.000000	0.000123639	1480.000000	0.000132575	1480.000000	0.000124151	1480.000000	0.000132522	1480.000000	0.000123629	1480.000000	1.07299e-08	
1500.000000	0.000122817	1500.000000	0.000123512	1500.000000	0.000132407	1500.000000	0.000123987	1500.000000	0.000132354	1500.000000	0.000123501	1500.000000	1.05978e-08	
1520.000000	0.000122712	1520.000000	0.000123394	1520.000000	0.000132247	1520.000000	0.00012383	1520.000000	0.000132195	1520.000000	0.000123383	1520.000000	1.0469e-08	
1540.000000	0.000122618	1540.000000	0.000123285	1540.000000	0.000132095	1540.000000	0.000123681	1540.000000	0.000132044	1540.000000	0.000123275	1540.000000	1.03434e-08	
1560.000000	0.000122534	1560.000000	0.000123185	1560.000000	0.000131949	1560.000000	0.00012354	1560.000000	0.000131901	1560.000000	0.000123175	1560.000000	1.0221e-08	
1580.000000	0.000122459	1580.000000	0.000123093	1580.000000	0.000131811	1580.000000	0.000123405	1580.000000	0.000131765	1580.000000	0.000123083	1580.000000	1.01015e-08	
1600.000000	0.000122393	1600.000000	0.00012301	1600.000000	0.000131679	1600.000000	0.000123277	1600.000000	0.000131635	1600.000000	0.000123  	1600.000000	9.98483e-09	
1620.000000	0.000122336	1620.000000	0.000122934	1620.000000	0.000131553	1620.000000	0.000123155	1620.000000	0.000131509	1620.000000	0.000122925	1620.000000	9.87095e-09	
1640.000000	0.000122287	1640.000000	0.000122867	1640.000000	0.000131434	1640.000000	0.000123039	1640.000000	0.000131391	1640.000000	0.000122857	1640.000000	9.75974e-09	
1660.000000	0.000122247	1660.000000	0.000122806	1660.000000	0.00013132	1660.000000	0.000122928	1660.000000	0.000131278	1660.000000	0.000122796	1660.000000	9.6511e-09	
1680.000000	0.000122214	1680.000000	0.000122752	1680.000000	0.000131211	1680.000000	0.000122824	1680.000000	0.000131172	1680.000000	0.000122743	1680.000000	9.54494e-09	
1700.000000	0.000122189	1700.000000	0.000122705	1700.000000	0.000131108	1700.000000	0.000122724	1700.000000	0.000131071	1700.000000	0.000122696	1700.000000	9.44117e-09	
1750.000000	0.000122159	1750.000000	0.000122617	1750.000000	0.000130873	1750.000000	0.000122498	1750.000000	0.000130839	1750.000000	0.000122608	1750.000000	9.19172e-09	
1800.000000	0.000122172	1800.000000	0.000122566	1800.000000	0.000130666	1800.000000	0.000122301	1800.000000	0.000130635	1800.000000	0.000122557	1800.000000	8.95556e-09	
1850.000000	0.000122225	1850.000000	0.000122549	1850.000000	0.000130486	1850.000000	0.000122129	1850.000000	0.000130459	1850.000000	0.000122541	1850.000000	8.73167e-09	
1900.000000	0.000122314	1900.000000	0.000122565	1900.000000	0.00013033	1900.000000	0.000121982	1900.000000	0.000130306	1900.000000	0.000122556	1900.000000	8.51908e-09	
1950.000000	0.000122438	1950.000000	0.00012261	1950.000000	0.000130196	1950.000000	0.000121856	1950.000000	0.000130174	1950.000000	0.000122602	1950.000000	8.31696e-09	
2000.000000	0.000122595	2000.000000	0.000122682	2000.000000	0.000130082	2000.000000	0.00012175	2000.000000	0.000130064	2000.000000	0.000122674	2000.000000	8.12454e-09	
2100.000000	0.000122995	2100.000000	0.000122901	2100.000000	0.000129907	2100.000000	0.00012159	2100.000000	0.000129893	2100.000000	0.000122894	2100.000000	7.76612e-09	
2200.000000	0.000123501	2200.000000	0.000123208	2200.000000	0.000129793	2200.000000	0.00012149	2200.000000	0.000129785	2200.000000	0.000123201	2200.000000	7.43902e-09	
2300.000000	0.0001241 	2300.000000	0.000123591	2300.000000	0.000129731	2300.000000	0.000121441	2300.000000	0.000129725	2300.000000	0.000123584	2300.000000	7.13927e-09	
2400.000000	0.000124783	2400.000000	0.00012404	2400.000000	0.000129712	2400.000000	0.000121434	2400.000000	0.00012971	2400.000000	0.000124033	2400.000000	6.86352e-09	
2500.000000	0.00012554	2500.000000	0.000124548	2500.000000	0.00012973	2500.000000	0.000121464	2500.000000	0.00012973	2500.000000	0.000124541	2500.000000	6.60898e-09	
2600.000000	0.000126365	2600.000000	0.000125108	2600.000000	0.000129779	2600.000000	0.000121524	2600.000000	0.000129783	2600.000000	0.000125101	2600.000000	6.37327e-09	
2700.000000	0.00012725	2700.000000	0.000125713	2700.000000	0.000129855	2700.000000	0.000121611	2700.000000	0.000129861	2700.000000	0.000125707	2700.000000	6.15435e-09	
2800.000000	0.000128191	2800.000000	0.00012636	2800.000000	0.000129954	2800.000000	0.000121719	2800.000000	0.000129963	2800.000000	0.000126354	2800.000000	5.95046e-09	
2900.000000	0.000129183	2900.000000	0.000127043	2900.000000	0.000130072	2900.000000	0.000121847	2900.000000	0.000130081	2900.000000	0.000127037	2900.000000	5.7601e-09	
3000.000000	0.000130221	3000.000000	0.000127759	3000.000000	0.000130207	3000.000000	0.000121991	3000.000000	0.000130218	3000.000000	0.000127754	3000.000000	5.58194e-09	
3200.000000	0.000132424	3200.000000	0.000129278	3200.000000	0.000130517	3200.000000	0.000122318	3200.000000	0.000130531	3200.000000	0.000129272	3200.000000	5.25778e-09	
3400.000000	0.000134776	3400.000000	0.000130894	3400.000000	0.000130869	3400.000000	0.000122685	3400.000000	0.000130885	3400.000000	0.000130889	3400.000000	4.97034e-09	
3600.000000	0.000137257	3600.000000	0.00013259	3600.000000	0.000131251	3600.000000	0.000123082	3600.000000	0.00013127	3600.000000	0.000132585	3600.000000	4.71366e-09	
3800.000000	0.000139854	3800.000000	0.000134354	3800.000000	0.000131655	3800.000000	0.0001235 	3800.000000	0.000131675	3800.000000	0.000134349	3800.000000	4.483e-09 	
4000.000000	0.000142553	4000.000000	0.000136175	4000.000000	0.000132074	4000.000000	0.000123932	4000.000000	0.000132095	4000.000000	0.00013617	4000.000000	4.27456e-09	
4200.000000	0.000145346	4200.000000	0.000138043	4200.000000	0.000132503	4200.000000	0.000124374	4200.000000	0.000132526	4200.000000	0.000138039	4200.000000	4.08524e-09	
4400.000000	0.000148223	4400.000000	0.000139954	4400.000000	0.000132938	4400.000000	0.000124822	4400.000000	0.000132962	4400.000000	0.00013995	4400.000000	3.9125e-09	
4600.000000	0.000151178	4600.000000	0.000141899	4600.000000	0.000133375	4600.000000	0.000125273	4600.000000	0.000133402	4600.000000	0.000141895	4600.000000	3.75423e-09	
4800.000000	0.000154206	4800.000000	0.000143875	4800.000000	0.000133814	4800.000000	0.000125724	4800.000000	0.000133842	4800.000000	0.000143871	4800.000000	3.60867e-09	
5000.000000	0.000157301	5000.000000	0.000145878	5000.000000	0.000134251	5000.000000	0.000126175	5000.000000	0.000134282	5000.000000	0.000145874	5000.000000	3.47432e-09	
5250.000000	0.000161259	5250.000000	0.000148413	5250.000000	0.000134795	5250.000000	0.000126735	5250.000000	0.000134829	5250.000000	0.00014841	5250.000000	3.32027e-09	
5500.000000	0.000165309	5500.000000	0.000150979	5500.000000	0.000135334	5500.000000	0.00012729	5500.000000	0.00013537	5500.000000	0.000150976	5500.000000	3.17971e-09	
6000.000000	0.000173666	6000.000000	0.000156186	6000.000000	0.000136392	6000.000000	0.000128378	6000.000000	0.00013643	6000.000000	0.000156183	6000.000000	2.9325e-09	
6500.000000	0.000182336	6500.000000	0.00016147	6500.000000	0.00013742	6500.000000	0.000129433	6500.000000	0.000137456	6500.000000	0.000161467	6500.000000	2.72201e-09	
7000.000000	0.000191295	7000.000000	0.000166811	7000.000000	0.000138403	7000.000000	0.00013045	7000.000000	0.000138445	7000.000000	0.000166809	7000.000000	2.54055e-09	
7500.000000	0.000200524	7500.000000	0.000172196	7500.000000	0.000139355	7500.000000	0.00013143	7500.000000	0.000139396	7500.000000	0.000172193	7500.000000	2.38245e-09	
8000.000000	0.000210009	8000.000000	0.000177612	8000.000000	0.000140269	8000.000000	0.000132374	8000.000000	0.000140309	8000.000000	0.00017761	8000.000000	2.24343e-09	
8500.000000	0.000219739	8500.000000	0.000183053	8500.000000	0.000141143	8500.000000	0.000133281	8500.000000	0.000141185	8500.000000	0.000183051	8500.000000	2.1202e-09	
9000.000000	0.000229706	9000.000000	0.000188513	9000.000000	0.000141979	9000.000000	0.000134154	9000.000000	0.000142027	9000.000000	0.000188511	9000.000000	2.01019e-09	
9500.000000	0.000239902	9500.000000	0.000193986	9500.000000	0.000142784	9500.000000	0.000134994	9500.000000	0.000142835	9500.000000	0.000193984	9500.000000	1.91136e-09	
10000.000000	0.000250323	10000.000000	0.000199469	10000.000000	0.000143561	10000.000000	0.000135804	10000.000000	0.00014361	10000.000000	0.000199467	10000.000000	1.82208e-09	
11000.000000	0.000271823	11000.000000	0.000210454	11000.000000	0.000145027	11000.000000	0.000137337	11000.000000	0.000145075	11000.000000	0.000210452	11000.000000	1.66705e-09	
12000.000000	0.000294179	12000.000000	0.000221452	12000.000000	0.000146379	12000.000000	0.000138767	12000.000000	0.000146432	12000.000000	0.00022145	12000.000000	1.53701e-09	
13000.000000	0.000317373	13000.000000	0.000232451	13000.000000	0.000147637	13000.000000	0.000140105	13000.000000	0.000147693	13000.000000	0.00023245	13000.000000	1.42632e-09	
14000.000000	0.000341395	14000.000000	0.000243445	14000.000000	0.00014882	14000.000000	0.000141361	14000.000000	0.00014887	14000.000000	0.000243443	14000.000000	1.33093e-09	
15000.000000	0.000366236	15000.000000	0.000254428	15000.000000	0.00014993	15000.000000	0.000142544	15000.000000	0.00014997	15000.000000	0.000254427	15000.000000	1.24783e-09	
16000.000000	0.000391891	16000.000000	0.000265399	16000.000000	0.000150968	16000.000000	0.000143662	16000.000000	0.000151003	16000.000000	0.000265398	16000.000000	1.17479e-09	
17000.000000	0.000418357	17000.000000	0.000276354	17000.000000	0.000151937	17000.000000	0.00014472	17000.000000	0.000151973	17000.000000	0.000276353	17000.000000	1.11005e-09	
18000.000000	0.000445631	18000.000000	0.000287292	18000.000000	0.000152846	18000.000000	0.000145726	18000.000000	0.000152888	18000.000000	0.000287291	18000.000000	1.05227e-09	
19000.000000	0.000473712	19000.000000	0.000298212	19000.000000	0.000153702	19000.000000	0.000146683	19000.000000	0.000153752	19000.000000	0.000298211	19000.000000	1.00037e-09	
20000.000000	0.000502601	20000.000000	0.000309115	20000.000000	0.000154514	20000.000000	0.000147595	20000.000000	0.000154569	20000.000000	0.000309114	20000.000000	9.53497e-10	
21000.000000	0.000532299	21000.000000	0.000319999	21000.000000	0.000155286	21000.000000	0.000148468	21000.000000	0.000155344	21000.000000	0.000319998	21000.000000	9.10939e-10	
22000.000000	0.000562806	22000.000000	0.000330865	22000.000000	0.000156023	22000.000000	0.000149303	22000.000000	0.00015608	22000.000000	0.000330864	22000.000000	8.72123e-10	
23000.000000	0.000594125	23000.000000	0.000341713	23000.000000	0.000156723	23000.000000	0.000150105	23000.000000	0.00015678	23000.000000	0.000341712	23000.000000	8.36572e-10	
24000.000000	0.000626257	24000.000000	0.000352542	24000.000000	0.000157389	24000.000000	0.000150875	24000.000000	0.000157446	24000.000000	0.000352542	24000.000000	8.03888e-10	
25000.000000	0.000659204	25000.000000	0.000363354	25000.000000	0.000158026	25000.000000	0.000151615	25000.000000	0.000158083	25000.000000	0.000363353	25000.000000	7.73733e-10	
26000.000000	0.00069297	26000.000000	0.000374149	26000.000000	0.000158633	26000.000000	0.000152329	26000.000000	0.000158689	26000.000000	0.000374148	26000.000000	7.45822e-10	
27000.000000	0.000727556	27000.000000	0.000384926	27000.000000	0.000159213	27000.000000	0.000153018	27000.000000	0.00015927	27000.000000	0.000384925	27000.000000	7.19911e-10	
28000.000000	0.000762967	28000.000000	0.000395686	28000.000000	0.000159768	28000.000000	0.000153683	28000.000000	0.000159825	28000.000000	0.000395685	28000.000000	6.95791e-10	
29000.000000	0.000799204	29000.000000	0.00040643	29000.000000	0.000160301	29000.000000	0.000154326	29000.000000	0.000160358	29000.000000	0.000406429	29000.000000	6.73281e-10	
30000.000000	0.000836272	30000.000000	0.000417157	30000.000000	0.000160812	30000.000000	0.000154949	30000.000000	0.000160869	30000.000000	0.000417157	30000.000000	6.52222e-10	
32000.000000	0.000912913	32000.000000	0.000438565	32000.000000	0.000161776	32000.000000	0.000156137	32000.000000	0.000161831	32000.000000	0.000438565	32000.000000	6.13929e-10	
34000.000000	0.000992919	34000.000000	0.000459913	34000.000000	0.000162667	34000.000000	0.000157258	34000.000000	0.00016272	34000.000000	0.000459912	34000.000000	5.8e-10   	
36000.000000	0.00107632	36000.000000	0.000481203	36000.000000	0.00016349	36000.000000	0.000158316	36000.000000	0.000163545	36000.000000	0.000481202	36000.000000	5.49723e-10	
38000.000000	0.00116314	38000.000000	0.000502438	38000.000000	0.000164255	38000.000000	0.000159321	38000.000000	0.000164313	38000.000000	0.000502437	38000.000000	5.22533e-10	
40000.000000	0.00125342	40000.000000	0.00052362	40000.000000	0.000164969	40000.000000	0.000160275	40000.000000	0.00016503	40000.000000	0.000523619	40000.000000	4.97978e-10	
42000.000000	0.00134719	42000.000000	0.000544751	42000.000000	0.000165638	42000.000000	0.000161185	42000.000000	0.0001657 	42000.000000	0.000544751	42000.000000	4.75688e-10	
44000.000000	0.00144449	44000.000000	0.000565834	44000.000000	0.000166268	44000.000000	0.000162054	44000.000000	0.000166329	44000.000000	0.000565834	44000.000000	4.55361e-10	
46000.000000	0.00154534	46000.000000	0.000586871	46000.000000	0.000166866	46000.000000	0.000162885	46000.000000	0.00016692	46000.000000	0.000586871	46000.000000	4.36746e-10	
48000.000000	0.00164979	48000.000000	0.000607864	48000.000000	0.000167433	48000.000000	0.000163682	48000.000000	0.000167477	48000.000000	0.000607863	48000.000000	4.19635e-10	
50000.000000	0.00175786	50000.000000	0.000628813	50000.000000	0.000167967	50000.000000	0.000164448	50000.000000	0.000168002	50000.000000	0.000628813	50000.000000	4.0385e-10	
