0.125 0 0.008582
0.125 0.5 0.0113
0.125 1 0.01899
0.125 1.5 0.0304
0.125 2 0.04371
0.125 2.5 0.0569
0.125 3 0.06814
0.125 3.5 0.07606
0.125 4 0.07992
0.125 4.5 0.07965
0.125 5 0.07574
0.125 5.5 0.06904
0.125 6 0.06058
0.125 6.5 0.05133
0.125 7 0.04216
0.125 7.5 0.03366
0.125 8 0.02621
0.125 8.5 0.01999
0.125 9 0.01499
0.125 9.5 0.01113
0.125 10 0.008252
0.375 0 0.02086
0.375 0.5 0.02741
0.375 1 0.04602
0.375 1.5 0.07376
0.375 2 0.1064
0.375 2.5 0.1392
0.375 3 0.1677
0.375 3.5 0.1885
0.375 4 0.1998
0.375 4.5 0.2011
0.375 5 0.1932
0.375 5.5 0.1782
0.375 6 0.1582
0.375 6.5 0.1358
0.375 7 0.1129
0.375 7.5 0.09127
0.375 8 0.07191
0.375 8.5 0.05541
0.375 9 0.04192
0.375 9.5 0.03131
0.375 10 0.02327
0.625 0 0.02184
0.625 0.5 0.02864
0.625 1 0.04799
0.625 1.5 0.077
0.625 2 0.1115
0.625 2.5 0.1466
0.625 3 0.1779
0.625 3.5 0.2017
0.625 4 0.2158
0.625 4.5 0.2195
0.625 5 0.2134
0.625 5.5 0.1993
0.625 6 0.1793
0.625 6.5 0.156
0.625 7 0.1315
0.625 7.5 0.1078
0.625 8 0.08599
0.625 8.5 0.06702
0.625 9 0.0512
0.625 9.5 0.03852
0.625 10 0.02874
0.875 0 0.01915
0.875 0.5 0.02503
0.875 1 0.04183
0.875 1.5 0.06717
0.875 2 0.09756
0.875 2.5 0.129
0.875 3 0.1576
0.875 3.5 0.1801
0.875 4 0.1945
0.875 4.5 0.2
0.875 5 0.1967
0.875 5.5 0.1859
0.875 6 0.1694
0.875 6.5 0.1493
0.875 7 0.1275
0.875 7.5 0.1058
0.875 8 0.08545
0.875 8.5 0.06735
0.875 9 0.05195
0.875 9.5 0.03939
0.875 10 0.02953
1.125 0 0.01599
1.125 0.5 0.02083
1.125 1 0.0347
1.125 1.5 0.05573
1.125 2 0.08119
1.125 2.5 0.1079
1.125 3 0.1326
1.125 3.5 0.1528
1.125 4 0.1665
1.125 4.5 0.1729
1.125 5 0.1718
1.125 5.5 0.1643
1.125 6 0.1515
1.125 6.5 0.1351
1.125 7 0.1168
1.125 7.5 0.09809
1.125 8 0.08015
1.125 8.5 0.06385
1.125 9 0.04972
1.125 9.5 0.03799
1.125 10 0.02864
1.375 0 0.0132
1.375 0.5 0.01713
1.375 1 0.02842
1.375 1.5 0.04564
1.375 2 0.06667
1.375 2.5 0.08899
1.375 3 0.1101
1.375 3.5 0.1278
1.375 4 0.1404
1.375 4.5 0.1471
1.375 5 0.1477
1.375 5.5 0.1427
1.375 6 0.1331
1.375 6.5 0.12
1.375 7 0.105
1.375 7.5 0.08913
1.375 8 0.07361
1.375 8.5 0.05924
1.375 9 0.04656
1.375 9.5 0.03586
1.375 10 0.0272
1.625 0 0.0109
1.625 0.5 0.0141
1.625 1 0.02329
1.625 1.5 0.03738
1.625 2 0.05473
1.625 2.5 0.07336
1.625 3 0.09128
1.625 3.5 0.1067
1.625 4 0.1182
1.625 4.5 0.1249
1.625 5 0.1266
1.625 5.5 0.1235
1.625 6 0.1163
1.625 6.5 0.106
1.625 7 0.09369
1.625 7.5 0.08038
1.625 8 0.06706
1.625 8.5 0.05449
1.625 9 0.04322
1.625 9.5 0.03355
1.625 10 0.02562
1.875 0 0.009064
1.875 0.5 0.01167
1.875 1 0.01919
1.875 1.5 0.03077
1.875 2 0.04513
1.875 2.5 0.06073
1.875 3 0.07596
1.875 3.5 0.08934
1.875 4 0.09968
1.875 4.5 0.1062
1.875 5 0.1086
1.875 5.5 0.1069
1.875 6 0.1017
1.875 6.5 0.09355
1.875 7 0.08347
1.875 7.5 0.07231
1.875 8 0.06091
1.875 8.5 0.04995
1.875 9 0.03996
1.875 9.5 0.03128
1.875 10 0.02405
2.125 0 0.007593
2.125 0.5 0.009732
2.125 1 0.01592
2.125 1.5 0.0255
2.125 2 0.03746
2.125 2.5 0.05059
2.125 3 0.06357
2.125 3.5 0.0752
2.125 4 0.08447
2.125 4.5 0.09066
2.125 5 0.09342
2.125 5.5 0.09276
2.125 6 0.08897
2.125 6.5 0.08262
2.125 7 0.07438
2.125 7.5 0.06503
2.125 8 0.05527
2.125 8.5 0.04573
2.125 9 0.0369
2.125 9.5 0.02911
2.125 10 0.02254
2.375 0 0.006412
2.375 0.5 0.008183
2.375 1 0.01332
2.375 1.5 0.0213
2.375 2 0.03133
2.375 2.5 0.04243
2.375 3 0.05355
2.375 3.5 0.06368
2.375 4 0.07196
2.375 4.5 0.07775
2.375 5 0.0807
2.375 5.5 0.08074
2.375 6 0.07806
2.375 6.5 0.07308
2.375 7 0.06636
2.375 7.5 0.0585
2.375 8 0.05015
2.375 8.5 0.04184
2.375 9 0.03404
2.375 9.5 0.02707
2.375 10 0.02111
2.625 0 0.005458
2.625 0.5 0.006937
2.625 1 0.01123
2.625 1.5 0.01793
2.625 2 0.0264
2.625 2.5 0.03585
2.625 3 0.04541
2.625 3.5 0.05425
2.625 4 0.06164
2.625 4.5 0.067
2.625 5 0.07
2.625 5.5 0.07052
2.625 6 0.06868
2.625 6.5 0.06478
2.625 7 0.05928
2.625 7.5 0.05268
2.625 8 0.04552
2.625 8.5 0.03829
2.625 9 0.0314
2.625 9.5 0.02516
2.625 10 0.01977
2.875 0 0.004681
2.875 0.5 0.005927
2.875 1 0.009548
2.875 1.5 0.01522
2.875 2 0.02242
2.875 2.5 0.0305
2.875 3 0.03877
2.875 3.5 0.0465
2.875 4 0.05309
2.875 4.5 0.05801
2.875 5 0.06096
2.875 5.5 0.0618
2.875 6 0.06058
2.875 6.5 0.05754
2.875 7 0.05303
2.875 7.5 0.04748
2.875 8 0.04134
2.875 8.5 0.03505
2.875 9 0.02897
2.875 9.5 0.02339
2.875 10 0.01851
3.125 0 0.004044
3.125 0.5 0.005101
3.125 1 0.00818
3.125 1.5 0.01301
3.125 2 0.01917
3.125 2.5 0.02614
3.125 3 0.03331
3.125 3.5 0.0401
3.125 4 0.04596
3.125 4.5 0.05046
3.125 5 0.0533
3.125 5.5 0.05433
3.125 6 0.05359
3.125 6.5 0.05122
3.125 7 0.04752
3.125 7.5 0.04284
3.125 8 0.03757
3.125 8.5 0.03209
3.125 9 0.02672
3.125 9.5 0.02174
3.125 10 0.01733
3.375 0 0.003516
3.375 0.5 0.004421
3.375 1 0.007059
3.375 1.5 0.01121
3.375 2 0.01652
3.375 2.5 0.02255
3.375 3 0.0288
3.375 3.5 0.03478
3.375 4 0.04
3.375 4.5 0.0441
3.375 5 0.04679
3.375 5.5 0.04793
3.375 6 0.04752
3.375 6.5 0.04568
3.375 7 0.04264
3.375 7.5 0.0387
3.375 8 0.03417
3.375 8.5 0.02939
3.375 9 0.02466
3.375 9.5 0.02021
3.375 10 0.01622
3.625 0 0.003075
3.625 0.5 0.003856
3.625 1 0.006135
3.625 1.5 0.009725
3.625 2 0.01433
3.625 2.5 0.01958
3.625 3 0.02506
3.625 3.5 0.03033
3.625 4 0.03499
3.625 4.5 0.0387
3.625 5 0.04122
3.625 5.5 0.04241
3.625 6 0.04225
3.625 6.5 0.04083
3.625 7 0.03833
3.625 7.5 0.03499
3.625 8 0.0311
3.625 8.5 0.02693
3.625 9 0.02275
3.625 9.5 0.01878
3.625 10 0.01519
3.875 0 0.002704
3.875 0.5 0.003384
3.875 1 0.005366
3.875 1.5 0.008494
3.875 2 0.01252
3.875 2.5 0.01712
3.875 3 0.02193
3.875 3.5 0.02659
3.875 4 0.03075
3.875 4.5 0.03411
3.875 5 0.03645
3.875 5.5 0.03764
3.875 6 0.03766
3.875 6.5 0.03656
3.875 7 0.0345
3.875 7.5 0.03167
3.875 8 0.02832
3.875 8.5 0.02468
3.875 9 0.021
3.875 9.5 0.01746
3.875 10 0.01422
4.125 0 0.00239
4.125 0.5 0.002985
4.125 1 0.004723
4.125 1.5 0.007467
4.125 2 0.011
4.125 2.5 0.01505
4.125 3 0.0193
4.125 3.5 0.02344
4.125 4 0.02715
4.125 4.5 0.03018
4.125 5 0.03234
4.125 5.5 0.03351
4.125 6 0.03365
4.125 6.5 0.0328
4.125 7 0.0311
4.125 7.5 0.0287
4.125 8 0.02581
4.125 8.5 0.02264
4.125 9 0.01938
4.125 9.5 0.01623
4.125 10 0.0133
4.375 0 0.002122
4.375 0.5 0.002647
4.375 1 0.00418
4.375 1.5 0.006603
4.375 2 0.009726
4.375 2.5 0.01331
4.375 3 0.01708
4.375 3.5 0.02076
4.375 4 0.02408
4.375 4.5 0.02681
4.375 5 0.02879
4.375 5.5 0.02991
4.375 6 0.03013
4.375 6.5 0.02949
4.375 7 0.02808
4.375 7.5 0.02604
4.375 8 0.02354
4.375 8.5 0.02077
4.375 9 0.0179
4.375 9.5 0.01508
4.375 10 0.01245
4.625 0 0.001891
4.625 0.5 0.002357
4.625 1 0.00372
4.625 1.5 0.005872
4.625 2 0.008647
4.625 2.5 0.01183
4.625 3 0.01519
4.625 3.5 0.01847
4.625 4 0.02144
4.625 4.5 0.02391
4.625 5 0.02572
4.625 5.5 0.02678
4.625 6 0.02705
4.625 6.5 0.02656
4.625 7 0.02539
4.625 7.5 0.02365
4.625 8 0.02149
4.625 8.5 0.01907
4.625 9 0.01653
4.625 9.5 0.01402
4.625 10 0.01165
4.875 0 0.001691
4.875 0.5 0.002108
4.875 1 0.003326
4.875 1.5 0.005249
4.875 2 0.007728
4.875 2.5 0.01057
4.875 3 0.01357
4.875 3.5 0.01651
4.875 4 0.01917
4.875 4.5 0.0214
4.875 5 0.02305
4.875 5.5 0.02404
4.875 6 0.02434
4.875 6.5 0.02397
4.875 7 0.02299
4.875 7.5 0.02151
4.875 8 0.01964
4.875 8.5 0.01751
4.875 9 0.01527
4.875 9.5 0.01303
4.875 10 0.0109
5.125 0 0.001517
5.125 0.5 0.001892
5.125 1 0.002987
5.125 1.5 0.004715
5.125 2 0.006941
5.125 2.5 0.009494
5.125 3 0.01218
5.125 3.5 0.01482
5.125 4 0.01721
5.125 4.5 0.01922
5.125 5 0.02071
5.125 5.5 0.02163
5.125 6 0.02195
5.125 6.5 0.02167
5.125 7 0.02085
5.125 7.5 0.01958
5.125 8 0.01796
5.125 8.5 0.0161
5.125 9 0.01411
5.125 9.5 0.01212
5.125 10 0.0102
5.375 0 0.001366
5.375 0.5 0.001704
5.375 1 0.002694
5.375 1.5 0.004254
5.375 2 0.006262
5.375 2.5 0.008563
5.375 3 0.01098
5.375 3.5 0.01335
5.375 4 0.01551
5.375 4.5 0.01732
5.375 5 0.01867
5.375 5.5 0.01952
5.375 6 0.01984
5.375 6.5 0.01963
5.375 7 0.01894
5.375 7.5 0.01785
5.375 8 0.01644
5.375 8.5 0.0148
5.375 9 0.01305
5.375 9.5 0.01127
5.375 10 0.009538
5.625 0 0.001232
5.625 0.5 0.00154
5.625 1 0.002439
5.625 1.5 0.003855
5.625 2 0.005674
5.625 2.5 0.007755
5.625 3 0.009941
5.625 3.5 0.01208
5.625 4 0.01402
5.625 4.5 0.01565
5.625 5 0.01688
5.625 5.5 0.01766
5.625 6 0.01797
5.625 6.5 0.01781
5.625 7 0.01723
5.625 7.5 0.01629
5.625 8 0.01506
5.625 8.5 0.01363
5.625 9 0.01207
5.625 9.5 0.01048
5.625 10 0.008922
5.875 0 0.001114
5.875 0.5 0.001395
5.875 1 0.002215
5.875 1.5 0.003505
5.875 2 0.005161
5.875 2.5 0.00705
5.875 3 0.009032
5.875 3.5 0.01096
5.875 4 0.01272
5.875 4.5 0.01419
5.875 5 0.01531
5.875 5.5 0.01602
5.875 6 0.01631
5.875 6.5 0.0162
5.875 7 0.0157
5.875 7.5 0.01489
5.875 8 0.01381
5.875 8.5 0.01255
5.875 9 0.01117
5.875 9.5 0.009748
5.875 10 0.008346
6.125 0 0.00101
6.125 0.5 0.001268
6.125 1 0.002019
6.125 1.5 0.003199
6.125 2 0.004711
6.125 2.5 0.006433
6.125 3 0.008234
6.125 3.5 0.009986
6.125 4 0.01158
6.125 4.5 0.01291
6.125 5 0.01392
6.125 5.5 0.01457
6.125 6 0.01484
6.125 6.5 0.01476
6.125 7 0.01434
6.125 7.5 0.01363
6.125 8 0.01268
6.125 8.5 0.01157
6.125 9 0.01034
6.125 9.5 0.00907
6.125 10 0.007807
6.375 0 0.0009171
6.375 0.5 0.001154
6.375 1 0.001845
6.375 1.5 0.002928
6.375 2 0.004314
6.375 2.5 0.005888
6.375 3 0.007531
6.375 3.5 0.009124
6.375 4 0.01057
6.375 4.5 0.01177
6.375 5 0.01269
6.375 5.5 0.01328
6.375 6 0.01354
6.375 6.5 0.01347
6.375 7 0.01311
6.375 7.5 0.01249
6.375 8 0.01166
6.375 8.5 0.01067
6.375 9 0.009583
6.375 9.5 0.008443
6.375 10 0.007303
6.625 0 0.0008343
6.625 0.5 0.001053
6.625 1 0.00169
6.625 1.5 0.002688
6.625 2 0.003962
6.625 2.5 0.005406
6.625 3 0.006908
6.625 3.5 0.008361
6.625 4 0.009672
6.625 4.5 0.01077
6.625 5 0.0116
6.625 5.5 0.01213
6.625 6 0.01237
6.625 6.5 0.01232
6.625 7 0.01201
6.625 7.5 0.01146
6.625 8 0.01073
6.625 8.5 0.009856
6.625 9 0.008884
6.625 9.5 0.007861
6.625 10 0.006833
6.875 0 0.0007602
6.875 0.5 0.0009628
6.875 1 0.001552
6.875 1.5 0.002474
6.875 2 0.003649
6.875 2.5 0.004977
6.875 3 0.006355
6.875 3.5 0.007683
6.875 4 0.008878
6.875 4.5 0.009873
6.875 5 0.01063
6.875 5.5 0.01111
6.875 6 0.01133
6.875 6.5 0.01129
6.875 7 0.01102
6.875 7.5 0.01054
6.875 8 0.009888
6.875 8.5 0.00911
6.875 9 0.008241
6.875 9.5 0.007323
6.875 10 0.006394
7.125 0 0.0006936
7.125 0.5 0.0008817
7.125 1 0.001428
7.125 1.5 0.002282
7.125 2 0.003368
7.125 2.5 0.004593
7.125 3 0.00586
7.125 3.5 0.007078
7.125 4 0.008169
7.125 4.5 0.009076
7.125 5 0.009759
7.125 5.5 0.0102
7.125 6 0.0104
7.125 6.5 0.01037
7.125 7 0.01013
7.125 7.5 0.0097
7.125 8 0.009123
7.125 8.5 0.008428
7.125 9 0.00765
7.125 9.5 0.006825
7.125 10 0.005985
7.375 0 0.0006338
7.375 0.5 0.0008087
7.375 1 0.001317
7.375 1.5 0.00211
7.375 2 0.003116
7.375 2.5 0.004249
7.375 3 0.005417
7.375 3.5 0.006536
7.375 4 0.007536
7.375 4.5 0.008363
7.375 5 0.008984
7.375 5.5 0.009385
7.375 6 0.009566
7.375 6.5 0.009539
7.375 7 0.009323
7.375 7.5 0.008943
7.375 8 0.008428
7.375 8.5 0.007806
7.375 9 0.007108
7.375 9.5 0.006363
7.375 10 0.005603
