0
5
7
9
10
11
14
16
17
19
22
23
25
26
27
28
30
31
33
35
37
40
42
44
45
48
49
50
52
55
58
59
60
62
63
66
69
70
73
75
76
79
81
86
87
93
94
95
96
99
100
102
103
104
107
109
110
111
112
113
114
118
122
124
126
127
129
131
132
133
138
144
145
150
158
165
169
177
181
190
193
199
201
202
204
205
207
208
211
213
215
216
218
221
222
223
230
232
233
235
236
238
239
240
241
245
247
251
252
256
257
259
261
262
263
264
266
269
270
276
278
281
288
290
291
292
293
295
296
299
301
305
306
310
311
312
315
320
322
325
326
328
329
333
335
337
338
341
344
346
351
352
354
357
358
359
363
365
367
368
369
370
373
376
378
379
383
386
388
390
391
392
394
395
396
399
405
411
412
413
415
417
420
429
431
432
438
439
446
452
458
470
472
473
489
491
492
495
496
501
502
504
506
507
512
513
515
520
521
524
525
526
529
530
532
533
534
535
537
538
539
541
542
