76
81
91
94
105
108
115
117
120
123
129
131
136
139
154
190
193
195
198
200
201
203
205
206
207
208
209
210
211
212
213
214
215
216
217
218
220
221
222
223
224
225
226
227
229
230
231
261
369
370
373
376
379
399
405
413
430
447
451
455
480
486
508
511
512
515
517
518
520
522
523
524
525
526
528
529
530
569
653
755
758
771
774
776
777
785
801
803
806
808
821
822
823
824
825
827
829
830
832
833
835
838
840
914
1053
1054
1055
1056
1057
1058
1060
1063
1065
1066
1079
1092
1093
1105
1106
1108
1109
1110
1111
1112
1113
1114
1115
1116
1117
1118
1119
1120
1121
1122
1123
1124
1125
1126
1127
1128
1129
1195
1337
1338
1339
1340
1341
1342
1343
1344
1345
1346
1347
1348
1349
1350
1351
1352
1353
1355
1356
1358
1361
1363
1364
1366
1383
1384
1385
1386
1387
1388
1389
1390
1391
1392
1393
1394
1395
1396
1397
1398
1399
1400
1401
1402
1403
1404
1405
1406
1407
1574
1610
1611
1613
1616
1618
1619
1621
1624
1626
1627
1629
1632
1633
1634
1635
1636
1637
1638
1639
1640
1641
1642
1655
1656
1657
1658
1659
1660
1661
1662
1663
1664
1665
1666
1667
1668
1669
1670
1671
1672
1673
1674
1675
1677
1680
1681
1839
1896
1898
1900
1901
1902
1903
1904
1906
1908
1909
1910
1913
1915
1916
1918
1921
1936
1938
1939
1941
1942
1943
2163
2165
2167
2168
2170
2171
2172
2174
2175
2178
2179
2181
2183
2184
2185
2186
2187
2188
2189
2190
2192
2196
2197
2198
2199
2351
2401
2424
2426
2442
2443
2447
2448
2449
2454
2686
2697
2705
2940
2943
3383
3390
4002
4097
4098
4191
4192
4282
4283
4370
4371
4372
4373
4455
4456
4457
4539
4540
4617
4618
4619
4693
4694
4766
4767
4768
5238
5241
5245
5247
5249
5250
5251
5259
5273
5274
5335
5337
5339
5340
5341
5342
5345
5363
5382
5383
5625
5626
5628
5630
5632
5658
5659
5661
5907
5910
5914
5916
5947
5948
5950
5951
6173
6185
6186
6187
6189
6223
6233
6443
6444
6445
6446
6449
6451
6452
6456
6458
6463
6464
6466
6470
6473
6475
6476
6511
6524
6623
6624
6627
6629
6630
6710
6711
6712
6714
6717
6740
6889
6894
6895
6937
6939
6953
6959
6976
6977
6997
7256
7278
7493
7738
7741
7742
7774
7776
7777
7985
8005
8006
8007
8010
8012
8232
8233
8240
8242
8248
8250
8253
8255
8256
8261
8470
8476
