0 179.624 0 0 189.044
0.1 89.9494 3.62623e-05 0.00670779 189.044
0.2 89.8987 0.000145049 0.0134156 189.044
0.3 89.8481 0.00032636 0.0201233 189.043
0.4 89.7975 0.000580195 0.026831 189.043
0.5 89.7468 0.000906553 0.0335386 189.043
0.6 89.6962 0.00130543 0.0402462 189.042
0.7 89.6456 0.00177683 0.0469536 189.042
0.8 89.595 0.00232075 0.053661 189.041
0.9 89.5443 0.00293719 0.0603682 189.041
1 89.4937 0.00362614 0.0670752 189.04
1.1 89.4431 0.00438761 0.0737821 189.039
1.2 89.3924 0.00522159 0.0804888 189.039
1.3 89.3418 0.00612807 0.0871953 189.038
1.4 89.2912 0.00710707 0.0939016 189.037
1.5 89.2406 0.00815856 0.100608 189.036
1.6 89.1899 0.00928256 0.107313 189.034
1.7 89.1393 0.010479 0.114019 189.033
1.8 89.0887 0.011748 0.120724 189.032
1.9 89.038 0.0130895 0.127429 189.031
2 88.9874 0.0145035 0.134134 189.029
2.1 88.9368 0.0159899 0.140838 189.028
2.2 88.8861 0.0175488 0.147542 189.026
2.3 88.8355 0.0191802 0.154246 189.025
2.4 88.7849 0.020884 0.160949 189.023
2.5 88.7343 0.0226604 0.167652 189.021
2.6 88.6836 0.0245091 0.174354 189.019
2.7 88.633 0.0264303 0.181056 189.017
2.8 88.5824 0.028424 0.187758 189.015
2.9 88.5317 0.0304901 0.194459 189.013
3 88.4811 0.0326286 0.20116 189.011
3.1 88.4305 0.0348396 0.20786 189.009
3.2 88.3798 0.037123 0.214559 189.007
3.3 88.3292 0.0394787 0.221259 189.004
3.4 88.2786 0.0419069 0.227957 189.002
3.5 88.228 0.0444075 0.234655 188.999
3.6 88.1773 0.0469805 0.241353 188.997
3.7 88.1267 0.0496258 0.248049 188.994
3.8 88.0761 0.0523436 0.254746 188.991
3.9 88.0254 0.0551337 0.261441 188.989
4 87.9748 0.0579961 0.268136 188.986
4.1 87.9242 0.0609309 0.27483 188.983
4.2 87.8736 0.0639381 0.281524 188.98
4.3 87.8229 0.0670175 0.288217 188.977
4.4 87.7723 0.0701693 0.294909 188.974
4.5 87.7217 0.0733934 0.301601 188.97
4.6 87.6711 0.0766898 0.308291 188.967
4.7 87.6204 0.0800585 0.314981 188.964
4.8 87.5698 0.0834995 0.321671 188.96
4.9 87.5192 0.0870127 0.328359 188.957
5 87.4685 0.0905982 0.335047 188.953
5.1 87.4179 0.094256 0.341734 188.95
5.2 87.3673 0.097986 0.34842 188.946
5.3 87.3167 0.101788 0.355105 188.942
5.4 87.266 0.105663 0.361789 188.938
5.5 87.2154 0.109609 0.368472 188.934
5.6 87.1648 0.113628 0.375155 188.93
5.7 87.1141 0.117719 0.381836 188.926
5.8 87.0635 0.121882 0.388517 188.922
5.9 87.0129 0.126118 0.395197 188.918
6 86.9623 0.130425 0.401875 188.913
6.1 86.9116 0.134805 0.408553 188.909
6.2 86.861 0.139256 0.41523 188.905
6.3 86.8104 0.14378 0.421905 188.9
6.4 86.7598 0.148376 0.42858 188.895
6.5 86.7091 0.153044 0.435253 188.891
6.6 86.6585 0.157784 0.441926 188.886
6.7 86.6079 0.162596 0.448597 188.881
6.8 86.5573 0.16748 0.455268 188.876
6.9 86.5066 0.172436 0.461937 188.871
7 86.456 0.177464 0.468605 188.866
7.1 86.4054 0.182564 0.475272 188.861
7.2 86.3548 0.187736 0.481938 188.856
7.3 86.3041 0.19298 0.488602 188.851
7.4 86.2535 0.198296 0.495265 188.845
7.5 86.2029 0.203684 0.501928 188.84
7.6 86.1523 0.209144 0.508589 188.835
7.7 86.1016 0.214676 0.515248 188.829
7.79999 86.051 0.220279 0.521907 188.823
7.89999 86.0004 0.225955 0.528564 188.818
7.99999 85.9498 0.231702 0.535219 188.812
8.09999 85.8991 0.237521 0.541874 188.806
8.2 85.8485 0.243412 0.548527 188.8
8.3 85.7979 0.249374 0.555179 188.794
8.4 85.7473 0.255409 0.56183 188.788
8.5 85.6966 0.261515 0.568479 188.782
8.6 85.646 0.267693 0.575126 188.776
8.7 85.5954 0.273942 0.581773 188.77
8.8 85.5448 0.280264 0.588417 188.764
8.9 85.4942 0.286657 0.595061 188.757
9 85.4435 0.293121 0.601703 188.751
9.1 85.3929 0.299658 0.608343 188.744
9.2 85.3423 0.306265 0.614982 188.738
9.3 85.2917 0.312945 0.62162 188.731
9.4 85.241 0.319696 0.628256 188.724
9.5 85.1904 0.326518 0.63489 188.717
9.6 85.1398 0.333413 0.641523 188.71
9.7 85.0892 0.340378 0.648154 188.703
9.8 85.0386 0.347415 0.654784 188.696
9.9 84.9879 0.354524 0.661412 188.689
10 84.9373 0.361704 0.668038 188.682
10.1 84.8867 0.368955 0.674663 188.675
10.2 84.8361 0.376278 0.681286 188.667
10.3 84.7855 0.383672 0.687908 188.66
10.4 84.7348 0.391138 0.694527 188.653
10.5 84.6842 0.398675 0.701145 188.645
10.6 84.6336 0.406283 0.707762 188.637
10.7 84.583 0.413963 0.714376 188.63
10.8 84.5324 0.421713 0.720989 188.622
10.9 84.4817 0.429535 0.7276 188.614
11 84.4311 0.437429 0.734209 188.606
11.1 84.3805 0.445393 0.740817 188.598
11.2 84.3299 0.453429 0.747423 188.59
11.3 84.2793 0.461535 0.754026 188.582
11.4 84.2287 0.469713 0.760628 188.574
11.5 84.178 0.477962 0.767228 188.566
11.6 84.1274 0.486282 0.773826 188.557
11.7 84.0768 0.494673 0.780423 188.549
11.8 84.0262 0.503135 0.787017 188.541
11.9 83.9756 0.511668 0.793609 188.532
12 83.925 0.520272 0.8002 188.523
12.1 83.8743 0.528947 0.806788 188.515
12.2 83.8237 0.537693 0.813375 188.506
12.3 83.7731 0.54651 0.819959 188.497
12.4 83.7225 0.555398 0.826542 188.488
12.5 83.6719 0.564356 0.833122 188.479
12.6 83.6213 0.573385 0.839701 188.47
12.7 83.5706 0.582486 0.846277 188.461
12.8 83.52 0.591656 0.852851 188.452
12.9 83.4694 0.600898 0.859423 188.443
13 83.4188 0.61021 0.865993 188.434
13.1 83.3682 0.619593 0.872561 188.424
13.2 83.3176 0.629047 0.879127 188.415
13.3 83.267 0.638571 0.88569 188.405
13.4 83.2163 0.648165 0.892252 188.396
13.5 83.1657 0.657831 0.898811 188.386
13.6 83.1151 0.667566 0.905368 188.376
13.7 83.0645 0.677373 0.911922 188.366
13.8 83.0139 0.687249 0.918475 188.357
13.9 82.9633 0.697197 0.925025 188.347
14 82.9127 0.707214 0.931573 188.337
14.1 82.8621 0.717302 0.938119 188.326
14.2 82.8115 0.72746 0.944662 188.316
14.3 82.7608 0.737689 0.951203 188.306
14.4 82.7102 0.747988 0.957742 188.296
14.5 82.6596 0.758357 0.964278 188.285
14.6 82.609 0.768796 0.970812 188.275
14.7 82.5584 0.779306 0.977343 188.264
14.8 82.5078 0.789886 0.983872 188.254
14.9 82.4572 0.800535 0.990399 188.243
15 82.4066 0.811255 0.996923 188.233
15.1 82.356 0.822045 1.00344 188.222
15.2 82.3054 0.832905 1.00996 188.211
15.3 82.2548 0.843835 1.01648 188.2
15.4 82.2041 0.854835 1.023 188.189
15.5 82.1535 0.865905 1.02951 188.178
15.6 82.1029 0.877045 1.03602 188.167
15.7 82.0523 0.888254 1.04252 188.156
15.8 82.0017 0.899533 1.04903 188.144
15.9 81.9511 0.910883 1.05553 188.133
16 81.9005 0.922302 1.06203 188.121
16.1 81.8499 0.93379 1.06852 188.11
16.2 81.7993 0.945348 1.07502 188.098
16.3 81.7487 0.956976 1.08151 188.087
16.4 81.6981 0.968674 1.088 188.075
16.5 81.6475 0.980441 1.09448 188.063
16.6 81.5969 0.992278 1.10096 188.051
16.7 81.5463 1.00418 1.10744 188.04
16.8 81.4957 1.01616 1.11392 188.028
16.9 81.4451 1.0282 1.1204 188.016
17 81.3945 1.04032 1.12687 188.003
17.1 81.3439 1.0525 1.13334 187.991
17.2 81.2933 1.06476 1.1398 187.979
17.3 81.2427 1.07708 1.14627 187.967
17.4 81.1921 1.08947 1.15273 187.954
17.5 81.1415 1.10193 1.15919 187.942
17.6 81.0909 1.11446 1.16564 187.929
17.7 81.0403 1.12706 1.17209 187.917
17.8 80.9897 1.13973 1.17854 187.904
17.9 80.9391 1.15247 1.18499 187.891
18 80.8885 1.16527 1.19143 187.878
18.1 80.8379 1.17815 1.19787 187.866
18.2 80.7873 1.19109 1.20431 187.853
18.3 80.7367 1.20411 1.21074 187.84
18.4 80.6861 1.21719 1.21717 187.827
18.5 80.6355 1.23034 1.2236 187.813
18.6 80.5849 1.24356 1.23003 187.8
18.7 80.5343 1.25685 1.23645 187.787
18.8 80.4837 1.2702 1.24287 187.774
18.9 80.4331 1.28363 1.24929 187.76
19 80.3825 1.29712 1.2557 187.747
19.1 80.3319 1.31069 1.26211 187.733
19.2 80.2813 1.32432 1.26852 187.719
19.3 80.2307 1.33802 1.27492 187.706
19.4 80.1801 1.35179 1.28132 187.692
19.5 80.1295 1.36562 1.28772 187.678
19.6 80.0789 1.37953 1.29411 187.664
19.7 80.0283 1.3935 1.3005 187.65
19.8 79.9777 1.40754 1.30689 187.636
19.9 79.9272 1.42165 1.31327 187.622
20 79.8766 1.43583 1.31966 187.608
20.1 79.826 1.45008 1.32603 187.594
20.2 79.7754 1.46439 1.33241 187.579
20.3 79.7248 1.47877 1.33878 187.565
20.4 79.6742 1.49322 1.34515 187.551
20.5 79.6236 1.50774 1.35151 187.536
20.6 79.573 1.52233 1.35787 187.521
20.7 79.5224 1.53698 1.36423 187.507
20.8 79.4718 1.55171 1.37059 187.492
20.9 79.4213 1.5665 1.37694 187.477
21 79.3707 1.58135 1.38329 187.462
21.1 79.3201 1.59628 1.38963 187.447
21.2 79.2695 1.61127 1.39597 187.432
21.3 79.2189 1.62633 1.40231 187.417
21.4 79.1683 1.64146 1.40864 187.402
21.5 79.1177 1.65666 1.41497 187.387
21.6 79.0671 1.67192 1.4213 187.372
21.7 79.0166 1.68725 1.42762 187.357
21.8 78.966 1.70265 1.43394 187.341
21.9 78.9154 1.71811 1.44026 187.326
22 78.8648 1.73365 1.44657 187.31
22.1 78.8142 1.74925 1.45288 187.295
22.2 78.7636 1.76491 1.45919 187.279
22.3 78.7131 1.78065 1.46549 187.263
22.4 78.6625 1.79645 1.47179 187.247
22.5 78.6119 1.81232 1.47808 187.231
22.6 78.5613 1.82825 1.48437 187.216
22.7001 78.5107 1.84426 1.49066 187.2
22.8001 78.4602 1.86032 1.49694 187.183
22.9001 78.4096 1.87646 1.50322 187.167
23.0001 78.359 1.89266 1.5095 187.151
23.1001 78.3084 1.90893 1.51577 187.135
23.2001 78.2578 1.92527 1.52204 187.118
23.3001 78.2073 1.94167 1.5283 187.102
23.4001 78.1567 1.95814 1.53456 187.086
23.5001 78.1061 1.97468 1.54082 187.069
23.6001 78.0555 1.99128 1.54707 187.052
23.7001 78.0049 2.00795 1.55332 187.036
23.8001 77.9544 2.02469 1.55957 187.019
23.9001 77.9038 2.04149 1.56581 187.002
24.0001 77.8532 2.05836 1.57205 186.985
24.1001 77.8026 2.07529 1.57828 186.968
24.2001 77.7521 2.09229 1.58451 186.951
24.3001 77.7015 2.10936 1.59074 186.934
24.4001 77.6509 2.12649 1.59696 186.917
24.5001 77.6004 2.14369 1.60318 186.9
24.6001 77.5498 2.16096 1.60939 186.883
24.7001 77.4992 2.17829 1.6156 186.865
24.8001 77.4486 2.19568 1.62181 186.848
24.9001 77.3981 2.21315 1.62801 186.831
25.0001 77.3475 2.23068 1.6342 186.813
25.1001 77.2969 2.24827 1.6404 186.795
25.2001 77.2464 2.26593 1.64659 186.778
25.3001 77.1958 2.28366 1.65277 186.76
25.4001 77.1452 2.30145 1.65895 186.742
25.5001 77.0947 2.3193 1.66513 186.724
25.6001 77.0441 2.33723 1.6713 186.707
25.7001 76.9935 2.35521 1.67747 186.689
25.8001 76.943 2.37327 1.68364 186.671
25.9001 76.8924 2.39138 1.6898 186.652
26.0001 76.8418 2.40957 1.69595 186.634
26.1001 76.7913 2.42782 1.70211 186.616
26.2001 76.7407 2.44613 1.70825 186.598
26.3001 76.6901 2.46451 1.7144 186.579
26.4001 76.6396 2.48295 1.72054 186.561
26.5001 76.589 2.50146 1.72667 186.542
26.6001 76.5384 2.52003 1.7328 186.524
26.7001 76.4879 2.53867 1.73893 186.505
26.8001 76.4373 2.55738 1.74505 186.486
26.9001 76.3868 2.57614 1.75117 186.468
27.0001 76.3362 2.59498 1.75728 186.449
27.1001 76.2856 2.61387 1.76339 186.43
27.2001 76.2351 2.63284 1.76949 186.411
27.3001 76.1845 2.65186 1.77559 186.392
27.4001 76.134 2.67095 1.78169 186.373
27.5001 76.0834 2.69011 1.78778 186.354
27.6001 76.0328 2.70933 1.79387 186.334
27.7001 75.9823 2.72861 1.79995 186.315
27.8001 75.9317 2.74796 1.80602 186.296
27.9001 75.8812 2.76737 1.8121 186.276
28.0001 75.8306 2.78685 1.81817 186.257
28.1001 75.7801 2.80639 1.82423 186.237
28.2001 75.7295 2.82599 1.83029 186.218
28.3001 75.6789 2.84566 1.83634 186.198
28.4001 75.6284 2.86539 1.84239 186.178
28.5001 75.5778 2.88519 1.84844 186.159
28.6001 75.5273 2.90505 1.85448 186.139
28.7001 75.4767 2.92497 1.86052 186.119
28.8001 75.4262 2.94496 1.86655 186.099
28.9001 75.3756 2.96501 1.87257 186.079
29.0001 75.3251 2.98512 1.8786 186.059
29.1001 75.2745 3.0053 1.88461 186.038
29.2001 75.224 3.02554 1.89063 186.018
29.3001 75.1734 3.04585 1.89663 185.998
29.4001 75.1229 3.06621 1.90264 185.978
29.5001 75.0723 3.08664 1.90863 185.957
29.6001 75.0218 3.10714 1.91463 185.937
29.7001 74.9713 3.12769 1.92062 185.916
29.8001 74.9207 3.14831 1.9266 185.895
29.9001 74.8702 3.169 1.93258 185.875
30.0001 74.8196 3.18974 1.93855 185.854
30.1001 74.7691 3.21055 1.94452 185.833
30.2001 74.7185 3.23142 1.95049 185.812
30.3001 74.668 3.25236 1.95645 185.791
30.4001 74.6174 3.27335 1.9624 185.77
30.5001 74.5669 3.29441 1.96835 185.749
30.6001 74.5164 3.31553 1.9743 185.728
30.7001 74.4658 3.33672 1.98023 185.707
30.8001 74.4153 3.35796 1.98617 185.686
30.9001 74.3647 3.37927 1.9921 185.664
31.0001 74.3142 3.40064 1.99802 185.643
31.1001 74.2637 3.42207 2.00394 185.622
31.2001 74.2131 3.44357 2.00986 185.6
31.3001 74.1626 3.46513 2.01577 185.579
31.4001 74.1121 3.48675 2.02167 185.557
31.5001 74.0615 3.50843 2.02757 185.535
31.6001 74.011 3.53017 2.03346 185.514
31.7001 73.9604 3.55197 2.03935 185.492
31.8001 73.9099 3.57384 2.04524 185.47
31.9001 73.8594 3.59577 2.05112 185.448
32.0001 73.8088 3.61776 2.05699 185.426
32.1001 73.7583 3.63981 2.06286 185.404
32.2001 73.7078 3.66192 2.06872 185.382
32.3001 73.6573 3.68409 2.07458 185.36
32.4001 73.6067 3.70633 2.08043 185.337
32.5001 73.5562 3.72862 2.08628 185.315
32.6001 73.5057 3.75098 2.09212 185.293
32.7001 73.4551 3.7734 2.09796 185.27
32.8001 73.4046 3.79588 2.10379 185.248
32.9001 73.3541 3.81842 2.10961 185.225
33.0001 73.3036 3.84102 2.11544 185.203
33.1001 73.253 3.86368 2.12125 185.18
33.2001 73.2025 3.8864 2.12706 185.157
33.3001 73.152 3.90919 2.13287 185.135
33.4001 73.1015 3.93203 2.13866 185.112
33.5001 73.0509 3.95493 2.14446 185.089
33.6001 73.0004 3.9779 2.15025 185.066
33.7001 72.9499 4.00092 2.15603 185.043
33.8001 72.8994 4.02401 2.16181 185.02
33.9001 72.8488 4.04716 2.16758 184.997
34.0001 72.7983 4.07036 2.17335 184.973
34.1001 72.7478 4.09363 2.17911 184.95
34.2001 72.6973 4.11695 2.18486 184.927
34.3 72.6468 4.14034 2.19061 184.903
34.4 72.5963 4.16379 2.19636 184.88
34.5 72.5457 4.18729 2.2021 184.856
34.6 72.4952 4.21086 2.20783 184.833
34.7 72.4447 4.23448 2.21356 184.809
34.8 72.3942 4.25817 2.21928 184.786
34.9 72.3437 4.28191 2.225 184.762
35 72.2932 4.30572 2.23071 184.738
35.1 72.2426 4.32958 2.23641 184.714
35.2 72.1921 4.3535 2.24211 184.69
35.3 72.1416 4.37749 2.2478 184.666
35.4 72.0911 4.40153 2.25349 184.642
35.5 72.0406 4.42563 2.25917 184.618
35.6 71.9901 4.44979 2.26485 184.594
35.7 71.9396 4.47401 2.27052 184.57
35.8 71.8891 4.49828 2.27619 184.545
35.9 71.8386 4.52262 2.28185 184.521
36 71.7881 4.54701 2.2875 184.497
36.1 71.7376 4.57147 2.29315 184.472
36.2 71.687 4.59598 2.29879 184.448
36.3 71.6365 4.62055 2.30443 184.423
36.4 71.586 4.64518 2.31006 184.399
36.5 71.5355 4.66987 2.31568 184.374
36.6 71.485 4.69461 2.3213 184.349
36.7 71.4345 4.71942 2.32691 184.324
36.8 71.384 4.74428 2.33252 184.299
36.9 71.3335 4.7692 2.33812 184.275
37 71.283 4.79418 2.34371 184.25
37.1 71.2325 4.81921 2.3493 184.225
37.2 71.182 4.84431 2.35488 184.199
37.3 71.1315 4.86946 2.36046 184.174
37.4 71.081 4.89467 2.36603 184.149
37.5 71.0305 4.91994 2.37159 184.124
37.6 70.98 4.94526 2.37715 184.099
37.7 70.9295 4.97064 2.3827 184.073
37.8 70.879 4.99608 2.38825 184.048
37.9 70.8285 5.02158 2.39379 184.022
38 70.7781 5.04713 2.39933 183.997
38.1 70.7276 5.07274 2.40485 183.971
38.2 70.6771 5.09841 2.41038 183.945
38.3 70.6266 5.12414 2.41589 183.92
38.4 70.5761 5.14992 2.4214 183.894
38.5 70.5256 5.17576 2.4269 183.868
38.6 70.4751 5.20165 2.4324 183.842
38.7 70.4246 5.22761 2.43789 183.816
38.8 70.3741 5.25361 2.44338 183.79
38.9 70.3236 5.27968 2.44885 183.764
39 70.2732 5.3058 2.45433 183.738
39.1 70.2227 5.33198 2.45979 183.712
39.2 70.1722 5.35821 2.46525 183.686
39.3 70.1217 5.38451 2.47071 183.659
39.4 70.0712 5.41085 2.47615 183.633
39.5 70.0207 5.43725 2.48159 183.607
39.6 69.9702 5.46371 2.48703 183.58
39.7 69.9198 5.49023 2.49245 183.554
39.8 69.8693 5.5168 2.49788 183.527
39.9 69.8188 5.54343 2.50329 183.5
40 69.7683 5.57011 2.5087 183.474
40.1 69.7178 5.59684 2.5141 183.447
40.2 69.6674 5.62364 2.5195 183.42
40.3 69.6169 5.65049 2.52489 183.393
40.4 69.5664 5.67739 2.53027 183.366
40.5 69.5159 5.70435 2.53565 183.339
40.6 69.4655 5.73136 2.54102 183.312
40.7 69.415 5.75843 2.54638 183.285
40.7999 69.3645 5.78556 2.55174 183.258
40.8999 69.314 5.81273 2.55709 183.231
40.9999 69.2636 5.83997 2.56243 183.204
41.0999 69.2131 5.86726 2.56777 183.177
41.1999 69.1626 5.8946 2.5731 183.149
41.2999 69.1121 5.922 2.57842 183.122
41.3999 69.0617 5.94945 2.58374 183.094
41.4999 69.0112 5.97696 2.58905 183.067
41.5999 68.9607 6.00452 2.59435 183.039
41.6999 68.9103 6.03213 2.59965 183.012
41.7999 68.8598 6.0598 2.60494 182.984
41.8999 68.8093 6.08753 2.61022 182.956
41.9999 68.7589 6.1153 2.6155 182.928
42.0999 68.7084 6.14313 2.62077 182.901
42.1999 68.6579 6.17102 2.62603 182.873
42.2999 68.6075 6.19896 2.63129 182.845
42.3999 68.557 6.22695 2.63654 182.817
42.4999 68.5066 6.255 2.64178 182.789
42.5999 68.4561 6.2831 2.64702 182.761
42.6999 68.4056 6.31125 2.65225 182.733
42.7999 68.3552 6.33945 2.65747 182.704
42.8999 68.3047 6.36771 2.66269 182.676
42.9999 68.2543 6.39603 2.6679 182.648
43.0999 68.2038 6.42439 2.6731 182.619
43.1999 68.1533 6.45281 2.67829 182.591
43.2999 68.1029 6.48128 2.68348 182.562
43.3999 68.0524 6.50981 2.68866 182.534
43.4999 68.002 6.53838 2.69384 182.505
43.5999 67.9515 6.56701 2.699 182.477
43.6999 67.9011 6.59569 2.70416 182.448
43.7999 67.8506 6.62443 2.70932 182.419
43.8999 67.8002 6.65321 2.71446 182.391
43.9999 67.7497 6.68205 2.7196 182.362
44.0999 67.6993 6.71094 2.72474 182.333
44.1999 67.6488 6.73989 2.72986 182.304
44.2999 67.5984 6.76888 2.73498 182.275
44.3999 67.5479 6.79793 2.74009 182.246
44.4999 67.4975 6.82703 2.74519 182.217
44.5999 67.447 6.85618 2.75029 182.188
44.6999 67.3966 6.88538 2.75538 182.158
44.7999 67.3462 6.91464 2.76046 182.129
44.8999 67.2957 6.94394 2.76554 182.1
44.9999 67.2453 6.9733 2.77061 182.07
45.0999 67.1948 7.00271 2.77567 182.041
45.1999 67.1444 7.03216 2.78072 182.012
45.2999 67.0939 7.06168 2.78577 181.982
45.3999 67.0435 7.09124 2.79081 181.953
45.4999 66.9931 7.12085 2.79584 181.923
45.5999 66.9426 7.15051 2.80086 181.893
45.6999 66.8922 7.18023 2.80588 181.864
45.7999 66.8418 7.20999 2.81089 181.834
45.8999 66.7913 7.2398 2.81589 181.804
45.9999 66.7409 7.26967 2.82089 181.774
46.0999 66.6905 7.29959 2.82588 181.744
46.1999 66.64 7.32955 2.83086 181.714
46.2999 66.5896 7.35957 2.83583 181.684
46.3999 66.5392 7.38963 2.8408 181.654
46.4999 66.4887 7.41975 2.84576 181.624
46.5999 66.4383 7.44992 2.85071 181.594
46.6999 66.3879 7.48013 2.85565 181.564
46.7999 66.3374 7.5104 2.86059 181.533
46.8999 66.287 7.54071 2.86552 181.503
46.9999 66.2366 7.57108 2.87044 181.473
47.0999 66.1862 7.60149 2.87535 181.442
47.1999 66.1357 7.63196 2.88026 181.412
47.2999 66.0853 7.66247 2.88516 181.381
47.3998 66.0349 7.69303 2.89005 181.351
47.4998 65.9845 7.72365 2.89494 181.32
47.5998 65.934 7.75431 2.89981 181.289
47.6998 65.8836 7.78502 2.90468 181.259
47.7998 65.8332 7.81577 2.90954 181.228
47.8998 65.7828 7.84658 2.9144 181.197
47.9998 65.7324 7.87744 2.91924 181.166
48.0998 65.682 7.90834 2.92408 181.135
48.1998 65.6315 7.93929 2.92891 181.104
48.2998 65.5811 7.97029 2.93373 181.073
48.3998 65.5307 8.00134 2.93855 181.042
48.4998 65.4803 8.03244 2.94336 181.011
48.5998 65.4299 8.06358 2.94816 180.98
48.6998 65.3795 8.09478 2.95295 180.949
48.7998 65.3291 8.12602 2.95774 180.918
48.8998 65.2786 8.15731 2.96251 180.886
48.9998 65.2282 8.18864 2.96728 180.855
49.0998 65.1778 8.22003 2.97204 180.824
49.1998 65.1274 8.25146 2.9768 180.792
49.2998 65.077 8.28294 2.98154 180.761
49.3998 65.0266 8.31446 2.98628 180.729
49.4998 64.9762 8.34604 2.99101 180.698
49.5998 64.9258 8.37766 2.99573 180.666
49.6998 64.8754 8.40933 3.00045 180.634
49.7998 64.825 8.44104 3.00515 180.603
49.8998 64.7746 8.4728 3.00985 180.571
49.9998 64.7242 8.50461 3.01454 180.539
50.0998 64.6738 8.53646 3.01922 180.507
50.1998 64.6234 8.56837 3.0239 180.475
50.2998 64.573 8.60031 3.02857 180.443
50.3998 64.5226 8.63231 3.03322 180.411
50.4998 64.4722 8.66435 3.03788 180.379
50.5998 64.4218 8.69643 3.04252 180.347
50.6998 64.3714 8.72857 3.04715 180.315
50.7998 64.321 8.76074 3.05178 180.283
50.8998 64.2706 8.79297 3.0564 180.251
50.9998 64.2202 8.82524 3.06101 180.219
51.0998 64.1698 8.85755 3.06561 180.186
51.1998 64.1194 8.88991 3.07021 180.154
51.2998 64.069 8.92232 3.07479 180.121
51.3998 64.0187 8.95477 3.07937 180.089
51.4998 63.9683 8.98727 3.08394 180.056
51.5998 63.9179 9.01981 3.0885 180.024
51.6998 63.8675 9.0524 3.09306 179.991
51.7998 63.8171 9.08503 3.0976 179.959
51.8998 63.7667 9.11771 3.10214 179.926
51.9998 63.7163 9.15043 3.10667 179.893
52.0998 63.666 9.1832 3.11119 179.861
52.1998 63.6156 9.21601 3.11571 179.828
52.2998 63.5652 9.24886 3.12021 179.795
52.3998 63.5148 9.28176 3.12471 179.762
52.4998 63.4644 9.31471 3.12919 179.729
52.5998 63.414 9.34769 3.13367 179.696
52.6998 63.3637 9.38073 3.13815 179.663
52.7998 63.3133 9.4138 3.14261 179.63
52.8998 63.2629 9.44692 3.14706 179.597
52.9998 63.2125 9.48009 3.15151 179.564
53.0998 63.1622 9.51329 3.15595 179.53
53.1998 63.1118 9.54654 3.16038 179.497
53.2998 63.0614 9.57984 3.1648 179.464
53.3998 63.011 9.61318 3.16921 179.431
53.4998 62.9607 9.64656 3.17362 179.397
53.5998 62.9103 9.67998 3.17802 179.364
53.6998 62.8599 9.71345 3.1824 179.33
53.7998 62.8096 9.74696 3.18678 179.297
53.8997 62.7592 9.78051 3.19115 179.263
53.9997 62.7088 9.81411 3.19552 179.23
54.0997 62.6585 9.84774 3.19987 179.196
54.1997 62.6081 9.88143 3.20422 179.162
54.2997 62.5577 9.91515 3.20855 179.129
54.3997 62.5074 9.94891 3.21288 179.095
54.4997 62.457 9.98272 3.2172 179.061
54.5997 62.4067 10.0166 3.22151 179.027
54.6997 62.3563 10.0505 3.22582 178.993
54.7997 62.3059 10.0844 3.23011 178.959
54.8997 62.2556 10.1184 3.2344 178.925
54.9997 62.2052 10.1524 3.23867 178.891
55.0997 62.1549 10.1864 3.24294 178.857
55.1997 62.1045 10.2205 3.2472 178.823
55.2997 62.0542 10.2547 3.25145 178.789
55.3997 62.0038 10.2889 3.25569 178.755
55.4997 61.9534 10.3231 3.25993 178.721
55.5997 61.9031 10.3574 3.26415 178.686
55.6997 61.8527 10.3917 3.26837 178.652
55.7997 61.8024 10.426 3.27258 178.618
55.8997 61.752 10.4604 3.27678 178.583
55.9997 61.7017 10.4948 3.28097 178.549
56.0997 61.6513 10.5293 3.28515 178.514
56.1997 61.601 10.5638 3.28932 178.48
56.2997 61.5507 10.5984 3.29348 178.445
56.3997 61.5003 10.633 3.29764 178.411
56.4997 61.45 10.6676 3.30179 178.376
56.5997 61.3996 10.7023 3.30592 178.342
56.6997 61.3493 10.737 3.31005 178.307
56.7997 61.2989 10.7717 3.31417 178.272
56.8997 61.2486 10.8065 3.31828 178.237
56.9997 61.1983 10.8413 3.32238 178.202
57.0997 61.1479 10.8762 3.32648 178.168
57.1997 61.0976 10.9111 3.33056 178.133
57.2997 61.0473 10.9461 3.33463 178.098
57.3997 60.9969 10.981 3.3387 178.063
57.4997 60.9466 11.0161 3.34276 178.028
57.5997 60.8962 11.0511 3.34681 177.993
57.6997 60.8459 11.0862 3.35085 177.958
57.7997 60.7956 11.1214 3.35488 177.922
57.8997 60.7453 11.1566 3.3589 177.887
57.9997 60.6949 11.1918 3.36291 177.852
58.0997 60.6446 11.227 3.36691 177.817
58.1997 60.5943 11.2623 3.37091 177.781
58.2997 60.5439 11.2977 3.37489 177.746
58.3997 60.4936 11.333 3.37887 177.711
58.4997 60.4433 11.3685 3.38283 177.675
58.5997 60.393 11.4039 3.38679 177.64
58.6997 60.3426 11.4394 3.39074 177.604
58.7997 60.2923 11.4749 3.39468 177.569
58.8997 60.242 11.5105 3.39861 177.533
58.9997 60.1917 11.5461 3.40253 177.498
59.0997 60.1414 11.5817 3.40644 177.462
59.1997 60.091 11.6174 3.41035 177.426
59.2997 60.0407 11.6531 3.41424 177.391
59.3997 59.9904 11.6888 3.41812 177.355
59.4997 59.9401 11.7246 3.422 177.319
59.5997 59.8898 11.7604 3.42586 177.283
59.6997 59.8395 11.7963 3.42972 177.247
59.7997 59.7891 11.8322 3.43357 177.212
59.8997 59.7388 11.8681 3.43741 177.176
59.9997 59.6885 11.9041 3.44123 177.14
60.0997 59.6382 11.9401 3.44505 177.104
60.1997 59.5879 11.9761 3.44886 177.068
60.2997 59.5376 12.0122 3.45267 177.032
60.3997 59.4873 12.0483 3.45646 176.995
60.4996 59.437 12.0845 3.46024 176.959
60.5996 59.3867 12.1207 3.46401 176.923
60.6996 59.3364 12.1569 3.46777 176.887
60.7996 59.2861 12.1931 3.47153 176.851
60.8996 59.2358 12.2294 3.47527 176.814
60.9996 59.1855 12.2658 3.47901 176.778
61.0996 59.1352 12.3021 3.48273 176.742
61.1996 59.0849 12.3385 3.48645 176.705
61.2996 59.0346 12.3749 3.49016 176.669
61.3996 58.9843 12.4114 3.49385 176.632
61.4996 58.934 12.4479 3.49754 176.596
61.5996 58.8837 12.4844 3.50122 176.559
61.6996 58.8334 12.521 3.50489 176.523
61.7996 58.7831 12.5576 3.50855 176.486
61.8996 58.7328 12.5942 3.5122 176.45
61.9996 58.6825 12.6309 3.51584 176.413
62.0996 58.6322 12.6676 3.51947 176.376
62.1996 58.5819 12.7044 3.52309 176.339
62.2996 58.5316 12.7411 3.5267 176.303
62.3996 58.4814 12.7779 3.5303 176.266
62.4996 58.4311 12.8148 3.53389 176.229
62.5996 58.3808 12.8517 3.53748 176.192
62.6996 58.3305 12.8886 3.54105 176.155
62.7996 58.2802 12.9255 3.54461 176.118
62.8996 58.2299 12.9625 3.54817 176.081
62.9996 58.1797 12.9995 3.55171 176.044
63.0996 58.1294 13.0365 3.55524 176.007
63.1996 58.0791 13.0736 3.55877 175.97
63.2996 58.0288 13.1107 3.56228 175.933
63.3996 57.9785 13.1478 3.56579 175.896
63.4996 57.9283 13.185 3.56928 175.859
63.5996 57.878 13.2222 3.57277 175.822
63.6996 57.8277 13.2595 3.57625 175.784
63.7996 57.7774 13.2967 3.57971 175.747
63.8996 57.7272 13.334 3.58317 175.71
63.9996 57.6769 13.3714 3.58661 175.672
64.0996 57.6266 13.4087 3.59005 175.635
64.1996 57.5764 13.4461 3.59348 175.598
64.2996 57.5261 13.4835 3.59689 175.56
64.3996 57.4758 13.521 3.6003 175.523
64.4996 57.4255 13.5585 3.6037 175.485
64.5996 57.3753 13.596 3.60709 175.448
64.6996 57.325 13.6336 3.61046 175.41
64.7996 57.2748 13.6711 3.61383 175.373
64.8996 57.2245 13.7088 3.61719 175.335
64.9996 57.1742 13.7464 3.62054 175.297
65.0996 57.124 13.7841 3.62387 175.26
65.1996 57.0737 13.8218 3.6272 175.222
65.2996 57.0234 13.8595 3.63052 175.184
65.3996 56.9732 13.8973 3.63383 175.146
65.4996 56.9229 13.9351 3.63712 175.109
65.5996 56.8727 13.9729 3.64041 175.071
65.6996 56.8224 14.0108 3.64369 175.033
65.7996 56.7722 14.0487 3.64696 174.995
65.8996 56.7219 14.0866 3.65021 174.957
65.9996 56.6717 14.1245 3.65346 174.919
66.0996 56.6214 14.1625 3.6567 174.881
66.1996 56.5712 14.2005 3.65993 174.843
66.2996 56.5209 14.2385 3.66314 174.805
66.3996 56.4707 14.2766 3.66635 174.767
66.4996 56.4204 14.3147 3.66955 174.729
66.5996 56.3702 14.3528 3.67273 174.691
66.6996 56.3199 14.391 3.67591 174.653
66.7996 56.2697 14.4291 3.67908 174.615
66.8996 56.2194 14.4673 3.68223 174.576
66.9995 56.1692 14.5056 3.68538 174.538
67.0995 56.119 14.5438 3.68852 174.5
67.1995 56.0687 14.5821 3.69164 174.462
67.2995 56.0185 14.6204 3.69476 174.423
67.3995 55.9682 14.6588 3.69786 174.385
67.4995 55.918 14.6972 3.70096 174.347
67.5995 55.8678 14.7356 3.70404 174.308
67.6995 55.8175 14.774 3.70712 174.27
67.7995 55.7673 14.8125 3.71018 174.231
67.8995 55.7171 14.851 3.71324 174.193
67.9995 55.6668 14.8895 3.71628 174.154
68.0995 55.6166 14.928 3.71931 174.116
68.1995 55.5664 14.9666 3.72234 174.077
68.2995 55.5162 15.0052 3.72535 174.039
68.3995 55.4659 15.0438 3.72835 174
68.4995 55.4157 15.0824 3.73134 173.961
68.5995 55.3655 15.1211 3.73433 173.923
68.6995 55.3153 15.1598 3.7373 173.884
68.7995 55.265 15.1985 3.74026 173.845
68.8995 55.2148 15.2373 3.74321 173.806
68.9995 55.1646 15.2761 3.74615 173.768
69.0995 55.1144 15.3149 3.74908 173.729
69.1995 55.0641 15.3537 3.752 173.69
69.2995 55.0139 15.3926 3.75491 173.651
69.3995 54.9637 15.4315 3.75781 173.612
69.4995 54.9135 15.4704 3.76069 173.573
69.5995 54.8633 15.5093 3.76357 173.534
69.6995 54.8131 15.5483 3.76644 173.496
69.7995 54.7629 15.5872 3.76929 173.457
69.8995 54.7126 15.6262 3.77214 173.418
69.9995 54.6624 15.6653 3.77498 173.378
70.0995 54.6122 15.7043 3.7778 173.339
70.1995 54.562 15.7434 3.78061 173.3
70.2995 54.5118 15.7825 3.78342 173.261
70.3995 54.4616 15.8217 3.78621 173.222
70.4995 54.4114 15.8608 3.78899 173.183
70.5995 54.3612 15.9 3.79177 173.144
70.6995 54.311 15.9392 3.79453 173.105
70.7995 54.2608 15.9784 3.79728 173.065
70.8995 54.2106 16.0177 3.80002 173.026
70.9995 54.1604 16.057 3.80275 172.987
71.0995 54.1102 16.0963 3.80547 172.947
71.1995 54.06 16.1356 3.80817 172.908
71.2995 54.0098 16.1749 3.81087 172.869
71.3995 53.9596 16.2143 3.81356 172.829
71.4995 53.9094 16.2537 3.81623 172.79
71.5995 53.8592 16.2931 3.8189 172.751
71.6995 53.809 16.3326 3.82155 172.711
71.7995 53.7588 16.372 3.8242 172.672
71.8995 53.7086 16.4115 3.82683 172.632
71.9995 53.6584 16.451 3.82945 172.593
72.0995 53.6082 16.4906 3.83206 172.553
72.1995 53.5581 16.5301 3.83466 172.514
72.2995 53.5079 16.5697 3.83725 172.474
72.3995 53.4577 16.6093 3.83983 172.434
72.4995 53.4075 16.6489 3.8424 172.395
72.5995 53.3573 16.6885 3.84496 172.355
72.6995 53.3071 16.7282 3.84751 172.316
72.7995 53.2569 16.7679 3.85004 172.276
72.8995 53.2068 16.8076 3.85257 172.236
72.9995 53.1566 16.8473 3.85508 172.196
73.0995 53.1064 16.8871 3.85758 172.157
73.1995 53.0562 16.9268 3.86008 172.117
73.2995 53.0061 16.9666 3.86256 172.077
73.3995 52.9559 17.0064 3.86503 172.037
73.4995 52.9057 17.0463 3.86749 171.998
73.5994 52.8555 17.0861 3.86994 171.958
73.6994 52.8054 17.126 3.87237 171.918
73.7994 52.7552 17.1659 3.8748 171.878
73.8994 52.705 17.2058 3.87722 171.838
73.9994 52.6548 17.2457 3.87962 171.798
74.0994 52.6047 17.2857 3.88202 171.758
74.1994 52.5545 17.3257 3.8844 171.718
74.2994 52.5043 17.3656 3.88677 171.678
74.3994 52.4542 17.4057 3.88913 171.638
74.4994 52.404 17.4457 3.89148 171.598
74.5994 52.3539 17.4857 3.89382 171.558
74.6994 52.3037 17.5258 3.89615 171.518
74.7994 52.2535 17.5659 3.89846 171.478
74.8994 52.2034 17.606 3.90077 171.438
74.9994 52.1532 17.6461 3.90306 171.398
75.0994 52.1031 17.6863 3.90535 171.357
75.1994 52.0529 17.7264 3.90762 171.317
75.2994 52.0027 17.7666 3.90988 171.277
75.3994 51.9526 17.8068 3.91213 171.237
75.4994 51.9024 17.8471 3.91437 171.197
75.5994 51.8523 17.8873 3.9166 171.156
75.6994 51.8021 17.9275 3.91881 171.116
75.7994 51.752 17.9678 3.92102 171.076
75.8994 51.7018 18.0081 3.92321 171.036
75.9994 51.6517 18.0484 3.9254 170.995
76.0994 51.6015 18.0887 3.92757 170.955
76.1994 51.5514 18.1291 3.92973 170.915
76.2994 51.5013 18.1695 3.93188 170.874
76.3994 51.4511 18.2098 3.93402 170.834
76.4994 51.401 18.2502 3.93614 170.794
76.5994 51.3508 18.2906 3.93826 170.753
76.6994 51.3007 18.3311 3.94036 170.713
76.7994 51.2505 18.3715 3.94246 170.672
76.8994 51.2004 18.412 3.94454 170.632
76.9994 51.1503 18.4525 3.94661 170.591
77.0994 51.1001 18.493 3.94867 170.551
77.1994 51.05 18.5335 3.95072 170.51
77.2994 50.9999 18.574 3.95275 170.47
77.3994 50.9497 18.6145 3.95478 170.429
77.4994 50.8996 18.6551 3.95679 170.389
77.5994 50.8495 18.6957 3.95879 170.348
77.6994 50.7993 18.7363 3.96079 170.307
77.7994 50.7492 18.7769 3.96277 170.267
77.8994 50.6991 18.8175 3.96473 170.226
77.9994 50.649 18.8581 3.96669 170.186
78.0994 50.5988 18.8988 3.96864 170.145
78.1994 50.5487 18.9395 3.97057 170.104
78.2994 50.4986 18.9801 3.97249 170.064
78.3994 50.4485 19.0208 3.97441 170.023
78.4994 50.3983 19.0615 3.97631 169.982
78.5994 50.3482 19.1023 3.97819 169.941
78.6994 50.2981 19.143 3.98007 169.901
78.7994 50.248 19.1838 3.98194 169.86
78.8994 50.1979 19.2245 3.98379 169.819
78.9994 50.1478 19.2653 3.98563 169.778
79.0994 50.0976 19.3061 3.98747 169.738
79.1994 50.0475 19.3469 3.98929 169.697
79.2994 49.9974 19.3877 3.99109 169.656
79.3994 49.9473 19.4286 3.99289 169.615
79.4994 49.8972 19.4694 3.99468 169.574
79.5994 49.8471 19.5103 3.99645 169.533
79.6994 49.797 19.5512 3.99821 169.493
79.7994 49.7469 19.5921 3.99996 169.452
79.8994 49.6968 19.633 4.0017 169.411
79.9994 49.6467 19.6739 4.00343 169.37
80.0993 49.5966 19.7148 4.00514 169.329
80.1993 49.5465 19.7558 4.00685 169.288
80.2993 49.4964 19.7967 4.00854 169.247
80.3993 49.4463 19.8377 4.01022 169.206
80.4993 49.3962 19.8786 4.01189 169.165
80.5993 49.3461 19.9196 4.01355 169.124
80.6993 49.296 19.9606 4.0152 169.083
80.7993 49.2459 20.0016 4.01683 169.042
80.8993 49.1958 20.0427 4.01845 169.001
80.9993 49.1457 20.0837 4.02006 168.96
81.0993 49.0956 20.1248 4.02166 168.919
81.1993 49.0455 20.1658 4.02325 168.878
81.2993 48.9954 20.2069 4.02483 168.837
81.3993 48.9453 20.248 4.02639 168.796
81.4993 48.8952 20.2891 4.02795 168.755
81.5993 48.8451 20.3302 4.02949 168.714
81.6993 48.795 20.3713 4.03102 168.672
81.7993 48.745 20.4124 4.03253 168.631
81.8993 48.6949 20.4535 4.03404 168.59
81.9993 48.6448 20.4947 4.03553 168.549
82.0993 48.5947 20.5358 4.03702 168.508
82.1993 48.5446 20.577 4.03849 168.467
82.2993 48.4945 20.6182 4.03994 168.426
82.3993 48.4445 20.6593 4.04139 168.384
82.4993 48.3944 20.7005 4.04283 168.343
82.5993 48.3443 20.7417 4.04425 168.302
82.6993 48.2942 20.7829 4.04566 168.261
82.7993 48.2442 20.8242 4.04706 168.22
82.8993 48.1941 20.8654 4.04845 168.178
82.9993 48.144 20.9066 4.04983 168.137
83.0993 48.0939 20.9479 4.05119 168.096
83.1993 48.0439 20.9891 4.05254 168.055
83.2993 47.9938 21.0304 4.05388 168.013
83.3993 47.9437 21.0717 4.05521 167.972
83.4993 47.8937 21.113 4.05653 167.931
83.5993 47.8436 21.1543 4.05783 167.89
83.6993 47.7935 21.1955 4.05913 167.848
83.7993 47.7435 21.2369 4.06041 167.807
83.8993 47.6934 21.2782 4.06168 167.766
83.9993 47.6434 21.3195 4.06293 167.724
84.0993 47.5933 21.3608 4.06418 167.683
84.1993 47.5432 21.4022 4.06541 167.642
84.2993 47.4932 21.4435 4.06663 167.6
84.3993 47.4431 21.4848 4.06784 167.559
84.4993 47.3931 21.5262 4.06904 167.518
84.5993 47.343 21.5676 4.07023 167.476
84.6993 47.293 21.6089 4.0714 167.435
84.7993 47.2429 21.6503 4.07256 167.393
84.8993 47.1929 21.6917 4.07371 167.352
84.9993 47.1428 21.7331 4.07485 167.311
85.0993 47.0928 21.7745 4.07597 167.269
85.1993 47.0427 21.8159 4.07709 167.228
85.2993 46.9927 21.8573 4.07819 167.186
85.3993 46.9426 21.8987 4.07928 167.145
85.4993 46.8926 21.9402 4.08035 167.104
85.5993 46.8425 21.9816 4.08142 167.062
85.6993 46.7925 22.023 4.08247 167.021
85.7993 46.7424 22.0644 4.08351 166.979
85.8993 46.6924 22.1059 4.08454 166.938
85.9993 46.6424 22.1473 4.08556 166.896
86.0993 46.5923 22.1888 4.08657 166.855
86.1993 46.5423 22.2303 4.08756 166.814
86.2993 46.4922 22.2717 4.08854 166.772
86.3993 46.4422 22.3132 4.08951 166.731
86.4993 46.3922 22.3547 4.09046 166.689
86.5993 46.3421 22.3961 4.09141 166.648
86.6992 46.2921 22.4376 4.09234 166.606
86.7992 46.2421 22.4791 4.09326 166.565
86.8992 46.1921 22.5206 4.09417 166.523
86.9992 46.142 22.5621 4.09506 166.482
87.0992 46.092 22.6036 4.09595 166.44
87.1992 46.042 22.6451 4.09682 166.399
87.2992 45.9919 22.6866 4.09768 166.357
87.3992 45.9419 22.7281 4.09853 166.316
87.4992 45.8919 22.7696 4.09936 166.274
87.5992 45.8419 22.8111 4.10018 166.233
87.6992 45.7919 22.8526 4.10099 166.191
87.7992 45.7418 22.8942 4.10179 166.15
87.8992 45.6918 22.9357 4.10258 166.108
87.9992 45.6418 22.9772 4.10335 166.067
88.0992 45.5918 23.0187 4.10411 166.025
88.1992 45.5418 23.0603 4.10486 165.983
88.2992 45.4917 23.1018 4.1056 165.942
88.3992 45.4417 23.1433 4.10633 165.9
88.4992 45.3917 23.1849 4.10704 165.859
88.5992 45.3417 23.2264 4.10774 165.817
88.6992 45.2917 23.268 4.10843 165.776
88.7992 45.2417 23.3095 4.1091 165.734
88.8992 45.1917 23.3511 4.10977 165.693
88.9992 45.1417 23.3926 4.11042 165.651
89.0992 45.0917 23.4341 4.11106 165.61
89.1992 45.0417 23.4757 4.11168 165.568
89.2992 44.9917 23.5172 4.1123 165.527
89.3992 44.9417 23.5588 4.1129 165.485
89.4992 44.8917 23.6003 4.11349 165.443
89.5992 44.8417 23.6419 4.11407 165.402
89.6992 44.7917 23.6835 4.11463 165.36
89.7992 44.7417 23.725 4.11519 165.319
89.8992 44.6917 23.7666 4.11573 165.277
89.9992 44.6417 23.8081 4.11625 165.236
90.0992 44.5917 23.8497 4.11677 165.194
90.1992 44.5417 23.8912 4.11727 165.153
90.2992 44.4917 23.9328 4.11776 165.111
90.3992 44.4417 23.9743 4.11824 165.069
90.4992 44.3917 24.0159 4.11871 165.028
90.5992 44.3417 24.0574 4.11916 164.986
90.6992 44.2917 24.099 4.1196 164.945
90.7992 44.2417 24.1405 4.12003 164.903
90.8992 44.1918 24.1821 4.12045 164.862
90.9992 44.1418 24.2236 4.12085 164.82
91.0992 44.0918 24.2652 4.12124 164.779
91.1992 44.0418 24.3067 4.12162 164.737
91.2992 43.9918 24.3483 4.12199 164.696
91.3992 43.9418 24.3898 4.12234 164.654
91.4992 43.8919 24.4313 4.12269 164.612
91.5992 43.8419 24.4729 4.12302 164.571
91.6992 43.7919 24.5144 4.12333 164.529
91.7992 43.7419 24.5559 4.12364 164.488
91.8992 43.692 24.5975 4.12393 164.446
91.9992 43.642 24.639 4.12421 164.405
92.0992 43.592 24.6805 4.12448 164.363
92.1992 43.542 24.7221 4.12473 164.322
92.2992 43.4921 24.7636 4.12497 164.28
92.3992 43.4421 24.8051 4.1252 164.239
92.4992 43.3921 24.8466 4.12542 164.197
92.5992 43.3422 24.8881 4.12562 164.156
92.6992 43.2922 24.9296 4.12582 164.114
92.7992 43.2422 24.9711 4.126 164.073
92.8992 43.1923 25.0126 4.12616 164.031
92.9992 43.1423 25.0541 4.12632 163.99
93.0992 43.0923 25.0956 4.12646 163.948
93.1992 43.0424 25.1371 4.12659 163.907
93.2991 42.9924 25.1786 4.12671 163.865
93.3991 42.9425 25.2201 4.12681 163.824
93.4991 42.8925 25.2616 4.1269 163.782
93.5991 42.8425 25.303 4.12698 163.741
93.6991 42.7926 25.3445 4.12705 163.699
93.7991 42.7426 25.386 4.1271 163.658
93.8991 42.6927 25.4274 4.12714 163.616
93.9991 42.6427 25.4689 4.12717 163.575
94.0991 42.5928 25.5103 4.12719 163.533
94.1991 42.5428 25.5518 4.12719 163.492
94.2991 42.4929 25.5932 4.12718 163.451
94.3991 42.4429 25.6346 4.12716 163.409
94.4991 42.393 25.6761 4.12713 163.368
94.5991 42.343 25.7175 4.12708 163.326
94.6991 42.2931 25.7589 4.12702 163.285
94.7991 42.2432 25.8003 4.12695 163.243
94.8991 42.1932 25.8417 4.12687 163.202
94.9991 42.1433 25.8831 4.12677 163.161
95.0991 42.0933 25.9245 4.12666 163.119
95.1991 42.0434 25.9659 4.12654 163.078
95.2991 41.9935 26.0073 4.1264 163.036
95.3991 41.9435 26.0486 4.12625 162.995
95.4991 41.8936 26.09 4.12609 162.954
95.5991 41.8436 26.1314 4.12592 162.912
95.6991 41.7937 26.1727 4.12574 162.871
95.7991 41.7438 26.2141 4.12554 162.83
95.8991 41.6938 26.2554 4.12533 162.788
95.9991 41.6439 26.2967 4.1251 162.747
96.0991 41.594 26.3381 4.12487 162.706
96.1991 41.5441 26.3794 4.12462 162.664
96.2991 41.4941 26.4207 4.12436 162.623
96.3991 41.4442 26.462 4.12408 162.582
96.4991 41.3943 26.5033 4.12379 162.541
96.5991 41.3444 26.5445 4.12349 162.499
96.6991 41.2944 26.5858 4.12318 162.458
96.7991 41.2445 26.6271 4.12286 162.417
96.8991 41.1946 26.6683 4.12252 162.375
96.9991 41.1447 26.7096 4.12217 162.334
97.0991 41.0948 26.7508 4.1218 162.293
97.1991 41.0448 26.7921 4.12143 162.252
97.2991 40.9949 26.8333 4.12104 162.21
97.3991 40.945 26.8745 4.12064 162.169
97.4991 40.8951 26.9157 4.12022 162.128
97.5991 40.8452 26.9569 4.1198 162.087
97.6991 40.7953 26.9981 4.11936 162.046
97.7991 40.7454 27.0392 4.1189 162.005
97.8991 40.6954 27.0804 4.11844 161.963
97.9991 40.6455 27.1216 4.11796 161.922
98.0991 40.5956 27.1627 4.11747 161.881
98.1991 40.5457 27.2038 4.11697 161.84
98.2991 40.4958 27.245 4.11645 161.799
98.3991 40.4459 27.2861 4.11592 161.758
98.4991 40.396 27.3272 4.11538 161.717
98.5991 40.3461 27.3683 4.11483 161.676
98.6991 40.2962 27.4093 4.11426 161.634
98.7991 40.2463 27.4504 4.11368 161.593
98.8991 40.1964 27.4915 4.11309 161.552
98.9991 40.1465 27.5325 4.11248 161.511
99.0991 40.0966 27.5736 4.11186 161.47
99.1991 40.0467 27.6146 4.11123 161.429
99.2991 39.9968 27.6556 4.11059 161.388
99.3991 39.9469 27.6966 4.10993 161.347
99.4991 39.897 27.7376 4.10926 161.306
99.5991 39.8471 27.7786 4.10858 161.265
99.6991 39.7972 27.8195 4.10788 161.224
99.799 39.7474 27.8605 4.10717 161.183
99.899 39.6975 27.9014 4.10645 161.142
99.999 39.6476 27.9423 4.10572 161.101
100.099 39.5977 27.9833 4.10497 161.061
100.199 39.5478 28.0242 4.10421 161.02
100.299 39.4979 28.0651 4.10344 160.979
100.399 39.448 28.1059 4.10266 160.938
100.499 39.3982 28.1468 4.10186 160.897
100.599 39.3483 28.1876 4.10105 160.856
100.699 39.2984 28.2285 4.10023 160.815
100.799 39.2485 28.2693 4.09939 160.774
100.899 39.1986 28.3101 4.09854 160.734
100.999 39.1488 28.3509 4.09768 160.693
101.099 39.0989 28.3917 4.0968 160.652
101.199 39.049 28.4325 4.09592 160.611
101.299 38.9991 28.4732 4.09502 160.571
101.399 38.9493 28.514 4.0941 160.53
101.499 38.8994 28.5547 4.09318 160.489
101.599 38.8495 28.5954 4.09224 160.448
101.699 38.7997 28.6361 4.09129 160.408
101.799 38.7498 28.6768 4.09032 160.367
101.899 38.6999 28.7174 4.08934 160.326
101.999 38.6501 28.7581 4.08835 160.286
102.099 38.6002 28.7987 4.08735 160.245
102.199 38.5503 28.8394 4.08634 160.204
102.299 38.5005 28.88 4.08531 160.164
102.399 38.4506 28.9206 4.08426 160.123
102.499 38.4007 28.9611 4.08321 160.083
102.599 38.3509 29.0017 4.08214 160.042
102.699 38.301 29.0422 4.08106 160.002
102.799 38.2512 29.0828 4.07997 159.961
102.899 38.2013 29.1233 4.07886 159.92
102.999 38.1515 29.1638 4.07774 159.88
103.099 38.1016 29.2043 4.07661 159.84
103.199 38.0517 29.2447 4.07547 159.799
103.299 38.0019 29.2852 4.07431 159.759
103.399 37.952 29.3256 4.07314 159.718
103.499 37.9022 29.366 4.07196 159.678
103.599 37.8523 29.4064 4.07076 159.637
103.699 37.8025 29.4468 4.06955 159.597
103.799 37.7526 29.4871 4.06833 159.557
103.899 37.7028 29.5275 4.06709 159.516
103.999 37.653 29.5678 4.06585 159.476
104.099 37.6031 29.6081 4.06459 159.436
104.199 37.5533 29.6484 4.06331 159.395
104.299 37.5034 29.6887 4.06203 159.355
104.399 37.4536 29.729 4.06073 159.315
104.499 37.4037 29.7692 4.05941 159.275
104.599 37.3539 29.8094 4.05809 159.234
104.699 37.3041 29.8496 4.05675 159.194
104.799 37.2542 29.8898 4.0554 159.154
104.899 37.2044 29.93 4.05404 159.114
104.999 37.1546 29.9701 4.05266 159.074
105.099 37.1047 30.0102 4.05127 159.034
105.199 37.0549 30.0503 4.04987 158.993
105.299 37.0051 30.0904 4.04845 158.953
105.399 36.9552 30.1305 4.04703 158.913
105.499 36.9054 30.1706 4.04558 158.873
105.599 36.8556 30.2106 4.04413 158.833
105.699 36.8058 30.2506 4.04266 158.793
105.799 36.7559 30.2906 4.04118 158.753
105.899 36.7061 30.3306 4.03969 158.713
105.999 36.6563 30.3705 4.03819 158.673
106.099 36.6065 30.4105 4.03667 158.633
106.199 36.5566 30.4504 4.03514 158.593
106.299 36.5068 30.4903 4.03359 158.554
106.399 36.457 30.5301 4.03204 158.514
106.499 36.4072 30.57 4.03047 158.474
106.599 36.3574 30.6098 4.02888 158.434
106.699 36.3075 30.6496 4.02729 158.394
106.799 36.2577 30.6894 4.02568 158.354
106.899 36.2079 30.7292 4.02406 158.315
106.999 36.1581 30.7689 4.02242 158.275
107.099 36.1083 30.8087 4.02077 158.235
107.199 36.0585 30.8484 4.01911 158.195
107.299 36.0087 30.8881 4.01744 158.156
107.399 35.9589 30.9277 4.01576 158.116
107.499 35.909 30.9674 4.01406 158.076
107.599 35.8592 31.007 4.01234 158.037
107.699 35.8094 31.0466 4.01062 157.997
107.799 35.7596 31.0861 4.00888 157.958
107.899 35.7098 31.1257 4.00713 157.918
107.999 35.66 31.1652 4.00537 157.879
108.099 35.6102 31.2047 4.00359 157.839
108.199 35.5604 31.2442 4.0018 157.8
108.299 35.5106 31.2837 4 157.76
108.399 35.4608 31.3231 3.99819 157.721
108.499 35.411 31.3625 3.99636 157.681
108.599 35.3612 31.4019 3.99452 157.642
108.699 35.3114 31.4413 3.99266 157.602
108.799 35.2616 31.4807 3.9908 157.563
108.899 35.2118 31.52 3.98892 157.524
108.999 35.162 31.5593 3.98703 157.484
109.099 35.1123 31.5986 3.98512 157.445
109.199 35.0625 31.6378 3.9832 157.406
109.299 35.0127 31.677 3.98127 157.367
109.399 34.9629 31.7163 3.97933 157.328
109.499 34.9131 31.7554 3.97737 157.288
109.599 34.8633 31.7946 3.9754 157.249
109.699 34.8135 31.8337 3.97342 157.21
109.799 34.7637 31.8728 3.97143 157.171
109.899 34.714 31.9119 3.96942 157.132
109.999 34.6642 31.951 3.9674 157.093
110.099 34.6144 31.99 3.96536 157.054
110.199 34.5646 32.029 3.96332 157.015
110.299 34.5148 32.068 3.96126 156.976
110.399 34.4651 32.107 3.95918 156.937
110.499 34.4153 32.1459 3.9571 156.898
110.599 34.3655 32.1848 3.955 156.859
110.699 34.3157 32.2237 3.95289 156.82
110.799 34.266 32.2626 3.95077 156.781
110.899 34.2162 32.3014 3.94863 156.742
110.999 34.1664 32.3402 3.94648 156.704
111.099 34.1166 32.379 3.94432 156.665
111.199 34.0669 32.4177 3.94214 156.626
111.299 34.0171 32.4565 3.93996 156.587
111.399 33.9673 32.4952 3.93775 156.549
111.499 33.9176 32.5338 3.93554 156.51
111.599 33.8678 32.5725 3.93331 156.471
111.699 33.818 32.6111 3.93108 156.433
111.799 33.7683 32.6497 3.92882 156.394
111.899 33.7185 32.6883 3.92656 156.356
111.999 33.6687 32.7268 3.92428 156.317
112.099 33.619 32.7653 3.92199 156.278
112.199 33.5692 32.8038 3.91969 156.24
112.299 33.5195 32.8423 3.91737 156.202
112.399 33.4697 32.8807 3.91504 156.163
112.499 33.4199 32.9191 3.9127 156.125
112.599 33.3702 32.9575 3.91035 156.086
112.699 33.3204 32.9958 3.90798 156.048
112.799 33.2707 33.0341 3.9056 156.01
112.899 33.2209 33.0724 3.9032 155.971
112.999 33.1712 33.1107 3.9008 155.933
113.099 33.1214 33.1489 3.89838 155.895
113.199 33.0717 33.1871 3.89595 155.857
113.299 33.0219 33.2253 3.8935 155.818
113.399 32.9722 33.2635 3.89105 155.78
113.499 32.9224 33.3016 3.88858 155.742
113.599 32.8727 33.3397 3.8861 155.704
113.699 32.8229 33.3778 3.8836 155.666
113.799 32.7732 33.4158 3.88109 155.628
113.899 32.7234 33.4538 3.87857 155.59
113.999 32.6737 33.4918 3.87604 155.552
114.099 32.624 33.5297 3.87349 155.514
114.199 32.5742 33.5676 3.87093 155.476
114.299 32.5245 33.6055 3.86836 155.438
114.399 32.4747 33.6434 3.86578 155.4
114.499 32.425 33.6812 3.86318 155.363
114.599 32.3753 33.719 3.86057 155.325
114.699 32.3255 33.7568 3.85795 155.287
114.799 32.2758 33.7945 3.85531 155.249
114.899 32.2261 33.8322 3.85266 155.212
114.999 32.1763 33.8699 3.85 155.174
115.099 32.1266 33.9075 3.84733 155.136
115.199 32.0769 33.9451 3.84464 155.099
115.299 32.0271 33.9827 3.84194 155.061
115.399 31.9774 34.0203 3.83923 155.023
115.499 31.9277 34.0578 3.83651 154.986
115.599 31.878 34.0953 3.83377 154.948
115.699 31.8282 34.1327 3.83102 154.911
115.799 31.7785 34.1702 3.82826 154.874
115.899 31.7288 34.2076 3.82548 154.836
115.999 31.6791 34.2449 3.8227 154.799
116.099 31.6293 34.2823 3.8199 154.762
116.199 31.5796 34.3196 3.81708 154.724
116.299 31.5299 34.3568 3.81426 154.687
116.399 31.4802 34.3941 3.81142 154.65
116.499 31.4305 34.4313 3.80857 154.612
116.599 31.3807 34.4684 3.8057 154.575
116.699 31.331 34.5056 3.80283 154.538
116.799 31.2813 34.5427 3.79994 154.501
116.899 31.2316 34.5798 3.79704 154.464
116.999 31.1819 34.6168 3.79412 154.427
117.099 31.1322 34.6538 3.79119 154.39
117.199 31.0825 34.6908 3.78826 154.353
117.299 31.0327 34.7277 3.7853 154.316
117.399 30.983 34.7646 3.78234 154.279
117.499 30.9333 34.8015 3.77936 154.242
117.599 30.8836 34.8383 3.77637 154.205
117.699 30.8339 34.8752 3.77337 154.169
117.799 30.7842 34.9119 3.77035 154.132
117.899 30.7345 34.9487 3.76733 154.095
117.999 30.6848 34.9854 3.76429 154.058
118.099 30.6351 35.0221 3.76123 154.022
118.199 30.5854 35.0587 3.75817 153.985
118.299 30.5357 35.0953 3.75509 153.948
118.399 30.486 35.1319 3.752 153.912
118.499 30.4363 35.1684 3.7489 153.875
118.599 30.3866 35.2049 3.74578 153.839
118.699 30.3369 35.2414 3.74265 153.802
118.799 30.2872 35.2778 3.73951 153.766
118.899 30.2375 35.3142 3.73636 153.73
118.999 30.1878 35.3506 3.73319 153.693
119.099 30.1381 35.3869 3.73001 153.657
119.199 30.0884 35.4232 3.72682 153.621
119.299 30.0387 35.4594 3.72362 153.584
119.399 29.989 35.4956 3.7204 153.548
119.499 29.9394 35.5318 3.71718 153.512
119.599 29.8897 35.568 3.71394 153.476
119.699 29.84 35.6041 3.71068 153.44
119.799 29.7903 35.6402 3.70742 153.404
119.899 29.7406 35.6762 3.70414 153.368
119.999 29.6909 35.7122 3.70085 153.332
120.099 29.6412 35.7482 3.69755 153.296
120.199 29.5916 35.7841 3.69423 153.26
120.299 29.5419 35.82 3.6909 153.224
120.399 29.4922 35.8559 3.68756 153.188
120.499 29.4425 35.8917 3.68421 153.152
120.599 29.3928 35.9275 3.68084 153.116
120.699 29.3432 35.9632 3.67747 153.081
120.799 29.2935 35.9989 3.67408 153.045
120.899 29.2438 36.0346 3.67067 153.009
120.999 29.1941 36.0702 3.66726 152.974
121.099 29.1445 36.1058 3.66383 152.938
121.199 29.0948 36.1414 3.66039 152.902
121.299 29.0451 36.1769 3.65694 152.867
121.399 28.9954 36.2124 3.65348 152.831
121.499 28.9458 36.2479 3.65 152.796
121.599 28.8961 36.2833 3.64651 152.76
121.699 28.8464 36.3187 3.64301 152.725
121.799 28.7968 36.354 3.6395 152.69
121.899 28.7471 36.3893 3.63597 152.654
121.999 28.6974 36.4245 3.63243 152.619
122.099 28.6478 36.4598 3.62888 152.584
122.199 28.5981 36.4949 3.62532 152.549
122.299 28.5484 36.5301 3.62175 152.514
122.399 28.4988 36.5652 3.61816 152.479
122.499 28.4491 36.6003 3.61456 152.444
122.599 28.3994 36.6353 3.61095 152.408
122.699 28.3498 36.6703 3.60732 152.373
122.799 28.3001 36.7052 3.60369 152.339
122.899 28.2505 36.7401 3.60004 152.304
122.999 28.2008 36.775 3.59638 152.269
123.099 28.1512 36.8098 3.5927 152.234
123.199 28.1015 36.8446 3.58902 152.199
123.299 28.0518 36.8794 3.58532 152.164
123.399 28.0022 36.9141 3.58161 152.13
123.499 27.9525 36.9487 3.57789 152.095
123.599 27.9029 36.9834 3.57416 152.06
123.699 27.8532 37.018 3.57041 152.026
123.799 27.8036 37.0525 3.56665 151.991
123.899 27.7539 37.087 3.56288 151.957
123.999 27.7043 37.1215 3.5591 151.922
124.099 27.6546 37.1559 3.5553 151.888
124.199 27.605 37.1903 3.5515 151.853
124.299 27.5554 37.2247 3.54768 151.819
124.399 27.5057 37.259 3.54385 151.785
124.499 27.4561 37.2932 3.54 151.751
124.599 27.4064 37.3275 3.53615 151.716
124.699 27.3568 37.3616 3.53228 151.682
124.799 27.3071 37.3958 3.5284 151.648
124.899 27.2575 37.4299 3.52451 151.614
124.999 27.2079 37.464 3.52061 151.58
125.099 27.1582 37.498 3.51669 151.546
125.199 27.1086 37.5319 3.51276 151.512
125.299 27.0589 37.5659 3.50882 151.478
125.399 27.0093 37.5998 3.50487 151.444
125.499 26.9597 37.6336 3.50091 151.41
125.599 26.91 37.6674 3.49693 151.376
125.699 26.8604 37.7012 3.49295 151.343
125.799 26.8108 37.7349 3.48895 151.309
125.899 26.7611 37.7686 3.48493 151.275
125.999 26.7115 37.8022 3.48091 151.242
126.099 26.6619 37.8358 3.47688 151.208
126.199 26.6123 37.8694 3.47283 151.174
126.299 26.5626 37.9029 3.46877 151.141
126.399 26.513 37.9364 3.4647 151.107
126.499 26.4634 37.9698 3.46061 151.074
126.599 26.4138 38.0032 3.45652 151.041
126.699 26.3641 38.0365 3.45241 151.007
126.799 26.3145 38.0698 3.44829 150.974
126.899 26.2649 38.1031 3.44416 150.941
126.999 26.2153 38.1363 3.44002 150.907
127.099 26.1656 38.1694 3.43586 150.874
127.199 26.116 38.2026 3.4317 150.841
127.299 26.0664 38.2356 3.42752 150.808
127.399 26.0168 38.2687 3.42333 150.775
127.499 25.9672 38.3017 3.41913 150.742
127.599 25.9175 38.3346 3.41491 150.709
127.699 25.8679 38.3675 3.41069 150.676
127.799 25.8183 38.4004 3.40645 150.643
127.899 25.7687 38.4332 3.4022 150.611
127.999 25.7191 38.4659 3.39794 150.578
128.099 25.6695 38.4987 3.39367 150.545
128.199 25.6199 38.5313 3.38939 150.512
128.299 25.5702 38.564 3.38509 150.48
128.399 25.5206 38.5966 3.38078 150.447
128.499 25.471 38.6291 3.37646 150.415
128.599 25.4214 38.6616 3.37213 150.382
128.699 25.3718 38.6941 3.36779 150.35
128.799 25.3222 38.7265 3.36343 150.317
128.899 25.2726 38.7588 3.35907 150.285
128.999 25.223 38.7912 3.35469 150.253
129.099 25.1734 38.8234 3.3503 150.22
129.199 25.1238 38.8557 3.3459 150.188
129.299 25.0741 38.8878 3.34149 150.156
129.399 25.0245 38.92 3.33706 150.124
129.499 24.9749 38.9521 3.33262 150.092
129.599 24.9253 38.9841 3.32818 150.06
129.699 24.8757 39.0161 3.32372 150.028
129.799 24.8261 39.048 3.31925 149.996
129.899 24.7765 39.08 3.31476 149.964
129.999 24.7269 39.1118 3.31027 149.932
130.099 24.6773 39.1436 3.30577 149.9
130.199 24.6277 39.1754 3.30125 149.868
130.299 24.5781 39.2071 3.29672 149.837
130.399 24.5285 39.2388 3.29218 149.805
130.499 24.4789 39.2704 3.28763 149.773
130.599 24.4293 39.302 3.28307 149.742
130.699 24.3797 39.3335 3.27849 149.71
130.799 24.3302 39.365 3.27391 149.679
130.899 24.2806 39.3964 3.26931 149.647
130.999 24.231 39.4278 3.2647 149.616
131.099 24.1814 39.4591 3.26008 149.585
131.199 24.1318 39.4904 3.25545 149.553
131.299 24.0822 39.5217 3.25081 149.522
131.399 24.0326 39.5529 3.24615 149.491
131.499 23.983 39.584 3.24149 149.46
131.599 23.9334 39.6151 3.23681 149.429
131.699 23.8838 39.6462 3.23212 149.398
131.799 23.8343 39.6772 3.22742 149.367
131.899 23.7847 39.7081 3.22271 149.336
131.999 23.7351 39.739 3.21799 149.305
132.099 23.6855 39.7699 3.21326 149.274
132.199 23.6359 39.8007 3.20852 149.243
132.299 23.5863 39.8315 3.20376 149.212
132.399 23.5368 39.8622 3.19899 149.182
132.499 23.4872 39.8929 3.19421 149.151
132.599 23.4376 39.9235 3.18943 149.12
132.699 23.388 39.954 3.18463 149.09
132.799 23.3384 39.9845 3.17981 149.059
132.899 23.2889 40.015 3.17499 149.029
132.999 23.2393 40.0454 3.17016 148.998
133.099 23.1897 40.0758 3.16531 148.968
133.199 23.1401 40.1061 3.16046 148.938
133.299 23.0906 40.1364 3.15559 148.907
133.399 23.041 40.1666 3.15071 148.877
133.499 22.9914 40.1968 3.14582 148.847
133.599 22.9419 40.2269 3.14092 148.817
133.699 22.8923 40.257 3.13601 148.787
133.799 22.8427 40.287 3.13109 148.757
133.899 22.7931 40.317 3.12615 148.727
133.999 22.7436 40.3469 3.12121 148.697
134.099 22.694 40.3767 3.11625 148.667
134.199 22.6444 40.4066 3.11129 148.637
134.299 22.5949 40.4363 3.10631 148.607
134.399 22.5453 40.466 3.10132 148.578
134.499 22.4957 40.4957 3.09632 148.548
134.599 22.4462 40.5253 3.09131 148.518
134.699 22.3966 40.5549 3.08629 148.489
134.799 22.3471 40.5844 3.08126 148.459
134.899 22.2975 40.6139 3.07621 148.43
134.999 22.2479 40.6433 3.07116 148.4
135.099 22.1984 40.6726 3.06609 148.371
135.199 22.1488 40.7019 3.06102 148.342
135.299 22.0993 40.7312 3.05593 148.313
135.399 22.0497 40.7604 3.05083 148.283
135.499 22.0001 40.7896 3.04573 148.254
135.599 21.9506 40.8187 3.04061 148.225
135.699 21.901 40.8477 3.03548 148.196
135.799 21.8515 40.8767 3.03034 148.167
135.899 21.8019 40.9056 3.02519 148.138
135.999 21.7524 40.9345 3.02002 148.109
136.099 21.7028 40.9634 3.01485 148.08
136.199 21.6533 40.9922 3.00967 148.052
136.299 21.6037 41.0209 3.00447 148.023
136.399 21.5542 41.0496 2.99927 147.994
136.499 21.5046 41.0782 2.99406 147.966
136.599 21.4551 41.1068 2.98883 147.937
136.699 21.4055 41.1353 2.98359 147.908
136.799 21.356 41.1638 2.97835 147.88
136.899 21.3064 41.1922 2.97309 147.852
136.999 21.2569 41.2206 2.96782 147.823
137.099 21.2073 41.2489 2.96254 147.795
137.199 21.1578 41.2772 2.95725 147.767
137.299 21.1082 41.3054 2.95195 147.738
137.399 21.0587 41.3335 2.94664 147.71
137.499 21.0092 41.3616 2.94132 147.682
137.599 20.9596 41.3897 2.93599 147.654
137.699 20.9101 41.4177 2.93065 147.626
137.799 20.8605 41.4456 2.9253 147.598
137.899 20.811 41.4735 2.91993 147.57
137.999 20.7615 41.5013 2.91456 147.542
138.099 20.7119 41.5291 2.90918 147.515
138.199 20.6624 41.5569 2.90378 147.487
138.299 20.6128 41.5845 2.89838 147.459
138.399 20.5633 41.6121 2.89296 147.432
138.499 20.5138 41.6397 2.88754 147.404
138.599 20.4642 41.6672 2.88211 147.377
138.699 20.4147 41.6947 2.87666 147.349
138.799 20.3652 41.7221 2.8712 147.322
138.899 20.3156 41.7494 2.86574 147.294
138.999 20.2661 41.7767 2.86026 147.267
139.099 20.2166 41.8039 2.85478 147.24
139.199 20.1671 41.8311 2.84928 147.213
139.299 20.1175 41.8583 2.84377 147.186
139.399 20.068 41.8853 2.83826 147.158
139.499 20.0185 41.9123 2.83273 147.131
139.599 19.9689 41.9393 2.82719 147.104
139.699 19.9194 41.9662 2.82164 147.078
139.799 19.8699 41.9931 2.81609 147.051
139.899 19.8204 42.0199 2.81052 147.024
139.999 19.7708 42.0466 2.80494 146.997
140.099 19.7213 42.0733 2.79935 146.97
140.199 19.6718 42.0999 2.79376 146.944
140.299 19.6223 42.1265 2.78815 146.917
140.399 19.5727 42.153 2.78253 146.891
140.499 19.5232 42.1795 2.7769 146.864
140.599 19.4737 42.2059 2.77126 146.838
140.699 19.4242 42.2322 2.76562 146.812
140.799 19.3747 42.2585 2.75996 146.785
140.899 19.3251 42.2847 2.75429 146.759
140.999 19.2756 42.3109 2.74861 146.733
141.099 19.2261 42.337 2.74293 146.707
141.199 19.1766 42.3631 2.73723 146.681
141.299 19.1271 42.3891 2.73152 146.655
141.399 19.0776 42.4151 2.72581 146.629
141.499 19.0281 42.441 2.72008 146.603
141.599 18.9785 42.4668 2.71434 146.577
141.699 18.929 42.4926 2.7086 146.551
141.799 18.8795 42.5183 2.70284 146.525
141.899 18.83 42.544 2.69707 146.5
141.999 18.7805 42.5696 2.6913 146.474
142.099 18.731 42.5952 2.68551 146.449
142.199 18.6815 42.6207 2.67972 146.423
142.299 18.632 42.6461 2.67391 146.398
142.399 18.5825 42.6715 2.6681 146.372
142.499 18.5329 42.6968 2.66228 146.347
142.6 18.4834 42.7221 2.65644 146.322
142.7 18.4339 42.7473 2.6506 146.296
142.8 18.3844 42.7725 2.64475 146.271
142.9 18.3349 42.7976 2.63889 146.246
143 18.2854 42.8226 2.63301 146.221
143.1 18.2359 42.8476 2.62713 146.196
143.2 18.1864 42.8725 2.62124 146.171
143.3 18.1369 42.8974 2.61534 146.146
143.4 18.0874 42.9222 2.60943 146.122
143.5 18.0379 42.9469 2.60351 146.097
143.6 17.9884 42.9716 2.59759 146.072
143.7 17.9389 42.9962 2.59165 146.048
143.8 17.8894 43.0208 2.5857 146.023
143.9 17.8399 43.0453 2.57974 145.998
144 17.7904 43.0698 2.57378 145.974
144.1 17.7409 43.0942 2.5678 145.95
144.2 17.6914 43.1185 2.56182 145.925
144.3 17.6419 43.1428 2.55582 145.901
144.4 17.5924 43.167 2.54982 145.877
144.5 17.5429 43.1912 2.54381 145.853
144.6 17.4934 43.2153 2.53779 145.828
144.7 17.4439 43.2393 2.53176 145.804
144.8 17.3944 43.2633 2.52572 145.78
144.9 17.345 43.2872 2.51967 145.757
145 17.2955 43.3111 2.51361 145.733
145.1 17.246 43.3349 2.50754 145.709
145.2 17.1965 43.3586 2.50146 145.685
145.3 17.147 43.3823 2.49538 145.661
145.4 17.0975 43.406 2.48928 145.638
145.5 17.048 43.4295 2.48318 145.614
145.6 16.9985 43.453 2.47707 145.591
145.7 16.949 43.4765 2.47095 145.567
145.8 16.8996 43.4999 2.46482 145.544
145.9 16.8501 43.5232 2.45868 145.521
146 16.8006 43.5465 2.45253 145.497
146.1 16.7511 43.5697 2.44637 145.474
146.2 16.7016 43.5928 2.4402 145.451
146.3 16.6521 43.6159 2.43403 145.428
146.4 16.6026 43.6389 2.42784 145.405
146.5 16.5532 43.6619 2.42165 145.382
146.6 16.5037 43.6848 2.41545 145.359
146.7 16.4542 43.7077 2.40924 145.336
146.8 16.4047 43.7304 2.40302 145.313
146.9 16.3552 43.7532 2.39679 145.291
147 16.3058 43.7758 2.39055 145.268
147.1 16.2563 43.7984 2.38431 145.245
147.2 16.2068 43.821 2.37805 145.223
147.3 16.1573 43.8435 2.37179 145.2
147.4 16.1078 43.8659 2.36552 145.178
147.5 16.0584 43.8882 2.35924 145.156
147.6 16.0089 43.9105 2.35295 145.133
147.7 15.9594 43.9328 2.34665 145.111
147.8 15.9099 43.9549 2.34034 145.089
147.9 15.8605 43.9771 2.33403 145.067
148 15.811 43.9991 2.3277 145.045
148.1 15.7615 44.0211 2.32137 145.023
148.2 15.712 44.043 2.31503 145.001
148.3 15.6626 44.0649 2.30868 144.979
148.4 15.6131 44.0867 2.30233 144.957
148.5 15.5636 44.1084 2.29596 144.935
148.6 15.5142 44.1301 2.28959 144.914
148.7 15.4647 44.1518 2.2832 144.892
148.8 15.4152 44.1733 2.27681 144.87
148.9 15.3657 44.1948 2.27041 144.849
149 15.3163 44.2162 2.26401 144.828
149.1 15.2668 44.2376 2.25759 144.806
149.2 15.2173 44.2589 2.25116 144.785
149.3 15.1679 44.2802 2.24473 144.764
149.4 15.1184 44.3014 2.23829 144.742
149.5 15.0689 44.3225 2.23184 144.721
149.6 15.0195 44.3435 2.22539 144.7
149.7 14.97 44.3645 2.21892 144.679
149.8 14.9206 44.3855 2.21245 144.658
149.9 14.8711 44.4063 2.20597 144.637
150 14.8216 44.4271 2.19948 144.617
150.1 14.7722 44.4479 2.19298 144.596
150.2 14.7227 44.4686 2.18647 144.575
150.3 14.6732 44.4892 2.17996 144.555
150.4 14.6238 44.5098 2.17344 144.534
150.5 14.5743 44.5303 2.16691 144.514
150.6 14.5249 44.5507 2.16037 144.493
150.7 14.4754 44.5711 2.15382 144.473
150.8 14.4259 44.5914 2.14727 144.452
150.9 14.3765 44.6116 2.14071 144.432
151 14.327 44.6318 2.13414 144.412
151.1 14.2776 44.6519 2.12756 144.392
151.2 14.2281 44.6719 2.12098 144.372
151.3 14.1787 44.6919 2.11438 144.352
151.4 14.1292 44.7119 2.10778 144.332
151.5 14.0797 44.7317 2.10117 144.312
151.6 14.0303 44.7515 2.09456 144.292
151.7 13.9808 44.7712 2.08793 144.273
151.8 13.9314 44.7909 2.0813 144.253
151.9 13.8819 44.8105 2.07466 144.233
152 13.8325 44.8301 2.06801 144.214
152.1 13.783 44.8495 2.06136 144.194
152.2 13.7336 44.869 2.0547 144.175
152.3 13.6841 44.8883 2.04803 144.155
152.4 13.6347 44.9076 2.04135 144.136
152.5 13.5852 44.9268 2.03466 144.117
152.6 13.5358 44.946 2.02797 144.098
152.7 13.4863 44.9651 2.02127 144.079
152.8 13.4369 44.9841 2.01456 144.06
152.9 13.3874 45.003 2.00785 144.041
153 13.338 45.0219 2.00113 144.022
153.1 13.2885 45.0408 1.9944 144.003
153.2 13.2391 45.0595 1.98766 143.984
153.3 13.1896 45.0783 1.98092 143.966
153.4 13.1402 45.0969 1.97416 143.947
153.5 13.0907 45.1155 1.96741 143.928
153.6 13.0413 45.134 1.96064 143.91
153.7 12.9919 45.1524 1.95387 143.891
153.8 12.9424 45.1708 1.94708 143.873
153.9 12.893 45.1891 1.9403 143.855
154 12.8435 45.2074 1.9335 143.836
154.1 12.7941 45.2255 1.9267 143.818
154.2 12.7446 45.2437 1.91989 143.8
154.3 12.6952 45.2617 1.91307 143.782
154.4 12.6458 45.2797 1.90625 143.764
154.5 12.5963 45.2976 1.89942 143.746
154.6 12.5469 45.3155 1.89258 143.728
154.7 12.4974 45.3333 1.88573 143.71
154.8 12.448 45.351 1.87888 143.693
154.9 12.3986 45.3687 1.87202 143.675
155 12.3491 45.3863 1.86516 143.658
155.1 12.2997 45.4038 1.85828 143.64
155.2 12.2502 45.4213 1.85141 143.623
155.3 12.2008 45.4387 1.84452 143.605
155.4 12.1514 45.456 1.83763 143.588
155.5 12.1019 45.4733 1.83072 143.571
155.6 12.0525 45.4905 1.82382 143.553
155.7 12.0031 45.5076 1.8169 143.536
155.8 11.9536 45.5247 1.80998 143.519
155.9 11.9042 45.5417 1.80306 143.502
156 11.8548 45.5586 1.79612 143.485
156.1 11.8053 45.5755 1.78918 143.468
156.2 11.7559 45.5923 1.78223 143.452
156.3 11.7065 45.609 1.77528 143.435
156.4 11.657 45.6257 1.76832 143.418
156.5 11.6076 45.6423 1.76135 143.401
156.6 11.5582 45.6588 1.75438 143.385
156.7 11.5087 45.6753 1.7474 143.368
156.8 11.4593 45.6917 1.74041 143.352
156.9 11.4099 45.708 1.73342 143.336
157 11.3604 45.7243 1.72642 143.319
157.1 11.311 45.7405 1.71941 143.303
157.2 11.2616 45.7566 1.7124 143.287
157.3 11.2122 45.7727 1.70538 143.271
157.4 11.1627 45.7887 1.69836 143.255
157.5 11.1133 45.8046 1.69132 143.239
157.6 11.0639 45.8205 1.68429 143.223
157.7 11.0145 45.8363 1.67724 143.207
157.8 10.965 45.852 1.67019 143.192
157.9 10.9156 45.8677 1.66313 143.176
158 10.8662 45.8833 1.65607 143.16
158.1 10.8167 45.8988 1.649 143.145
158.2 10.7673 45.9143 1.64193 143.129
158.3 10.7179 45.9297 1.63485 143.114
158.4 10.6685 45.945 1.62776 143.099
158.5 10.6191 45.9603 1.62066 143.083
158.6 10.5696 45.9755 1.61357 143.068
158.7 10.5202 45.9906 1.60646 143.053
158.8 10.4708 46.0057 1.59935 143.038
158.9 10.4214 46.0207 1.59223 143.023
159.001 10.3719 46.0356 1.58511 143.008
159.101 10.3225 46.0505 1.57798 142.993
159.201 10.2731 46.0653 1.57084 142.979
159.301 10.2237 46.08 1.5637 142.964
159.401 10.1743 46.0946 1.55655 142.949
159.501 10.1248 46.1092 1.5494 142.935
159.601 10.0754 46.1237 1.54224 142.92
159.701 10.026 46.1382 1.53508 142.906
159.801 9.97658 46.1526 1.52791 142.891
159.901 9.92716 46.1669 1.52073 142.877
160.001 9.87774 46.1811 1.51355 142.863
160.101 9.82833 46.1953 1.50636 142.848
160.201 9.77891 46.2094 1.49917 142.834
160.301 9.72949 46.2235 1.49197 142.82
160.401 9.68008 46.2374 1.48477 142.806
160.501 9.63066 46.2514 1.47756 142.792
160.601 9.58125 46.2652 1.47034 142.779
160.701 9.53183 46.279 1.46312 142.765
160.801 9.48241 46.2927 1.45589 142.751
160.901 9.433 46.3063 1.44866 142.737
161.001 9.38359 46.3199 1.44143 142.724
161.101 9.33417 46.3333 1.43418 142.71
161.201 9.28476 46.3468 1.42694 142.697
161.301 9.23535 46.3601 1.41968 142.684
161.401 9.18593 46.3734 1.41242 142.67
161.501 9.13652 46.3866 1.40516 142.657
161.601 9.08711 46.3998 1.39789 142.644
161.701 9.0377 46.4129 1.39062 142.631
161.801 8.98828 46.4259 1.38334 142.618
161.901 8.93887 46.4388 1.37605 142.605
162.001 8.88946 46.4517 1.36876 142.592
162.101 8.84005 46.4645 1.36147 142.579
162.201 8.79064 46.4772 1.35417 142.567
162.301 8.74123 46.4899 1.34686 142.554
162.401 8.69182 46.5025 1.33955 142.541
162.501 8.64241 46.515 1.33223 142.529
162.601 8.593 46.5275 1.32491 142.516
162.701 8.5436 46.5399 1.31759 142.504
162.801 8.49419 46.5522 1.31026 142.492
162.901 8.44478 46.5645 1.30292 142.479
163.001 8.39537 46.5767 1.29558 142.467
163.101 8.34596 46.5888 1.28824 142.455
163.201 8.29656 46.6008 1.28089 142.443
163.301 8.24715 46.6128 1.27353 142.431
163.401 8.19774 46.6247 1.26617 142.419
163.501 8.14834 46.6365 1.25881 142.407
163.601 8.09893 46.6483 1.25144 142.395
163.701 8.04953 46.66 1.24407 142.384
163.801 8.00012 46.6716 1.23669 142.372
163.901 7.95072 46.6832 1.22931 142.361
164.001 7.90131 46.6947 1.22192 142.349
164.101 7.85191 46.7061 1.21453 142.338
164.201 7.8025 46.7174 1.20713 142.326
164.301 7.7531 46.7287 1.19973 142.315
164.401 7.7037 46.7399 1.19232 142.304
164.501 7.65429 46.7511 1.18491 142.293
164.601 7.60489 46.7621 1.1775 142.282
164.701 7.55549 46.7731 1.17008 142.271
164.801 7.50609 46.7841 1.16265 142.26
164.901 7.45668 46.7949 1.15523 142.249
165.001 7.40728 46.8057 1.14779 142.238
165.101 7.35788 46.8164 1.14036 142.227
165.201 7.30848 46.8271 1.13291 142.217
165.301 7.25908 46.8377 1.12547 142.206
165.401 7.20968 46.8482 1.11802 142.196
165.501 7.16028 46.8586 1.11057 142.185
165.601 7.11088 46.869 1.10311 142.175
165.701 7.06148 46.8793 1.09565 142.164
165.801 7.01208 46.8895 1.08818 142.154
165.901 6.96268 46.8997 1.08071 142.144
166.001 6.91328 46.9098 1.07324 142.134
166.101 6.86388 46.9198 1.06576 142.124
166.201 6.81448 46.9297 1.05827 142.114
166.301 6.76508 46.9396 1.05079 142.104
166.401 6.71569 46.9494 1.0433 142.094
166.501 6.66629 46.9591 1.0358 142.085
166.601 6.61689 46.9688 1.0283 142.075
166.701 6.56749 46.9784 1.0208 142.065
166.801 6.5181 46.9879 1.0133 142.056
166.901 6.4687 46.9974 1.00579 142.046
167.001 6.4193 47.0068 0.998272 142.037
167.101 6.36991 47.0161 0.990755 142.028
167.201 6.32051 47.0253 0.983234 142.018
167.301 6.27111 47.0345 0.975709 142.009
167.401 6.22172 47.0436 0.96818 142
167.501 6.17232 47.0526 0.960648 141.991
167.601 6.12293 47.0616 0.953112 141.982
167.701 6.07353 47.0705 0.945573 141.973
167.801 6.02414 47.0793 0.938029 141.964
167.901 5.97474 47.088 0.930483 141.956
168.001 5.92535 47.0967 0.922933 141.947
168.101 5.87596 47.1053 0.915379 141.938
168.201 5.82656 47.1138 0.907822 141.93
168.301 5.77717 47.1223 0.900261 141.921
168.401 5.72777 47.1307 0.892698 141.913
168.501 5.67838 47.139 0.88513 141.905
168.601 5.62899 47.1473 0.87756 141.897
168.701 5.5796 47.1554 0.869986 141.888
168.801 5.5302 47.1635 0.862408 141.88
168.901 5.48081 47.1716 0.854828 141.872
169.001 5.43142 47.1795 0.847244 141.864
169.101 5.38203 47.1874 0.839657 141.856
169.201 5.33263 47.1953 0.832067 141.849
169.301 5.28324 47.203 0.824474 141.841
169.401 5.23385 47.2107 0.816877 141.833
169.501 5.18446 47.2183 0.809278 141.825
169.601 5.13507 47.2258 0.801675 141.818
169.701 5.08568 47.2333 0.79407 141.81
169.801 5.03629 47.2407 0.786461 141.803
169.901 4.9869 47.248 0.77885 141.796
170.001 4.93751 47.2553 0.771235 141.789
170.101 4.88812 47.2624 0.763618 141.781
170.201 4.83873 47.2696 0.755997 141.774
170.301 4.78934 47.2766 0.748374 141.767
170.401 4.73995 47.2836 0.740748 141.76
170.501 4.69056 47.2904 0.733119 141.753
170.601 4.64117 47.2973 0.725488 141.746
170.701 4.59178 47.304 0.717853 141.74
170.801 4.54239 47.3107 0.710216 141.733
170.901 4.493 47.3173 0.702576 141.726
171.001 4.44362 47.3238 0.694934 141.72
171.101 4.39423 47.3303 0.687289 141.713
171.201 4.34484 47.3367 0.679641 141.707
171.301 4.29545 47.343 0.671991 141.701
171.401 4.24606 47.3493 0.664338 141.694
171.501 4.19668 47.3554 0.656683 141.688
171.601 4.14729 47.3616 0.649025 141.682
171.701 4.0979 47.3676 0.641365 141.676
171.801 4.04851 47.3735 0.633702 141.67
171.901 3.99913 47.3794 0.626037 141.664
172.001 3.94974 47.3853 0.618369 141.659
172.101 3.90035 47.391 0.610699 141.653
172.201 3.85097 47.3967 0.603027 141.647
172.301 3.80158 47.4023 0.595353 141.641
172.401 3.7522 47.4078 0.587676 141.636
172.501 3.70281 47.4133 0.579997 141.63
172.601 3.65342 47.4187 0.572316 141.625
172.701 3.60404 47.424 0.564633 141.62
172.801 3.55465 47.4292 0.556947 141.615
172.901 3.50527 47.4344 0.54926 141.609
173.001 3.45588 47.4395 0.54157 141.604
173.101 3.4065 47.4445 0.533879 141.599
173.201 3.35711 47.4495 0.526185 141.594
173.301 3.30773 47.4544 0.518489 141.589
173.401 3.25834 47.4592 0.510792 141.585
173.501 3.20896 47.4639 0.503092 141.58
173.601 3.15957 47.4686 0.49539 141.575
173.701 3.11019 47.4732 0.487687 141.571
173.801 3.0608 47.4777 0.479982 141.566
173.901 3.01142 47.4821 0.472275 141.562
174.001 2.96203 47.4865 0.464566 141.557
174.101 2.91265 47.4908 0.456855 141.553
174.201 2.86327 47.4951 0.449143 141.549
174.301 2.81388 47.4992 0.441429 141.545
174.401 2.7645 47.5033 0.433713 141.54
174.501 2.71511 47.5073 0.425996 141.536
174.601 2.66573 47.5113 0.418277 141.532
174.701 2.61635 47.5152 0.410556 141.529
174.801 2.56696 47.519 0.402834 141.525
174.901 2.51758 47.5227 0.39511 141.521
175.001 2.4682 47.5263 0.387385 141.517
175.101 2.41881 47.5299 0.379658 141.514
175.201 2.36943 47.5334 0.37193 141.51
175.301 2.32005 47.5369 0.364201 141.507
175.402 2.27067 47.5402 0.35647 141.504
175.502 2.22128 47.5435 0.348738 141.5
175.602 2.1719 47.5468 0.341004 141.497
175.702 2.12252 47.5499 0.333269 141.494
175.802 2.07314 47.553 0.325533 141.491
175.902 2.02375 47.556 0.317796 141.488
176.002 1.97437 47.5589 0.310057 141.485
176.102 1.92499 47.5618 0.302317 141.482
176.202 1.87561 47.5646 0.294576 141.479
176.302 1.82622 47.5673 0.286834 141.476
176.402 1.77684 47.5699 0.279091 141.474
176.502 1.72746 47.5725 0.271347 141.471
176.602 1.67808 47.575 0.263602 141.469
176.702 1.6287 47.5774 0.255856 141.466
176.802 1.57931 47.5798 0.248108 141.464
176.902 1.52993 47.5821 0.24036 141.462
177.002 1.48055 47.5843 0.232611 141.459
177.102 1.43117 47.5864 0.224861 141.457
177.202 1.38179 47.5885 0.217111 141.455
177.302 1.33241 47.5905 0.209359 141.453
177.402 1.28302 47.5924 0.201607 141.451
177.502 1.23364 47.5943 0.193853 141.45
177.602 1.18426 47.596 0.186099 141.448
177.702 1.13488 47.5977 0.178345 141.446
177.802 1.0855 47.5994 0.17059 141.444
177.902 1.03612 47.6009 0.162834 141.443
178.002 0.986737 47.6024 0.155077 141.441
178.102 0.937356 47.6038 0.14732 141.44
178.202 0.887975 47.6052 0.139562 141.439
178.302 0.838594 47.6064 0.131804 141.437
178.402 0.789213 47.6076 0.124045 141.436
178.502 0.739832 47.6087 0.116286 141.435
178.602 0.690451 47.6098 0.108526 141.434
178.702 0.64107 47.6108 0.100766 141.433
178.802 0.591689 47.6117 0.0930059 141.432
178.902 0.542308 47.6125 0.0852451 141.431
179.002 0.492927 47.6133 0.077484 141.43
179.102 0.443546 47.614 0.0697226 141.43
179.202 0.394165 47.6146 0.0619609 141.429
179.302 0.344784 47.6151 0.054199 141.429
179.402 0.295403 47.6156 0.0464369 141.428
179.502 0.246023 47.616 0.0386746 141.428
179.602 0.196642 47.6163 0.0309121 141.427
179.702 0.147261 47.6166 0.0231495 141.427
179.802 0.0978802 47.6167 0.0153869 141.427
179.902 0.0484994 47.6169 0.00762418 141.427
