3 4
3 5
3 6
3 7
3 8
3 9
4 5
4 6
4 7
4 8
4 9
4 10
4 11
4 12
4 13
5 6
5 7
5 8
5 9
5 10
5 11
5 12
5 13
5 14
6 7
6 8
6 9
6 10
6 11
6 12
6 13
6 14
6 15
6 16
6 17
7 8
7 9
7 10
7 11
7 12
7 13
7 14
7 15
7 16
7 17
7 18
7 19
7 20
8 9
8 10
8 11
8 12
8 13
8 14
8 15
8 16
8 17
8 18
8 19
8 20
8 21
8 22
8 23
9 10
9 11
9 12
9 13
9 14
9 15
9 16
9 17
9 18
9 19
9 20
9 21
9 22
9 23
9 24
9 25
9 26
10 11
10 12
10 13
10 14
10 15
10 16
10 17
10 18
10 19
10 20
10 21
10 22
10 23
10 24
10 25
10 26
10 27
10 28
11 12
11 13
11 14
11 15
11 16
11 17
11 18
11 19
11 20
11 21
11 22
11 23
11 24
11 25
11 26
11 27
11 28
11 29
11 30
11 31
12 13
12 14
12 15
12 16
12 17
12 18
12 19
12 20
12 21
12 22
12 23
12 24
12 25
12 26
12 27
12 28
12 29
12 30
12 31
12 32
12 33
12 34
13 14
13 15
13 16
13 17
13 18
13 19
13 20
13 21
13 22
13 23
13 24
13 25
13 26
13 27
13 28
13 29
13 30
13 31
13 32
13 33
13 34
13 35
13 36
13 37
14 15
14 16
14 17
14 18
14 19
14 20
14 21
14 22
14 23
14 24
14 25
14 26
14 27
14 28
14 29
14 30
14 31
14 32
14 33
14 34
14 35
14 36
14 37
14 38
14 39
14 40
15 16
15 17
15 18
15 19
15 20
15 21
15 22
15 23
15 24
15 25
15 26
15 27
15 28
15 29
15 30
15 31
15 32
15 33
15 34
15 35
15 36
15 37
15 38
15 39
15 40
15 41
15 42
15 43
16 17
16 18
16 19
16 20
16 21
16 22
16 23
16 24
16 25
16 26
16 27
16 28
16 29
16 30
16 31
16 32
16 33
16 34
16 35
16 36
16 37
16 38
16 39
16 40
16 41
16 42
16 43
16 44
16 45
16 46
17 18
17 19
17 20
17 21
17 22
17 23
17 24
17 25
17 26
17 27
17 28
17 29
17 30
17 31
17 32
17 33
17 34
17 35
17 36
17 37
17 38
17 39
17 40
17 41
17 42
17 43
17 44
17 45
17 46
17 47
17 48
17 49
18 19
18 20
18 21
18 22
18 23
18 24
18 25
18 26
18 27
18 28
18 29
18 30
18 31
18 32
18 33
18 34
18 35
18 36
18 37
18 38
18 39
18 40
18 41
18 42
18 43
18 44
18 45
18 46
18 47
18 48
18 49
18 50
18 51
18 52
19 20
19 21
19 22
19 23
19 24
19 25
19 26
19 27
19 28
19 29
19 30
19 31
19 32
19 33
19 34
19 35
19 36
19 37
19 38
19 39
19 40
19 41
19 42
19 43
19 44
19 45
19 46
19 47
19 48
19 49
19 50
19 51
19 52
19 53
19 54
19 55
20 21
20 22
20 23
20 24
20 25
20 26
20 27
20 28
20 29
20 30
20 31
20 32
20 33
20 34
20 35
20 36
20 37
20 38
20 39
20 40
20 41
20 42
20 43
20 44
20 45
20 46
20 47
20 48
20 49
20 50
20 51
20 52
20 53
20 54
20 55
20 56
20 57
21 22
21 23
21 24
21 25
21 26
21 27
21 28
21 29
21 30
21 31
21 32
21 33
21 34
21 35
21 36
21 37
21 38
21 39
21 40
21 41
21 42
21 43
21 44
21 45
21 46
21 47
21 48
21 49
21 50
21 51
21 52
21 53
21 54
21 55
21 56
21 57
21 58
21 59
21 60
22 23
22 24
22 25
22 26
22 27
22 28
22 29
22 30
22 31
22 32
22 33
22 34
22 35
22 36
22 37
22 38
22 39
22 40
22 41
22 42
22 43
22 44
22 45
22 46
22 47
22 48
22 49
22 50
22 51
22 52
22 53
22 54
22 55
22 56
22 57
22 58
22 59
22 60
22 61
22 62
22 63
23 24
23 25
23 26
23 27
23 28
23 29
23 30
23 31
23 32
23 33
23 34
23 35
23 36
23 37
23 38
23 39
23 40
23 41
23 42
23 43
23 44
23 45
23 46
23 47
23 48
23 49
23 50
23 51
23 52
23 53
23 54
23 55
23 56
23 57
23 58
23 59
23 60
23 61
23 62
23 63
23 64
23 65
23 66
24 25
24 26
24 27
24 28
24 29
24 30
24 31
24 32
24 33
24 34
24 35
24 36
24 37
24 38
24 39
24 40
24 41
24 42
24 43
24 44
24 45
24 46
24 47
24 48
24 49
24 50
24 51
24 52
24 53
24 54
24 55
24 56
24 57
24 58
24 59
24 60
24 61
24 62
24 63
24 64
24 65
24 66
24 67
24 68
24 69
25 26
25 27
25 28
25 29
25 30
25 31
25 32
25 33
25 34
25 35
25 36
25 37
25 38
25 39
25 40
25 41
25 42
25 43
25 44
25 45
25 46
25 47
25 48
25 49
25 50
25 51
25 52
25 53
25 54
25 55
25 56
25 57
25 58
25 59
25 60
25 61
25 62
25 63
25 64
25 65
25 66
25 67
25 68
25 69
25 70
25 71
25 72
26 27
26 28
26 29
26 30
26 31
26 32
26 33
26 34
26 35
26 36
26 37
26 38
26 39
26 40
26 41
26 42
26 43
26 44
26 45
26 46
26 47
26 48
26 49
26 50
26 51
26 52
26 53
26 54
26 55
26 56
26 57
26 58
26 59
26 60
26 61
26 62
26 63
26 64
26 65
26 66
26 67
26 68
26 69
26 70
26 71
26 72
26 73
26 74
26 75
27 28
27 29
27 30
27 31
27 32
27 33
27 34
27 35
27 36
27 37
27 38
27 39
27 40
27 41
27 42
27 43
27 44
27 45
27 46
27 47
27 48
27 49
27 50
27 51
27 52
27 53
27 54
27 55
27 56
27 57
27 58
27 59
27 60
27 61
27 62
27 63
27 64
27 65
27 66
27 67
27 68
27 69
27 70
27 71
27 72
27 73
27 74
27 75
27 76
27 77
27 78
28 29
28 30
28 31
28 32
28 33
28 34
28 35
28 36
28 37
28 38
28 39
28 40
28 41
28 42
28 43
28 44
28 45
28 46
28 47
28 48
28 49
28 50
28 51
28 52
28 53
28 54
28 55
28 56
28 57
28 58
28 59
28 60
28 61
28 62
28 63
28 64
28 65
28 66
28 67
28 68
28 69
28 70
28 71
28 72
28 73
28 74
28 75
28 76
28 77
28 78
28 79
28 80
28 81
29 30
29 31
29 32
29 33
29 34
29 35
29 36
29 37
29 38
29 39
29 40
29 41
29 42
29 43
29 44
29 45
29 46
29 47
29 48
29 49
29 50
29 51
29 52
29 53
29 54
29 55
29 56
29 57
29 58
29 59
29 60
29 61
29 62
29 63
29 64
29 65
29 66
29 67
29 68
29 69
29 70
29 71
29 72
29 73
29 74
29 75
29 76
29 77
29 78
29 79
29 80
29 81
29 82
29 83
29 84
30 31
30 32
30 33
30 34
30 35
30 36
30 37
30 38
30 39
30 40
30 41
30 42
30 43
30 44
30 45
30 46
30 47
30 48
30 49
30 50
30 51
30 52
30 53
30 54
30 55
30 56
30 57
30 58
30 59
30 60
30 61
30 62
30 63
30 64
30 65
30 66
30 67
30 68
30 69
30 70
30 71
30 72
30 73
30 74
30 75
30 76
30 77
30 78
30 79
30 80
30 81
30 82
30 83
30 84
30 85
30 86
31 32
31 33
31 34
31 35
31 36
31 37
31 38
31 39
31 40
31 41
31 42
31 43
31 44
31 45
31 46
31 47
31 48
31 49
31 50
31 51
31 52
31 53
31 54
31 55
31 56
31 57
31 58
31 59
31 60
31 61
31 62
31 63
31 64
31 65
31 66
31 67
31 68
31 69
31 70
31 71
31 72
31 73
31 74
31 75
31 76
31 77
31 78
31 79
31 80
31 81
31 82
31 83
31 84
31 85
31 86
31 87
31 88
31 89
32 33
32 34
32 35
32 36
32 37
32 38
32 39
32 40
32 41
32 42
32 43
32 44
32 45
32 46
32 47
32 48
32 49
32 50
32 51
32 52
32 53
32 54
32 55
32 56
32 57
32 58
32 59
32 60
32 61
32 62
32 63
32 64
32 65
32 66
32 67
32 68
32 69
32 70
32 71
32 72
32 73
32 74
32 75
32 76
32 77
32 78
32 79
32 80
32 81
32 82
32 83
32 84
32 85
32 86
32 87
32 88
32 89
32 90
32 91
32 92
33 34
33 35
33 36
33 37
33 38
33 39
33 40
33 41
33 42
33 43
33 44
33 45
33 46
33 47
33 48
33 49
33 50
33 51
33 52
33 53
33 54
33 55
33 56
33 57
33 58
33 59
33 60
33 61
33 62
33 63
33 64
33 65
33 66
33 67
33 68
33 69
33 70
33 71
33 72
33 73
33 74
33 75
33 76
33 77
33 78
33 79
33 80
33 81
33 82
33 83
33 84
33 85
33 86
33 87
33 88
33 89
33 90
33 91
33 92
33 93
33 94
33 95
34 35
34 36
34 37
34 38
34 39
34 40
34 41
34 42
34 43
34 44
34 45
34 46
34 47
34 48
34 49
34 50
34 51
34 52
34 53
34 54
34 55
34 56
34 57
34 58
34 59
34 60
34 61
34 62
34 63
34 64
34 65
34 66
34 67
34 68
34 69
34 70
34 71
34 72
34 73
34 74
34 75
34 76
34 77
34 78
34 79
34 80
34 81
34 82
34 83
34 84
34 85
34 86
34 87
34 88
34 89
34 90
34 91
34 92
34 93
34 94
34 95
34 96
34 97
34 98
35 36
35 37
35 38
35 39
35 40
35 41
35 42
35 43
35 44
35 45
35 46
35 47
35 48
35 49
35 50
35 51
35 52
35 53
35 54
35 55
35 56
35 57
35 58
35 59
35 60
35 61
35 62
35 63
35 64
35 65
35 66
35 67
35 68
35 69
35 70
35 71
35 72
35 73
35 74
35 75
35 76
35 77
35 78
35 79
35 80
35 81
35 82
35 83
35 84
35 85
35 86
35 87
35 88
35 89
35 90
35 91
35 92
35 93
35 94
35 95
35 96
35 97
35 98
35 99
35 100
35 101
36 37
36 38
36 39
36 40
36 41
36 42
36 43
36 44
36 45
36 46
36 47
36 48
36 49
36 50
36 51
36 52
36 53
36 54
36 55
36 56
36 57
36 58
36 59
36 60
36 61
36 62
36 63
36 64
36 65
36 66
36 67
36 68
36 69
36 70
36 71
36 72
36 73
36 74
36 75
36 76
36 77
36 78
36 79
36 80
36 81
36 82
36 83
36 84
36 85
36 86
36 87
36 88
36 89
36 90
36 91
36 92
36 93
36 94
36 95
36 96
36 97
36 98
36 99
36 100
36 101
36 102
36 103
36 104
37 38
37 39
37 40
37 41
37 42
37 43
37 44
37 45
37 46
37 47
37 48
37 49
37 50
37 51
37 52
37 53
37 54
37 55
37 56
37 57
37 58
37 59
37 60
37 61
37 62
37 63
37 64
37 65
37 66
37 67
37 68
37 69
37 70
37 71
37 72
37 73
37 74
37 75
37 76
37 77
37 78
37 79
37 80
37 81
37 82
37 83
37 84
37 85
37 86
37 87
37 88
37 89
37 90
37 91
37 92
37 93
37 94
37 95
37 96
37 97
37 98
37 99
37 100
37 101
37 102
37 103
37 104
37 105
37 106
37 107
38 39
38 40
38 41
38 42
38 43
38 44
38 45
38 46
38 47
38 48
38 49
38 50
38 51
38 52
38 53
38 54
38 55
38 56
38 57
38 58
38 59
38 60
38 61
38 62
38 63
38 64
38 65
38 66
38 67
38 68
38 69
38 70
38 71
38 72
38 73
38 74
38 75
38 76
38 77
38 78
38 79
38 80
38 81
38 82
38 83
38 84
38 85
38 86
38 87
38 88
38 89
38 90
38 91
38 92
38 93
38 94
38 95
38 96
38 97
38 98
38 99
38 100
38 101
38 102
38 103
38 104
38 105
38 106
38 107
38 108
38 109
38 110
39 40
39 41
39 42
39 43
39 44
39 45
39 46
39 47
39 48
39 49
39 50
39 51
39 52
39 53
39 54
39 55
39 56
39 57
39 58
39 59
39 60
39 61
39 62
39 63
39 64
39 65
39 66
39 67
39 68
39 69
39 70
39 71
39 72
39 73
39 74
39 75
39 76
39 77
39 78
39 79
39 80
39 81
39 82
39 83
39 84
39 85
39 86
39 87
39 88
39 89
39 90
39 91
39 92
39 93
39 94
39 95
39 96
39 97
39 98
39 99
39 100
39 101
39 102
39 103
39 104
39 105
39 106
39 107
39 108
39 109
39 110
39 111
39 112
39 113
40 41
40 42
40 43
40 44
40 45
40 46
40 47
40 48
40 49
40 50
40 51
40 52
40 53
40 54
40 55
40 56
40 57
40 58
40 59
40 60
40 61
40 62
40 63
40 64
40 65
40 66
40 67
40 68
40 69
40 70
40 71
40 72
40 73
40 74
40 75
40 76
40 77
40 78
40 79
40 80
40 81
40 82
40 83
40 84
40 85
40 86
40 87
40 88
40 89
40 90
40 91
40 92
40 93
40 94
40 95
40 96
40 97
40 98
40 99
40 100
40 101
40 102
40 103
40 104
40 105
40 106
40 107
40 108
40 109
40 110
40 111
40 112
40 113
40 114
40 115
41 42
41 43
41 44
41 45
41 46
41 47
41 48
41 49
41 50
41 51
41 52
41 53
41 54
41 55
41 56
41 57
41 58
41 59
41 60
41 61
41 62
41 63
41 64
41 65
41 66
41 67
41 68
41 69
41 70
41 71
41 72
41 73
41 74
41 75
41 76
41 77
41 78
41 79
41 80
41 81
41 82
41 83
41 84
41 85
41 86
41 87
41 88
41 89
41 90
41 91
41 92
41 93
41 94
41 95
41 96
41 97
41 98
41 99
41 100
41 101
41 102
41 103
41 104
41 105
41 106
41 107
41 108
41 109
41 110
41 111
41 112
41 113
41 114
41 115
41 116
41 117
41 118
42 43
42 44
42 45
42 46
42 47
42 48
42 49
42 50
42 51
42 52
42 53
42 54
42 55
42 56
42 57
42 58
42 59
42 60
42 61
42 62
42 63
42 64
42 65
42 66
42 67
42 68
42 69
42 70
42 71
42 72
42 73
42 74
42 75
42 76
42 77
42 78
42 79
42 80
42 81
42 82
42 83
42 84
42 85
42 86
42 87
42 88
42 89
42 90
42 91
42 92
42 93
42 94
42 95
42 96
42 97
42 98
42 99
42 100
42 101
42 102
42 103
42 104
42 105
42 106
42 107
42 108
42 109
42 110
42 111
42 112
42 113
42 114
42 115
42 116
42 117
42 118
42 119
42 120
42 121
43 44
43 45
43 46
43 47
43 48
43 49
43 50
43 51
43 52
43 53
43 54
43 55
43 56
43 57
43 58
43 59
43 60
43 61
43 62
43 63
43 64
43 65
43 66
43 67
43 68
43 69
43 70
43 71
43 72
43 73
43 74
43 75
43 76
43 77
43 78
43 79
43 80
43 81
43 82
43 83
43 84
43 85
43 86
43 87
43 88
43 89
43 90
43 91
43 92
43 93
43 94
43 95
43 96
43 97
43 98
43 99
43 100
43 101
43 102
43 103
43 104
43 105
43 106
43 107
43 108
43 109
43 110
43 111
43 112
43 113
43 114
43 115
43 116
43 117
43 118
43 119
43 120
43 121
43 122
43 123
43 124
44 45
44 46
44 47
44 48
44 49
44 50
44 51
44 52
44 53
44 54
44 55
44 56
44 57
44 58
44 59
44 60
44 61
44 62
44 63
44 64
44 65
44 66
44 67
44 68
44 69
44 70
44 71
44 72
44 73
44 74
44 75
44 76
44 77
44 78
44 79
44 80
44 81
44 82
44 83
44 84
44 85
44 86
44 87
44 88
44 89
44 90
44 91
44 92
44 93
44 94
44 95
44 96
44 97
44 98
44 99
44 100
44 101
44 102
44 103
44 104
44 105
44 106
44 107
44 108
44 109
44 110
44 111
44 112
44 113
44 114
44 115
44 116
44 117
44 118
44 119
44 120
44 121
44 122
44 123
44 124
44 125
44 126
44 127
45 46
45 47
45 48
45 49
45 50
45 51
45 52
45 53
45 54
45 55
45 56
45 57
45 58
45 59
45 60
45 61
45 62
45 63
45 64
45 65
45 66
45 67
45 68
45 69
45 70
45 71
45 72
45 73
45 74
45 75
45 76
45 77
45 78
45 79
45 80
45 81
45 82
45 83
45 84
45 85
45 86
45 87
45 88
45 89
45 90
45 91
45 92
45 93
45 94
45 95
45 96
45 97
45 98
45 99
45 100
45 101
45 102
45 103
45 104
45 105
45 106
45 107
45 108
45 109
45 110
45 111
45 112
45 113
45 114
45 115
45 116
45 117
45 118
45 119
45 120
45 121
45 122
45 123
45 124
45 125
45 126
45 127
45 128
45 129
45 130
46 47
46 48
46 49
46 50
46 51
46 52
46 53
46 54
46 55
46 56
46 57
46 58
46 59
46 60
46 61
46 62
46 63
46 64
46 65
46 66
46 67
46 68
46 69
46 70
46 71
46 72
46 73
46 74
46 75
46 76
46 77
46 78
46 79
46 80
46 81
46 82
46 83
46 84
46 85
46 86
46 87
46 88
46 89
46 90
46 91
46 92
46 93
46 94
46 95
46 96
46 97
46 98
46 99
46 100
46 101
46 102
46 103
46 104
46 105
46 106
46 107
46 108
46 109
46 110
46 111
46 112
46 113
46 114
46 115
46 116
46 117
46 118
46 119
46 120
46 121
46 122
46 123
46 124
46 125
46 126
46 127
46 128
46 129
46 130
46 131
46 132
46 133
47 48
47 49
47 50
47 51
47 52
47 53
47 54
47 55
47 56
47 57
47 58
47 59
47 60
47 61
47 62
47 63
47 64
47 65
47 66
47 67
47 68
47 69
47 70
47 71
47 72
47 73
47 74
47 75
47 76
47 77
47 78
47 79
47 80
47 81
47 82
47 83
47 84
47 85
47 86
47 87
47 88
47 89
47 90
47 91
47 92
47 93
47 94
47 95
47 96
47 97
47 98
47 99
47 100
47 101
47 102
47 103
47 104
47 105
47 106
47 107
47 108
47 109
47 110
47 111
47 112
47 113
47 114
47 115
47 116
47 117
47 118
47 119
47 120
47 121
47 122
47 123
47 124
47 125
47 126
47 127
47 128
47 129
47 130
47 131
47 132
47 133
47 134
47 135
47 136
48 49
48 50
48 51
48 52
48 53
48 54
48 55
48 56
48 57
48 58
48 59
48 60
48 61
48 62
48 63
48 64
48 65
48 66
48 67
48 68
48 69
48 70
48 71
48 72
48 73
48 74
48 75
48 76
48 77
48 78
48 79
48 80
48 81
48 82
48 83
48 84
48 85
48 86
48 87
48 88
48 89
48 90
48 91
48 92
48 93
48 94
48 95
48 96
48 97
48 98
48 99
48 100
48 101
48 102
48 103
48 104
48 105
48 106
48 107
48 108
48 109
48 110
48 111
48 112
48 113
48 114
48 115
48 116
48 117
48 118
48 119
48 120
48 121
48 122
48 123
48 124
48 125
48 126
48 127
48 128
48 129
48 130
48 131
48 132
48 133
48 134
48 135
48 136
48 137
48 138
48 139
49 50
49 51
49 52
49 53
49 54
49 55
49 56
49 57
49 58
49 59
49 60
49 61
49 62
49 63
49 64
49 65
49 66
49 67
49 68
49 69
49 70
49 71
49 72
49 73
49 74
49 75
49 76
49 77
49 78
49 79
49 80
49 81
49 82
49 83
49 84
49 85
49 86
49 87
49 88
49 89
49 90
49 91
49 92
49 93
49 94
49 95
49 96
49 97
49 98
49 99
49 100
49 101
49 102
49 103
49 104
49 105
49 106
49 107
49 108
49 109
49 110
49 111
49 112
49 113
49 114
49 115
49 116
49 117
49 118
49 119
49 120
49 121
49 122
49 123
49 124
49 125
49 126
49 127
49 128
49 129
49 130
49 131
49 132
49 133
49 134
49 135
49 136
49 137
49 138
49 139
49 140
49 141
49 142
50 51
50 52
50 53
50 54
50 55
50 56
50 57
50 58
50 59
50 60
50 61
50 62
50 63
50 64
50 65
50 66
50 67
50 68
50 69
50 70
50 71
50 72
50 73
50 74
50 75
50 76
50 77
50 78
50 79
50 80
50 81
50 82
50 83
50 84
50 85
50 86
50 87
50 88
50 89
50 90
50 91
50 92
50 93
50 94
50 95
50 96
50 97
50 98
50 99
50 100
50 101
50 102
50 103
50 104
50 105
50 106
50 107
50 108
50 109
50 110
50 111
50 112
50 113
50 114
50 115
50 116
50 117
50 118
50 119
50 120
50 121
50 122
50 123
50 124
50 125
50 126
50 127
50 128
50 129
50 130
50 131
50 132
50 133
50 134
50 135
50 136
50 137
50 138
50 139
50 140
50 141
50 142
50 143
50 144
50 145
50 146
50 147
50 148
50 149
50 150
50 151
51 52
51 53
51 54
51 55
51 56
51 57
51 58
51 59
51 60
51 61
51 62
51 63
51 64
51 65
51 66
51 67
51 68
51 69
51 70
51 71
51 72
51 73
51 74
51 75
51 76
51 77
51 78
51 79
51 80
51 81
51 82
51 83
51 84
51 85
51 86
51 87
51 88
51 89
51 90
51 91
51 92
51 93
51 94
51 95
51 96
51 97
51 98
51 99
51 100
51 101
51 102
51 103
51 104
51 105
51 106
51 107
51 108
51 109
51 110
51 111
51 112
51 113
51 114
51 115
51 116
51 117
51 118
51 119
51 120
51 121
51 122
51 123
51 124
51 125
51 126
51 127
51 128
51 129
51 130
51 131
51 132
51 133
51 134
51 135
51 136
51 137
51 138
51 139
51 140
51 141
51 142
51 143
51 144
51 145
51 146
51 147
52 53
52 54
52 55
52 56
52 57
52 58
52 59
52 60
52 61
52 62
52 63
52 64
52 65
52 66
52 67
52 68
52 69
52 70
52 71
52 72
52 73
52 74
52 75
52 76
52 77
52 78
52 79
52 80
52 81
52 82
52 83
52 84
52 85
52 86
52 87
52 88
52 89
52 90
52 91
52 92
52 93
52 94
52 95
52 96
52 97
52 98
52 99
52 100
52 101
52 102
52 103
52 104
52 105
52 106
52 107
52 108
52 109
52 110
52 111
52 112
52 113
52 114
52 115
52 116
52 117
52 118
52 119
52 120
52 121
52 122
52 123
52 124
52 125
52 126
52 127
52 128
52 129
52 130
52 131
52 132
52 133
52 134
52 135
52 136
52 137
52 138
52 139
52 140
52 141
52 142
52 143
52 144
52 145
52 146
52 147
52 148
52 149
52 150
53 54
53 55
53 56
53 57
53 58
53 59
53 60
53 61
53 62
53 63
53 64
53 65
53 66
53 67
53 68
53 69
53 70
53 71
53 72
53 73
53 74
53 75
53 76
53 77
53 78
53 79
53 80
53 81
53 82
53 83
53 84
53 85
53 86
53 87
53 88
53 89
53 90
53 91
53 92
53 93
53 94
53 95
53 96
53 97
53 98
53 99
53 100
53 101
53 102
53 103
53 104
53 105
53 106
53 107
53 108
53 109
53 110
53 111
53 112
53 113
53 114
53 115
53 116
53 117
53 118
53 119
53 120
53 121
53 122
53 123
53 124
53 125
53 126
53 127
53 128
53 129
53 130
53 131
53 132
53 133
53 134
53 135
53 136
53 137
53 138
53 139
53 140
53 141
53 142
53 143
53 144
53 145
53 146
53 147
53 148
53 149
53 150
53 151
53 152
53 153
54 55
54 56
54 57
54 58
54 59
54 60
54 61
54 62
54 63
54 64
54 65
54 66
54 67
54 68
54 69
54 70
54 71
54 72
54 73
54 74
54 75
54 76
54 77
54 78
54 79
54 80
54 81
54 82
54 83
54 84
54 85
54 86
54 87
54 88
54 89
54 90
54 91
54 92
54 93
54 94
54 95
54 96
54 97
54 98
54 99
54 100
54 101
54 102
54 103
54 104
54 105
54 106
54 107
54 108
54 109
54 110
54 111
54 112
54 113
54 114
54 115
54 116
54 117
54 118
54 119
54 120
54 121
54 122
54 123
54 124
54 125
54 126
54 127
54 128
54 129
54 130
54 131
54 132
54 133
54 134
54 135
54 136
54 137
54 138
54 139
54 140
54 141
54 142
54 143
54 144
54 145
54 146
54 147
54 148
54 149
54 150
54 151
54 152
54 153
54 154
54 155
54 156
55 56
55 57
55 58
55 59
55 60
55 61
55 62
55 63
55 64
55 65
55 66
55 67
55 68
55 69
55 70
55 71
55 72
55 73
55 74
55 75
55 76
55 77
55 78
55 79
55 80
55 81
55 82
55 83
55 84
55 85
55 86
55 87
55 88
55 89
55 90
55 91
55 92
55 93
55 94
55 95
55 96
55 97
55 98
55 99
55 100
55 101
55 102
55 103
55 104
55 105
55 106
55 107
55 108
55 109
55 110
55 111
55 112
55 113
55 114
55 115
55 116
55 117
55 118
55 119
55 120
55 121
55 122
55 123
55 124
55 125
55 126
55 127
55 128
55 129
55 130
55 131
55 132
55 133
55 134
55 135
55 136
55 137
55 138
55 139
55 140
55 141
55 142
55 143
55 144
55 145
55 146
55 147
55 148
55 149
55 150
55 151
55 152
55 153
55 154
55 155
55 156
55 157
55 158
55 159
56 57
56 58
56 59
56 60
56 61
56 62
56 63
56 64
56 65
56 66
56 67
56 68
56 69
56 70
56 71
56 72
56 73
56 74
56 75
56 76
56 77
56 78
56 79
56 80
56 81
56 82
56 83
56 84
56 85
56 86
56 87
56 88
56 89
56 90
56 91
56 92
56 93
56 94
56 95
56 96
56 97
56 98
56 99
56 100
56 101
56 102
56 103
56 104
56 105
56 106
56 107
56 108
56 109
56 110
56 111
56 112
56 113
56 114
56 115
56 116
56 117
56 118
56 119
56 120
56 121
56 122
56 123
56 124
56 125
56 126
56 127
56 128
56 129
56 130
56 131
56 132
56 133
56 134
56 135
56 136
56 137
56 138
56 139
56 140
56 141
56 142
56 143
56 144
56 145
56 146
56 147
56 148
56 149
56 150
56 151
56 152
56 153
56 154
56 155
56 156
56 157
56 158
56 159
56 160
56 161
56 162
57 58
57 59
57 60
57 61
57 62
57 63
57 64
57 65
57 66
57 67
57 68
57 69
57 70
57 71
57 72
57 73
57 74
57 75
57 76
57 77
57 78
57 79
57 80
57 81
57 82
57 83
57 84
57 85
57 86
57 87
57 88
57 89
57 90
57 91
57 92
57 93
57 94
57 95
57 96
57 97
57 98
57 99
57 100
57 101
57 102
57 103
57 104
57 105
57 106
57 107
57 108
57 109
57 110
57 111
57 112
57 113
57 114
57 115
57 116
57 117
57 118
57 119
57 120
57 121
57 122
57 123
57 124
57 125
57 126
57 127
57 128
57 129
57 130
57 131
57 132
57 133
57 134
57 135
57 136
57 137
57 138
57 139
57 140
57 141
57 142
57 143
57 144
57 145
57 146
57 147
57 148
57 149
57 150
57 151
57 152
57 153
57 154
57 155
57 156
57 157
57 158
57 159
57 160
57 161
57 162
57 163
57 164
57 165
58 59
58 60
58 61
58 62
58 63
58 64
58 65
58 66
58 67
58 68
58 69
58 70
58 71
58 72
58 73
58 74
58 75
58 76
58 77
58 78
58 79
58 80
58 81
58 82
58 83
58 84
58 85
58 86
58 87
58 88
58 89
58 90
58 91
58 92
58 93
58 94
58 95
58 96
58 97
58 98
58 99
58 100
58 101
58 102
58 103
58 104
58 105
58 106
58 107
58 108
58 109
58 110
58 111
58 112
58 113
58 114
58 115
58 116
58 117
58 118
58 119
58 120
58 121
58 122
58 123
58 124
58 125
58 126
58 127
58 128
58 129
58 130
58 131
58 132
58 133
58 134
58 135
58 136
58 137
58 138
58 139
58 140
58 141
58 142
58 143
58 144
58 145
58 146
58 147
58 148
58 149
58 150
58 151
58 152
58 153
58 154
58 155
58 156
58 157
58 158
58 159
58 160
58 161
58 162
58 163
58 164
58 165
58 166
58 167
58 168
59 60
59 61
59 62
59 63
59 64
59 65
59 66
59 67
59 68
59 69
59 70
59 71
59 72
59 73
59 74
59 75
59 76
59 77
59 78
59 79
59 80
59 81
59 82
59 83
59 84
59 85
59 86
59 87
59 88
59 89
59 90
59 91
59 92
59 93
59 94
59 95
59 96
59 97
59 98
59 99
59 100
59 101
59 102
59 103
59 104
59 105
59 106
59 107
59 108
59 109
59 110
59 111
59 112
59 113
59 114
59 115
59 116
59 117
59 118
59 119
59 120
59 121
59 122
59 123
59 124
59 125
59 126
59 127
59 128
59 129
59 130
59 131
59 132
59 133
59 134
59 135
59 136
59 137
59 138
59 139
59 140
59 141
59 142
59 143
59 144
59 145
59 146
59 147
59 148
59 149
59 150
59 151
59 152
59 153
59 154
59 155
59 156
59 157
59 158
59 159
59 160
59 161
59 162
59 163
59 164
59 165
59 166
59 167
59 168
59 169
59 170
59 171
60 61
60 62
60 63
60 64
60 65
60 66
60 67
60 68
60 69
60 70
60 71
60 72
60 73
60 74
60 75
60 76
60 77
60 78
60 79
60 80
60 81
60 82
60 83
60 84
60 85
60 86
60 87
60 88
60 89
60 90
60 91
60 92
60 93
60 94
60 95
60 96
60 97
60 98
60 99
60 100
60 101
60 102
60 103
60 104
60 105
60 106
60 107
60 108
60 109
60 110
60 111
60 112
60 113
60 114
60 115
60 116
60 117
60 118
60 119
60 120
60 121
60 122
60 123
60 124
60 125
60 126
60 127
60 128
60 129
60 130
60 131
60 132
60 133
60 134
60 135
60 136
60 137
60 138
60 139
60 140
60 141
60 142
60 143
60 144
60 145
60 146
60 147
60 148
60 149
60 150
60 151
60 152
60 153
60 154
60 155
60 156
60 157
60 158
60 159
60 160
60 161
60 162
60 163
60 164
60 165
60 166
60 167
60 168
60 169
60 170
60 171
60 172
60 173
61 62
61 63
61 64
61 65
61 66
61 67
61 68
61 69
61 70
61 71
61 72
61 73
61 74
61 75
61 76
61 77
61 78
61 79
61 80
61 81
61 82
61 83
61 84
61 85
61 86
61 87
61 88
61 89
61 90
61 91
61 92
61 93
61 94
61 95
61 96
61 97
61 98
61 99
61 100
61 101
61 102
61 103
61 104
61 105
61 106
61 107
61 108
61 109
61 110
61 111
61 112
61 113
61 114
61 115
61 116
61 117
61 118
61 119
61 120
61 121
61 122
61 123
61 124
61 125
61 126
61 127
61 128
61 129
61 130
61 131
61 132
61 133
61 134
61 135
61 136
61 137
61 138
61 139
61 140
61 141
61 142
61 143
61 144
61 145
61 146
61 147
61 148
61 149
61 150
61 151
61 152
61 153
61 154
61 155
61 156
61 157
61 158
61 159
61 160
61 161
61 162
61 163
61 164
61 165
61 166
61 167
61 168
61 169
61 170
61 171
61 172
61 173
61 174
61 175
61 176
62 63
62 64
62 65
62 66
62 67
62 68
62 69
62 70
62 71
62 72
62 73
62 74
62 75
62 76
62 77
62 78
62 79
62 80
62 81
62 82
62 83
62 84
62 85
62 86
62 87
62 88
62 89
62 90
62 91
62 92
62 93
62 94
62 95
62 96
62 97
62 98
62 99
62 100
62 101
62 102
62 103
62 104
62 105
62 106
62 107
62 108
62 109
62 110
62 111
62 112
62 113
62 114
62 115
62 116
62 117
62 118
62 119
62 120
62 121
62 122
62 123
62 124
62 125
62 126
62 127
62 128
62 129
62 130
62 131
62 132
62 133
62 134
62 135
62 136
62 137
62 138
62 139
62 140
62 141
62 142
62 143
62 144
62 145
62 146
62 147
62 148
62 149
62 150
62 151
62 152
62 153
62 154
62 155
62 156
62 157
62 158
62 159
62 160
62 161
62 162
62 163
62 164
62 165
62 166
62 167
62 168
62 169
62 170
62 171
62 172
62 173
62 174
62 175
62 176
62 177
62 178
62 179
63 64
63 65
63 66
63 67
63 68
63 69
63 70
63 71
63 72
63 73
63 74
63 75
63 76
63 77
63 78
63 79
63 80
63 81
63 82
63 83
63 84
63 85
63 86
63 87
63 88
63 89
63 90
63 91
63 92
63 93
63 94
63 95
63 96
63 97
63 98
63 99
63 100
63 101
63 102
63 103
63 104
63 105
63 106
63 107
63 108
63 109
63 110
63 111
63 112
63 113
63 114
63 115
63 116
63 117
63 118
63 119
63 120
63 121
63 122
63 123
63 124
63 125
63 126
63 127
63 128
63 129
63 130
63 131
63 132
63 133
63 134
63 135
63 136
63 137
63 138
63 139
63 140
63 141
63 142
63 143
63 144
63 145
63 146
63 147
63 148
63 149
63 150
63 151
63 152
63 153
63 154
63 155
63 156
63 157
63 158
63 159
63 160
63 161
63 162
63 163
63 164
63 165
63 166
63 167
63 168
63 169
63 170
63 171
63 172
63 173
63 174
63 175
63 176
63 177
63 178
63 179
63 180
63 181
63 182
64 65
64 66
64 67
64 68
64 69
64 70
64 71
64 72
64 73
64 74
64 75
64 76
64 77
64 78
64 79
64 80
64 81
64 82
64 83
64 84
64 85
64 86
64 87
64 88
64 89
64 90
64 91
64 92
64 93
64 94
64 95
64 96
64 97
64 98
64 99
64 100
64 101
64 102
64 103
64 104
64 105
64 106
64 107
64 108
64 109
64 110
64 111
64 112
64 113
64 114
64 115
64 116
64 117
64 118
64 119
64 120
64 121
64 122
64 123
64 124
64 125
64 126
64 127
64 128
64 129
64 130
64 131
64 132
64 133
64 134
64 135
64 136
64 137
64 138
64 139
64 140
64 141
64 142
64 143
64 144
64 145
64 146
64 147
64 148
64 149
64 150
64 151
64 152
64 153
64 154
64 155
64 156
64 157
64 158
64 159
64 160
64 161
64 162
64 163
64 164
64 165
64 166
64 167
64 168
64 169
64 170
64 171
64 172
64 173
64 174
64 175
64 176
64 177
64 178
64 179
64 180
64 181
64 182
64 183
64 184
64 185
65 66
65 67
65 68
65 69
65 70
65 71
65 72
65 73
65 74
65 75
65 76
65 77
65 78
65 79
65 80
65 81
65 82
65 83
65 84
65 85
65 86
65 87
65 88
65 89
65 90
65 91
65 92
65 93
65 94
65 95
65 96
65 97
65 98
65 99
65 100
65 101
65 102
65 103
65 104
65 105
65 106
65 107
65 108
65 109
65 110
65 111
65 112
65 113
65 114
65 115
65 116
65 117
65 118
65 119
65 120
65 121
65 122
65 123
65 124
65 125
65 126
65 127
65 128
65 129
65 130
65 131
65 132
65 133
65 134
65 135
65 136
65 137
65 138
65 139
65 140
65 141
65 142
65 143
65 144
65 145
65 146
65 147
65 148
65 149
65 150
65 151
65 152
65 153
65 154
65 155
65 156
65 157
65 158
65 159
65 160
65 161
65 162
65 163
65 164
65 165
65 166
65 167
65 168
65 169
65 170
65 171
65 172
65 173
65 174
65 175
65 176
65 177
65 178
65 179
65 180
65 181
65 182
65 183
65 184
65 185
65 186
65 187
65 188
66 67
66 68
66 69
66 70
66 71
66 72
66 73
66 74
66 75
66 76
66 77
66 78
66 79
66 80
66 81
66 82
66 83
66 84
66 85
66 86
66 87
66 88
66 89
66 90
66 91
66 92
66 93
66 94
66 95
66 96
66 97
66 98
66 99
66 100
66 101
66 102
66 103
66 104
66 105
66 106
66 107
66 108
66 109
66 110
66 111
66 112
66 113
66 114
66 115
66 116
66 117
66 118
66 119
66 120
66 121
66 122
66 123
66 124
66 125
66 126
66 127
66 128
66 129
66 130
66 131
66 132
66 133
66 134
66 135
66 136
66 137
66 138
66 139
66 140
66 141
66 142
66 143
66 144
66 145
66 146
66 147
66 148
66 149
66 150
66 151
66 152
66 153
66 154
66 155
66 156
66 157
66 158
66 159
66 160
66 161
66 162
66 163
66 164
66 165
66 166
66 167
66 168
66 169
66 170
66 171
66 172
66 173
66 174
66 175
66 176
66 177
66 178
66 179
66 180
66 181
66 182
66 183
66 184
66 185
66 186
66 187
66 188
66 189
66 190
66 191
67 68
67 69
67 70
67 71
67 72
67 73
67 74
67 75
67 76
67 77
67 78
67 79
67 80
67 81
67 82
67 83
67 84
67 85
67 86
67 87
67 88
67 89
67 90
67 91
67 92
67 93
67 94
67 95
67 96
67 97
67 98
67 99
67 100
67 101
67 102
67 103
67 104
67 105
67 106
67 107
67 108
67 109
67 110
67 111
67 112
67 113
67 114
67 115
67 116
67 117
67 118
67 119
67 120
67 121
67 122
67 123
67 124
67 125
67 126
67 127
67 128
67 129
67 130
67 131
67 132
67 133
67 134
67 135
67 136
67 137
67 138
67 139
67 140
67 141
67 142
67 143
67 144
67 145
67 146
67 147
67 148
67 149
67 150
67 151
67 152
67 153
67 154
67 155
67 156
67 157
67 158
67 159
67 160
67 161
67 162
67 163
67 164
67 165
67 166
67 167
67 168
67 169
67 170
67 171
67 172
67 173
67 174
67 175
67 176
67 177
67 178
67 179
67 180
67 181
67 182
67 183
67 184
67 185
67 186
67 187
67 188
67 189
67 190
67 191
67 192
67 193
67 194
68 69
68 70
68 71
68 72
68 73
68 74
68 75
68 76
68 77
68 78
68 79
68 80
68 81
68 82
68 83
68 84
68 85
68 86
68 87
68 88
68 89
68 90
68 91
68 92
68 93
68 94
68 95
68 96
68 97
68 98
68 99
68 100
68 101
68 102
68 103
68 104
68 105
68 106
68 107
68 108
68 109
68 110
68 111
68 112
68 113
68 114
68 115
68 116
68 117
68 118
68 119
68 120
68 121
68 122
68 123
68 124
68 125
68 126
68 127
68 128
68 129
68 130
68 131
68 132
68 133
68 134
68 135
68 136
68 137
68 138
68 139
68 140
68 141
68 142
68 143
68 144
68 145
68 146
68 147
68 148
68 149
68 150
68 151
68 152
68 153
68 154
68 155
68 156
68 157
68 158
68 159
68 160
68 161
68 162
68 163
68 164
68 165
68 166
68 167
68 168
68 169
68 170
68 171
68 172
68 173
68 174
68 175
68 176
68 177
68 178
68 179
68 180
68 181
68 182
68 183
68 184
68 185
68 186
68 187
68 188
68 189
68 190
68 191
68 192
68 193
68 194
68 195
68 196
68 197
69 70
69 71
69 72
69 73
69 74
69 75
69 76
69 77
69 78
69 79
69 80
69 81
69 82
69 83
69 84
69 85
69 86
69 87
69 88
69 89
69 90
69 91
69 92
69 93
69 94
69 95
69 96
69 97
69 98
69 99
69 100
69 101
69 102
69 103
69 104
69 105
69 106
69 107
69 108
69 109
69 110
69 111
69 112
69 113
69 114
69 115
69 116
69 117
69 118
69 119
69 120
69 121
69 122
69 123
69 124
69 125
69 126
69 127
69 128
69 129
69 130
69 131
69 132
69 133
69 134
69 135
69 136
69 137
69 138
69 139
69 140
69 141
69 142
69 143
69 144
69 145
69 146
69 147
69 148
69 149
69 150
69 151
69 152
69 153
69 154
69 155
69 156
69 157
69 158
69 159
69 160
69 161
69 162
69 163
69 164
69 165
69 166
69 167
69 168
69 169
69 170
69 171
69 172
69 173
69 174
69 175
69 176
69 177
69 178
69 179
69 180
69 181
69 182
69 183
69 184
69 185
69 186
69 187
69 188
69 189
69 190
69 191
69 192
69 193
69 194
69 195
69 196
69 197
69 198
69 199
69 200
70 71
70 72
70 73
70 74
70 75
70 76
70 77
70 78
70 79
70 80
70 81
70 82
70 83
70 84
70 85
70 86
70 87
70 88
70 89
70 90
70 91
70 92
70 93
70 94
70 95
70 96
70 97
70 98
70 99
70 100
70 101
70 102
70 103
70 104
70 105
70 106
70 107
70 108
70 109
70 110
70 111
70 112
70 113
70 114
70 115
70 116
70 117
70 118
70 119
70 120
70 121
70 122
70 123
70 124
70 125
70 126
70 127
70 128
70 129
70 130
70 131
70 132
70 133
70 134
70 135
70 136
70 137
70 138
70 139
70 140
70 141
70 142
70 143
70 144
70 145
70 146
70 147
70 148
70 149
70 150
70 151
70 152
70 153
70 154
70 155
70 156
70 157
70 158
70 159
70 160
70 161
70 162
70 163
70 164
70 165
70 166
70 167
70 168
70 169
70 170
70 171
70 172
70 173
70 174
70 175
70 176
70 177
70 178
70 179
70 180
70 181
70 182
70 183
70 184
70 185
70 186
70 187
70 188
70 189
70 190
70 191
70 192
70 193
70 194
70 195
70 196
70 197
70 198
70 199
70 200
70 201
70 202
71 72
71 73
71 74
71 75
71 76
71 77
71 78
71 79
71 80
71 81
71 82
71 83
71 84
71 85
71 86
71 87
71 88
71 89
71 90
71 91
71 92
71 93
71 94
71 95
71 96
71 97
71 98
71 99
71 100
71 101
71 102
71 103
71 104
71 105
71 106
71 107
71 108
71 109
71 110
71 111
71 112
71 113
71 114
71 115
71 116
71 117
71 118
71 119
71 120
71 121
71 122
71 123
71 124
71 125
71 126
71 127
71 128
71 129
71 130
71 131
71 132
71 133
71 134
71 135
71 136
71 137
71 138
71 139
71 140
71 141
71 142
71 143
71 144
71 145
71 146
71 147
71 148
71 149
71 150
71 151
71 152
71 153
71 154
71 155
71 156
71 157
71 158
71 159
71 160
71 161
71 162
71 163
71 164
71 165
71 166
71 167
71 168
71 169
71 170
71 171
71 172
71 173
71 174
71 175
71 176
71 177
71 178
71 179
71 180
71 181
71 182
71 183
71 184
71 185
71 186
71 187
71 188
71 189
71 190
71 191
71 192
71 193
71 194
71 195
71 196
71 197
71 198
71 199
71 200
71 201
71 202
71 203
71 204
71 205
72 73
72 74
72 75
72 76
72 77
72 78
72 79
72 80
72 81
72 82
72 83
72 84
72 85
72 86
72 87
72 88
72 89
72 90
72 91
72 92
72 93
72 94
72 95
72 96
72 97
72 98
72 99
72 100
72 101
72 102
72 103
72 104
72 105
72 106
72 107
72 108
72 109
72 110
72 111
72 112
72 113
72 114
72 115
72 116
72 117
72 118
72 119
72 120
72 121
72 122
72 123
72 124
72 125
72 126
72 127
72 128
72 129
72 130
72 131
72 132
72 133
72 134
72 135
72 136
72 137
72 138
72 139
72 140
72 141
72 142
72 143
72 144
72 145
72 146
72 147
72 148
72 149
72 150
72 151
72 152
72 153
72 154
72 155
72 156
72 157
72 158
72 159
72 160
72 161
72 162
72 163
72 164
72 165
72 166
72 167
72 168
72 169
72 170
72 171
72 172
72 173
72 174
72 175
72 176
72 177
72 178
72 179
72 180
72 181
72 182
72 183
72 184
72 185
72 186
72 187
72 188
72 189
72 190
72 191
72 192
72 193
72 194
72 195
72 196
72 197
72 198
72 199
72 200
72 201
72 202
72 203
72 204
72 205
72 206
72 207
72 208
73 74
73 75
73 76
73 77
73 78
73 79
73 80
73 81
73 82
73 83
73 84
73 85
73 86
73 87
73 88
73 89
73 90
73 91
73 92
73 93
73 94
73 95
73 96
73 97
73 98
73 99
73 100
73 101
73 102
73 103
73 104
73 105
73 106
73 107
73 108
73 109
73 110
73 111
73 112
73 113
73 114
73 115
73 116
73 117
73 118
73 119
73 120
73 121
73 122
73 123
73 124
73 125
73 126
73 127
73 128
73 129
73 130
73 131
73 132
73 133
73 134
73 135
73 136
73 137
73 138
73 139
73 140
73 141
73 142
73 143
73 144
73 145
73 146
73 147
73 148
73 149
73 150
73 151
73 152
73 153
73 154
73 155
73 156
73 157
73 158
73 159
73 160
73 161
73 162
73 163
73 164
73 165
73 166
73 167
73 168
73 169
73 170
73 171
73 172
73 173
73 174
73 175
73 176
73 177
73 178
73 179
73 180
73 181
73 182
73 183
73 184
73 185
73 186
73 187
73 188
73 189
73 190
73 191
73 192
73 193
73 194
73 195
73 196
73 197
73 198
73 199
73 200
73 201
73 202
73 203
73 204
73 205
73 206
73 207
73 208
73 209
73 210
73 211
74 75
74 76
74 77
74 78
74 79
74 80
74 81
74 82
74 83
74 84
74 85
74 86
74 87
74 88
74 89
74 90
74 91
74 92
74 93
74 94
74 95
74 96
74 97
74 98
74 99
74 100
74 101
74 102
74 103
74 104
74 105
74 106
74 107
74 108
74 109
74 110
74 111
74 112
74 113
74 114
74 115
74 116
74 117
74 118
74 119
74 120
74 121
74 122
74 123
74 124
74 125
74 126
74 127
74 128
74 129
74 130
74 131
74 132
74 133
74 134
74 135
74 136
74 137
74 138
74 139
74 140
74 141
74 142
74 143
74 144
74 145
74 146
74 147
74 148
74 149
74 150
74 151
74 152
74 153
74 154
74 155
74 156
74 157
74 158
74 159
74 160
74 161
74 162
74 163
74 164
74 165
74 166
74 167
74 168
74 169
74 170
74 171
74 172
74 173
74 174
74 175
74 176
74 177
74 178
74 179
74 180
74 181
74 182
74 183
74 184
74 185
74 186
74 187
74 188
74 189
74 190
74 191
74 192
74 193
74 194
74 195
74 196
74 197
74 198
74 199
74 200
74 201
74 202
74 203
74 204
74 205
74 206
74 207
74 208
74 209
74 210
74 211
74 212
74 213
74 214
75 76
75 77
75 78
75 79
75 80
75 81
75 82
75 83
75 84
75 85
75 86
75 87
75 88
75 89
75 90
75 91
75 92
75 93
75 94
75 95
75 96
75 97
75 98
75 99
75 100
75 101
75 102
75 103
75 104
75 105
75 106
75 107
75 108
75 109
75 110
75 111
75 112
75 113
75 114
75 115
75 116
75 117
75 118
75 119
75 120
75 121
75 122
75 123
75 124
75 125
75 126
75 127
75 128
75 129
75 130
75 131
75 132
75 133
75 134
75 135
75 136
75 137
75 138
75 139
75 140
75 141
75 142
75 143
75 144
75 145
75 146
75 147
75 148
75 149
75 150
75 151
75 152
75 153
75 154
75 155
75 156
75 157
75 158
75 159
75 160
75 161
75 162
75 163
75 164
75 165
75 166
75 167
75 168
75 169
75 170
75 171
75 172
75 173
75 174
75 175
75 176
75 177
75 178
75 179
75 180
75 181
75 182
75 183
75 184
75 185
75 186
75 187
75 188
75 189
75 190
75 191
75 192
75 193
75 194
75 195
75 196
75 197
75 198
75 199
75 200
75 201
75 202
75 203
75 204
75 205
75 206
75 207
75 208
75 209
75 210
75 211
75 212
75 213
75 214
75 215
75 216
75 217
76 77
76 78
76 79
76 80
76 81
76 82
76 83
76 84
76 85
76 86
76 87
76 88
76 89
76 90
76 91
76 92
76 93
76 94
76 95
76 96
76 97
76 98
76 99
76 100
76 101
76 102
76 103
76 104
76 105
76 106
76 107
76 108
76 109
76 110
76 111
76 112
76 113
76 114
76 115
76 116
76 117
76 118
76 119
76 120
76 121
76 122
76 123
76 124
76 125
76 126
76 127
76 128
76 129
76 130
76 131
76 132
76 133
76 134
76 135
76 136
76 137
76 138
76 139
76 140
76 141
76 142
76 143
76 144
76 145
76 146
76 147
76 148
76 149
76 150
76 151
76 152
76 153
76 154
76 155
76 156
76 157
76 158
76 159
76 160
76 161
76 162
76 163
76 164
76 165
76 166
76 167
76 168
76 169
76 170
76 171
76 172
76 173
76 174
76 175
76 176
76 177
76 178
76 179
76 180
76 181
76 182
76 183
76 184
76 185
76 186
76 187
76 188
76 189
76 190
76 191
76 192
76 193
76 194
76 195
76 196
76 197
76 198
76 199
76 200
76 201
76 202
76 203
76 204
76 205
76 206
76 207
76 208
76 209
76 210
76 211
76 212
76 213
76 214
76 215
76 216
76 217
76 218
76 219
76 220
77 78
77 79
77 80
77 81
77 82
77 83
77 84
77 85
77 86
77 87
77 88
77 89
77 90
77 91
77 92
77 93
77 94
77 95
77 96
77 97
77 98
77 99
77 100
77 101
77 102
77 103
77 104
77 105
77 106
77 107
77 108
77 109
77 110
77 111
77 112
77 113
77 114
77 115
77 116
77 117
77 118
77 119
77 120
77 121
77 122
77 123
77 124
77 125
77 126
77 127
77 128
77 129
77 130
77 131
77 132
77 133
77 134
77 135
77 136
77 137
77 138
77 139
77 140
77 141
77 142
77 143
77 144
77 145
77 146
77 147
77 148
77 149
77 150
77 151
77 152
77 153
77 154
77 155
77 156
77 157
77 158
77 159
77 160
77 161
77 162
77 163
77 164
77 165
77 166
77 167
77 168
77 169
77 170
77 171
77 172
77 173
77 174
77 175
77 176
77 177
77 178
77 179
77 180
77 181
77 182
77 183
77 184
77 185
77 186
77 187
77 188
77 189
77 190
77 191
77 192
77 193
77 194
77 195
77 196
77 197
77 198
77 199
77 200
77 201
77 202
77 203
77 204
77 205
77 206
77 207
77 208
77 209
77 210
77 211
77 212
77 213
77 214
77 215
77 216
77 217
77 218
77 219
77 220
77 221
77 222
77 223
78 79
78 80
78 81
78 82
78 83
78 84
78 85
78 86
78 87
78 88
78 89
78 90
78 91
78 92
78 93
78 94
78 95
78 96
78 97
78 98
78 99
78 100
78 101
78 102
78 103
78 104
78 105
78 106
78 107
78 108
78 109
78 110
78 111
78 112
78 113
78 114
78 115
78 116
78 117
78 118
78 119
78 120
78 121
78 122
78 123
78 124
78 125
78 126
78 127
78 128
78 129
78 130
78 131
78 132
78 133
78 134
78 135
78 136
78 137
78 138
78 139
78 140
78 141
78 142
78 143
78 144
78 145
78 146
78 147
78 148
78 149
78 150
78 151
78 152
78 153
78 154
78 155
78 156
78 157
78 158
78 159
78 160
78 161
78 162
78 163
78 164
78 165
78 166
78 167
78 168
78 169
78 170
78 171
78 172
78 173
78 174
78 175
78 176
78 177
78 178
78 179
78 180
78 181
78 182
78 183
78 184
78 185
78 186
78 187
78 188
78 189
78 190
78 191
78 192
78 193
78 194
78 195
78 196
78 197
78 198
78 199
78 200
78 201
78 202
78 203
78 204
78 205
78 206
78 207
78 208
78 209
78 210
78 211
78 212
78 213
78 214
78 215
78 216
78 217
78 218
78 219
78 220
78 221
78 222
78 223
78 224
78 225
78 226
79 80
79 81
79 82
79 83
79 84
79 85
79 86
79 87
79 88
79 89
79 90
79 91
79 92
79 93
79 94
79 95
79 96
79 97
79 98
79 99
79 100
79 101
79 102
79 103
79 104
79 105
79 106
79 107
79 108
79 109
79 110
79 111
79 112
79 113
79 114
79 115
79 116
79 117
79 118
79 119
79 120
79 121
79 122
79 123
79 124
79 125
79 126
79 127
79 128
79 129
79 130
79 131
79 132
79 133
79 134
79 135
79 136
79 137
79 138
79 139
79 140
79 141
79 142
79 143
79 144
79 145
79 146
79 147
79 148
79 149
79 150
79 151
79 152
79 153
79 154
79 155
79 156
79 157
79 158
79 159
79 160
79 161
79 162
79 163
79 164
79 165
79 166
79 167
79 168
79 169
79 170
79 171
79 172
79 173
79 174
79 175
79 176
79 177
79 178
79 179
79 180
79 181
79 182
79 183
79 184
79 185
79 186
79 187
79 188
79 189
79 190
79 191
79 192
79 193
79 194
79 195
79 196
79 197
79 198
79 199
79 200
79 201
79 202
79 203
79 204
79 205
79 206
79 207
79 208
79 209
79 210
79 211
79 212
79 213
79 214
79 215
79 216
79 217
79 218
79 219
79 220
79 221
79 222
79 223
79 224
79 225
79 226
79 227
79 228
79 229
80 81
80 82
80 83
80 84
80 85
80 86
80 87
80 88
80 89
80 90
80 91
80 92
80 93
80 94
80 95
80 96
80 97
80 98
80 99
80 100
80 101
80 102
80 103
80 104
80 105
80 106
80 107
80 108
80 109
80 110
80 111
80 112
80 113
80 114
80 115
80 116
80 117
80 118
80 119
80 120
80 121
80 122
80 123
80 124
80 125
80 126
80 127
80 128
80 129
80 130
80 131
80 132
80 133
80 134
80 135
80 136
80 137
80 138
80 139
80 140
80 141
80 142
80 143
80 144
80 145
80 146
80 147
80 148
80 149
80 150
80 151
80 152
80 153
80 154
80 155
80 156
80 157
80 158
80 159
80 160
80 161
80 162
80 163
80 164
80 165
80 166
80 167
80 168
80 169
80 170
80 171
80 172
80 173
80 174
80 175
80 176
80 177
80 178
80 179
80 180
80 181
80 182
80 183
80 184
80 185
80 186
80 187
80 188
80 189
80 190
80 191
80 192
80 193
80 194
80 195
80 196
80 197
80 198
80 199
80 200
80 201
80 202
80 203
80 204
80 205
80 206
80 207
80 208
80 209
80 210
80 211
80 212
80 213
80 214
80 215
80 216
80 217
80 218
80 219
80 220
80 221
80 222
80 223
80 224
80 225
80 226
80 227
80 228
80 229
80 230
80 231
81 82
81 83
81 84
81 85
81 86
81 87
81 88
81 89
81 90
81 91
81 92
81 93
81 94
81 95
81 96
81 97
81 98
81 99
81 100
81 101
81 102
81 103
81 104
81 105
81 106
81 107
81 108
81 109
81 110
81 111
81 112
81 113
81 114
81 115
81 116
81 117
81 118
81 119
81 120
81 121
81 122
81 123
81 124
81 125
81 126
81 127
81 128
81 129
81 130
81 131
81 132
81 133
81 134
81 135
81 136
81 137
81 138
81 139
81 140
81 141
81 142
81 143
81 144
81 145
81 146
81 147
81 148
81 149
81 150
81 151
81 152
81 153
81 154
81 155
81 156
81 157
81 158
81 159
81 160
81 161
81 162
81 163
81 164
81 165
81 166
81 167
81 168
81 169
81 170
81 171
81 172
81 173
81 174
81 175
81 176
81 177
81 178
81 179
81 180
81 181
81 182
81 183
81 184
81 185
81 186
81 187
81 188
81 189
81 190
81 191
81 192
81 193
81 194
81 195
81 196
81 197
81 198
81 199
81 200
81 201
81 202
81 203
81 204
81 205
81 206
81 207
81 208
81 209
81 210
81 211
81 212
81 213
81 214
81 215
81 216
81 217
81 218
81 219
81 220
81 221
81 222
81 223
81 224
81 225
81 226
81 227
81 228
81 229
81 230
81 231
81 232
81 233
81 234
82 83
82 84
82 85
82 86
82 87
82 88
82 89
82 90
82 91
82 92
82 93
82 94
82 95
82 96
82 97
82 98
82 99
82 100
82 101
82 102
82 103
82 104
82 105
82 106
82 107
82 108
82 109
82 110
82 111
82 112
82 113
82 114
82 115
82 116
82 117
82 118
82 119
82 120
82 121
82 122
82 123
82 124
82 125
82 126
82 127
82 128
82 129
82 130
82 131
82 132
82 133
82 134
82 135
82 136
82 137
82 138
82 139
82 140
82 141
82 142
82 143
82 144
82 145
82 146
82 147
82 148
82 149
82 150
82 151
82 152
82 153
82 154
82 155
82 156
82 157
82 158
82 159
82 160
82 161
82 162
82 163
82 164
82 165
82 166
82 167
82 168
82 169
82 170
82 171
82 172
82 173
82 174
82 175
82 176
82 177
82 178
82 179
82 180
82 181
82 182
82 183
82 184
82 185
82 186
82 187
82 188
82 189
82 190
82 191
82 192
82 193
82 194
82 195
82 196
82 197
82 198
82 199
82 200
82 201
82 202
82 203
82 204
82 205
82 206
82 207
82 208
82 209
82 210
82 211
82 212
82 213
82 214
82 215
82 216
82 217
82 218
82 219
82 220
82 221
82 222
82 223
82 224
82 225
82 226
82 227
82 228
82 229
82 230
82 231
82 232
82 233
82 234
82 235
82 236
82 237
83 84
83 85
83 86
83 87
83 88
83 89
83 90
83 91
83 92
83 93
83 94
83 95
83 96
83 97
83 98
83 99
83 100
83 101
83 102
83 103
83 104
83 105
83 106
83 107
83 108
83 109
83 110
83 111
83 112
83 113
83 114
83 115
83 116
83 117
83 118
83 119
83 120
83 121
83 122
83 123
83 124
83 125
83 126
83 127
83 128
83 129
83 130
83 131
83 132
83 133
83 134
83 135
83 136
83 137
83 138
83 139
83 140
83 141
83 142
83 143
83 144
83 145
83 146
83 147
83 148
83 149
83 150
83 151
83 152
83 153
83 154
83 155
83 156
83 157
83 158
83 159
83 160
83 161
83 162
83 163
83 164
83 165
83 166
83 167
83 168
83 169
83 170
83 171
83 172
83 173
83 174
83 175
83 176
83 177
83 178
83 179
83 180
83 181
83 182
83 183
83 184
83 185
83 186
83 187
83 188
83 189
83 190
83 191
83 192
83 193
83 194
83 195
83 196
83 197
83 198
83 199
83 200
83 201
83 202
83 203
83 204
83 205
83 206
83 207
83 208
83 209
83 210
83 211
83 212
83 213
83 214
83 215
83 216
83 217
83 218
83 219
83 220
83 221
83 222
83 223
83 224
83 225
83 226
83 227
83 228
83 229
83 230
83 231
83 232
83 233
83 234
83 235
83 236
83 237
83 238
83 239
83 240
84 85
84 86
84 87
84 88
84 89
84 90
84 91
84 92
84 93
84 94
84 95
84 96
84 97
84 98
84 99
84 100
84 101
84 102
84 103
84 104
84 105
84 106
84 107
84 108
84 109
84 110
84 111
84 112
84 113
84 114
84 115
84 116
84 117
84 118
84 119
84 120
84 121
84 122
84 123
84 124
84 125
84 126
84 127
84 128
84 129
84 130
84 131
84 132
84 133
84 134
84 135
84 136
84 137
84 138
84 139
84 140
84 141
84 142
84 143
84 144
84 145
84 146
84 147
84 148
84 149
84 150
84 151
84 152
84 153
84 154
84 155
84 156
84 157
84 158
84 159
84 160
84 161
84 162
84 163
84 164
84 165
84 166
84 167
84 168
84 169
84 170
84 171
84 172
84 173
84 174
84 175
84 176
84 177
84 178
84 179
84 180
84 181
84 182
84 183
84 184
84 185
84 186
84 187
84 188
84 189
84 190
84 191
84 192
84 193
84 194
84 195
84 196
84 197
84 198
84 199
84 200
84 201
84 202
84 203
84 204
84 205
84 206
84 207
84 208
84 209
84 210
84 211
84 212
84 213
84 214
84 215
84 216
84 217
84 218
84 219
84 220
84 221
84 222
84 223
84 224
84 225
84 226
84 227
84 228
84 229
84 230
84 231
84 232
84 233
84 234
84 235
84 236
84 237
84 238
84 239
84 240
84 241
84 242
84 243
85 86
85 87
85 88
85 89
85 90
85 91
85 92
85 93
85 94
85 95
85 96
85 97
85 98
85 99
85 100
85 101
85 102
85 103
85 104
85 105
85 106
85 107
85 108
85 109
85 110
85 111
85 112
85 113
85 114
85 115
85 116
85 117
85 118
85 119
85 120
85 121
85 122
85 123
85 124
85 125
85 126
85 127
85 128
85 129
85 130
85 131
85 132
85 133
85 134
85 135
85 136
85 137
85 138
85 139
85 140
85 141
85 142
85 143
85 144
85 145
85 146
85 147
85 148
85 149
85 150
85 151
85 152
85 153
85 154
85 155
85 156
85 157
85 158
85 159
85 160
85 161
85 162
85 163
85 164
85 165
85 166
85 167
85 168
85 169
85 170
85 171
85 172
85 173
85 174
85 175
85 176
85 177
85 178
85 179
85 180
85 181
85 182
85 183
85 184
85 185
85 186
85 187
85 188
85 189
85 190
85 191
85 192
85 193
85 194
85 195
85 196
85 197
85 198
85 199
85 200
85 201
85 202
85 203
85 204
85 205
85 206
85 207
85 208
85 209
85 210
85 211
85 212
85 213
85 214
85 215
85 216
85 217
85 218
85 219
85 220
85 221
85 222
85 223
85 224
85 225
85 226
85 227
85 228
85 229
85 230
85 231
85 232
85 233
85 234
85 235
85 236
85 237
85 238
85 239
85 240
85 241
85 242
85 243
85 244
85 245
85 246
86 87
86 88
86 89
86 90
86 91
86 92
86 93
86 94
86 95
86 96
86 97
86 98
86 99
86 100
86 101
86 102
86 103
86 104
86 105
86 106
86 107
86 108
86 109
86 110
86 111
86 112
86 113
86 114
86 115
86 116
86 117
86 118
86 119
86 120
86 121
86 122
86 123
86 124
86 125
86 126
86 127
86 128
86 129
86 130
86 131
86 132
86 133
86 134
86 135
86 136
86 137
86 138
86 139
86 140
86 141
86 142
86 143
86 144
86 145
86 146
86 147
86 148
86 149
86 150
86 151
86 152
86 153
86 154
86 155
86 156
86 157
86 158
86 159
86 160
86 161
86 162
86 163
86 164
86 165
86 166
86 167
86 168
86 169
86 170
86 171
86 172
86 173
86 174
86 175
86 176
86 177
86 178
86 179
86 180
86 181
86 182
86 183
86 184
86 185
86 186
86 187
86 188
86 189
86 190
86 191
86 192
86 193
86 194
86 195
86 196
86 197
86 198
86 199
86 200
86 201
86 202
86 203
86 204
86 205
86 206
86 207
86 208
86 209
86 210
86 211
86 212
86 213
86 214
86 215
86 216
86 217
86 218
86 219
86 220
86 221
86 222
86 223
86 224
86 225
86 226
86 227
86 228
86 229
86 230
86 231
86 232
86 233
86 234
86 235
86 236
86 237
86 238
86 239
86 240
86 241
86 242
86 243
86 244
86 245
86 246
86 247
86 248
86 249
87 88
87 89
87 90
87 91
87 92
87 93
87 94
87 95
87 96
87 97
87 98
87 99
87 100
87 101
87 102
87 103
87 104
87 105
87 106
87 107
87 108
87 109
87 110
87 111
87 112
87 113
87 114
87 115
87 116
87 117
87 118
87 119
87 120
87 121
87 122
87 123
87 124
87 125
87 126
87 127
87 128
87 129
87 130
87 131
87 132
87 133
87 134
87 135
87 136
87 137
87 138
87 139
87 140
87 141
87 142
87 143
87 144
87 145
87 146
87 147
87 148
87 149
87 150
87 151
87 152
87 153
87 154
87 155
87 156
87 157
87 158
87 159
87 160
87 161
87 162
87 163
87 164
87 165
87 166
87 167
87 168
87 169
87 170
87 171
87 172
87 173
87 174
87 175
87 176
87 177
87 178
87 179
87 180
87 181
87 182
87 183
87 184
87 185
87 186
87 187
87 188
87 189
87 190
87 191
87 192
87 193
87 194
87 195
87 196
87 197
87 198
87 199
87 200
87 201
87 202
87 203
87 204
87 205
87 206
87 207
87 208
87 209
87 210
87 211
87 212
87 213
87 214
87 215
87 216
87 217
87 218
87 219
87 220
87 221
87 222
87 223
87 224
87 225
87 226
87 227
87 228
87 229
87 230
87 231
87 232
87 233
87 234
87 235
87 236
87 237
87 238
87 239
87 240
87 241
87 242
87 243
87 244
87 245
87 246
87 247
87 248
87 249
87 250
87 251
87 252
88 89
88 90
88 91
88 92
88 93
88 94
88 95
88 96
88 97
88 98
88 99
88 100
88 101
88 102
88 103
88 104
88 105
88 106
88 107
88 108
88 109
88 110
88 111
88 112
88 113
88 114
88 115
88 116
88 117
88 118
88 119
88 120
88 121
88 122
88 123
88 124
88 125
88 126
88 127
88 128
88 129
88 130
88 131
88 132
88 133
88 134
88 135
88 136
88 137
88 138
88 139
88 140
88 141
88 142
88 143
88 144
88 145
88 146
88 147
88 148
88 149
88 150
88 151
88 152
88 153
88 154
88 155
88 156
88 157
88 158
88 159
88 160
88 161
88 162
88 163
88 164
88 165
88 166
88 167
88 168
88 169
88 170
88 171
88 172
88 173
88 174
88 175
88 176
88 177
88 178
88 179
88 180
88 181
88 182
88 183
88 184
88 185
88 186
88 187
88 188
88 189
88 190
88 191
88 192
88 193
88 194
88 195
88 196
88 197
88 198
88 199
88 200
88 201
88 202
88 203
88 204
88 205
88 206
88 207
88 208
88 209
88 210
88 211
88 212
88 213
88 214
88 215
88 216
88 217
88 218
88 219
88 220
88 221
88 222
88 223
88 224
88 225
88 226
88 227
88 228
88 229
88 230
88 231
88 232
88 233
88 234
88 235
88 236
88 237
88 238
88 239
88 240
88 241
88 242
88 243
88 244
88 245
88 246
88 247
88 248
88 249
88 250
88 251
88 252
88 253
88 254
88 255
89 90
89 91
89 92
89 93
89 94
89 95
89 96
89 97
89 98
89 99
89 100
89 101
89 102
89 103
89 104
89 105
89 106
89 107
89 108
89 109
89 110
89 111
89 112
89 113
89 114
89 115
89 116
89 117
89 118
89 119
89 120
89 121
89 122
89 123
89 124
89 125
89 126
89 127
89 128
89 129
89 130
89 131
89 132
89 133
89 134
89 135
89 136
89 137
89 138
89 139
89 140
89 141
89 142
89 143
89 144
89 145
89 146
89 147
89 148
89 149
89 150
89 151
89 152
89 153
89 154
89 155
89 156
89 157
89 158
89 159
89 160
89 161
89 162
89 163
89 164
89 165
89 166
89 167
89 168
89 169
89 170
89 171
89 172
89 173
89 174
89 175
89 176
89 177
89 178
89 179
89 180
89 181
89 182
89 183
89 184
89 185
89 186
89 187
89 188
89 189
89 190
89 191
89 192
89 193
89 194
89 195
89 196
89 197
89 198
89 199
89 200
89 201
89 202
89 203
89 204
89 205
89 206
89 207
89 208
89 209
89 210
89 211
89 212
89 213
89 214
89 215
89 216
89 217
89 218
89 219
89 220
89 221
89 222
89 223
89 224
89 225
89 226
89 227
89 228
89 229
89 230
89 231
89 232
89 233
89 234
89 235
89 236
89 237
89 238
89 239
89 240
89 241
89 242
89 243
89 244
89 245
89 246
89 247
89 248
89 249
89 250
89 251
89 252
89 253
89 254
89 255
89 256
89 257
89 258
90 91
90 92
90 93
90 94
90 95
90 96
90 97
90 98
90 99
90 100
90 101
90 102
90 103
90 104
90 105
90 106
90 107
90 108
90 109
90 110
90 111
90 112
90 113
90 114
90 115
90 116
90 117
90 118
90 119
90 120
90 121
90 122
90 123
90 124
90 125
90 126
90 127
90 128
90 129
90 130
90 131
90 132
90 133
90 134
90 135
90 136
90 137
90 138
90 139
90 140
90 141
90 142
90 143
90 144
90 145
90 146
90 147
90 148
90 149
90 150
90 151
90 152
90 153
90 154
90 155
90 156
90 157
90 158
90 159
90 160
90 161
90 162
90 163
90 164
90 165
90 166
90 167
90 168
90 169
90 170
90 171
90 172
90 173
90 174
90 175
90 176
90 177
90 178
90 179
90 180
90 181
90 182
90 183
90 184
90 185
90 186
90 187
90 188
90 189
90 190
90 191
90 192
90 193
90 194
90 195
90 196
90 197
90 198
90 199
90 200
90 201
90 202
90 203
90 204
90 205
90 206
90 207
90 208
90 209
90 210
90 211
90 212
90 213
90 214
90 215
90 216
90 217
90 218
90 219
90 220
90 221
90 222
90 223
90 224
90 225
90 226
90 227
90 228
90 229
90 230
90 231
90 232
90 233
90 234
90 235
90 236
90 237
90 238
90 239
90 240
90 241
90 242
90 243
90 244
90 245
90 246
90 247
90 248
90 249
90 250
90 251
90 252
90 253
90 254
90 255
90 256
90 257
90 258
90 259
90 260
91 92
91 93
91 94
91 95
91 96
91 97
91 98
91 99
91 100
91 101
91 102
91 103
91 104
91 105
91 106
91 107
91 108
91 109
91 110
91 111
91 112
91 113
91 114
91 115
91 116
91 117
91 118
91 119
91 120
91 121
91 122
91 123
91 124
91 125
91 126
91 127
91 128
91 129
91 130
91 131
91 132
91 133
91 134
91 135
91 136
91 137
91 138
91 139
91 140
91 141
91 142
91 143
91 144
91 145
91 146
91 147
91 148
91 149
91 150
91 151
91 152
91 153
91 154
91 155
91 156
91 157
91 158
91 159
91 160
91 161
91 162
91 163
91 164
91 165
91 166
91 167
91 168
91 169
91 170
91 171
91 172
91 173
91 174
91 175
91 176
91 177
91 178
91 179
91 180
91 181
91 182
91 183
91 184
91 185
91 186
91 187
91 188
91 189
91 190
91 191
91 192
91 193
91 194
91 195
91 196
91 197
91 198
91 199
91 200
91 201
91 202
91 203
91 204
91 205
91 206
91 207
91 208
91 209
91 210
91 211
91 212
91 213
91 214
91 215
91 216
91 217
91 218
91 219
91 220
91 221
91 222
91 223
91 224
91 225
91 226
91 227
91 228
91 229
91 230
91 231
91 232
91 233
91 234
91 235
91 236
91 237
91 238
91 239
91 240
91 241
91 242
91 243
91 244
91 245
91 246
91 247
91 248
91 249
91 250
91 251
91 252
91 253
91 254
91 255
91 256
91 257
91 258
91 259
91 260
91 261
91 262
91 263
92 93
92 94
92 95
92 96
92 97
92 98
92 99
92 100
92 101
92 102
92 103
92 104
92 105
92 106
92 107
92 108
92 109
92 110
92 111
92 112
92 113
92 114
92 115
92 116
92 117
92 118
92 119
92 120
92 121
92 122
92 123
92 124
92 125
92 126
92 127
92 128
92 129
92 130
92 131
92 132
92 133
92 134
92 135
92 136
92 137
92 138
92 139
92 140
92 141
92 142
92 143
92 144
92 145
92 146
92 147
92 148
92 149
92 150
92 151
92 152
92 153
92 154
92 155
92 156
92 157
92 158
92 159
92 160
92 161
92 162
92 163
92 164
92 165
92 166
92 167
92 168
92 169
92 170
92 171
92 172
92 173
92 174
92 175
92 176
92 177
92 178
92 179
92 180
92 181
92 182
92 183
92 184
92 185
92 186
92 187
92 188
92 189
92 190
92 191
92 192
92 193
92 194
92 195
92 196
92 197
92 198
92 199
92 200
92 201
92 202
92 203
92 204
92 205
92 206
92 207
92 208
92 209
92 210
92 211
92 212
92 213
92 214
92 215
92 216
92 217
92 218
92 219
92 220
92 221
92 222
92 223
92 224
92 225
92 226
92 227
92 228
92 229
92 230
92 231
92 232
92 233
92 234
92 235
92 236
92 237
92 238
92 239
92 240
92 241
92 242
92 243
92 244
92 245
92 246
92 247
92 248
92 249
92 250
92 251
92 252
92 253
92 254
92 255
92 256
92 257
92 258
92 259
92 260
92 261
92 262
92 263
92 264
92 265
92 266
