0.125 0 0
0.125 0.5 2.41922e-05
0.125 1 4.51291e-05
0.125 1.5 6.22925e-05
0.125 2 7.94901e-05
0.125 2.5 0.000104278
0.125 3 0.00014595
0.125 3.5 0.000212223
0.125 4 0.000306139
0.125 4.5 0.000424435
0.125 5 0.000557883
0.125 5.5 0.000693073
0.125 6 0.000815236
0.125 6.5 0.000911445
0.125 7 0.000972532
0.125 7.5 0.000994666
0.125 8 0.000978755
0.125 8.5 0.000929593
0.125 9 0.000854832
0.125 9.5 0.000762532
0.125 10 0.000660971
0.375 0 0
0.375 0.5 6.53707e-05
0.375 1 0.00012222
0.375 1.5 0.000168793
0.375 2 0.000214015
0.375 2.5 0.000276768
0.375 3 0.000380744
0.375 3.5 0.000546557
0.375 4 0.000784089
0.375 4.5 0.00108841
0.375 5 0.00143843
0.375 5.5 0.00180153
0.375 6 0.00213896
0.375 6.5 0.00241579
0.375 7 0.00260474
0.375 7.5 0.00269099
0.375 8 0.00267391
0.375 8.5 0.00256266
0.375 9 0.00237596
0.375 9.5 0.00213212
0.375 10 0.00185761
0.625 0 0
0.625 0.5 7.71128e-05
0.625 1 0.000144536
0.625 1.5 0.000199795
0.625 2 0.000251904
0.625 2.5 0.000320918
0.625 3 0.000432971
0.625 3.5 0.000612232
0.625 4 0.000872825
0.625 4.5 0.00121144
0.625 5 0.00160952
0.625 5.5 0.00203276
0.625 6 0.00243814
0.625 6.5 0.00278325
0.625 7 0.00303641
0.625 7.5 0.00317194
0.625 8 0.00318671
0.625 8.5 0.00308459
0.625 9 0.00288203
0.625 9.5 0.00260814
0.625 10 0.00228512
0.875 0 0
0.875 0.5 7.5907e-05
0.875 1 0.000142641
0.875 1.5 0.000197384
0.875 2 0.000247694
0.875 2.5 0.000311399
0.875 3 0.000412539
0.875 3.5 0.000574474
0.875 4 0.000812393
0.875 4.5 0.00112712
0.875 5 0.00150438
0.875 5.5 0.00191399
0.875 6 0.00231664
0.875 6.5 0.002674
0.875 7 0.00294687
0.875 7.5 0.00311325
0.875 8 0.00315772
0.875 8.5 0.00308622
0.875 9 0.00290948
0.875 9.5 0.00265158
0.875 10 0.00233844
1.125 0 0
1.125 0.5 7.08063e-05
1.125 1 0.000133358
1.125 1.5 0.000184811
1.125 2 0.000231046
1.125 2.5 0.000287148
1.125 3 0.000374029
1.125 3.5 0.00051295
1.125 4 0.000719144
1.125 4.5 0.000996344
1.125 5 0.00133425
1.125 5.5 0.00170903
1.125 6 0.00208623
1.125 6.5 0.00243068
1.125 7 0.0027063
1.125 7.5 0.00288709
1.125 8 0.00295778
1.125 8.5 0.00291602
1.125 9 0.00277224
1.125 9.5 0.00254479
1.125 10 0.00225846
1.375 0 0
1.375 0.5 6.49114e-05
1.375 1 0.000122545
1.375 1.5 0.000170056
1.375 2 0.000212025
1.375 2.5 0.000260887
1.375 3 0.0003346
1.375 3.5 0.000452161
1.375 4 0.000628113
1.375 4.5 0.000868144
1.375 5 0.00116508
1.375 5.5 0.00150092
1.375 6 0.00184781
1.375 6.5 0.00217123
1.375 7 0.00243902
1.375 7.5 0.00262658
1.375 8 0.00271512
1.375 8.5 0.00269882
1.375 9 0.00258697
1.375 9.5 0.00239094
1.375 10 0.00213659
1.625 0 0
1.625 0.5 5.9227e-05
1.625 1 0.000112038
1.625 1.5 0.000155703
1.625 2 0.000193731
1.625 2.5 0.000236396
1.625 3 0.000298959
1.625 3.5 0.000398269
1.625 4 0.000548021
1.625 4.5 0.000754743
1.625 5 0.00101503
1.625 5.5 0.00131383
1.625 6 0.00162772
1.625 6.5 0.00192791
1.625 7 0.00218509
1.625 7.5 0.00237323
1.625 8 0.00247398
1.625 8.5 0.00247999
1.625 9 0.00239483
1.625 9.5 0.00222986
1.625 10 0.00200519
1.875 0 0
1.875 0.5 5.40402e-05
1.875 1 0.00010243
1.875 1.5 0.000142555
1.875 2 0.000177121
1.875 2.5 0.000214583
1.875 3 0.000267967
1.875 3.5 0.000352142
1.875 4 0.000479863
1.875 4.5 0.000658206
1.875 5 0.000885521
1.875 5.5 0.00115092
1.875 6 0.00143515
1.875 6.5 0.00171191
1.875 7 0.00195522
1.875 7.5 0.00213991
1.875 8 0.0022481
1.875 8.5 0.0022709
1.875 9 0.00220956
1.875 9.5 0.00207239
1.875 10 0.00187589
2.125 0 0
2.125 0.5 4.93989e-05
2.125 1 9.37988e-05
2.125 1.5 0.000130728
2.125 2 0.000162272
2.125 2.5 0.000195402
2.125 3 0.000241337
2.125 3.5 0.000313045
2.125 4 0.000422414
2.125 4.5 0.00057664
2.125 5 0.000775703
2.125 5.5 0.00101144
2.125 6 0.00126779
2.125 6.5 0.00152197
2.125 7 0.00175075
2.125 7.5 0.00193093
2.125 8 0.00204359
2.125 8.5 0.00207963
2.125 9 0.00203801
2.125 9.5 0.00192398
2.125 10 0.00175326
2.375 0 0
2.375 0.5 4.52648e-05
2.375 1 8.60859e-05
2.375 1.5 0.000120164
2.375 2 0.000149068
2.375 2.5 0.000178612
2.375 3 0.00021838
2.375 3.5 0.000279906
2.375 4 0.000373992
2.375 4.5 0.000507808
2.375 5 0.000682515
2.375 5.5 0.00089204
2.375 6 0.00112301
2.375 6.5 0.00135686
2.375 7 0.00157033
2.375 7.5 0.00174342
2.375 8 0.00185892
2.375 8.5 0.00190457
2.375 9 0.00187847
2.375 9.5 0.00178624
2.375 10 0.00163843
2.625 0 0
2.625 0.5 4.159e-05
2.625 1 7.92151e-05
2.625 1.5 0.000110749
2.625 2 0.00013728
2.625 2.5 0.000163831
2.625 3 0.000198579
2.625 3.5 0.000251655
2.625 4 0.000332989
2.625 4.5 0.000449559
2.625 5 0.000603377
2.625 5.5 0.000789876
2.625 6 0.000998183
2.625 6.5 0.00121174
2.625 7 0.00141129
2.625 7.5 0.00157595
2.625 8 0.00169103
2.625 8.5 0.00174572
2.625 9 0.00173265
2.625 9.5 0.00165864
2.625 10 0.00153122
2.875 0 0
2.875 0.5 3.83076e-05
2.875 1 7.30524e-05
2.875 1.5 0.00010228
2.875 2 0.000126794
2.875 2.5 0.000150773
2.875 3 0.000181361
2.875 3.5 0.000227487
2.875 4 0.000298183
2.875 4.5 0.000400086
2.875 5 0.000535804
2.875 5.5 0.000702112
2.875 6 0.000889974
2.875 6.5 0.00108524
2.875 7 0.00127056
2.875 7.5 0.00142794
2.875 8 0.00154147
2.875 8.5 0.00160049
2.875 9 0.0015997
2.875 9.5 0.00154081
2.875 10 0.00143144
3.125 0 0
3.125 0.5 3.53697e-05
3.125 1 6.75405e-05
3.125 1.5 9.47019e-05
3.125 2 0.000117417
3.125 2.5 0.000139197
3.125 3 0.000166267
3.125 3.5 0.000206599
3.125 4 0.00026835
3.125 4.5 0.00035784
3.125 5 0.000477885
3.125 5.5 0.000626436
3.125 6 0.000795979
3.125 6.5 0.000974384
3.125 7 0.00114627
3.125 7.5 0.00129526
3.125 8 0.0014064
3.125 8.5 0.00146903
3.125 9 0.00147739
3.125 9.5 0.00143185
3.125 10 0.0013387
3.375 0 0
3.375 0.5 3.2738e-05
3.375 1 6.25836e-05
3.375 1.5 8.78411e-05
3.375 2 0.000108959
3.375 2.5 0.000128865
3.375 3 0.000153009
3.375 3.5 0.000188523
3.375 4 0.000242647
3.375 4.5 0.000321532
3.375 5 0.000427994
3.375 5.5 0.000560954
3.375 6 0.000714134
3.375 6.5 0.000877058
3.375 7 0.00103628
3.375 7.5 0.00117674
3.375 8 0.00128461
3.375 8.5 0.00134941
3.375 9 0.00136519
3.375 9.5 0.00133122
3.375 10 0.00125244
3.625 0 0
3.625 0.5 3.03647e-05
3.625 1 5.81051e-05
3.625 1.5 8.16692e-05
3.625 2 0.000101305
3.625 2.5 0.000119585
3.625 3 0.000141301
3.625 3.5 0.000172657
3.625 4 0.000220463
3.625 4.5 0.000290213
3.625 5 0.000384888
3.625 5.5 0.000503986
3.625 6 0.000642492
3.625 6.5 0.0007914
3.625 7 0.000938587
3.625 7.5 0.00107053
3.625 8 0.00117472
3.625 8.5 0.00124065
3.625 9 0.00126226
3.625 9.5 0.00123819
3.625 10 0.00117188
3.875 0 0
3.875 0.5 2.82115e-05
3.875 1 5.40477e-05
3.875 1.5 7.60428e-05
3.875 2 9.43777e-05
3.875 2.5 0.000111214
3.875 3 0.000130856
3.875 3.5 0.000158732
3.875 4 0.000201109
3.875 4.5 0.000262938
3.875 5 0.000347422
3.875 5.5 0.000454376
3.875 6 0.000579675
3.875 6.5 0.000715674
3.875 7 0.000851584
3.875 7.5 0.000975485
3.875 8 0.00107536
3.875 8.5 0.00114161
3.875 9 0.00116791
3.875 9.5 0.00115221
3.875 10 0.00109686
4.125 0 0
4.125 0.5 2.62689e-05
4.125 1 5.03731e-05
4.125 1.5 7.09331e-05
4.125 2 8.80629e-05
4.125 2.5 0.000103656
4.125 3 0.000121443
4.125 3.5 0.000146481
4.125 4 0.000184127
4.125 4.5 0.000239191
4.125 5 0.000314831
4.125 5.5 0.000410967
4.125 6 0.000524424
4.125 6.5 0.000648638
4.125 7 0.000774204
4.125 7.5 0.000890032
4.125 8 0.00098547
4.125 8.5 0.00105132
4.125 9 0.00108111
4.125 9.5 0.00107258
4.125 10 0.00102697
4.375 0 0
4.375 0.5 2.44985e-05
4.375 1 4.70047e-05
4.375 1.5 6.6254e-05
4.375 2 8.23222e-05
4.375 2.5 9.6816e-05
4.375 3 0.000113064
4.375 3.5 0.000135501
4.375 4 0.000169134
4.375 4.5 0.00021837
4.375 5 0.000286157
4.375 5.5 0.000372813
4.375 6 0.000475707
4.375 6.5 0.000589174
4.375 7 0.000704976
4.375 7.5 0.00081331
4.375 8 0.000904123
4.375 8.5 0.000968981
4.375 9 0.00100133
4.375 9.5 0.00099873
4.375 10 0.000961654
4.625 0 0
4.625 0.5 2.28812e-05
4.625 1 4.39425e-05
4.625 1.5 6.20055e-05
4.625 2 7.70407e-05
4.625 2.5 9.05498e-05
4.625 3 0.000105431
4.625 3.5 0.000125727
4.625 4 0.0001559
4.625 4.5 0.000200043
4.625 5 0.000261021
4.625 5.5 0.000339179
4.625 6 0.000432607
4.625 6.5 0.00053629
4.625 7 0.000643098
4.625 7.5 0.000744174
4.625 8 0.000830408
4.625 8.5 0.000893771
4.625 9 0.000928083
4.625 9.5 0.000930314
4.625 10 0.000900718
4.875 0 0
4.875 0.5 2.14075e-05
4.875 1 4.11291e-05
4.875 1.5 5.80727e-05
4.875 2 7.22185e-05
4.875 2.5 8.48097e-05
4.875 3 9.8486e-05
4.875 3.5 0.00011689
4.875 4 0.000144119
4.875 4.5 0.000183868
4.875 5 0.000238751
4.875 5.5 0.000309434
4.875 6 0.000394436
4.875 6.5 0.000489241
4.875 7 0.000587769
4.875 7.5 0.000681909
4.875 8 0.00076356
4.875 8.5 0.000825044
4.875 9 0.000860664
4.875 9.5 0.000866966
4.875 10 0.00084378
5.125 0 0
5.125 0.5 2.00486e-05
5.125 1 3.85454e-05
5.125 1.5 5.44844e-05
5.125 2 6.7779e-05
5.125 2.5 7.9548e-05
5.125 3 9.22302e-05
5.125 3.5 0.00010899
5.125 4 0.000133563
5.125 4.5 0.000169413
5.125 5 0.000219062
5.125 5.5 0.000283157
5.125 6 0.000360391
5.125 6.5 0.000447281
5.125 7 0.000538054
5.125 7.5 0.000625799
5.125 8 0.000702817
5.125 8.5 0.000762315
5.125 9 0.000798563
5.125 9.5 0.000808323
5.125 10 0.000790461
5.375 0 0
5.375 0.5 1.88141e-05
5.375 1 3.61913e-05
5.375 1.5 5.11832e-05
5.375 2 6.36839e-05
5.375 2.5 7.47646e-05
5.375 3 8.64336e-05
5.375 3.5 0.00010176
5.375 4 0.000124077
5.375 4.5 0.000156593
5.375 5 0.000201476
5.375 5.5 0.000259718
5.375 6 0.000330129
5.375 6.5 0.000409666
5.375 7 0.000493283
5.375 7.5 0.000574985
5.375 8 0.000647721
5.375 8.5 0.000705097
5.375 9 0.000741609
5.375 9.5 0.000753844
5.375 10 0.000740759
5.625 0 0
5.625 0.5 1.76657e-05
5.625 1 3.40095e-05
5.625 1.5 4.81117e-05
5.625 2 5.9895e-05
5.625 2.5 7.02682e-05
5.625 3 8.11534e-05
5.625 3.5 9.52659e-05
5.625 4 0.000115586
5.625 4.5 0.000145063
5.625 5 0.000185802
5.625 5.5 0.000238802
5.625 6 0.000303077
5.625 6.5 0.0003759
5.625 7 0.000453189
5.625 7.5 0.000529181
5.625 8 0.000597661
5.625 8.5 0.000652579
5.625 9 0.000688943
5.625 9.5 0.000703346
5.625 10 0.000694486
5.875 0 0
5.875 0.5 1.6613e-05
5.875 1 3.19808e-05
5.875 1.5 4.52984e-05
5.875 2 5.64123e-05
5.875 2.5 6.62023e-05
5.875 3 7.63324e-05
5.875 3.5 8.93076e-05
5.875 4 0.00010786
5.875 4.5 0.000134739
5.875 5 0.000171847
5.875 5.5 0.000220093
5.875 6 0.000278776
5.875 6.5 0.000345733
5.875 7 0.000416971
5.875 7.5 0.000487671
5.875 8 0.000552028
5.875 8.5 0.0006046
5.875 9 0.000640566
5.875 9.5 0.00065665
5.875 10 0.000651068
6.125 0 0
6.125 0.5 1.56369e-05
6.125 1 3.01243e-05
6.125 1.5 4.26575e-05
6.125 2 5.31592e-05
6.125 2.5 6.23756e-05
6.125 3 7.18558e-05
6.125 3.5 8.38179e-05
6.125 4 0.000100822
6.125 4.5 0.00012536
6.125 5 0.000159231
6.125 5.5 0.000203276
6.125 6 0.000256997
6.125 6.5 0.000318546
6.125 7 0.000384362
6.125 7.5 0.000450026
6.125 8 0.000510515
6.125 8.5 0.000560673
6.125 9 0.000595963
6.125 9.5 0.000613211
6.125 10 0.000610698
6.375 0 0
6.375 0.5 1.47374e-05
6.375 1 2.84018e-05
6.375 1.5 4.02461e-05
6.375 2 5.0174e-05
6.375 2.5 5.88358e-05
6.375 3 6.77235e-05
6.375 3.5 7.87969e-05
6.375 4 9.44732e-05
6.375 4.5 0.000116928
6.375 5 0.000147953
6.375 5.5 0.000188246
6.375 6 0.00023751
6.375 6.5 0.000293966
6.375 7 0.000354827
6.375 7.5 0.000415816
6.375 8 0.000472665
6.375 8.5 0.000520313
6.375 9 0.000554963
6.375 9.5 0.00057303
6.375 10 0.000572803
6.625 0 0
6.625 0.5 1.39048e-05
6.625 1 2.67942e-05
6.625 1.5 3.79784e-05
6.625 2 4.73802e-05
6.625 2.5 5.55831e-05
6.625 3 6.38782e-05
6.625 3.5 7.41775e-05
6.625 4 8.86595e-05
6.625 4.5 0.000109271
6.625 5 0.000137631
6.625 5.5 0.000174582
6.625 6 0.000219857
6.625 6.5 0.000271869
6.625 7 0.000328098
6.625 7.5 0.000384898
6.625 8 0.000438173
6.625 8.5 0.000483518
6.625 9 0.00051705
6.625 9.5 0.000535564
6.625 10 0.000537574
6.875 0 0
6.875 0.5 1.31297e-05
6.875 1 2.53014e-05
6.875 1.5 3.59115e-05
6.875 2 4.47777e-05
6.875 2.5 5.25217e-05
6.875 3 6.03772e-05
6.875 3.5 6.99598e-05
6.875 4 8.33047e-05
6.875 4.5 0.000102302
6.875 5 0.00012836
6.875 5.5 0.00016239
6.875 6 0.000203924
6.875 6.5 0.000251883
6.875 7 0.000303908
6.875 7.5 0.000356843
6.875 8 0.000406733
6.875 8.5 0.000449641
6.875 9 0.000482054
6.875 9.5 0.000500994
6.875 10 0.00050463
7.125 0 0
7.125 0.5 1.24024e-05
7.125 1 2.39234e-05
7.125 1.5 3.39595e-05
7.125 2 4.23666e-05
7.125 2.5 4.96995e-05
7.125 3 5.70714e-05
7.125 3.5 6.603e-05
7.125 4 7.84089e-05
7.125 4.5 9.59346e-05
7.125 5 0.000119949
7.125 5.5 0.000151248
7.125 6 0.000189595
7.125 6.5 0.000233882
7.125 7 0.00028199
7.125 7.5 0.000331221
7.125 8 0.000377888
7.125 8.5 0.000418681
7.125 9 0.000449975
7.125 9.5 0.000468958
7.125 10 0.000473781
7.375 0 0
7.375 0.5 1.17325e-05
7.375 1 2.26411e-05
7.375 1.5 3.2151e-05
7.375 2 4.01469e-05
7.375 2.5 4.70782e-05
7.375 3 5.40124e-05
7.375 3.5 6.23881e-05
7.375 4 7.38804e-05
7.375 4.5 9.00839e-05
7.375 5 0.000112303
7.375 5.5 0.000141158
7.375 6 0.000176528
7.375 6.5 0.000217495
7.375 7 0.000262077
7.375 7.5 0.00030789
7.375 8 0.000351637
7.375 8.5 0.000390153
7.375 9 0.000420296
7.375 9.5 0.000439094
7.375 10 0.000445027
