sector1_0 1.30108  0.947523 0
sector2_0  2.18496  1.83141 1
sector1_1 2.71529  2.36174 2
sector2_1  3.59917  3.24562 3
sector1_2 4.1295  3.77595 4
sector2_2  5.01339  4.65983 5
sector1_3 5.54372  5.19016 6
sector2_3  6.4276  6.07405 7
sector1_4 6.95793  6.60438 8
sector2_4  7.84181  7.48826 9
sector1_5 9.14996  8.01859 10
sector2_5  10.8117  9.68029 11
sector1_6 12.1198  10.9884 12
sector2_6  13.7815  12.6501 13
sector1_7 15.0897  13.9583 14
sector2_7  16.7514  15.62 15
sector1_8 18.0595  16.9281 16
sector2_8  19.7212  18.5898 17
sector1_9 21.0294  19.898 18
sector2_9  22.6911  21.5597 19
sector1_10 23.9992  22.8678 20
sector2_10  25.6609  24.5295 21
sector1_11 26.969  25.8377 22
sector2_11  28.6308  27.4994 23
sector1_12 29.9389  28.8075 24
sector2_12  31.6006  30.4692 25
sector1_13 32.9087  31.7774 26
sector2_13  34.5704  33.4391 27
sector1_14 35.8786  34.7472 28
sector2_14  37.5403  36.4089 29
sector1_15 38.8484  37.7171 30
sector2_15  40.5101  39.3788 31
sector1_16 41.8183  40.6869 32
sector2_16  43.48  42.3486 33
sector1_17 44.7881  43.6568 34
sector2_17  46.4498  45.3185 35
sector1_18 47.758  46.6266 36
sector2_18  49.4197  48.2883 37
sector1_19 50.7278  49.5965 38
sector2_19  52.3895  51.2582 39
sector1_20 53.6977  52.5663 40
sector2_20  55.3594  54.228 41
sector1_21 56.6675  55.5362 42
sector2_21  58.3292  57.1979 43
sector1_22 59.6374  58.506 44
sector2_22  61.2991  60.1677 45
sector1_23 62.6072  61.4759 46
sector2_23  64.2689  63.1376 47
sector1_24 65.5771  64.4457 48
sector2_24  67.2388  66.1074 49
sector1_25 68.5469  67.4156 50
sector2_25  70.2086  69.0773 51
sector1_26 71.5168  70.3854 52
sector2_26  73.1785  72.0471 53
sector1_27 74.4866  73.3553 54
sector2_27  76.1483  75.017 55
sector1_28 77.4565  76.3251 56
sector2_28  79.1182  77.9868 57
sector1_29 80.4263  79.295 58
sector2_29  82.088  80.9566 59
sector1_30 83.3962  82.2648 60
sector2_30  85.0579  83.9265 61
sector1_31 86.366  85.2346 62
sector2_31  88.0277  86.8963 63
sector1_32 1.30108  -0.947523 64
sector2_32 2.18496  -1.83141 65
sector1_33 2.71529  -2.36174 66
sector2_33 3.59917  -3.24562 67
sector1_34 4.1295  -3.77595 68
sector2_34 5.01339  -4.65983 69
sector1_35 5.54372  -5.19016 70
sector2_35 6.4276  -6.07405 71
sector1_36 6.95793  -6.60438 72
sector2_36 7.84181  -7.48826 73
sector1_37 9.14996  -8.01859 74
sector2_37 10.8117  -9.68029 75
sector1_38 12.1198  -10.9884 76
sector2_38 13.7815  -12.6501 77
sector1_39 15.0897  -13.9583 78
sector2_39 16.7514  -15.62 79
sector1_40 18.0595  -16.9281 80
sector2_40 19.7212  -18.5898 81
sector1_41 21.0294  -19.898 82
sector2_41 22.6911  -21.5597 83
sector1_42 23.9992  -22.8678 84
sector2_42 25.6609  -24.5295 85
sector1_43 26.969  -25.8377 86
sector2_43 28.6308  -27.4994 87
sector1_44 29.9389  -28.8075 88
sector2_44 31.6006  -30.4692 89
sector1_45 32.9087  -31.7774 90
sector2_45 34.5704  -33.4391 91
sector1_46 35.8786  -34.7472 92
sector2_46 37.5403  -36.4089 93
sector1_47 38.8484  -37.7171 94
sector2_47 40.5101  -39.3788 95
sector1_48 41.8183  -40.6869 96
sector2_48 43.48  -42.3486 97
sector1_49 44.7881  -43.6568 98
sector2_49 46.4498  -45.3185 99
sector1_50 47.758  -46.6266 100
sector2_50 49.4197  -48.2883 101
sector1_51 50.7278  -49.5965 102
sector2_51 52.3895  -51.2582 103
sector1_52 53.6977  -52.5663 104
sector2_52 55.3594  -54.228 105
sector1_53 56.6675  -55.5362 106
sector2_53 58.3292  -57.1979 107
sector1_54 59.6374  -58.506 108
sector2_54 61.2991  -60.1677 109
sector1_55 62.6072  -61.4759 110
sector2_55 64.2689  -63.1376 111
sector1_56 65.5771  -64.4457 112
sector2_56 67.2388  -66.1074 113
sector1_57 68.5469  -67.4156 114
sector2_57 70.2086  -69.0773 115
sector1_58 71.5168  -70.3854 116
sector2_58 73.1785  -72.0471 117
sector1_59 74.4866  -73.3553 118
sector2_59 76.1483  -75.017 119
sector1_60 77.4565  -76.3251 120
sector2_60 79.1182  -77.9868 121
sector1_61 80.4263  -79.295 122
sector2_61 82.088  -80.9566 123
sector1_62 83.3962  -82.2648 124
sector2_62 85.0579  -83.9265 125
sector1_63 86.366  -85.2346 126
sector2_63 88.0277  -86.8963 127
sector1_64 -1.30108  0.947523 128
sector2_64 -2.18496  1.83141 129
sector1_65 -2.71529  2.36174 130
sector2_65 -3.59917  3.24562 131
sector1_66 -4.1295  3.77595 132
sector2_66 -5.01339  4.65983 133
sector1_67 -5.54372  5.19016 134
sector2_67 -6.4276  6.07405 135
sector1_68 -6.95793  6.60438 136
sector2_68 -7.84181  7.48826 137
sector1_69 -9.14996  8.01859 138
sector2_69 -10.8117  9.68029 139
sector1_70 -12.1198  10.9884 140
sector2_70 -13.7815  12.6501 141
sector1_71 -15.0897  13.9583 142
sector2_71 -16.7514  15.62 143
sector1_72 -18.0595  16.9281 144
sector2_72 -19.7212  18.5898 145
sector1_73 -21.0294  19.898 146
sector2_73 -22.6911  21.5597 147
sector1_74 -23.9992  22.8678 148
sector2_74 -25.6609  24.5295 149
sector1_75 -26.969  25.8377 150
sector2_75 -28.6308  27.4994 151
sector1_76 -29.9389  28.8075 152
sector2_76 -31.6006  30.4692 153
sector1_77 -32.9087  31.7774 154
sector2_77 -34.5704  33.4391 155
sector1_78 -35.8786  34.7472 156
sector2_78 -37.5403  36.4089 157
sector1_79 -38.8484  37.7171 158
sector2_79 -40.5101  39.3788 159
sector1_80 -41.8183  40.6869 160
sector2_80 -43.48  42.3486 161
sector1_81 -44.7881  43.6568 162
sector2_81 -46.4498  45.3185 163
sector1_82 -47.758  46.6266 164
sector2_82 -49.4197  48.2883 165
sector1_83 -50.7278  49.5965 166
sector2_83 -52.3895  51.2582 167
sector1_84 -53.6977  52.5663 168
sector2_84 -55.3594  54.228 169
sector1_85 -56.6675  55.5362 170
sector2_85 -58.3292  57.1979 171
sector1_86 -59.6374  58.506 172
sector2_86 -61.2991  60.1677 173
sector1_87 -62.6072  61.4759 174
sector2_87 -64.2689  63.1376 175
sector1_88 -65.5771  64.4457 176
sector2_88 -67.2388  66.1074 177
sector1_89 -68.5469  67.4156 178
sector2_89 -70.2086  69.0773 179
sector1_90 -71.5168  70.3854 180
sector2_90 -73.1785  72.0471 181
sector1_91 -74.4866  73.3553 182
sector2_91 -76.1483  75.017 183
sector1_92 -77.4565  76.3251 184
sector2_92 -79.1182  77.9868 185
sector1_93 -80.4263  79.295 186
sector2_93 -82.088  80.9566 187
sector1_94 -83.3962  82.2648 188
sector2_94 -85.0579  83.9265 189
sector1_95 -86.366  85.2346 190
sector2_95 -88.0277  86.8963 191
sector1_96 -1.30108  -0.947523 192
sector2_96 -2.18496  -1.83141 193
sector1_97 -2.71529  -2.36174 194
sector2_97 -3.59917  -3.24562 195
sector1_98 -4.1295  -3.77595 196
sector2_98 -5.01339  -4.65983 197
sector1_99 -5.54372  -5.19016 198
sector2_99 -6.4276  -6.07405 199
sector1_100 -6.95793  -6.60438 200
sector2_100 -7.84181  -7.48826 201
sector1_101 -9.14996  -8.01859 202
sector2_101 -10.8117  -9.68029 203
sector1_102 -12.1198  -10.9884 204
sector2_102 -13.7815  -12.6501 205
sector1_103 -15.0897  -13.9583 206
sector2_103 -16.7514  -15.62 207
sector1_104 -18.0595  -16.9281 208
sector2_104 -19.7212  -18.5898 209
sector1_105 -21.0294  -19.898 210
sector2_105 -22.6911  -21.5597 211
sector1_106 -23.9992  -22.8678 212
sector2_106 -25.6609  -24.5295 213
sector1_107 -26.969  -25.8377 214
sector2_107 -28.6308  -27.4994 215
sector1_108 -29.9389  -28.8075 216
sector2_108 -31.6006  -30.4692 217
sector1_109 -32.9087  -31.7774 218
sector2_109 -34.5704  -33.4391 219
sector1_110 -35.8786  -34.7472 220
sector2_110 -37.5403  -36.4089 221
sector1_111 -38.8484  -37.7171 222
sector2_111 -40.5101  -39.3788 223
sector1_112 -41.8183  -40.6869 224
sector2_112 -43.48  -42.3486 225
sector1_113 -44.7881  -43.6568 226
sector2_113 -46.4498  -45.3185 227
sector1_114 -47.758  -46.6266 228
sector2_114 -49.4197  -48.2883 229
sector1_115 -50.7278  -49.5965 230
sector2_115 -52.3895  -51.2582 231
sector1_116 -53.6977  -52.5663 232
sector2_116 -55.3594  -54.228 233
sector1_117 -56.6675  -55.5362 234
sector2_117 -58.3292  -57.1979 235
sector1_118 -59.6374  -58.506 236
sector2_118 -61.2991  -60.1677 237
sector1_119 -62.6072  -61.4759 238
sector2_119 -64.2689  -63.1376 239
sector1_120 -65.5771  -64.4457 240
sector2_120 -67.2388  -66.1074 241
sector1_121 -68.5469  -67.4156 242
sector2_121 -70.2086  -69.0773 243
sector1_122 -71.5168  -70.3854 244
sector2_122 -73.1785  -72.0471 245
sector1_123 -74.4866  -73.3553 246
sector2_123 -76.1483  -75.017 247
sector1_124 -77.4565  -76.3251 248
sector2_124 -79.1182  -77.9868 249
sector1_125 -80.4263  -79.295 250
sector2_125 -82.088  -80.9566 251
sector1_126 -83.3962  -82.2648 252
sector2_126 -85.0579  -83.9265 253
sector1_127 -86.366  -85.2346 254
sector2_127 -88.0277  -86.8963 255
