bin_0    92.6319 11.6881 346
bin_1    99.4019 11.6881 392
bin_2    83.7657 8.40101 51
bin_3    90.5357 8.40101 345
bin_4    110.846 8.40101 471
bin_5    104.076 8.40101 433
bin_6    97.3057 8.40101 391
bin_7    84.0525 4.95016 26
bin_8    92.6319 4.91812 342
bin_9    119.712 4.91812 494
bin_10    112.942 4.91812 468
bin_11    106.172 4.91812 430
bin_12    90.5357 1.63107 341
bin_13    83.7657 1.63107 25
bin_14    99.4019 4.91812 388
bin_15    110.846 1.63107 467
bin_16    104.076 1.63107 429
bin_17    97.3057 1.63107 387
bin_18    82.8706 -2.52573 578
bin_19    89.6407 -2.52626 1526
bin_20    117.616 1.63107 493
bin_21    116.721 -2.52649 1982
bin_22    109.95 -2.52649 1904
bin_23    103.18 -2.52573 1790
bin_24    96.4108 -2.52626 1664
bin_25    84.4126 -4.62724 581
bin_26    92.9277 -4.62251 1529
bin_27    99.6978 -4.62251 1667
bin_28    82.8706 -9.29582 656
bin_29    113.237 -4.62274 1907
bin_30    89.6407 -9.29628 1538
bin_31    120.007 -4.62274 1985
bin_32    109.95 -9.29651 1916
bin_33    103.18 -9.29582 1802
bin_34    96.4108 -9.29628 1676
bin_35    84.3272 -11.3283 659
bin_36    92.9277 -11.3925 1541
bin_37    116.721 -9.29651 1994
bin_38    82.8706 -16.0658 734
bin_39    99.6978 -11.3925 1679
bin_40    106.467 -11.392 1805
bin_41    89.6407 -16.0662 1550
bin_42    113.237 -11.3927 1919
bin_43    120.007 -11.3927 1997
bin_44    103.18 -16.0658 1814
bin_45    96.4108 -16.0662 1688
bin_46    84.3101 -18.1535 737
bin_47    99.6978 -18.1625 1691
bin_48    92.9277 -18.1625 1553
bin_49    82.8706 -22.8358 812
bin_50    106.467 -18.162 1817
bin_51    89.6407 -22.8362 1562
bin_52    109.95 -16.0665 1928
bin_53    113.237 -18.1627 1931
bin_54    116.721 -16.0665 2006
bin_55    120.007 -18.1627 2009
bin_56    83.99 -25.0293 815
bin_57    96.4108 -22.8362 1700
bin_58    99.6978 -24.9325 1703
bin_59    92.9277 -24.9325 1565
bin_60    82.8706 -29.6057 890
bin_61    103.18 -22.8358 1826
bin_62    89.6407 -29.6062 1574
bin_63    106.467 -24.932 1829
bin_64    109.95 -22.8365 1940
bin_65    113.237 -24.9327 1943
bin_66    116.721 -22.8365 2015
bin_67    106.467 -4.62198 1793
bin_68    119.711 18.4578 502
bin_69    112.941 18.4578 476
bin_70    76.9957 8.40101 49
bin_71    106.171 18.4578 438
bin_72    99.4014 18.4578 396
bin_73    85.8614 18.4578 78
bin_74    92.6314 18.4578 350
bin_75    117.615 15.1707 501
bin_76    77.0226 5.33278 24
bin_77    119.712 11.6881 498
bin_78    117.616 8.40101 497
bin_79    110.845 15.1707 475
bin_80    112.942 11.6881 472
bin_81    76.9957 1.63107 23
bin_82    104.075 15.1707 437
bin_83    106.172 11.6881 434
bin_84    97.3052 15.1707 395
bin_85    90.5352 15.1707 349
bin_86    38.4719 11.6881 38
bin_87    43.1452 15.1707 65
bin_88    45.2419 11.6881 40
bin_89    56.6854 15.1713 69
bin_90    49.9152 15.1707 67
bin_91    79.7073 -4.64761 575
bin_92    76.1009 -2.52626 572
bin_93    31.7019 11.6881 36
bin_94    24.9319 11.6881 34
bin_95    18.1619 11.6881 32
bin_96    11.3919 11.6881 30
bin_97    4.62193 4.91812 2
bin_98    76.1009 -9.29628 650
bin_99    35.4805 -49.9158 1082
bin_100    11.3919 4.91812 4
bin_101    18.1619 4.91812 6
bin_102    79.863 -11.4257 653
bin_103    24.9319 4.91812 8
bin_104    9.29566 1.63107 3
bin_105    16.0657 1.63107 5
bin_106    22.8357 1.63107 7
bin_107    29.6056 1.63107 9
bin_108    8.40115 -2.52611 512
bin_109    11.6882 -4.62236 515
bin_110    15.1708 -2.52565 518
bin_111    18.4578 -4.62183 521
bin_112    76.1009 -16.0662 728
bin_113    83.7659 21.9407 103
bin_114    90.5359 21.9407 353
bin_115    76.7914 -19.7422 731
bin_116    97.3059 21.9407 399
bin_117    104.076 21.9407 441
bin_118    110.846 21.9407 479
bin_119    76.1009 -22.8362 806
bin_120    117.615 21.9407 504
bin_121    15.1708 -36.3756 908
bin_122    21.9401 -36.3756 914
bin_123    79.724 -25.0207 809
bin_124    28.7098 -36.3756 920
bin_125    35.4806 -36.3756 926
bin_126    42.2514 -36.3756 932
bin_127    49.0211 -36.3756 938
bin_128    55.7909 -36.3756 944
bin_129    65.2017 -32.2665 875
bin_130    73.06 -31.7948 881
bin_131    76.1009 -29.6062 884
bin_132    85.8619 11.6881 52
bin_133    79.0915 18.4578 76
bin_134    84.0683 -31.9287 893
bin_135    76.1009 -36.3762 962
bin_136    86.1576 -85.862 1517
bin_137    82.722 -82.0447 1514
bin_138    82.8706 -36.3758 968
bin_139    84.0491 -79.1919 1439
bin_140    92.9277 -72.3225 1649
bin_141    82.8706 -76.9958 1436
bin_142    89.6407 -76.9961 1655
bin_143    96.4108 -70.2263 1781
bin_144    99.6978 -65.5525 1775
bin_145    103.18 -63.4557 1895
bin_146    96.4108 -63.4562 1772
bin_147    92.9277 -65.5525 1637
bin_148    79.6507 -32.3975 887
bin_149    106.467 -58.782 1889
bin_150    84.2986 -72.1026 1361
bin_151    103.18 -56.6858 1886
bin_152    89.6407 -70.2263 1646
bin_153    82.8706 -70.2258 1358
bin_154    99.6978 -58.7825 1763
bin_155    106.467 -52.012 1877
bin_156    103.18 -49.9157 1874
bin_157    99.6978 -52.0125 1751
bin_158    96.4108 -56.6863 1760
bin_159    92.9277 -58.7825 1625
bin_160    82.7814 -43.7773 1046
bin_161    86.2128 -65.3198 1283
bin_162    109.95 -43.1465 1973
bin_163    89.6407 -63.4562 1634
bin_164    82.8706 -63.4557 1280
bin_165    106.467 -45.242 1865
bin_166    103.18 -43.1458 1862
bin_167    99.6978 -45.2425 1739
bin_168    96.4108 -43.1463 1736
bin_169    96.4108 -49.9162 1748
bin_170    92.9277 -52.0125 1613
bin_171    86.2632 -58.7322 1205
bin_172    113.237 -38.4727 1967
bin_173    89.6407 -56.6863 1622
bin_174    82.8705 -56.6856 1202
bin_175    106.467 -38.472 1853
bin_176    103.18 -36.3758 1850
bin_177    99.6978 -38.4725 1727
bin_178    96.4108 -36.3762 1724
bin_179    86.1576 -38.472 971
bin_180    92.9277 -45.2425 1601
bin_181    92.9277 -38.4725 1589
bin_182    87.0819 -51.8027 1127
bin_183    113.237 -31.7027 1955
bin_184    109.95 -29.6065 1952
bin_185    82.8706 -49.9157 1124
bin_186    89.6407 -49.9162 1610
bin_187    106.467 -31.702 1841
bin_188    103.18 -29.6057 1838
bin_189    99.6978 -31.7025 1715
bin_190    96.4108 -29.6062 1712
bin_191    92.9277 -31.7025 1577
bin_192    89.6407 -43.1463 1598
bin_193    86.1455 -44.8199 1049
bin_194    76.1009 -90.5362 1652
bin_195    76.1009 -83.7663 1508
bin_196    79.3879 -85.8625 1511
bin_197    79.5975 -79.1354 1433
bin_198    76.1002 -43.1463 1040
bin_199    72.618 -92.6325 1643
bin_200    76.1009 -76.9962 1430
bin_201    72.618 -85.8625 1505
bin_202    69.3309 -90.5362 1640
bin_203    1.63117 -43.1461 974
bin_204    79.3879 -38.4725 965
bin_205    70.6862 -82.0447 1502
bin_206    42.2512 -76.996 1400
bin_207    35.4805 -83.7658 1472
bin_208    79.3755 -72.3285 1355
bin_209    28.7109 -90.5363 1568
bin_210    35.4805 -56.6859 1160
bin_211    76.1009 -70.2263 1352
bin_212    31.9979 -58.7826 1157
bin_213    55.7912 -56.686 1178
bin_214    49.0212 -56.686 1172
bin_215    42.2512 -56.686 1166
bin_216    52.3082 -58.7822 1175
bin_217    45.5382 -58.7822 1169
bin_218    77.0209 -65.845 1277
bin_219    38.7676 -58.7821 1163
bin_220    35.4805 -63.4559 1238
bin_221    31.9979 -65.5526 1235
bin_222    76.1009 -63.4562 1274
bin_223    28.7109 -70.2263 1310
bin_224    25.2279 -72.3226 1307
bin_225    59.0782 -58.7822 1181
bin_226    21.9409 -76.9964 1382
bin_227    18.4578 -79.0919 1379
bin_228    15.1708 -43.1457 986
bin_229    76.6706 -59.4706 1199
bin_230    18.4578 -38.4719 911
bin_231    25.2279 -38.4726 917
bin_232    76.1009 -56.6863 1196
bin_233    31.9979 -38.4726 923
bin_234    38.7676 -38.4721 929
bin_235    45.5382 -38.4723 935
bin_236    52.3082 -38.4723 941
bin_237    59.0782 -38.4723 947
bin_238    11.6882 -38.4723 905
bin_239    4.91818 -38.4723 899
bin_240    77.3085 -52.1307 1121
bin_241    15.1708 -83.7656 1454
bin_242    42.2512 -63.456 1244
bin_243    76.1009 -49.9161 1118
bin_244    49.0212 -63.456 1250
bin_245    55.7912 -63.456 1256
bin_246    52.3082 -65.5522 1253
bin_247    45.5382 -65.5522 1247
bin_248    38.7676 -65.5521 1241
bin_249    69.1993 -43.6416 1034
bin_250    77.4818 -45.0429 1043
bin_251    72.618 -38.4725 959
bin_252    42.2512 -90.5361 1592
bin_253    38.7676 -99.4021 1721
bin_254    65.8479 -85.8618 1499
bin_255    73.1336 -79.0496 1427
bin_256    65.8479 -92.6318 1631
bin_257    69.3309 -97.3062 1778
bin_258    69.3309 -76.9962 1424
bin_259    65.8479 -99.4018 1769
bin_260    62.5608 -104.076 1892
bin_261    62.5608 -97.3055 1766
bin_262    62.5608 -90.5356 1628
bin_263    62.5608 -83.7655 1496
bin_264    59.0782 -106.172 1883
bin_265    73.0281 -72.3417 1349
bin_266    59.0782 -99.4023 1757
bin_267    59.0782 -92.6323 1619
bin_268    59.0782 -85.8623 1493
bin_269    69.3309 -70.2261 1346
bin_270    55.7912 -104.076 1880
bin_271    55.7912 -97.306 1754
bin_272    55.7912 -90.5361 1616
bin_273    52.3082 -106.172 1871
bin_274    52.3082 -99.4023 1745
bin_275    52.3082 -92.6323 1607
bin_276    49.0212 -104.076 1868
bin_277    73.1399 -65.101 1271
bin_278    49.0212 -97.306 1742
bin_279    45.5382 -106.172 1859
bin_280    69.3309 -63.4561 1268
bin_281    45.5382 -99.4023 1733
bin_282    49.0212 -90.5361 1604
bin_283    52.3082 -85.8623 1487
bin_284    55.7912 -83.766 1490
bin_285    42.2512 -110.846 1970
bin_286    42.2512 -104.076 1856
bin_287    73.0135 -58.55 1193
bin_288    42.2512 -97.306 1730
bin_289    45.5382 -92.6323 1595
bin_290    69.3309 -56.6863 1190
bin_291    45.5382 -85.8623 1481
bin_292    38.7676 -112.942 1961
bin_293    31.9979 -112.943 1949
bin_294    35.4805 -110.846 1958
bin_295    38.7676 -106.172 1847
bin_296    18.4578 -119.712 2003
bin_297    15.1708 -117.616 2000
bin_298    70.8815 -52.4064 1115
bin_299    21.9409 -117.616 2012
bin_300    18.4578 -112.942 1925
bin_301    69.3309 -49.9161 1112
bin_302    25.2279 -112.943 1937
bin_303    15.1708 -110.846 1922
bin_304    21.9409 -110.846 1934
bin_305    28.7109 -110.846 1946
bin_306    18.4578 -106.172 1811
bin_307    25.2279 -106.173 1823
bin_308    31.9979 -106.173 1835
bin_309    70.8451 -45.0975 1037
bin_310    52.3082 -79.0923 1409
bin_311    59.0782 -79.0923 1415
bin_312    11.6882 -119.712 1991
bin_313    66.4749 -77.8699 1421
bin_314    8.40115 -117.616 1988
bin_315    11.6882 -112.942 1913
bin_316    62.5608 -76.9955 1418
bin_317    4.91818 -119.712 1979
bin_318    4.91818 -106.172 1787
bin_319    11.6882 -106.172 1799
bin_320    18.4578 -99.4019 1685
bin_321    25.2279 -92.6326 1559
bin_322    31.9979 -85.8626 1469
bin_323    38.7676 -79.0921 1397
bin_324    64.4836 -72.5697 1343
bin_325    1.63117 -104.076 1784
bin_326    62.5608 -70.2255 1340
bin_327    8.40115 -104.076 1796
bin_328    4.91818 -99.4024 1661
bin_329    11.6882 -99.4024 1673
bin_330    1.63117 -97.3061 1658
bin_331    8.40115 -97.3061 1670
bin_332    11.6882 -92.6324 1535
bin_333    4.91818 -92.6324 1523
bin_334    64.5702 -66.3603 1265
bin_335    1.63117 -90.5361 1520
bin_336    8.40115 -90.5361 1532
bin_337    62.5608 -63.4555 1262
bin_338    11.6882 -85.8623 1451
bin_339    4.91818 -85.8623 1445
bin_340    1.63117 -83.7661 1442
bin_341    8.40115 -83.7661 1448
bin_342    11.6882 -79.0923 1373
bin_343    4.91818 -79.0923 1367
bin_344    1.63117 -76.9961 1364
bin_345    64.3667 -58.1968 1187
bin_346    8.40115 -76.9961 1370
bin_347    62.5608 -56.6855 1184
bin_348    11.6882 -72.3224 1295
bin_349    4.91818 -72.3224 1289
bin_350    1.92551 -69.2196 1286
bin_351    8.40115 -70.2261 1292
bin_352    11.6882 -65.5523 1217
bin_353    4.91818 -65.5523 1211
bin_354    1.63117 -63.4561 1208
bin_355    8.40115 -63.4561 1214
bin_356    64.6239 -51.3709 1109
bin_357    11.6882 -58.7824 1139
bin_358    4.91818 -58.7824 1133
bin_359    62.5608 -49.9156 1106
bin_360    1.63117 -56.6861 1130
bin_361    8.40115 -56.6861 1136
bin_362    11.6882 -52.0124 1061
bin_363    4.91818 -52.0124 1055
bin_364    1.63117 -49.9161 1052
bin_365    11.6882 -45.2423 983
bin_366    64.5876 -45.2446 1031
bin_367    62.5608 -43.1455 1028
bin_368    79.0919 11.6881 50
bin_369    72.3219 11.6881 48
bin_370    21.9409 -2.52634 524
bin_371    25.2279 -4.62259 527
bin_372    28.7109 -2.52634 530
bin_373    70.2256 8.40101 47
bin_374    8.40115 -9.29613 590
bin_375    11.6882 -11.3924 593
bin_376    70.3508 5.96754 22
bin_377    70.3403 13.7982 73
bin_378    15.1708 -9.29567 596
bin_379    18.4578 -11.3919 599
bin_380    21.9409 -9.29636 602
bin_381    70.2256 1.63107 21
bin_382    28.7109 -9.29636 608
bin_383    31.9979 -4.62259 533
bin_384    25.2279 -11.3926 605
bin_385    8.40115 -16.0661 668
bin_386    11.6882 -18.1623 671
bin_387    15.1708 -16.0656 674
bin_388    69.3309 -2.52626 566
bin_389    18.4578 -18.1619 677
bin_390    21.9409 -16.0664 680
bin_391    71.2378 -4.25417 569
bin_392    25.2279 -18.1626 683
bin_393    76.9952 15.1707 75
bin_394    35.4805 -22.8359 770
bin_395    31.9979 -24.9326 767
bin_396    28.7109 -22.8363 764
bin_397    25.2279 -24.9326 761
bin_398    69.3309 -9.29628 644
bin_399    21.9409 -22.8363 758
bin_400    18.4578 -24.9319 755
bin_401    71.2731 -11.3333 647
bin_402    15.1708 -22.8356 752
bin_403    11.6882 -24.9324 749
bin_404    8.40115 -22.8361 746
bin_405    4.91818 -18.1623 665
bin_406    4.91818 -11.3924 587
bin_407    1.63117 -9.29613 584
bin_408    1.63117 -16.0661 662
bin_409    69.3309 -16.0661 722
bin_410    45.5382 -24.9323 779
bin_411    38.7676 -24.9321 773
bin_412    71.155 -18.233 725
bin_413    42.2512 -29.606 854
bin_414    38.7676 -31.7021 851
bin_415    35.4805 -29.6059 848
bin_416    31.9979 -31.7026 845
bin_417    28.7109 -29.6063 842
bin_418    25.2279 -31.7026 839
bin_419    69.3309 -22.8362 800
bin_420    1.63117 -22.8361 740
bin_421    4.91818 -24.9324 743
bin_422    1.63117 -36.3761 896
bin_423    69.5007 -25.9551 803
bin_424    8.40115 -36.3761 902
bin_425    21.9409 -29.6063 836
bin_426    18.4578 -31.7019 833
bin_427    15.1708 -29.6057 830
bin_428    11.6882 -31.7024 827
bin_429    8.40115 -29.6061 824
bin_430    69.3309 -29.6062 878
bin_431    4.91818 -31.7024 821
bin_432    72.3215 18.4578 74
bin_433    69.2595 -36.3065 956
bin_434    1.63117 -29.6061 818
bin_435    62.5608 -36.3755 950
bin_436    65.624 11.5289 46
bin_437    63.4551 15.1713 71
bin_438    63.4556 8.40124 45
bin_439    9.29566 8.40101 29
bin_440    16.0657 8.40101 31
bin_441    22.8357 8.40101 33
bin_442    29.6056 8.40101 35
bin_443    56.6856 8.40101 43
bin_444    64.0632 5.5567 20
bin_445    49.9157 8.40101 41
bin_446    43.1457 8.40101 39
bin_447    36.3757 8.40101 37
bin_448    31.7019 4.91812 10
bin_449    58.7819 4.91812 18
bin_450    52.0119 4.91812 16
bin_451    63.4557 1.63107 19
bin_452    45.2419 4.91812 14
bin_453    38.4914 4.87967 12
bin_454    56.6856 1.63107 17
bin_455    49.9157 1.63107 15
bin_456    43.1457 1.63107 13
bin_457    36.3757 1.63107 11
bin_458    35.4805 -2.52588 536
bin_459    64.2097 -4.10654 563
bin_460    42.2512 -2.52603 542
bin_461    62.5608 -2.5255 560
bin_462    55.7912 -2.52603 554
bin_463    49.0212 -2.52603 548
bin_464    59.0782 -4.62221 557
bin_465    52.3082 -4.62221 551
bin_466    45.5382 -4.62221 545
bin_467    38.7676 -4.62213 539
bin_468    35.4805 -9.2959 614
bin_469    64.4678 -10.7211 641
bin_470    42.2512 -9.29605 620
bin_471    62.5608 -9.29552 638
bin_472    55.7912 -9.29605 632
bin_473    49.0212 -9.29605 626
bin_474    59.0782 -11.3923 635
bin_475    52.3082 -11.3923 629
bin_476    45.5382 -11.3923 623
bin_477    38.7676 -11.3922 617
bin_478    62.5608 -16.0655 716
bin_479    31.9979 -11.3926 611
bin_480    64.1568 -18.1835 719
bin_481    35.4805 -16.0658 692
bin_482    55.7912 -16.066 710
bin_483    49.0212 -16.066 704
bin_484    59.0782 -18.1622 713
bin_485    52.3082 -18.1622 707
bin_486    45.5382 -18.1622 701
bin_487    62.5608 -22.8356 794
bin_488    42.2512 -16.066 698
bin_489    38.7676 -18.1621 695
bin_490    55.7912 -22.836 788
bin_491    64.0784 -24.9922 797
bin_492    49.0212 -22.836 782
bin_493    52.3082 -24.9323 785
bin_494    59.0782 -24.9323 791
bin_495    49.0212 -29.606 860
bin_496    52.3082 -31.7023 863
bin_497    55.7912 -29.606 866
bin_498    59.0782 -31.7023 869
bin_499    45.5382 -31.7023 857
bin_500    42.2512 -22.836 776
bin_501    62.5608 -29.6055 872
bin_502    58.7819 11.6881 44
bin_503    52.0119 11.6881 42
bin_504    16.3871 22.2418 83
bin_505    24.9314 18.4578 60
bin_506    18.1614 18.4579 58
bin_507    23.5706 21.2331 85
bin_508    22.8354 35.4805 137
bin_509    20.5742 42.4076 163
bin_510    18.1621 25.2279 84
bin_511    25.035 106.559 440
bin_512    16.0652 15.1707 57
bin_513    11.3915 18.4578 56
bin_514    16.9431 28.688 109
bin_515    11.3921 25.2278 82
bin_516    9.29516 15.1707 55
bin_517    2.52568 8.40101 27
bin_518    18.1621 31.9978 110
bin_519    4.62193 11.6881 28
bin_520    4.62143 18.4578 54
bin_521    11.3921 31.9978 108
bin_522    9.29589 28.7108 107
bin_523    9.29589 21.9407 81
bin_524    2.5259 21.9407 79
bin_525    16.2827 35.4812 135
bin_526    4.62216 25.2278 80
bin_527    2.5259 28.7108 105
bin_528    4.62216 31.9978 106
bin_529    9.29543 35.4805 133
bin_530    2.52545 35.4805 131
bin_531    11.3916 38.7675 134
bin_532    18.1616 38.7676 136
bin_533    4.62166 38.7675 132
bin_534    2.52556 42.2511 157
bin_535    9.29554 42.2511 159
bin_536    16.535 42.2327 161
bin_537    18.1617 52.3083 188
bin_538    -52.3086 45.2418 1018
bin_539    4.62181 45.5381 158
bin_540    11.3918 45.5381 160
bin_541    2.52556 49.0211 183
bin_542    18.1618 45.5381 162
bin_543    -55.7916 43.1456 1021
bin_544    9.29554 49.0211 185
bin_545    4.62181 52.3082 184
bin_546    16.4432 49.0187 187
bin_547    2.52556 55.7912 209
bin_548    4.62181 59.0781 210
bin_549    9.29554 55.7912 211
bin_550    11.3918 52.3082 186
bin_551    2.5251 62.5608 235
bin_552    4.62132 65.8478 236
bin_553    9.29508 62.5608 237
bin_554    11.3918 59.0781 212
bin_555    2.52583 69.3309 261
bin_556    16.332 55.7849 213
bin_557    4.62204 72.6179 262
bin_558    9.29581 69.3309 263
bin_559    11.3913 65.8478 238
bin_560    18.1982 64.9549 240
bin_561    16.0658 69.3309 265
bin_562    18.1617 59.0783 214
bin_563    16.529 62.5488 239
bin_564    16.0658 76.1008 291
bin_565    11.392 79.3879 290
bin_566    11.392 72.6179 264
bin_567    9.29581 76.1008 289
bin_568    2.52533 82.8705 313
bin_569    4.62204 79.3879 288
bin_570    2.52583 76.1008 287
bin_571    -89.6412 29.6058 1573
bin_572    -15.1712 56.6852 1141
bin_573    -18.4582 58.7814 1144
bin_574    -21.9413 56.6859 1147
bin_575    -55.7916 49.9155 1099
bin_576    -49.0216 49.9155 1093
bin_577    -15.1712 63.4552 1219
bin_578    -28.7113 56.6859 1153
bin_579    -25.2283 58.7821 1150
bin_580    -42.2516 49.9155 1087
bin_581    -38.768 52.0116 1084
bin_582    -35.481 49.9155 1081
bin_583    -18.4582 65.5514 1222
bin_584    -21.9413 63.4559 1225
bin_585    -31.9983 52.0122 1078
bin_586    -28.7113 49.9159 1075
bin_587    -25.2283 52.0122 1072
bin_588    24.9321 31.9978 112
bin_589    -21.9413 49.9159 1069
bin_590    -18.4582 52.0115 1066
bin_591    -15.1712 49.9151 1063
bin_592    -18.4582 45.2415 988
bin_593    22.8352 15.1707 59
bin_594    -31.9983 45.2421 1000
bin_595    -38.768 45.2417 1006
bin_596    -42.2516 43.1456 1009
bin_597    -35.481 43.1454 1003
bin_598    24.9316 38.7676 138
bin_599    -28.7113 43.1459 997
bin_600    -21.9413 43.1459 991
bin_601    -45.5386 45.2418 1012
bin_602    -49.0216 43.1456 1015
bin_603    29.6056 42.2511 165
bin_604    31.7018 45.5381 166
bin_605    90.5354 35.4805 361
bin_606    92.6321 31.9978 358
bin_607    112.942 31.9978 484
bin_608    24.9318 45.5381 164
bin_609    106.172 31.9978 446
bin_610    99.4021 31.9978 404
bin_611    110.845 35.4805 487
bin_612    29.6056 49.0211 191
bin_613    31.7018 52.3082 192
bin_614    23.0544 49.0422 189
bin_615    31.7018 59.0781 218
bin_616    104.075 35.4805 449
bin_617    97.3054 35.4805 407
bin_618    29.6056 55.7912 217
bin_619    -59.0786 45.2418 1024
bin_620    24.9318 52.3082 190
bin_621    112.942 38.7675 488
bin_622    106.172 38.7675 450
bin_623    99.4016 38.7675 408
bin_624    92.6316 38.7675 362
bin_625    23.118 55.9261 215
bin_626    90.5355 42.2511 365
bin_627    97.3055 42.2511 411
bin_628    104.076 42.2511 453
bin_629    110.846 42.2511 490
bin_630    24.9318 59.0781 216
bin_631    29.4971 66.529 244
bin_632    92.6318 45.5381 366
bin_633    99.4018 45.5381 412
bin_634    106.172 45.5381 454
bin_635    90.5355 49.0211 369
bin_636    97.3055 49.0211 415
bin_637    104.076 49.0211 457
bin_638    -1.63158 70.2257 1285
bin_639    11.3923 120.007 496
bin_640    9.29604 116.72 495
bin_641    11.3923 113.237 470
bin_642    4.62223 120.007 492
bin_643    2.52602 116.72 491
bin_644    9.29604 109.95 469
bin_645    4.62223 113.237 466
bin_646    2.52602 109.95 465
bin_647    -1.63158 110.846 1897
bin_648    4.62158 106.467 428
bin_649    11.3916 106.467 432
bin_650    2.52533 103.18 427
bin_651    4.62204 99.6977 386
bin_652    16.2951 109.985 473
bin_653    9.29531 103.18 431
bin_654    16.7426 102.888 435
bin_655    -1.63158 97.3057 1657
bin_656    2.52583 96.4107 385
bin_657    11.392 99.6977 390
bin_658    -11.6886 99.4019 1672
bin_659    -15.1712 97.3052 1681
bin_660    4.62204 92.9277 340
bin_661    9.29581 96.4107 389
bin_662    18.162 99.6978 394
bin_663    -18.4582 92.6314 1546
bin_664    -21.9413 90.5359 1555
bin_665    16.9363 96.0658 393
bin_666    -25.2283 85.8622 1462
bin_667    -28.7113 83.7659 1465
bin_668    -15.1712 90.5352 1543
bin_669    -8.40156 90.5356 1531
bin_670    11.392 92.9277 344
bin_671    -1.63158 90.5356 1519
bin_672    2.52583 89.6406 339
bin_673    -31.9983 58.7821 1156
bin_674    4.62158 86.1575 314
bin_675    17.3685 89.771 347
bin_676    9.29581 89.6406 343
bin_677    -18.4582 85.8614 1456
bin_678    -21.9413 83.7659 1459
bin_679    -25.2283 79.0922 1384
bin_680    -28.7113 76.9959 1387
bin_681    11.3916 86.1575 316
bin_682    -31.9983 72.3221 1312
bin_683    -15.1712 76.9952 1375
bin_684    -18.4582 72.3214 1300
bin_685    -21.9413 70.2259 1303
bin_686    16.7278 82.8771 317
bin_687    9.29531 82.8705 315
bin_688    -25.2283 65.5521 1228
bin_689    -28.7113 63.4559 1231
bin_690    -15.1712 70.2252 1297
bin_691    -59.0786 52.0118 1102
bin_692    -52.3086 52.0118 1096
bin_693    -45.5386 52.0118 1090
bin_694    16.066 116.72 499
bin_695    18.1623 120.007 500
bin_696    18.1623 113.237 474
bin_697    22.8361 116.72 503
bin_698    24.9323 113.237 478
bin_699    -31.9983 99.4021 1708
bin_700    -38.768 92.6317 1582
bin_701    -42.2516 90.5356 1591
bin_702    -49.0216 83.7655 1483
bin_703    -42.2516 83.7655 1477
bin_704    -38.768 85.8616 1474
bin_705    22.9997 109.952 477
bin_706    -35.481 90.5354 1579
bin_707    18.1615 106.467 436
bin_708    -31.9983 92.6321 1570
bin_709    -28.7113 97.3059 1705
bin_710    -25.2283 99.4021 1696
bin_711    -28.7113 104.076 1831
bin_712    23.0581 103.231 439
bin_713    -35.481 97.3054 1717
bin_714    -38.768 99.4017 1720
bin_715    -35.481 104.075 1843
bin_716    -31.9983 79.0922 1390
bin_717    -35.481 76.9954 1393
bin_718    -38.768 72.3217 1318
bin_719    -45.5386 72.3218 1324
bin_720    -52.3086 72.3218 1330
bin_721    -59.0786 72.3218 1336
bin_722    -42.2516 70.2256 1321
bin_723    22.9752 96.5911 397
bin_724    -1.63158 76.9957 1363
bin_725    24.9321 99.6977 398
bin_726    -45.5386 79.0918 1402
bin_727    -52.3086 79.0918 1408
bin_728    24.932 92.9278 352
bin_729    18.162 92.9278 348
bin_730    -59.0786 79.0918 1414
bin_731    -49.0216 76.9955 1405
bin_732    -55.7916 76.9955 1411
bin_733    22.8837 89.6174 351
bin_734    -31.9983 85.8622 1468
bin_735    -25.2283 92.6321 1558
bin_736    -21.9413 97.3059 1693
bin_737    -18.4582 99.4015 1684
bin_738    24.9316 86.1575 320
bin_739    18.1615 86.1575 318
bin_740    -15.1712 104.075 1807
bin_741    -11.6886 106.172 1798
bin_742    24.9321 79.3879 294
bin_743    76.9956 55.7912 231
bin_744    22.9864 82.73 319
bin_745    72.3218 59.0781 230
bin_746    36.375 62.5608 245
bin_747    22.9934 62.719 241
bin_748    24.9313 65.8478 242
bin_749    18.162 79.3879 292
bin_750    24.9321 72.6179 268
bin_751    22.8358 69.3309 267
bin_752    18.1421 73.1056 266
bin_753    29.6061 109.95 481
bin_754    22.4807 75.4561 293
bin_755    29.4056 69.2884 269
bin_756    38.5036 65.8049 246
bin_757    36.3758 69.3309 271
bin_758    45.2413 65.8478 248
bin_759    52.0113 65.8478 250
bin_760    58.7814 65.8478 252
bin_761    31.7015 106.467 444
bin_762    65.5513 65.8478 254
bin_763    72.3213 65.8478 256
bin_764    79.0913 65.8478 258
bin_765    85.8613 65.8478 260
bin_766    92.6313 65.8478 378
bin_767    99.4013 65.8478 424
bin_768    97.3058 69.3309 426
bin_769    90.5358 69.3309 381
bin_770    29.6053 103.18 443
bin_771    83.7658 69.3309 285
bin_772    43.1458 69.3309 273
bin_773    31.702 99.6977 402
bin_774    49.9158 69.3309 275
bin_775    56.6858 69.3309 277
bin_776    63.4558 69.3309 279
bin_777    70.2258 69.3309 281
bin_778    109.95 -36.3765 1964
bin_779    85.862 72.6179 286
bin_780    79.092 72.6179 284
bin_781    29.6058 96.4107 401
bin_782    72.322 72.6179 282
bin_783    31.702 92.9277 356
bin_784    65.5521 72.6179 280
bin_785    58.782 72.6179 278
bin_786    52.012 72.6179 276
bin_787    45.242 72.6179 274
bin_788    85.862 79.3879 312
bin_789    83.7653 82.8705 337
bin_790    79.092 79.3879 310
bin_791    29.6058 89.6406 355
bin_792    72.322 79.3879 308
bin_793    65.5521 79.3879 306
bin_794    63.4558 76.1008 305
bin_795    45.242 79.3879 300
bin_796    49.9158 76.1008 301
bin_797    52.012 79.3879 302
bin_798    31.7015 86.1577 322
bin_799    56.6858 76.1008 303
bin_800    58.782 79.3879 304
bin_801    43.1458 76.1008 299
bin_802    29.6052 82.8706 321
bin_803    70.2258 76.1008 307
bin_804    76.9958 76.1008 309
bin_805    83.7658 76.1008 311
bin_806    90.5358 76.1008 384
bin_807    92.632 72.6179 382
bin_808    76.9958 69.3309 283
bin_809    31.702 79.388 296
bin_810    85.8618 52.3082 208
bin_811    31.6488 72.8214 270
bin_812    29.6058 76.1008 295
bin_813    38.4723 113.237 486
bin_814    84.2529 15.7094 77
bin_815    89.6407 -36.3762 1586
bin_816    31.7023 113.237 482
bin_817    36.376 109.951 485
bin_818    65.8479 -38.4718 953
bin_819    38.472 72.6179 272
bin_820    43.146 109.95 489
bin_821    58.7816 106.467 460
bin_822    52.0116 106.467 456
bin_823    38.4715 106.467 448
bin_824    45.2416 106.467 452
bin_825    63.4553 103.18 463
bin_826    56.6853 103.18 459
bin_827    49.9153 103.18 455
bin_828    36.3753 103.18 447
bin_829    43.1452 103.18 451
bin_830    65.5521 99.6977 422
bin_831    58.782 99.6977 418
bin_832    52.012 99.6977 414
bin_833    45.242 99.6977 410
bin_834    70.2258 96.4107 425
bin_835    38.472 99.6978 406
bin_836    63.4558 96.4107 421
bin_837    56.6858 96.4107 417
bin_838    49.9158 96.4107 413
bin_839    36.3757 96.4108 405
bin_840    43.1458 96.4107 409
bin_841    72.322 92.9277 380
bin_842    65.5521 92.9277 376
bin_843    58.782 92.9277 372
bin_844    52.012 92.9277 368
bin_845    45.242 92.9277 364
bin_846    38.472 92.9278 360
bin_847    43.1458 89.6406 363
bin_848    49.9158 89.6406 367
bin_849    36.3758 89.6406 359
bin_850    56.6858 89.6406 371
bin_851    63.4558 89.6406 375
bin_852    70.2258 89.6406 379
bin_853    76.9958 89.6406 383
bin_854    45.2416 86.1575 326
bin_855    52.0116 86.1575 328
bin_856    38.4715 86.1577 324
bin_857    58.7816 86.1575 330
bin_858    65.5516 86.1575 332
bin_859    72.3215 86.1575 334
bin_860    36.3753 82.8705 323
bin_861    43.1453 82.8705 325
bin_862    76.9953 82.8705 335
bin_863    79.0915 86.1575 336
bin_864    85.8616 86.1575 338
bin_865    49.9153 82.8705 327
bin_866    56.6853 82.8705 329
bin_867    63.4553 82.8705 331
bin_868    70.2253 82.8705 333
bin_869    38.472 79.388 298
bin_870    36.3758 76.1008 297
bin_871    29.6059 21.941 87
bin_872    36.3752 15.1707 63
bin_873    76.9959 21.9407 101
bin_874    70.2259 21.9407 99
bin_875    31.7021 25.2278 88
bin_876    24.9321 25.2278 86
bin_877    112.942 25.2278 480
bin_878    106.172 25.2278 442
bin_879    85.8621 25.2278 104
bin_880    79.0921 25.2278 102
bin_881    36.3759 28.7108 115
bin_882    29.6059 28.7109 113
bin_883    83.7659 28.7108 129
bin_884    76.9959 28.7108 127
bin_885    70.2259 28.7108 125
bin_886    83.7654 35.4805 155
bin_887    31.7021 31.9978 114
bin_888    38.4721 31.9978 116
bin_889    85.8621 31.9978 130
bin_890    65.5521 31.9978 124
bin_891    72.3221 31.9978 126
bin_892    79.0921 31.9978 128
bin_893    29.6054 35.4806 139
bin_894    36.3754 35.4805 141
bin_895    76.9954 35.4805 153
bin_896    85.8616 38.7675 156
bin_897    79.0916 38.7675 154
bin_898    31.7017 38.7675 140
bin_899    70.2254 35.4805 151
bin_900    72.3217 38.7675 152
bin_901    38.4716 38.7675 142
bin_902    83.7656 42.2511 181
bin_903    76.9956 42.2511 179
bin_904    36.3755 42.2511 167
bin_905    79.0918 45.5381 180
bin_906    85.8618 45.5381 182
bin_907    83.7656 49.0211 207
bin_908    76.9956 49.0211 205
bin_909    38.4718 45.5381 168
bin_910    79.0918 52.3082 206
bin_911    92.6318 52.3082 370
bin_912    99.4018 52.3082 416
bin_913    36.3755 49.0211 193
bin_914    38.4718 52.3082 194
bin_915    45.2418 59.0781 222
bin_916    52.0118 59.0781 224
bin_917    106.172 52.3082 458
bin_918    104.076 55.7912 461
bin_919    97.3055 55.7912 419
bin_920    90.5355 55.7912 373
bin_921    83.7656 55.7912 233
bin_922    36.3755 55.7912 219
bin_923    38.4718 59.0781 220
bin_924    70.2251 62.5608 255
bin_925    63.4551 62.5608 253
bin_926    56.6851 62.5608 251
bin_927    49.9151 62.5608 249
bin_928    43.1451 62.5608 247
bin_929    79.0918 59.0781 232
bin_930    76.9951 62.5608 257
bin_931    85.8618 59.0781 234
bin_932    83.7651 62.5608 259
bin_933    92.6318 59.0781 374
bin_934    90.5351 62.5608 377
bin_935    99.4018 59.0781 420
bin_936    97.3051 62.5608 423
bin_937    106.172 59.0781 462
bin_938    104.075 62.5608 464
bin_939    31.7014 18.4578 62
bin_940    29.6052 15.1707 61
bin_941    2.52568 1.63107 1
bin_942    99.4021 25.2278 400
bin_943    92.6321 25.2278 354
bin_944    36.3759 21.9407 89
bin_945    104.076 28.7108 445
bin_946    110.846 28.7108 483
bin_947    38.4714 18.4578 64
bin_948    72.3221 25.2278 100
bin_949    97.3059 28.7108 403
bin_950    90.5359 28.7108 357
bin_951    43.1459 21.9407 91
bin_952    38.4721 25.2278 90
bin_953    43.1459 28.7108 117
bin_954    49.9159 28.7108 119
bin_955    63.4559 28.7108 123
bin_956    65.5521 25.2278 98
bin_957    58.7822 25.2278 96
bin_958    52.0121 25.2278 94
bin_959    45.2422 25.2278 92
bin_960    63.4559 21.9407 97
bin_961    56.6859 21.9407 95
bin_962    49.9159 21.9407 93
bin_963    65.5514 18.4578 72
bin_964    58.7814 18.4578 70
bin_965    52.0114 18.4578 68
bin_966    45.2414 18.4578 66
bin_967    43.1455 35.4805 143
bin_968    45.2754 38.7295 144
bin_969    65.5517 38.7675 150
bin_970    58.7817 38.7675 148
bin_971    52.0116 38.7675 146
bin_972    63.4556 42.2511 175
bin_973    56.6856 42.2511 173
bin_974    49.9155 42.2511 171
bin_975    70.2256 42.2511 177
bin_976    43.1456 42.2511 169
bin_977    72.3218 45.5381 178
bin_978    65.5518 45.5381 176
bin_979    58.7818 45.5381 174
bin_980    52.0118 45.5381 172
bin_981    45.2418 45.5381 170
bin_982    70.2256 49.0211 203
bin_983    63.4556 49.0211 201
bin_984    56.6856 49.0211 199
bin_985    49.9155 49.0211 197
bin_986    43.1456 49.0211 195
bin_987    72.3218 52.3082 204
bin_988    65.5518 52.3082 202
bin_989    58.7818 52.3082 200
bin_990    45.2418 52.3082 196
bin_991    70.2256 55.7912 229
bin_992    52.0118 52.3082 198
bin_993    63.4556 55.7912 227
bin_994    56.6856 55.7912 225
bin_995    43.1456 55.7912 221
bin_996    49.9155 55.7912 223
bin_997    65.5518 59.0781 228
bin_998    58.7818 59.0781 226
bin_999    49.9154 35.4805 145
bin_1000    56.6855 35.4805 147
bin_1001    63.4554 35.4805 149
bin_1002    45.2422 31.9978 118
bin_1003    52.0121 31.9978 120
bin_1004    56.6858 28.7109 121
bin_1005    58.7822 31.9978 122
bin_1006    29.6051 62.5608 243
bin_1007    -29.6064 -21.9411 765
bin_1008    -36.4392 -21.9599 771
bin_1009    -65.5521 -38.7679 954
bin_1010    -63.4558 -35.4809 951
bin_1011    -58.7821 -38.7679 948
bin_1012    -56.6858 -35.4809 945
bin_1013    -31.7026 -25.2281 768
bin_1014    -52.0122 -45.5386 1020
bin_1015    -52.0121 -38.7679 942
bin_1016    -49.916 -42.2516 1017
bin_1017    -49.9158 -35.4809 939
bin_1018    -29.6064 -28.7111 843
bin_1019    -31.7026 -31.9982 846
bin_1020    -45.2426 -31.9982 858
bin_1021    -36.3756 -15.1711 693
bin_1022    -76.9963 -21.9412 807
bin_1023    -43.1459 -35.4809 933
bin_1024    -43.1459 -42.2516 1011
bin_1025    -43.1459 -49.0216 1089
bin_1026    -45.2421 -38.7679 936
bin_1027    -45.2422 -45.5386 1014
bin_1028    -56.686 -42.2516 1023
bin_1029    -29.6059 -35.4808 921
bin_1030    -58.7822 -45.5386 1026
bin_1031    -63.456 -42.2516 1029
bin_1032    -65.5523 -45.5386 1032
bin_1033    -70.226 -42.2516 1035
bin_1034    -31.7021 -38.7678 924
bin_1035    -72.3222 -45.5386 1038
bin_1036    -49.916 -49.0216 1095
bin_1037    -56.686 -49.0216 1101
bin_1038    -63.456 -49.0216 1107
bin_1039    -29.6061 -42.2514 999
bin_1040    -90.5359 -35.4809 1587
bin_1041    -92.6326 -31.9982 1578
bin_1042    -112.943 -31.9982 1956
bin_1043    -31.7023 -45.5385 1002
bin_1044    -106.173 -31.9982 1842
bin_1045    -99.4025 -31.9982 1716
bin_1046    -110.846 -35.4809 1965
bin_1047    -104.076 -35.4809 1851
bin_1048    -97.3058 -35.4809 1725
bin_1049    -112.942 -38.7679 1968
bin_1050    -29.6061 -49.0214 1077
bin_1051    -106.172 -38.7679 1854
bin_1052    -99.4021 -38.7679 1728
bin_1053    -92.6321 -38.7679 1590
bin_1054    -70.226 -49.0216 1113
bin_1055    -43.1459 -55.7916 1167
bin_1056    -31.7023 -52.3084 1080
bin_1057    -45.2422 -59.0786 1170
bin_1058    -45.2422 -52.3086 1092
bin_1059    -49.916 -55.7916 1173
bin_1060    -52.0122 -59.0786 1176
bin_1061    -29.6061 -55.7914 1155
bin_1062    -52.0122 -52.3086 1098
bin_1063    -56.686 -55.7916 1179
bin_1064    -58.7822 -59.0786 1182
bin_1065    -58.7822 -52.3086 1104
bin_1066    -63.456 -55.7916 1185
bin_1067    -65.5523 -59.0786 1188
bin_1068    -65.5523 -52.3086 1110
bin_1069    -70.226 -55.7916 1191
bin_1070    -72.3222 -52.3086 1116
bin_1071    -72.3222 -59.0786 1194
bin_1072    -104.076 -42.2516 1863
bin_1073    -110.846 -42.2516 1974
bin_1074    -29.3931 -69.2948 1311
bin_1075    -92.6326 -25.2283 1566
bin_1076    -99.4025 -25.2283 1704
bin_1077    -85.8625 -25.2283 816
bin_1078    -79.0926 -25.2283 810
bin_1079    -72.3226 -25.2283 804
bin_1080    -110.846 -28.7113 1953
bin_1081    -104.076 -28.7113 1839
bin_1082    -97.3063 -28.7113 1713
bin_1083    -90.5363 -28.7113 1575
bin_1084    -83.7663 -28.7113 891
bin_1085    -76.9963 -28.7113 885
bin_1086    -36.3763 -28.7113 849
bin_1087    -70.2263 -28.7113 879
bin_1088    -106.173 -25.2283 1830
bin_1089    -112.943 -25.2283 1944
bin_1090    -70.2263 -21.9412 801
bin_1091    -38.4726 -31.9982 852
bin_1092    -85.8625 -31.9982 894
bin_1093    -65.5525 -31.9982 876
bin_1094    -72.3226 -31.9982 882
bin_1095    -79.0926 -31.9982 888
bin_1096    -70.2258 -35.4809 957
bin_1097    -72.3221 -38.7679 960
bin_1098    -83.7658 -35.4809 969
bin_1099    -76.9958 -35.4809 963
bin_1100    -85.862 -38.7679 972
bin_1101    -79.0921 -38.7679 966
bin_1102    -83.7659 -42.2516 1047
bin_1103    -76.996 -42.2516 1041
bin_1104    -79.0922 -45.5386 1044
bin_1105    -85.8622 -45.5386 1050
bin_1106    -83.7659 -49.0216 1125
bin_1107    -36.5372 -42.3904 1005
bin_1108    -76.996 -49.0216 1119
bin_1109    -79.0922 -52.3086 1122
bin_1110    -92.6322 -52.3086 1614
bin_1111    -99.4022 -52.3086 1752
bin_1112    -106.172 -52.3086 1878
bin_1113    -104.076 -55.7916 1887
bin_1114    -97.306 -55.7916 1761
bin_1115    -90.536 -55.7916 1623
bin_1116    -83.7659 -55.7916 1203
bin_1117    -36.376 -49.0214 1083
bin_1118    -76.996 -55.7916 1197
bin_1119    -70.2255 -62.5612 1269
bin_1120    -63.4555 -62.5612 1263
bin_1121    -56.6855 -62.5612 1257
bin_1122    -38.4719 -18.458 696
bin_1123    -49.9155 -62.5612 1251
bin_1124    -43.1455 -62.5612 1245
bin_1125    -79.0922 -59.0786 1200
bin_1126    -76.9955 -62.5612 1275
bin_1127    -85.8622 -59.0786 1206
bin_1128    -83.7655 -62.5612 1281
bin_1129    -36.376 -55.7914 1161
bin_1130    -92.6322 -59.0786 1626
bin_1131    -90.5355 -62.5612 1635
bin_1132    -36.3759 -35.4808 927
bin_1133    -38.4722 -38.7678 930
bin_1134    -38.4723 -45.5385 1008
bin_1135    -38.4723 -52.3084 1086
bin_1136    -31.7023 -59.0784 1158
bin_1137    -38.4723 -59.0784 1164
bin_1138    -36.3755 -62.5611 1239
bin_1139    -104.076 -62.5612 1896
bin_1140    -106.172 -59.0786 1890
bin_1141    -97.3055 -62.5612 1773
bin_1142    -99.4022 -59.0786 1764
bin_1143    18.4578 -58.7819 1145
bin_1144    59.0782 -45.2422 1025
bin_1145    15.1708 -63.4556 1220
bin_1146    21.9409 -56.6863 1148
bin_1147    -17.2415 -109.726 1923
bin_1148    25.2279 -52.0126 1073
bin_1149    18.4578 -65.5518 1223
bin_1150    15.1708 -70.2256 1298
bin_1151    -24.941 -86.1657 1464
bin_1152    -18.1627 -120.008 2004
bin_1153    -18.1627 -113.238 1926
bin_1154    -16.0665 -116.721 2001
bin_1155    -11.3927 -120.008 1992
bin_1156    -11.3927 -113.238 1914
bin_1157    -9.29649 -116.721 1989
bin_1158    -16.4408 -103.143 1809
bin_1159    -18.162 -106.468 1812
bin_1160    -22.8365 -116.721 2013
bin_1161    -24.9327 -113.238 1938
bin_1162    -9.29649 -109.951 1911
bin_1163    -11.392 -106.468 1800
bin_1164    -4.62269 -120.008 1980
bin_1165    -2.52643 -116.721 1977
bin_1166    -4.62269 -113.238 1902
bin_1167    -2.52643 -109.951 1899
bin_1168    -4.62196 -106.468 1788
bin_1169    -16.3347 -96.3673 1683
bin_1170    -18.1625 -99.698 1686
bin_1171    -9.29577 -103.181 1797
bin_1172    -11.3925 -99.6981 1674
bin_1173    -9.29622 -96.4111 1671
bin_1174    -18.1625 -92.9279 1548
bin_1175    -11.3925 -92.9281 1536
bin_1176    -9.29622 -89.6411 1533
bin_1177    28.7109 -104.076 1832
bin_1178    21.9409 -104.076 1820
bin_1179    21.9409 -97.3063 1694
bin_1180    -13.964 -89.1647 1545
bin_1181    15.1708 -104.076 1808
bin_1182    15.1708 -76.9956 1376
bin_1183    18.4578 -72.3219 1301
bin_1184    21.9409 -70.2263 1304
bin_1185    -18.162 -86.1578 1458
bin_1186    25.2279 -65.5526 1229
bin_1187    28.7109 -63.4564 1232
bin_1188    59.0782 -52.0122 1103
bin_1189    55.7912 -49.916 1100
bin_1190    -18.0313 -82.2778 1455
bin_1191    52.3082 -52.0122 1097
bin_1192    49.0212 -49.916 1094
bin_1193    45.5382 -52.0122 1091
bin_1194    42.2512 -49.916 1088
bin_1195    38.7676 -52.0121 1085
bin_1196    31.9979 -52.0126 1079
bin_1197    28.7109 -56.6863 1154
bin_1198    25.2279 -58.7826 1151
bin_1199    21.9409 -63.4564 1226
bin_1200    -18.3218 -72.7677 1302
bin_1201    49.0212 -83.766 1484
bin_1202    42.2512 -83.766 1478
bin_1203    45.5382 -79.0923 1403
bin_1204    49.0212 -76.996 1406
bin_1205    -23.0413 -109.97 1935
bin_1206    55.7912 -76.996 1412
bin_1207    38.7676 -72.3221 1319
bin_1208    35.4805 -76.9959 1394
bin_1209    31.9979 -79.0926 1391
bin_1210    -24.9321 -106.468 1824
bin_1211    25.2279 -85.8626 1463
bin_1212    28.7109 -83.7663 1466
bin_1213    38.7676 -85.8621 1475
bin_1214    35.4805 -90.5359 1580
bin_1215    21.9409 -90.5363 1556
bin_1216    -23.0951 -103.212 1821
bin_1217    31.9979 -92.6326 1571
bin_1218    1.63109 -116.888 1976
bin_1219    8.40115 -110.846 1910
bin_1220    4.91818 -112.942 1901
bin_1221    1.63117 -110.846 1898
bin_1222    -24.9326 -99.698 1698
bin_1223    18.4578 -92.6319 1547
bin_1224    15.1708 -97.3056 1682
bin_1225    45.5382 -72.3223 1325
bin_1226    52.3082 -72.3223 1331
bin_1227    -23.0495 -96.25 1695
bin_1228    59.0782 -72.3223 1337
bin_1229    55.7912 -70.226 1334
bin_1230    49.0212 -70.226 1328
bin_1231    42.2512 -70.226 1322
bin_1232    -24.9326 -92.9279 1560
bin_1233    59.0782 -65.5522 1259
bin_1234    35.4805 -70.2259 1316
bin_1235    28.7109 -76.9964 1388
bin_1236    25.2279 -79.0926 1385
bin_1237    -23.0479 -89.6262 1557
bin_1238    21.9409 -83.7663 1460
bin_1239    15.1708 -90.5356 1544
bin_1240    18.4578 -85.8619 1457
bin_1241    -2.52571 -103.181 1785
bin_1242    -4.62242 -99.6981 1662
bin_1243    -2.5262 -96.4111 1659
bin_1244    -4.62242 -92.9281 1524
bin_1245    -2.5262 -89.6411 1521
bin_1246    -4.62196 -86.158 1446
bin_1247    -9.29577 -82.871 1449
bin_1248    -23.0722 -82.858 1461
bin_1249    -11.392 -86.158 1452
bin_1250    -18.1625 -79.3882 1380
bin_1251    -24.9326 -79.3882 1386
bin_1252    -22.9736 -63.8802 1227
bin_1253    -24.9318 -65.8482 1230
bin_1254    -24.9326 -72.6182 1308
bin_1255    -22.8367 -69.3426 1305
bin_1256    55.7912 -43.146 1022
bin_1257    52.3082 -45.2422 1019
bin_1258    -23.0418 -75.9603 1383
bin_1259    -2.52563 -15.1711 663
bin_1260    -11.3918 -18.4582 672
bin_1261    -4.62185 -18.4582 666
bin_1262    -16.539 -21.9191 753
bin_1263    -9.29626 -21.9412 747
bin_1264    -2.52628 -21.9412 741
bin_1265    -30.1836 -19.7711 690
bin_1266    -11.3926 -25.2283 750
bin_1267    -4.62253 -25.2283 744
bin_1268    -2.52628 -28.7113 819
bin_1269    -9.29626 -28.7113 825
bin_1270    -16.4973 -28.6996 831
bin_1271    -4.62253 -31.9982 822
bin_1272    -11.3926 -31.9982 828
bin_1273    -2.52582 -35.4809 897
bin_1274    -18.1626 -25.2281 756
bin_1275    -18.1625 -31.9982 834
bin_1276    -9.29584 -35.4809 903
bin_1277    -4.62204 -38.7679 900
bin_1278    -2.52601 -42.2516 975
bin_1279    -16.5057 -35.4998 909
bin_1280    -4.62223 -45.5386 978
bin_1281    -2.52601 -49.0216 1053
bin_1282    28.7109 -49.9163 1076
bin_1283    -4.62223 -52.3086 1056
bin_1284    -2.52601 -55.7916 1131
bin_1285    -4.62223 -59.0786 1134
bin_1286    -16.4561 -42.1033 987
bin_1287    -18.1621 -38.7678 912
bin_1288    -11.3921 -38.7679 906
bin_1289    -9.29599 -42.2516 981
bin_1290    -2.52552 -62.5612 1209
bin_1291    -4.62177 -65.8482 1212
bin_1292    -9.29561 -15.1711 669
bin_1293    -2.5262 -69.3313 1287
bin_1294    -4.62288 -72.6177 1290
bin_1295    31.9979 -72.3226 1313
bin_1296    -11.3922 -45.5386 984
bin_1297    -18.1623 -45.5385 990
bin_1298    -2.5262 -76.1012 1365
bin_1299    -4.62242 -79.3883 1368
bin_1300    -9.29599 -49.0216 1059
bin_1301    -16.3719 -48.9913 1065
bin_1302    -2.52571 -82.871 1443
bin_1303    -9.29622 -76.1012 1371
bin_1304    -9.29599 -55.7916 1137
bin_1305    -9.2955 -62.5612 1215
bin_1306    -9.29622 -69.3313 1293
bin_1307    -11.3922 -52.3086 1062
bin_1308    -18.1623 -52.3084 1068
bin_1309    -11.3925 -72.6182 1296
bin_1310    -11.3925 -79.3883 1374
bin_1311    -16.4812 -76.0684 1377
bin_1312    -11.3922 -59.0786 1140
bin_1313    -16.3038 -55.789 1143
bin_1314    -11.3918 -65.8482 1218
bin_1315    -16.0662 -69.3313 1299
bin_1316    -4.62234 -11.6886 588
bin_1317    -2.52609 -8.40151 585
bin_1318    -18.1623 -59.0784 1146
bin_1319    -16.7759 -18.5576 678
bin_1320    -16.0656 -15.1711 675
bin_1321    4.91818 -45.2423 977
bin_1322    15.1708 -49.9156 1064
bin_1323    18.4578 -45.2419 989
bin_1324    21.9409 -43.1463 992
bin_1325    -16.5304 -62.4708 1221
bin_1326    -17.0839 -65.8845 1224
bin_1327    -22.963 -21.7192 759
bin_1328    -24.9319 -18.458 684
bin_1329    -22.8361 -8.40151 603
bin_1330    -22.8356 -15.1711 681
bin_1331    -4.91859 4.62195 508
bin_1332    2.52518 15.1707 53
bin_1333    -24.9326 -25.2281 762
bin_1334    1.63117 -2.52611 506
bin_1335    4.91818 -4.62236 509
bin_1336    28.7109 -16.0664 686
bin_1337    31.9979 -18.1626 689
bin_1338    -23.045 -28.6996 837
bin_1339    8.40115 -43.1461 980
bin_1340    8.40115 -49.9161 1058
bin_1341    -31.7023 -11.6886 612
bin_1342    -110.846 -8.40151 1917
bin_1343    -29.6056 -15.1711 687
bin_1344    -24.9326 -31.9982 840
bin_1345    -45.2418 -18.4582 702
bin_1346    -52.0118 -18.4582 708
bin_1347    -58.7819 -18.4582 714
bin_1348    -65.5519 -18.4582 720
bin_1349    -22.8359 -35.4808 915
bin_1350    -43.1464 -21.9412 777
bin_1351    -49.9163 -21.9412 783
bin_1352    -56.6863 -21.9412 789
bin_1353    -63.4563 -21.9412 795
bin_1354    -24.9321 -38.7678 918
bin_1355    -45.2426 -25.2283 780
bin_1356    -52.0126 -25.2283 786
bin_1357    -58.7825 -25.2283 792
bin_1358    -65.5525 -25.2283 798
bin_1359    -23.0455 -42.2709 993
bin_1360    -63.4563 -28.7113 873
bin_1361    -56.6863 -28.7113 867
bin_1362    -58.7825 -31.9982 870
bin_1363    -52.0126 -31.9982 864
bin_1364    -49.9163 -28.7113 861
bin_1365    -24.9323 -45.5385 996
bin_1366    -43.1464 -28.7113 855
bin_1367    -38.4726 -25.2281 774
bin_1368    -90.536 -42.2516 1599
bin_1369    -97.306 -42.2516 1737
bin_1370    -23.087 -49.0177 1071
bin_1371    -29.6055 -62.5612 1233
bin_1372    -85.8624 -72.6183 1362
bin_1373    -29.9558 -65.6309 1236
bin_1374    -92.6322 -45.5386 1602
bin_1375    -24.9323 -52.3084 1074
bin_1376    -99.4022 -45.5386 1740
bin_1377    -106.172 -45.5386 1866
bin_1378    -90.536 -49.0216 1611
bin_1379    -97.306 -49.0216 1749
bin_1380    -104.076 -49.0216 1875
bin_1381    -23.0365 -55.8095 1149
bin_1382    -85.8622 -52.3086 1128
bin_1383    49.0212 -43.146 1016
bin_1384    45.5382 -45.2422 1013
bin_1385    42.2512 -43.146 1010
bin_1386    -24.9323 -59.0784 1152
bin_1387    38.7676 -45.2421 1007
bin_1388    35.4805 -43.1458 1004
bin_1389    31.9979 -45.2426 1001
bin_1390    21.9409 -49.9163 1070
bin_1391    25.2279 -45.2426 995
bin_1392    28.7109 -43.1463 998
bin_1393    18.4578 -52.0119 1067
bin_1394    15.1708 -56.6856 1142
bin_1395    -8.40156 9.29564 589
bin_1396    -11.6886 11.3919 592
bin_1397    -70.2261 -8.40151 645
bin_1398    -15.1712 9.29518 595
bin_1399    -18.4582 11.3914 598
bin_1400    -21.9413 9.29587 601
bin_1401    -28.7113 9.29587 607
bin_1402    -31.9983 4.62218 532
bin_1403    -70.8624 -5.5726 570
bin_1404    -25.2283 11.3921 604
bin_1405    -8.40156 16.0657 667
bin_1406    -11.6886 18.1619 670
bin_1407    -15.1712 16.0652 673
bin_1408    -70.2261 -1.63149 567
bin_1409    -18.4582 18.1615 676
bin_1410    -21.9413 16.0659 679
bin_1411    -25.2283 18.1621 682
bin_1412    -28.7113 16.0659 685
bin_1413    -35.481 22.8354 769
bin_1414    -31.9983 24.9322 766
bin_1415    -69.3314 2.52577 565
bin_1416    -28.7113 22.8359 763
bin_1417    -25.2283 24.9322 760
bin_1418    -70.9382 5.25892 568
bin_1419    -21.9413 22.8359 757
bin_1420    -18.4582 24.9314 754
bin_1421    -15.1712 22.8352 751
bin_1422    -11.6886 24.9319 748
bin_1423    -8.40156 22.8357 745
bin_1424    -4.91859 18.1619 664
bin_1425    -69.3519 9.31753 643
bin_1426    -4.91859 11.3919 586
bin_1427    -1.63158 2.52569 505
bin_1428    -70.7649 11.7238 646
bin_1429    -1.63158 9.29564 583
bin_1430    -1.63158 16.0657 661
bin_1431    -1.63158 22.8357 739
bin_1432    -4.91859 24.9319 742
bin_1433    -1.63158 36.3756 895
bin_1434    -8.40156 36.3756 901
bin_1435    -45.5386 24.9319 778
bin_1436    -69.3314 16.0658 721
bin_1437    -38.768 24.9317 772
bin_1438    -42.2516 29.6055 853
bin_1439    -73.0744 19.0176 724
bin_1440    -38.768 31.7016 850
bin_1441    -35.481 29.6054 847
bin_1442    -31.9983 31.7022 844
bin_1443    -28.7113 29.6059 841
bin_1444    -25.2283 31.7022 838
bin_1445    -21.9413 29.6059 835
bin_1446    -69.3314 22.8358 799
bin_1447    -18.4582 31.7014 832
bin_1448    -15.1712 29.6052 829
bin_1449    -11.6886 31.7019 826
bin_1450    -73.0687 25.4086 802
bin_1451    -8.40156 29.6057 823
bin_1452    -4.91859 31.7019 820
bin_1453    -1.63158 29.6057 817
bin_1454    -62.5613 36.3751 949
bin_1455    -69.3314 36.3759 955
bin_1456    -69.3314 29.6058 877
bin_1457    -72.7118 -14.0863 723
bin_1458    -72.3223 -11.6886 648
bin_1459    -72.3219 -18.4582 726
bin_1460    -21.9413 2.52592 523
bin_1461    -25.2283 4.62218 526
bin_1462    -28.7113 2.52592 529
bin_1463    -16.0661 -8.40151 597
bin_1464    -29.6061 -8.40151 609
bin_1465    -63.4561 -8.40151 639
bin_1466    -56.6861 -8.40151 633
bin_1467    -49.9161 -8.40151 627
bin_1468    -43.1461 -8.40151 621
bin_1469    -36.3761 -8.40151 615
bin_1470    -31.7023 -4.91846 534
bin_1471    -63.8688 -4.8707 564
bin_1472    -58.7823 -4.91846 558
bin_1473    -52.0123 -4.91846 552
bin_1474    -45.2423 -4.91846 546
bin_1475    -38.4723 -4.91846 540
bin_1476    -63.4561 -1.63149 561
bin_1477    -56.6861 -1.63149 555
bin_1478    -49.9161 -1.63149 549
bin_1479    -43.1461 -1.63149 543
bin_1480    -36.3761 -1.63149 537
bin_1481    -35.481 2.52547 535
bin_1482    -42.2516 2.52554 541
bin_1483    -62.5613 2.52508 559
bin_1484    -55.7916 2.52554 553
bin_1485    -49.0216 2.52554 547
bin_1486    -64.1028 4.57808 562
bin_1487    -59.0786 4.62179 556
bin_1488    -52.3086 4.62179 550
bin_1489    -45.5386 4.62179 544
bin_1490    -38.768 4.62164 538
bin_1491    -35.481 9.29541 613
bin_1492    -42.2516 9.29556 619
bin_1493    -62.5613 9.2951 637
bin_1494    -55.7916 9.29556 631
bin_1495    -49.0216 9.29556 625
bin_1496    -64.1464 11.1654 640
bin_1497    -59.0786 11.3918 634
bin_1498    -52.3086 11.3918 628
bin_1499    -45.5386 11.3918 622
bin_1500    -38.768 11.3917 616
bin_1501    -31.9983 11.3921 610
bin_1502    -31.9983 18.1621 688
bin_1503    -35.481 16.0654 691
bin_1504    -62.5613 16.065 715
bin_1505    -55.7916 16.0656 709
bin_1506    -49.0216 16.0656 703
bin_1507    -64.2039 18.1829 718
bin_1508    -59.0786 18.1618 712
bin_1509    -52.3086 18.1618 706
bin_1510    -45.5386 18.1618 700
bin_1511    -42.2516 16.0656 697
bin_1512    -38.768 18.1617 694
bin_1513    -55.7916 22.8356 787
bin_1514    -62.5613 22.8351 793
bin_1515    -49.0216 22.8356 781
bin_1516    -52.3086 24.9319 784
bin_1517    -59.0786 24.9319 790
bin_1518    -63.8626 25.1166 796
bin_1519    -49.0216 29.6055 859
bin_1520    -52.3086 31.7018 862
bin_1521    -55.7916 29.6055 865
bin_1522    -59.0786 31.7018 868
bin_1523    -45.5386 31.7018 856
bin_1524    -62.5613 29.6051 871
bin_1525    -42.2516 22.8356 775
bin_1526    -65.5523 -11.6886 642
bin_1527    -58.7823 -11.6886 636
bin_1528    -52.0123 -11.6886 630
bin_1529    -63.4556 -15.1711 717
bin_1530    -9.29607 -8.40151 591
bin_1531    -38.768 112.942 1960
bin_1532    -31.9983 112.942 1948
bin_1533    -35.481 110.845 1957
bin_1534    -38.768 106.172 1846
bin_1535    -73.1408 79.0983 1426
bin_1536    -18.4582 119.711 2002
bin_1537    -69.3314 76.9958 1423
bin_1538    -15.1712 117.615 1999
bin_1539    -65.8483 85.8613 1498
bin_1540    -65.8483 92.6313 1630
bin_1541    -69.3314 97.3058 1777
bin_1542    -65.8483 99.4014 1768
bin_1543    -62.5613 104.075 1891
bin_1544    -62.5613 97.3051 1765
bin_1545    -69.3703 73.197 1348
bin_1546    -62.5613 90.5351 1627
bin_1547    -62.5613 83.7651 1495
bin_1548    -69.3314 70.2258 1345
bin_1549    -59.0786 106.172 1882
bin_1550    -59.0786 99.4018 1756
bin_1551    -59.0786 92.6318 1618
bin_1552    -59.0786 85.8618 1492
bin_1553    -55.7916 97.3056 1753
bin_1554    -55.7916 104.076 1879
bin_1555    -55.7916 90.5356 1615
bin_1556    -70.9818 65.8586 1270
bin_1557    -52.3086 106.172 1870
bin_1558    -52.3086 99.4018 1744
bin_1559    -69.3314 63.4558 1267
bin_1560    -52.3086 92.6318 1606
bin_1561    -49.0216 104.076 1867
bin_1562    -49.0216 97.3056 1741
bin_1563    -45.5386 106.172 1858
bin_1564    -45.5386 99.4018 1732
bin_1565    -49.0216 90.5356 1603
bin_1566    -71.1095 59.0185 1192
bin_1567    -52.3086 85.8618 1486
bin_1568    -55.7916 83.7655 1489
bin_1569    -69.3314 56.6858 1189
bin_1570    -42.2516 110.846 1969
bin_1571    -42.2516 104.076 1855
bin_1572    -42.2516 97.3056 1729
bin_1573    -45.5386 92.6318 1594
bin_1574    -45.5386 85.8618 1480
bin_1575    -21.9413 117.615 2011
bin_1576    -18.4582 112.941 1924
bin_1577    -71.0479 52.458 1114
bin_1578    -25.2283 112.942 1936
bin_1579    -15.1712 110.845 1921
bin_1580    -69.3314 49.9158 1111
bin_1581    -21.9413 110.846 1933
bin_1582    -28.7113 110.846 1945
bin_1583    -18.4582 106.171 1810
bin_1584    -25.2283 106.172 1822
bin_1585    -31.9983 106.172 1834
bin_1586    -21.9413 104.076 1819
bin_1587    -72.6183 38.472 958
bin_1588    -70.8898 45.2502 1036
bin_1589    -4.91859 45.2419 976
bin_1590    -11.6886 45.2419 982
bin_1591    -8.40156 49.9157 1057
bin_1592    -1.63158 49.9157 1051
bin_1593    -63.8849 79.7473 1420
bin_1594    -4.91859 52.0119 1054
bin_1595    -62.5613 76.9952 1417
bin_1596    -11.6886 119.712 1990
bin_1597    -11.6886 112.942 1912
bin_1598    -8.40156 117.616 1987
bin_1599    -4.91859 119.712 1978
bin_1600    -1.63158 117.616 1975
bin_1601    -4.91859 112.942 1900
bin_1602    -62.5613 43.1451 1027
bin_1603    -64.2761 73.4933 1342
bin_1604    -8.40156 110.846 1909
bin_1605    -38.768 79.0917 1396
bin_1606    -62.5613 70.2252 1339
bin_1607    -4.91859 106.172 1786
bin_1608    -1.63158 104.076 1783
bin_1609    -8.40156 104.076 1795
bin_1610    -4.91859 99.4019 1660
bin_1611    -49.0216 70.2256 1327
bin_1612    -55.7916 70.2256 1333
bin_1613    -8.40156 97.3057 1669
bin_1614    -64.2714 65.338 1264
bin_1615    -11.6886 92.6319 1534
bin_1616    -4.91859 92.6319 1522
bin_1617    -62.5613 63.4551 1261
bin_1618    -59.0786 65.5518 1258
bin_1619    -35.481 70.2254 1315
bin_1620    -11.6886 85.862 1450
bin_1621    -4.91859 85.862 1444
bin_1622    -1.63158 83.7657 1441
bin_1623    -8.40156 83.7657 1447
bin_1624    -63.9696 58.7449 1186
bin_1625    -11.6886 79.0919 1372
bin_1626    -4.91859 79.0919 1366
bin_1627    -62.5613 56.6851 1183
bin_1628    -65.8483 38.4714 952
bin_1629    -8.40156 76.9957 1369
bin_1630    -11.6886 72.3219 1294
bin_1631    -4.91859 72.3219 1288
bin_1632    -68.6427 42.8656 1033
bin_1633    -8.40156 70.2257 1291
bin_1634    -11.6886 65.5519 1216
bin_1635    -62.4907 53.5345 1108
bin_1636    -4.91859 65.5519 1210
bin_1637    -1.63158 63.4556 1207
bin_1638    -62.5613 49.9151 1105
bin_1639    -8.40156 63.4556 1213
bin_1640    -11.6886 58.782 1138
bin_1641    -4.91859 58.782 1132
bin_1642    -1.63158 56.6857 1129
bin_1643    -8.40156 56.6857 1135
bin_1644    -11.6886 52.0119 1060
bin_1645    -92.9282 31.702 1576
bin_1646    -64.8582 45.6312 1030
bin_1647    -92.9282 72.3221 1648
bin_1648    -96.4112 70.2258 1780
bin_1649    -99.6982 65.552 1774
bin_1650    -103.181 63.4553 1894
bin_1651    -84.1551 79.0517 1438
bin_1652    -82.8043 43.7174 1045
bin_1653    -86.158 38.4716 970
bin_1654    -82.8687 76.9901 1435
bin_1655    -89.6412 76.9959 1654
bin_1656    -86.8973 33.2313 892
bin_1657    -89.6412 36.3759 1585
bin_1658    -89.6412 43.146 1597
bin_1659    -82.871 36.3753 967
bin_1660    -79.5713 33.3249 886
bin_1661    -86.2605 72.3804 1360
bin_1662    -96.4112 63.4558 1771
bin_1663    -92.9282 65.552 1636
bin_1664    -82.871 70.2254 1357
bin_1665    -89.6412 70.226 1645
bin_1666    -106.468 58.7816 1888
bin_1667    -103.181 56.6853 1885
bin_1668    -99.6982 58.782 1762
bin_1669    -106.468 52.0116 1876
bin_1670    -103.181 49.9153 1873
bin_1671    -99.6982 52.012 1750
bin_1672    -84.3058 66.096 1282
bin_1673    -96.4112 56.6858 1759
bin_1674    -92.9282 58.782 1624
bin_1675    -82.871 63.4553 1279
bin_1676    -89.6412 63.4559 1633
bin_1677    -109.951 43.146 1972
bin_1678    -106.468 45.2416 1864
bin_1679    -103.181 43.1454 1861
bin_1680    -99.6982 45.2421 1738
bin_1681    -96.4112 43.1458 1735
bin_1682    -86.2535 58.8202 1204
bin_1683    -96.4112 49.9158 1747
bin_1684    -92.9282 52.012 1612
bin_1685    -82.871 56.6853 1201
bin_1686    -89.6412 56.6859 1621
bin_1687    -113.238 38.4723 1966
bin_1688    -109.951 36.376 1963
bin_1689    -106.468 38.4716 1852
bin_1690    -103.181 36.3753 1849
bin_1691    -99.6982 38.472 1726
bin_1692    -96.4112 36.3759 1723
bin_1693    -86.3007 51.8427 1126
bin_1694    -92.9282 45.2421 1600
bin_1695    -92.9282 38.472 1588
bin_1696    -82.871 49.9153 1123
bin_1697    -89.6412 49.916 1609
bin_1698    -113.238 31.7023 1954
bin_1699    -109.951 29.6061 1951
bin_1700    -106.468 31.7016 1840
bin_1701    -103.181 29.6053 1837
bin_1702    -99.6982 31.702 1714
bin_1703    -96.4112 29.6058 1711
bin_1704    -86.9725 44.7632 1048
bin_1705    -15.1712 43.1452 985
bin_1706    -8.40156 43.1457 979
bin_1707    -18.4582 38.4714 910
bin_1708    -25.2283 38.4722 916
bin_1709    -80.2458 77.2166 1432
bin_1710    -31.9983 38.4722 922
bin_1711    -76.1014 76.9958 1429
bin_1712    -82.8459 81.9853 1513
bin_1713    -86.158 85.8616 1516
bin_1714    -79.3884 85.862 1510
bin_1715    -76.1014 90.5358 1651
bin_1716    -76.1014 83.7659 1507
bin_1717    -72.6183 92.632 1642
bin_1718    -72.6183 85.862 1504
bin_1719    -80.3691 72.2999 1354
bin_1720    -69.3314 90.5358 1639
bin_1721    -71.1726 82.6708 1501
bin_1722    -76.1014 70.226 1351
bin_1723    -42.2516 76.9955 1399
bin_1724    -35.481 83.7655 1471
bin_1725    -28.7113 90.5359 1567
bin_1726    -38.768 38.4717 928
bin_1727    -35.481 56.6854 1159
bin_1728    -55.7916 56.6856 1177
bin_1729    -49.0216 56.6856 1171
bin_1730    -76.9548 65.904 1276
bin_1731    -42.2516 56.6856 1165
bin_1732    -52.3086 58.7818 1174
bin_1733    -76.1014 63.4559 1273
bin_1734    -45.5386 58.7818 1168
bin_1735    -38.768 58.7816 1162
bin_1736    -35.481 63.4554 1237
bin_1737    -31.9983 65.5521 1234
bin_1738    -28.7113 70.2259 1309
bin_1739    -25.2283 72.3221 1306
bin_1740    -77.1567 58.9348 1198
bin_1741    -59.0786 58.7818 1180
bin_1742    -21.9413 76.9959 1381
bin_1743    -76.1014 56.6859 1195
bin_1744    -18.4582 79.0915 1378
bin_1745    -15.1712 83.7652 1453
bin_1746    -42.2516 63.4556 1243
bin_1747    -49.0216 63.4556 1249
bin_1748    -55.7916 63.4556 1255
bin_1749    -52.3086 65.5518 1252
bin_1750    -45.5386 65.5518 1246
bin_1751    -76.6419 52.7241 1120
bin_1752    -38.768 65.5517 1240
bin_1753    -45.5386 38.4718 934
bin_1754    -76.1014 49.916 1117
bin_1755    -52.3086 38.4718 940
bin_1756    -59.0786 38.4718 946
bin_1757    -11.6886 38.4719 904
bin_1758    -4.91859 38.4719 898
bin_1759    -1.63158 43.1457 973
bin_1760    -76.1014 43.146 1039
bin_1761    -79.3884 38.472 964
bin_1762    -76.1441 46.5757 1042
bin_1763    -85.3713 -14.1638 735
bin_1764    -90.5361 -8.40151 1539
bin_1765    -83.7661 -8.40151 657
bin_1766    -119.712 -4.91846 1986
bin_1767    -112.942 -4.91846 1908
bin_1768    -106.172 -4.91846 1794
bin_1769    -99.4023 -4.91846 1668
bin_1770    -92.6323 -4.91846 1530
bin_1771    -87.0662 -4.84827 582
bin_1772    -110.846 -1.63149 1905
bin_1773    -104.076 -1.63149 1791
bin_1774    -97.3061 -1.63149 1665
bin_1775    -90.5361 -1.63149 1527
bin_1776    -83.7661 -1.63149 579
bin_1777    -117.616 -1.63149 1983
bin_1778    -116.721 2.52608 1981
bin_1779    -109.951 2.52608 1903
bin_1780    -103.181 2.52531 1789
bin_1781    -96.4112 2.52577 1663
bin_1782    -89.6412 2.52577 1525
bin_1783    -82.871 2.52531 577
bin_1784    -99.6982 4.62202 1666
bin_1785    -92.9282 4.62202 1528
bin_1786    -86.9635 4.67879 580
bin_1787    -113.238 4.62233 1906
bin_1788    -120.008 4.62233 1984
bin_1789    -109.951 9.29602 1915
bin_1790    -103.181 9.29533 1801
bin_1791    -96.4112 9.29579 1675
bin_1792    -89.6412 9.29579 1537
bin_1793    -82.871 9.29533 655
bin_1794    -116.721 9.29602 1993
bin_1795    -92.9282 11.392 1540
bin_1796    -84.0188 11.9563 658
bin_1797    -99.6982 11.392 1678
bin_1798    -106.468 11.3916 1804
bin_1799    -113.238 11.3923 1918
bin_1800    -120.008 11.3923 1996
bin_1801    -103.181 16.0653 1813
bin_1802    -96.4112 16.0658 1687
bin_1803    -89.6412 16.0658 1549
bin_1804    -82.871 16.0653 733
bin_1805    -99.6982 18.1621 1690
bin_1806    -92.9282 18.1621 1552
bin_1807    -86.2029 17.9523 736
bin_1808    -106.468 18.1616 1816
bin_1809    -109.951 16.066 1927
bin_1810    -113.238 18.1623 1930
bin_1811    -116.721 16.066 2005
bin_1812    -120.008 18.1623 2008
bin_1813    -89.6412 22.8358 1561
bin_1814    -82.871 22.8354 811
bin_1815    -96.4112 22.8358 1699
bin_1816    -99.6982 24.9321 1702
bin_1817    -92.9282 24.9321 1564
bin_1818    -87.0139 24.9999 814
bin_1819    -103.181 22.8354 1825
bin_1820    -106.468 24.9315 1828
bin_1821    -109.951 22.8361 1939
bin_1822    -113.238 24.9322 1942
bin_1823    -116.721 22.8361 2014
bin_1824    -82.871 29.6053 889
bin_1825    -85.8623 -11.6886 660
bin_1826    -92.6323 -11.6886 1542
bin_1827    -97.3061 -8.40151 1677
bin_1828    -99.4023 -11.6886 1680
bin_1829    -104.076 -8.40151 1803
bin_1830    -106.468 4.62157 1792
bin_1831    -99.4018 -18.4582 1692
bin_1832    -85.8619 -18.4582 738
bin_1833    -92.6318 -18.4582 1554
bin_1834    -76.9961 -8.40151 651
bin_1835    -117.616 -15.1711 2007
bin_1836    -119.712 -11.6886 1998
bin_1837    -117.616 -8.40151 1995
bin_1838    -110.846 -15.1711 1929
bin_1839    -79.7256 -4.98346 576
bin_1840    -112.942 -11.6886 1920
bin_1841    -104.076 -15.1711 1815
bin_1842    -79.0923 -11.6886 654
bin_1843    -106.172 -11.6886 1806
bin_1844    -97.3056 -15.1711 1689
bin_1845    -76.9961 -1.63149 573
bin_1846    -90.5356 -15.1711 1551
bin_1847    -38.4723 -11.6886 618
bin_1848    -43.1456 -15.1711 699
bin_1849    -45.2423 -11.6886 624
bin_1850    -56.6856 -15.1711 711
bin_1851    -49.9156 -15.1711 705
bin_1852    -76.1014 2.52577 571
bin_1853    -24.9323 -11.6886 606
bin_1854    -76.1869 5.57562 574
bin_1855    -18.1623 -11.6886 600
bin_1856    -11.3923 -11.6886 594
bin_1857    -4.62234 -4.91846 510
bin_1858    -2.52609 -1.63149 507
bin_1859    -11.3923 -4.91846 516
bin_1860    -18.1623 -4.91846 522
bin_1861    -76.1014 9.29579 649
bin_1862    -24.9323 -4.91846 528
bin_1863    -9.29607 -1.63149 513
bin_1864    -79.6982 11.6157 652
bin_1865    -16.0661 -1.63149 519
bin_1866    -22.8361 -1.63149 525
bin_1867    -29.6061 -1.63149 531
bin_1868    -8.40156 2.52569 511
bin_1869    -11.6886 4.62195 514
bin_1870    -15.1712 2.52516 517
bin_1871    -18.4582 4.62141 520
bin_1872    -76.1014 16.0658 727
bin_1873    -83.7663 -21.9412 813
bin_1874    -90.5363 -21.9412 1563
bin_1875    -76.9455 18.5753 730
bin_1876    -97.3063 -21.9412 1701
bin_1877    -104.076 -21.9412 1827
bin_1878    -110.846 -21.9412 1941
bin_1879    -117.616 -21.9412 2016
bin_1880    -15.1251 36.3521 907
bin_1881    -21.9413 36.3759 913
bin_1882    -76.1014 22.8358 805
bin_1883    -28.7113 36.3759 919
bin_1884    -35.481 36.3755 925
bin_1885    -42.2516 36.3756 931
bin_1886    -79.5645 24.9565 808
bin_1887    -49.0216 36.3756 937
bin_1888    -55.7916 36.3756 943
bin_1889    -65.8483 31.7013 874
bin_1890    -70.8563 32.8313 880
bin_1891    -76.1014 36.3759 961
bin_1892    -76.1014 29.6058 883
bin_1893    -25.2283 45.2421 994
bin_1894    -76.9956 -15.1711 729
bin_1895    -79.0918 -18.4582 732
bin_1896    -112.942 -18.4582 1932
bin_1897    -106.172 -18.4582 1818
bin_1898    -119.712 -18.4582 2010
bin_1899    -36.3763 -76.1012 1395
bin_1900    -31.7025 -79.3882 1392
bin_1901    -38.4725 -79.3882 1398
bin_1902    -52.012 -86.158 1488
bin_1903    -45.242 -86.158 1482
bin_1904    -31.702 -86.1578 1470
bin_1905    -43.1458 -82.8708 1479
bin_1906    -36.3758 -82.8708 1473
bin_1907    -58.782 -86.158 1494
bin_1908    -65.5519 -86.158 1500
bin_1909    -38.472 -86.1578 1476
bin_1910    -63.4562 -89.6411 1629
bin_1911    -56.6862 -89.6411 1617
bin_1912    -49.9162 -89.6411 1605
bin_1913    -43.1462 -89.6411 1593
bin_1914    -70.2258 -82.871 1503
bin_1915    -58.7825 -92.9281 1620
bin_1916    -52.0125 -92.9281 1608
bin_1917    -45.2424 -92.9281 1596
bin_1918    -79.0924 -79.3883 1434
bin_1919    -72.322 -86.158 1506
bin_1920    -36.3763 -89.641 1581
bin_1921    -76.9957 -82.871 1509
bin_1922    -70.2262 -89.6411 1641
bin_1923    -83.7657 -82.871 1515
bin_1924    -31.7025 -92.9279 1572
bin_1925    -38.4725 -92.9279 1584
bin_1926    -85.862 -86.158 1518
bin_1927    -79.092 -86.158 1512
bin_1928    -76.9962 -89.6411 1653
bin_1929    -65.5524 -92.9281 1632
bin_1930    -36.3763 -96.411 1719
bin_1931    -72.3225 -92.9281 1644
bin_1932    -43.1462 -96.4111 1731
bin_1933    -49.9162 -96.4111 1743
bin_1934    -31.7025 -99.698 1710
bin_1935    -38.4725 -99.698 1722
bin_1936    -56.6862 -96.4111 1755
bin_1937    -63.4562 -96.4111 1767
bin_1938    -70.2262 -96.4111 1779
bin_1939    -45.2424 -99.6981 1734
bin_1940    -52.0125 -99.6981 1746
bin_1941    -36.3758 -103.181 1845
bin_1942    -58.7825 -99.6981 1758
bin_1943    -65.5524 -99.6981 1770
bin_1944    -43.1458 -103.181 1857
bin_1945    -31.702 -106.468 1836
bin_1946    -38.472 -106.468 1848
bin_1947    -49.9157 -103.181 1869
bin_1948    -56.6857 -103.181 1881
bin_1949    -63.4557 -103.181 1893
bin_1950    -45.242 -106.468 1860
bin_1951    -52.012 -106.468 1872
bin_1952    -36.3765 -109.951 1959
bin_1953    -58.782 -106.468 1884
bin_1954    -43.1465 -109.951 1971
bin_1955    -31.7027 -113.238 1950
bin_1956    -38.4727 -113.238 1962
bin_1957    -29.6063 -76.1012 1389
bin_1958    -31.5957 -72.7923 1314
bin_1959    -56.6862 -69.3313 1335
bin_1960    -63.4562 -69.3313 1341
bin_1961    -70.2262 -69.3313 1347
bin_1962    -76.9962 -69.3313 1353
bin_1963    -92.6325 -72.6183 1650
bin_1964    -56.6862 -76.1012 1413
bin_1965    -49.9162 -76.1012 1407
bin_1966    -45.2424 -79.3883 1404
bin_1967    -29.6058 -82.8708 1467
bin_1968    -43.1462 -76.1012 1401
bin_1969    -72.3225 -79.3883 1428
bin_1970    -65.5524 -79.3883 1422
bin_1971    -58.7825 -79.3883 1416
bin_1972    -52.0125 -79.3883 1410
bin_1973    -63.4557 -82.871 1497
bin_1974    -56.6857 -82.871 1491
bin_1975    -49.9157 -82.871 1485
bin_1976    -63.4562 -76.1012 1419
bin_1977    -29.6063 -89.641 1569
bin_1978    -70.2262 -76.1012 1425
bin_1979    -76.9962 -76.1012 1431
bin_1980    -83.7662 -76.1012 1437
bin_1981    -85.8624 -79.3883 1440
bin_1982    -90.5362 -76.1012 1656
bin_1983    -45.2424 -72.6183 1326
bin_1984    -52.0125 -72.6183 1332
bin_1985    -58.7825 -72.6183 1338
bin_1986    -65.5524 -72.6183 1344
bin_1987    -72.3225 -72.6183 1350
bin_1988    -29.6063 -96.411 1707
bin_1989    -79.0924 -72.6183 1356
bin_1990    -49.9162 -69.3313 1329
bin_1991    -43.1462 -69.3313 1323
bin_1992    -38.4644 -72.6482 1320
bin_1993    -83.7662 -69.3313 1359
bin_1994    -90.5362 -69.3313 1647
bin_1995    -97.3062 -69.3313 1782
bin_1996    -99.4017 -65.8482 1776
bin_1997    -92.6318 -65.8482 1638
bin_1998    -85.8618 -65.8482 1284
bin_1999    -29.6058 -103.181 1833
bin_2000    -79.0917 -65.8482 1278
bin_2001    -72.3217 -65.8482 1272
bin_2002    -65.5518 -65.8482 1266
bin_2003    -58.7817 -65.8482 1260
bin_2004    -52.0118 -65.8482 1254
bin_2005    -45.2418 -65.8482 1248
bin_2006    -36.3762 -69.3313 1317
bin_2007    -38.4718 -65.8482 1242
bin_2008    38.7676 -92.6321 1583
bin_2009    35.4805 -97.3059 1718
bin_2010    -29.6065 -109.951 1947
bin_2011    28.7109 -97.3063 1706
bin_2012    31.9979 -99.4026 1709
bin_2013    25.2279 -99.4026 1697
bin_2014    35.4805 -104.076 1844
