 Event ID : 7
-36.8118 -60.9599 50.24 20 501.769
46.6282 66.5598 50.24 20 1.51956
44.1741 65.2106 50.24 20 494.073
41.72 66.5598 50.24 20 564.214
-41.72 -58.0584 50.24 20 7.71189
-39.2659 -56.7093 50.24 20 377.427
-36.8118 -58.0584 50.24 20 1619.42
-41.72 -60.9599 50.24 20 1.74007
-39.2659 -62.3091 50.24 20 17.8467
39.2659 65.2106 68.16 27 56.757
44.1741 62.3091 68.16 27 114.186
-34.3576 -56.7093 80.96 32 1854.72
39.2659 62.3091 80.96 32 278.549
41.72 60.9599 80.96 32 169.543
-39.2659 -53.8078 83.52 33 33.5471
-34.3576 -53.8078 93.76 37 1677.34
-36.8118 -52.4586 93.76 37 88.0485
-31.9035 -58.0584 93.76 37 0.568123
36.8118 60.9599 109.12 43 237.178
41.72 58.0584 111.68 44 90.2343
-36.8118 -49.5571 124.48 49 7.38857
-31.9035 -52.4586 124.48 49 1179.16
-29.4494 -53.8078 137.28 54 38.0673
36.8118 58.0584 139.84 55 626.65
39.2659 56.7093 139.84 55 84.236
31.9035 58.0584 139.84 55 0.935121
39.2659 53.8078 144.96 57 75.8193
34.3577 56.7093 147.52 58 773.829
-31.9035 -49.5571 150.08 59 1771.31
-34.3576 -48.208 150.08 59 36.407
-26.9953 -52.4586 155.2 61 5.89295
36.8118 52.4586 168 66 196.011
34.3577 53.8078 168 66 2549.56
-29.4494 -48.208 173.12 68 947.933
-34.3576 -45.3065 173.12 68 5.88916
-31.9035 -43.9573 185.92 73 735.575
-26.9953 -49.5571 185.92 73 27.2552
31.9035 52.4586 188.48 74 208.419
-29.4494 -45.3065 188.48 74 4887.52
-24.5412 -48.208 188.48 74 16.7808
36.8118 49.5571 196.16 77 78.405
29.4494 53.8078 201.28 79 4.6074
31.9035 49.5571 203.84 80 2609.05
34.3577 48.208 203.84 80 169.582
-24.5412 -45.3065 206.4 81 93.4834
-31.9035 -41.0558 206.4 81 36.4866
26.9953 52.4586 206.4 81 1.88818
-26.9953 -43.9573 208.96 82 287.369
29.4494 48.208 229.44 90 552.887
34.3577 45.3065 232 91 44.8231
26.9953 49.5571 234.56 92 6.95207
-29.4494 -39.7067 237.12 93 250.633
-22.0871 -43.9573 239.68 94 47.7016
-26.9953 -41.0558 239.68 94 3449.27
24.5412 48.208 244.8 96 11.0017
31.9035 43.9573 247.36 97 257.018
29.4494 45.3065 247.36 97 2674.29
-29.4494 -36.8052 265.28 104 32.8759
-24.5412 -39.7067 265.28 104 976.808
-22.0871 -41.0558 265.28 104 45.7797
26.9953 43.9573 275.52 108 799.305
31.9035 41.0558 275.52 108 37.2511
24.5412 45.3065 278.08 109 95.4142
29.4494 39.7067 278.08 109 74.6856
-24.5412 -36.8052 280.64 110 1041.01
-26.9953 -35.456 280.64 110 97.8786
26.9953 41.0558 280.64 110 1508.74
-19.6329 -39.7067 280.64 110 68.1742
22.0871 43.9573 296 116 10.8227
24.5412 39.7067 308.8 121 851.251
29.4494 36.8052 311.36 122 18.063
22.0871 41.0558 311.36 122 35.4076
-22.0871 -35.456 313.92 123 660.059
-19.6329 -36.8052 316.48 124 188.141
-26.9953 -32.5545 316.48 124 29.832
24.5412 36.8052 326.72 128 680.057
-17.1788 -35.456 326.72 128 160.386
-24.5412 -31.2053 326.72 128 235.172
-22.0871 -32.5545 326.72 128 1852.77
19.633 39.7067 339.52 133 4.73866
26.9953 35.456 339.52 133 226.059
26.9953 32.5545 344.64 135 49.5391
22.0871 35.456 344.64 135 105.256
19.633 36.8052 344.64 135 161.986
-17.1788 -32.5545 349.76 137 165.027
-14.7247 -36.8052 349.76 137 1.39854
-24.5412 -28.3038 349.76 137 8.13766
-19.6329 -31.2053 349.76 137 1464.13
22.0871 32.5545 365.12 143 104.527
24.5412 31.2053 365.12 143 61.5848
17.1788 35.456 367.68 144 9.8704
-12.2706 -32.5545 370.24 145 6.21854
-22.0871 -26.9547 372.8 146 39.9555
-19.6329 -28.3038 372.8 146 3653.97
-14.7247 -31.2053 372.8 146 71.5806
24.5412 28.3038 380.48 149 33.6897
19.6329 31.2053 388.16 152 505.844
-17.1788 -26.9547 398.4 156 2158.85
17.1788 32.5545 398.4 156 81.6573
-14.7247 -28.3038 400.96 157 421.036
-22.0871 -24.0532 400.96 157 31.8527
22.0871 26.9547 403.52 158 15.0106
-19.6329 -22.704 408.64 160 48.178
-9.81648 -28.3038 408.64 160 5.81501
14.7247 31.2053 411.2 161 52.843
-12.2706 -26.9547 411.2 161 221.5
19.6329 28.3038 411.2 161 476.814
-17.1788 -24.0532 413.76 162 3236.08
14.7247 28.3038 431.68 169 272.328
17.1788 26.9547 431.68 169 450.682
22.0871 24.0532 431.68 169 40.0028
-14.7247 -22.704 439.36 172 54.4699
-12.2706 -24.0532 441.92 173 126.446
-19.6329 -19.8025 444.48 174 17.1734
-7.36236 -26.9547 447.04 175 2.47303
17.1788 24.0532 452.16 177 201.107
12.2706 26.9547 454.72 178 48.6263
19.6329 22.704 457.28 179 108.654
-17.1788 -18.4534 459.84 180 114.114
-7.36236 -24.0532 459.84 180 8.65115
9.81648 28.3038 459.84 180 3.07703
-14.7247 -19.8025 462.4 181 1421.15
-9.81648 -22.704 462.4 181 196.971
14.7247 22.704 470.08 184 753.554
12.2706 24.0532 472.64 185 159.684
19.6329 19.8025 475.2 186 39.8565
17.1788 18.4534 477.76 187 85.897
-12.2706 -18.4534 485.44 190 995.723
-17.1788 -15.5519 488 191 45.9772
9.81648 22.704 488 191 33.1121
-9.81648 -19.8025 488 191 776.45
14.7247 19.8025 488 191 460.067
7.36237 24.0532 488 191 0.674091
-4.90825 -22.704 498.24 195 3.70511
-14.7247 -14.2027 500.8 196 131.666
-4.90825 -19.8025 500.8 196 12.9517
12.2706 18.4534 500.8 196 322.823
17.1788 15.5519 500.8 196 14.1503
-7.36237 -18.4534 503.36 197 31.4808
-12.2706 -15.5519 505.92 198 356.855
9.81648 19.8025 516.16 202 122.277
14.7247 14.2027 526.4 206 62.0321
12.2706 15.5519 528.96 207 1701.75
7.36237 18.4534 531.52 208 58.1409
4.90825 19.8025 534.08 209 9.53193
-14.7247 -11.3012 536.64 210 31.4477
-2.45413 -18.4534 536.64 210 8.55776
-9.81648 -14.2027 536.64 210 1037.69
14.7247 11.3012 539.2 211 8.38191
-7.36237 -15.5519 539.2 211 344.804
9.81648 14.2027 541.76 212 1460.05
7.36237 15.5519 541.76 212 45.1193
-12.2706 -9.95207 541.76 212 59.2361
-9.81648 -11.3012 554.56 217 321.489
-4.90825 -14.2027 557.12 218 193.666
2.45413 18.4534 559.68 219 0.285058
12.2706 9.95207 567.36 222 27.6615
9.81648 11.3012 567.36 222 268.13
4.90825 14.2027 567.36 222 28.4377
-12.2706 -7.05056 569.92 223 8.22724
-2.45413 -15.5519 569.92 223 51.5726
2.45413 15.5519 569.92 223 7.4183
12.2706 7.05056 569.92 223 4.80578
-4.90825 -11.3012 572.48 224 86.6006
-7.36236 -9.95207 572.48 224 1509.59
7.36237 9.95207 582.72 228 581.439
4.90825 11.3012 585.28 229 321.514
-1.33514e-05 -14.2027 590.4 231 6.61792
-9.81648 -5.70141 590.4 231 91.6324
-1.33514e-05 14.2027 590.4 231 1.79269
-7.36236 -7.05056 592.96 232 452.894
-2.45413 -9.95207 592.96 232 500.302
-1.33514e-05 -11.3012 592.96 232 4.99783
-9.81648 -2.7999 610.88 239 20.3009
-2.45413 -7.05056 613.44 240 697.845
-4.90825 -5.70141 613.44 240 256.356
7.36237 7.05056 613.44 240 685.606
2.4541 -9.95207 613.44 240 25.8301
2.4541 9.95207 616 241 117.407
4.90825 5.70141 618.56 242 581.106
-1.33514e-05 11.3012 618.56 242 2.4294
9.81648 5.70141 618.56 242 61.288
2.4541 7.05056 631.36 247 270.427
9.81648 2.7999 633.92 248 16.7233
-2.45413 9.95207 633.92 248 1.45463
7.36237 1.45075 636.48 249 21.2184
-1.33514e-05 5.70141 639.04 250 120.475
4.90825 2.7999 641.6 251 138.279
-4.90825 -2.7999 644.16 252 204.348
-7.36237 -1.45075 646.72 253 88.1498
-1.33514e-05 -5.70141 646.72 253 673.244
2.4541 -7.05056 646.72 253 96.3066
-2.45413 7.05056 649.28 254 19.9422
-2.45413 -1.45075 667.2 261 871.537
-1.33514e-05 -2.7999 667.2 261 1184.83
-7.36237 1.45075 672.32 263 61.1733
2.45413 1.45075 677.44 265 80.5898
7.36237 -1.45075 677.44 265 20.5657
-4.90825 5.70141 677.44 265 8.53043
2.45413 -1.45075 680 266 1918.69
4.90825 -2.7999 680 266 109.434
4.90825 -5.70141 680 266 16.4973
-1.33514e-05 2.7999 680 266 871.145
7.36237 -7.05056 680 266 0.225152
-2.45413 1.45075 680 266 251.327
-4.90825 2.7999 680 266 145.405
