0.018727	34495.2   	34495.2   	29401.3   	29401.3   	458.045   	458.045   	215.691   	350.733   	167.183   
0.037453	51587.6   	51587.6   	46679.6   	46679.6   	575.816   	575.816   	386.745   	619.781   	304.938   
0.056180	64169.6   	64169.6   	60436.7   	60436.7   	666.18    	675.544   	491.745   	784.443   	389.769   
0.074906	74590.5   	74590.5   	72312.7   	72312.7   	736.347   	762.763   	584.209   	929.088   	464.67    
0.093633	84024.6   	84024.6   	83116.2   	83116.2   	795.117   	838.342   	673.011   	1067.22   	537.01    
0.112360	92888.6   	92888.6   	93142.2   	93142.2   	846.118   	906.856   	756.938   	1196.67   	605.948   
0.131086	101524    	101524    	102766    	102766    	893.434   	971.582   	838.15    	1321.04   	673.104   
0.149813	110032    	110032    	112092    	112092    	938.282   	1032.02   	916.076   	1439.43   	738.014   
0.168539	118510    	118510    	121246    	121246    	982.006   	1088.87   	990.694   	1551.94   	800.591   
0.187266	127022    	127022    	130325    	130325    	1025.59   	1143.67   	1061.68   	1658.2    	860.506   
0.205993	135649    	135649    	139425    	139425    	1070.23   	1197.71   	1130.06   	1759.65   	918.635   
0.224719	144431    	144431    	148607    	148607    	1116.56   	1251.89   	1198.69   	1860.72   	977.353   
0.243446	153213    	153213    	157790    	157790    	1162.89   	1306.07   	1267.33   	1961.79   	1036.07   
0.262172	162283    	162283    	167226    	167226    	1213.07   	1362.4    	1334.32   	2059.41   	1093.85   
0.280899	171509    	171509    	176797    	176797    	1265.34   	1419.88   	1400.42   	2155.17   	1151.13   
0.299625	180734    	180734    	186368    	186368    	1317.6    	1477.37   	1466.52   	2250.93   	1208.4    
0.318352	190489    	190489    	196486    	196486    	1377.63   	1540.29   	1528.19   	2338.94   	1262.43   
0.337079	200254    	200254    	206614    	206614    	1437.81   	1603.32   	1589.76   	2426.79   	1316.4    
0.355805	210204    	210204    	216945    	216945    	1500.82   	1668.45   	1651.4    	2514.37   	1370.58   
0.374532	220568    	220568    	227728    	227728    	1570.11   	1738.24   	1713.18   	2601.36   	1425.22   
0.393258	230931    	230931    	238510    	238510    	1639.4    	1808.03   	1774.96   	2688.34   	1479.86   
0.411985	241702    	241702    	249747    	249747    	1714.93   	1882.5    	1835.72   	2773.21   	1533.9    
0.430712	252703    	252703    	261239    	261239    	1793.95   	1959.6    	1895.9    	2856.88   	1587.59   
0.449438	263703    	263703    	272731    	272731    	1872.98   	2036.7    	1956.08   	2940.55   	1641.28   
0.468165	275346    	275346    	284940    	284940    	1961.66   	2121.05   	2015.68   	3022.42   	1694.86   
0.486891	287009    	287009    	297172    	297172    	2050.64   	2205.62   	2075.27   	3104.25   	1748.44   
0.505618	298979    	298979    	309743    	309743    	2144.05   	2293.47   	2134.33   	3184.95   	1801.72   
0.524345	311667    	311667    	323107    	323107    	2247.79   	2388.98   	2192.19   	3263.05   	1854.29   
0.543071	324356    	324356    	336472    	336472    	2351.53   	2484.49   	2250.05   	3341.14   	1906.87   
0.561798	337044    	337044    	349836    	349836    	2455.27   	2580      	2307.91   	3419.24   	1959.45   
0.580524	349732    	349732    	363200    	363200    	2559.01   	2675.51   	2365.76   	3497.34   	2012.02   
0.599251	362420    	362420    	376564    	376564    	2662.75   	2771.02   	2423.62   	3575.44   	2064.6    
0.617978	376447    	376447    	391379    	391379    	2784.56   	2879.61   	2480.39   	3650.57   	2116.76   
0.636704	390530    	390530    	406255    	406255    	2907.12   	2988.75   	2537.1    	3725.59   	2168.91   
0.655431	404613    	404613    	421130    	421130    	3029.68   	3097.88   	2593.82   	3800.6    	2221.05   
0.674157	418696    	418696    	436005    	436005    	3152.24   	3207.02   	2650.54   	3875.61   	2273.2    
0.692884	432780    	432780    	450881    	450881    	3274.8    	3316.15   	2707.26   	3950.62   	2325.34   
0.711610	447735    	447735    	466678    	466678    	3408.27   	3432.92   	2763.75   	4024.51   	2377.59   
0.730337	463225    	463225    	483041    	483041    	3548.42   	3554.37   	2820.11   	4097.7    	2429.91   
0.749064	478715    	478715    	499403    	499403    	3688.57   	3675.82   	2876.47   	4170.89   	2482.23   
0.767790	494205    	494205    	515766    	515766    	3828.72   	3797.28   	2932.83   	4244.08   	2534.54   
0.786517	509695    	509695    	532128    	532128    	3968.88   	3918.73   	2989.19   	4317.27   	2586.86   
0.805243	525579    	525579    	548898    	548898    	4113.64   	4043.29   	3045.37   	4389.89   	2639.15   
0.823970	542475    	542475    	566713    	566713    	4270.27   	4175.88   	3101.11   	4461.01   	2691.35   
0.842697	559371    	559371    	584529    	584529    	4426.89   	4308.46   	3156.85   	4532.14   	2743.55   
0.861423	576268    	576268    	602345    	602345    	4583.52   	4441.05   	3212.59   	4603.26   	2795.75   
0.880150	593164    	593164    	620161    	620161    	4740.14   	4573.63   	3268.33   	4674.39   	2847.95   
0.898876	610060    	610060    	637977    	637977    	4896.77   	4706.22   	3324.07   	4745.51   	2900.15   
0.917603	628271    	628271    	657127    	657127    	5068.03   	4848.39   	3378.81   	4814.36   	2951.78   
0.936330	646565    	646565    	676362    	676362    	5240.24   	4991.17   	3433.5    	4883.06   	3003.36   
0.955056	664860    	664860    	695597    	695597    	5412.44   	5133.95   	3488.18   	4951.76   	3054.94   
0.973783	683154    	683154    	714832    	714832    	5584.64   	5276.73   	3542.87   	5020.46   	3106.53   
0.992509	701449    	701449    	734067    	734067    	5756.85   	5419.5    	3597.55   	5089.16   	3158.11   
1.011236	721195    	721195    	754745    	754745    	5944.44   	5571.98   	3627.95   	5125.2    	3187.58   
1.029963	741908    	741908    	776385    	776385    	6142.29   	5730.92   	3642.17   	5139.47   	3202.3    
1.048689	762622    	762622    	798025    	798025    	6340.15   	5889.86   	3656.38   	5153.73   	3217.02   
1.067416	783335    	783335    	819666    	819666    	6538      	6048.79   	3670.59   	5167.99   	3231.74   
1.086142	804049    	804049    	841306    	841306    	6735.86   	6207.73   	3684.8    	5182.26   	3246.46   
1.104869	824762    	824762    	862946    	862946    	6933.71   	6366.67   	3699.01   	5196.52   	3261.18   
1.123596	845476    	845476    	884587    	884587    	7131.57   	6525.61   	3713.22   	5210.79   	3275.9    
1.142322	866189    	866189    	906227    	906227    	7329.42   	6684.55   	3727.44   	5225.05   	3290.63   
1.161049	886902    	886902    	927867    	927867    	7527.28   	6843.49   	3741.65   	5239.31   	3305.35   
1.179775	907616    	907616    	949507    	949507    	7725.13   	7002.43   	3755.86   	5253.58   	3320.07   
1.198502	928329    	928329    	971148    	971148    	7922.98   	7161.36   	3770.07   	5267.84   	3334.79   
1.217228	949043    	949043    	992788    	992788    	8120.84   	7320.3    	3784.28   	5282.11   	3349.51   
1.235955	969756    	969756    	1.01443e+06	1.01443e+06	8318.69   	7479.24   	3798.5    	5296.37   	3364.23   
1.254682	991320    	991320    	1.0369e+06	1.0369e+06	8525.26   	7643.48   	3814.01   	5312.23   	3380.18   
1.273408	1.01543e+06	1.01543e+06	1.06186e+06	1.06186e+06	8757.96   	7823.6    	3833.43   	5332.88   	3399.81   
1.292135	1.03955e+06	1.03955e+06	1.08682e+06	1.08682e+06	8990.66   	8003.72   	3852.85   	5353.53   	3419.43   
1.310861	1.06366e+06	1.06366e+06	1.11178e+06	1.11178e+06	9223.36   	8183.84   	3872.27   	5374.18   	3439.06   
1.329588	1.08777e+06	1.08777e+06	1.13675e+06	1.13675e+06	9456.06   	8363.96   	3891.69   	5394.83   	3458.69   
1.348315	1.11189e+06	1.11189e+06	1.16171e+06	1.16171e+06	9688.76   	8544.08   	3911.11   	5415.48   	3478.32   
1.367041	1.136e+06 	1.136e+06 	1.18667e+06	1.18667e+06	9921.46   	8724.2    	3930.53   	5436.13   	3497.95   
1.385768	1.16011e+06	1.16011e+06	1.21163e+06	1.21163e+06	10154.2   	8904.33   	3949.95   	5456.78   	3517.58   
1.404494	1.18423e+06	1.18423e+06	1.23659e+06	1.23659e+06	10386.9   	9084.45   	3969.37   	5477.43   	3537.2    
1.423221	1.20834e+06	1.20834e+06	1.26155e+06	1.26155e+06	10619.6   	9264.57   	3988.79   	5498.08   	3556.83   
1.441948	1.23246e+06	1.23246e+06	1.28652e+06	1.28652e+06	10852.3   	9444.69   	4008.2    	5518.73   	3576.46   
1.460674	1.25657e+06	1.25657e+06	1.31148e+06	1.31148e+06	11085     	9624.81   	4027.62   	5539.38   	3596.09   
1.479401	1.28068e+06	1.28068e+06	1.33644e+06	1.33644e+06	11317.7   	9804.93   	4047.04   	5560.03   	3615.72   
1.498127	1.3048e+06	1.3048e+06	1.3614e+06	1.3614e+06	11550.4   	9985.05   	4066.46   	5580.68   	3635.35   
1.516854	1.33192e+06	1.33192e+06	1.38926e+06	1.38926e+06	11813.4   	10183.1   	4091.62   	5608.11   	3660.45   
1.535581	1.35937e+06	1.35937e+06	1.41744e+06	1.41744e+06	12079.9   	10383.1   	4117.41   	5636.28   	3686.16   
1.554307	1.38682e+06	1.38682e+06	1.44562e+06	1.44562e+06	12346.3   	10583.1   	4143.2    	5664.46   	3711.87   
1.573034	1.41428e+06	1.41428e+06	1.4738e+06	1.4738e+06	12612.7   	10783.1   	4168.99   	5692.64   	3737.58   
1.591760	1.44173e+06	1.44173e+06	1.50199e+06	1.50199e+06	12879.2   	10983     	4194.78   	5720.81   	3763.29   
1.610487	1.46918e+06	1.46918e+06	1.53017e+06	1.53017e+06	13145.6   	11183     	4220.57   	5748.99   	3789      
1.629213	1.49664e+06	1.49664e+06	1.55835e+06	1.55835e+06	13412     	11383     	4246.36   	5777.17   	3814.71   
1.647940	1.52409e+06	1.52409e+06	1.58653e+06	1.58653e+06	13678.5   	11583     	4272.16   	5805.34   	3840.42   
1.666667	1.55154e+06	1.55154e+06	1.61471e+06	1.61471e+06	13944.9   	11783     	4297.95   	5833.52   	3866.13   
1.685393	1.579e+06 	1.579e+06 	1.64289e+06	1.64289e+06	14211.4   	11983     	4323.74   	5861.7    	3891.84   
1.704120	1.60645e+06	1.60645e+06	1.67107e+06	1.67107e+06	14477.8   	12183     	4349.53   	5889.88   	3917.55   
1.722846	1.6339e+06	1.6339e+06	1.69925e+06	1.69925e+06	14744.2   	12383     	4375.32   	5918.05   	3943.26   
1.741573	1.66136e+06	1.66136e+06	1.72744e+06	1.72744e+06	15010.7   	12583     	4401.11   	5946.23   	3968.97   
1.760300	1.69062e+06	1.69062e+06	1.75735e+06	1.75735e+06	15295.4   	12793.6   	4430.71   	5978.83   	3998.33   
1.779026	1.72137e+06	1.72137e+06	1.78868e+06	1.78868e+06	15595.2   	13012.7   	4463.42   	6015.04   	4030.67   
1.797753	1.75211e+06	1.75211e+06	1.82002e+06	1.82002e+06	15894.9   	13231.9   	4496.13   	6051.26   	4063      
1.816479	1.78286e+06	1.78286e+06	1.85135e+06	1.85135e+06	16194.7   	13451.1   	4528.84   	6087.48   	4095.34   
1.835206	1.8136e+06	1.8136e+06	1.88268e+06	1.88268e+06	16494.4   	13670.2   	4561.55   	6123.69   	4127.68   
1.853933	1.84435e+06	1.84435e+06	1.91402e+06	1.91402e+06	16794.2   	13889.4   	4594.27   	6159.91   	4160.02   
1.872659	1.87509e+06	1.87509e+06	1.94535e+06	1.94535e+06	17093.9   	14108.6   	4626.98   	6196.12   	4192.36   
1.891386	1.90584e+06	1.90584e+06	1.97668e+06	1.97668e+06	17393.7   	14327.8   	4659.69   	6232.34   	4224.69   
1.910112	1.93658e+06	1.93658e+06	2.00801e+06	2.00801e+06	17693.5   	14546.9   	4692.4    	6268.55   	4257.03   
1.928839	1.96733e+06	1.96733e+06	2.03935e+06	2.03935e+06	17993.2   	14766.1   	4725.11   	6304.77   	4289.37   
1.947566	1.99807e+06	1.99807e+06	2.07068e+06	2.07068e+06	18293     	14985.3   	4757.82   	6340.99   	4321.71   
1.966292	2.02882e+06	2.02882e+06	2.10201e+06	2.10201e+06	18592.7   	15204.4   	4790.53   	6377.2    	4354.05   
1.985019	2.05956e+06	2.05956e+06	2.13335e+06	2.13335e+06	18892.5   	15423.6   	4823.25   	6413.42   	4386.38   
2.003745	2.09096e+06	2.09096e+06	2.1653e+06	2.1653e+06	19198.9   	15646.5   	4857.37   	6451.26   	4420.08   
2.022472	2.12496e+06	2.12496e+06	2.19974e+06	2.19974e+06	19531.8   	15884.5   	4897.14   	6495.6    	4459.18   
2.041199	2.15895e+06	2.15895e+06	2.23417e+06	2.23417e+06	19864.8   	16122.5   	4936.91   	6539.95   	4498.28   
2.059925	2.19295e+06	2.19295e+06	2.26861e+06	2.26861e+06	20197.7   	16360.5   	4976.68   	6584.29   	4537.38   
2.078652	2.22695e+06	2.22695e+06	2.30304e+06	2.30304e+06	20530.7   	16598.4   	5016.45   	6628.64   	4576.48   
2.097378	2.26095e+06	2.26095e+06	2.33748e+06	2.33748e+06	20863.6   	16836.4   	5056.22   	6672.98   	4615.58   
2.116105	2.29494e+06	2.29494e+06	2.37192e+06	2.37192e+06	21196.6   	17074.4   	5096      	6717.33   	4654.68   
2.134831	2.32894e+06	2.32894e+06	2.40635e+06	2.40635e+06	21529.6   	17312.4   	5135.77   	6761.67   	4693.78   
2.153558	2.36294e+06	2.36294e+06	2.44079e+06	2.44079e+06	21862.5   	17550.3   	5175.54   	6806.02   	4732.88   
2.172285	2.39694e+06	2.39694e+06	2.47523e+06	2.47523e+06	22195.5   	17788.3   	5215.31   	6850.36   	4771.98   
2.191011	2.43093e+06	2.43093e+06	2.50966e+06	2.50966e+06	22528.4   	18026.3   	5255.08   	6894.7    	4811.08   
2.209738	2.46493e+06	2.46493e+06	2.5441e+06	2.5441e+06	22861.4   	18264.3   	5294.85   	6939.05   	4850.19   
2.228464	2.49893e+06	2.49893e+06	2.57853e+06	2.57853e+06	23194.3   	18502.2   	5334.62   	6983.39   	4889.29   
2.247191	2.53293e+06	2.53293e+06	2.61297e+06	2.61297e+06	23527.3   	18740.2   	5374.39   	7027.74   	4928.39   
2.265918	2.56971e+06	2.56966e+06	2.65001e+06	2.65001e+06	23888.5   	18994     	5420.06   	7078.83   	4973.14   
2.284644	2.60699e+06	2.60688e+06	2.68752e+06	2.68752e+06	24254.6   	19250.7   	5466.77   	7131.11   	5018.89   
2.303371	2.64427e+06	2.6441e+06	2.72502e+06	2.72502e+06	24620.8   	19507.3   	5513.48   	7183.38   	5064.63   
2.322097	2.68154e+06	2.68131e+06	2.76252e+06	2.76252e+06	24986.9   	19763.9   	5560.18   	7235.66   	5110.38   
2.340824	2.71882e+06	2.71853e+06	2.80003e+06	2.80003e+06	25353.1   	20020.5   	5606.89   	7287.94   	5156.13   
2.359551	2.7561e+06	2.75575e+06	2.83753e+06	2.83753e+06	25719.3   	20277.1   	5653.6    	7340.22   	5201.88   
2.378277	2.79337e+06	2.79296e+06	2.87503e+06	2.87503e+06	26085.4   	20533.8   	5700.31   	7392.5    	5247.62   
2.397004	2.83065e+06	2.83018e+06	2.91254e+06	2.91254e+06	26451.6   	20790.4   	5747.02   	7444.78   	5293.37   
2.415730	2.86793e+06	2.8674e+06	2.95004e+06	2.95004e+06	26817.8   	21047     	5793.72   	7497.05   	5339.12   
2.434457	2.9052e+06	2.90462e+06	2.98754e+06	2.98754e+06	27183.9   	21303.6   	5840.43   	7549.33   	5384.87   
2.453184	2.94248e+06	2.94183e+06	3.02504e+06	3.02504e+06	27550.1   	21560.2   	5887.14   	7601.61   	5430.62   
2.471910	2.97976e+06	2.97905e+06	3.06255e+06	3.06255e+06	27916.2   	21816.8   	5933.85   	7653.89   	5476.36   
2.490637	3.01704e+06	3.01627e+06	3.10005e+06	3.10005e+06	28282.4   	22073.5   	5980.56   	7706.17   	5522.11   
2.509363	3.05753e+06	3.05587e+06	3.13983e+06	3.13983e+06	28673.5   	22344     	6032.21   	7764.05   	5572.61   
2.528090	3.10125e+06	3.09786e+06	3.18187e+06	3.18187e+06	29089.6   	22628.3   	6088.82   	7827.53   	5627.85   
2.546816	3.14497e+06	3.13985e+06	3.22392e+06	3.22392e+06	29505.6   	22912.7   	6145.42   	7891.01   	5683.1    
2.565543	3.18869e+06	3.18184e+06	3.26597e+06	3.26597e+06	29921.7   	23197.1   	6202.02   	7954.5    	5738.35   
2.584270	3.23241e+06	3.22384e+06	3.30801e+06	3.30801e+06	30337.7   	23481.5   	6258.63   	8017.98   	5793.59   
2.602996	3.27613e+06	3.26583e+06	3.35006e+06	3.35006e+06	30753.8   	23765.9   	6315.23   	8081.46   	5848.84   
2.621723	3.31985e+06	3.30782e+06	3.39211e+06	3.39211e+06	31169.8   	24050.2   	6371.84   	8144.95   	5904.09   
2.640449	3.36356e+06	3.34981e+06	3.43415e+06	3.43415e+06	31585.9   	24334.6   	6428.44   	8208.43   	5959.33   
2.659176	3.40728e+06	3.3918e+06	3.4762e+06	3.4762e+06	32001.9   	24619     	6485.04   	8271.91   	6014.58   
2.677903	3.451e+06 	3.43379e+06	3.51825e+06	3.51825e+06	32418     	24903.4   	6541.65   	8335.39   	6069.83   
2.696629	3.49472e+06	3.47578e+06	3.56029e+06	3.56029e+06	32834     	25187.7   	6598.25   	8398.88   	6125.07   
2.715356	3.53844e+06	3.51777e+06	3.60234e+06	3.60234e+06	33250.1   	25472.1   	6654.86   	8462.36   	6180.32   
2.734082	3.58216e+06	3.55976e+06	3.64439e+06	3.64439e+06	33666.1   	25756.5   	6711.46   	8525.84   	6235.57   
2.752809	3.62588e+06	3.60175e+06	3.68643e+06	3.68643e+06	34082.2   	26040.9   	6768.06   	8589.32   	6290.81   
2.771536	3.66959e+06	3.64374e+06	3.72848e+06	3.72848e+06	34498.2   	26325.3   	6824.67   	8652.81   	6346.06   
2.790262	3.71331e+06	3.68573e+06	3.77053e+06	3.77053e+06	34914.3   	26609.6   	6881.27   	8716.29   	6401.31   
2.808989	3.75703e+06	3.72772e+06	3.81257e+06	3.81257e+06	35330.3   	26894     	6937.88   	8779.77   	6456.55   
2.827715	3.80075e+06	3.76971e+06	3.85462e+06	3.85462e+06	35746.4   	27178.4   	6994.48   	8843.26   	6511.8    
2.846442	3.84447e+06	3.81171e+06	3.89667e+06	3.89667e+06	36162.4   	27462.8   	7051.08   	8906.74   	6567.05   
2.865169	3.88819e+06	3.8537e+06	3.93871e+06	3.93871e+06	36578.5   	27747.2   	7107.69   	8970.22   	6622.29   
2.883895	3.93191e+06	3.89569e+06	3.98076e+06	3.98076e+06	36994.5   	28031.5   	7164.29   	9033.7    	6677.54   
2.902622	3.97562e+06	3.93768e+06	4.02281e+06	4.02281e+06	37410.6   	28315.9   	7220.9    	9097.19   	6732.78   
2.921348	4.01934e+06	3.97967e+06	4.06485e+06	4.06485e+06	37826.6   	28600.3   	7277.5    	9160.67   	6788.03   
2.940075	4.06306e+06	4.02166e+06	4.1069e+06	4.1069e+06	38242.7   	28884.7   	7334.1    	9224.15   	6843.28   
2.958801	4.10678e+06	4.06365e+06	4.14895e+06	4.14895e+06	38658.7   	29169     	7390.71   	9287.64   	6898.52   
2.977528	4.1505e+06	4.10564e+06	4.19099e+06	4.19099e+06	39074.8   	29453.4   	7447.31   	9351.12   	6953.77   
2.996255	4.19422e+06	4.14763e+06	4.23304e+06	4.23304e+06	39490.8   	29737.8   	7503.92   	9414.6    	7009.02   
3.014981	4.24284e+06	4.19465e+06	4.27987e+06	4.27987e+06	39960.2   	30051.4   	7570.35   	9489.03   	7073.74   
3.033708	4.29268e+06	4.24292e+06	4.3279e+06	4.3279e+06	40442.8   	30372.3   	7639.24   	9566.2    	7140.83   
3.052434	4.34252e+06	4.29119e+06	4.37593e+06	4.37593e+06	40925.5   	30693.1   	7708.13   	9643.37   	7207.93   
3.071161	4.39237e+06	4.33947e+06	4.42396e+06	4.42396e+06	41408.2   	31014     	7777.02   	9720.54   	7275.02   
3.089888	4.44221e+06	4.38774e+06	4.47198e+06	4.47198e+06	41890.8   	31334.9   	7845.92   	9797.71   	7342.11   
3.108614	4.49206e+06	4.43601e+06	4.52001e+06	4.52001e+06	42373.5   	31655.8   	7914.81   	9874.88   	7409.2    
3.127341	4.5419e+06	4.48429e+06	4.56804e+06	4.56804e+06	42856.2   	31976.6   	7983.7    	9952.05   	7476.3    
3.146067	4.59174e+06	4.53256e+06	4.61607e+06	4.61607e+06	43338.8   	32297.5   	8052.59   	10029.2   	7543.39   
3.164794	4.64159e+06	4.58083e+06	4.6641e+06	4.6641e+06	43821.5   	32618.4   	8121.48   	10106.4   	7610.48   
3.183521	4.69143e+06	4.62911e+06	4.71212e+06	4.71212e+06	44304.2   	32939.3   	8190.37   	10183.6   	7677.57   
3.202247	4.74128e+06	4.67738e+06	4.76015e+06	4.76015e+06	44786.8   	33260.2   	8259.27   	10260.7   	7744.67   
3.220974	4.79112e+06	4.72565e+06	4.80818e+06	4.80818e+06	45269.5   	33581     	8328.16   	10337.9   	7811.76   
3.239700	4.84096e+06	4.77393e+06	4.85621e+06	4.85621e+06	45752.2   	33901.9   	8397.05   	10415.1   	7878.85   
3.258427	4.89081e+06	4.8222e+06	4.90423e+06	4.90423e+06	46234.9   	34222.8   	8465.94   	10492.2   	7945.94   
3.277154	4.94065e+06	4.87047e+06	4.95226e+06	4.95226e+06	46717.5   	34543.7   	8534.83   	10569.4   	8013.04   
3.295880	4.9905e+06	4.91875e+06	5.00029e+06	5.00029e+06	47200.2   	34864.5   	8603.72   	10646.6   	8080.13   
3.314607	5.04034e+06	4.96702e+06	5.04832e+06	5.04832e+06	47682.9   	35185.4   	8672.61   	10723.7   	8147.22   
3.333333	5.09018e+06	5.01529e+06	5.09635e+06	5.09635e+06	48165.5   	35506.3   	8741.51   	10800.9   	8214.31   
3.352060	5.14003e+06	5.06357e+06	5.14437e+06	5.14437e+06	48648.2   	35827.2   	8810.4    	10878.1   	8281.41   
3.370787	5.18987e+06	5.11184e+06	5.1924e+06	5.1924e+06	49130.9   	36148.1   	8879.29   	10955.3   	8348.5    
3.389513	5.23972e+06	5.16011e+06	5.24043e+06	5.24043e+06	49613.5   	36468.9   	8948.18   	11032.4   	8415.59   
3.408240	5.28956e+06	5.20839e+06	5.28846e+06	5.28846e+06	50096.2   	36789.8   	9017.07   	11109.6   	8482.68   
3.426966	5.3394e+06	5.25666e+06	5.33649e+06	5.33649e+06	50578.9   	37110.7   	9085.96   	11186.8   	8549.78   
3.445693	5.38925e+06	5.30493e+06	5.38451e+06	5.38451e+06	51061.5   	37431.6   	9154.86   	11263.9   	8616.87   
3.464419	5.43909e+06	5.35321e+06	5.43254e+06	5.43254e+06	51544.2   	37752.4   	9223.75   	11341.1   	8683.96   
3.483146	5.48894e+06	5.40148e+06	5.48057e+06	5.48057e+06	52026.9   	38073.3   	9292.64   	11418.3   	8751.05   
3.501873	5.53938e+06	5.45037e+06	5.52919e+06	5.52919e+06	52516.2   	38397.8   	9362.67   	11496.7   	8819.25   
3.520599	5.59523e+06	5.50484e+06	5.58312e+06	5.58312e+06	53065.5   	38754.5   	9442.94   	11586.2   	8897.39   
3.539326	5.65108e+06	5.55931e+06	5.63705e+06	5.63705e+06	53614.8   	39111.2   	9523.21   	11675.8   	8975.53   
3.558052	5.70692e+06	5.61377e+06	5.69098e+06	5.69098e+06	54164.1   	39468     	9603.48   	11765.4   	9053.66   
3.576779	5.76277e+06	5.66824e+06	5.74491e+06	5.74491e+06	54713.4   	39824.7   	9683.75   	11854.9   	9131.8    
3.595506	5.81862e+06	5.72271e+06	5.79884e+06	5.79884e+06	55262.6   	40181.4   	9764.03   	11944.5   	9209.94   
3.614232	5.87447e+06	5.77718e+06	5.85277e+06	5.85277e+06	55811.9   	40538.2   	9844.3    	12034     	9288.07   
3.632959	5.93031e+06	5.83164e+06	5.9067e+06	5.9067e+06	56361.2   	40894.9   	9924.57   	12123.6   	9366.21   
3.651685	5.98616e+06	5.88611e+06	5.96063e+06	5.96063e+06	56910.5   	41251.6   	10004.8   	12213.1   	9444.35   
3.670412	6.04201e+06	5.94058e+06	6.01456e+06	6.01456e+06	57459.8   	41608.4   	10085.1   	12302.7   	9522.48   
3.689139	6.09785e+06	5.99504e+06	6.06849e+06	6.06849e+06	58009.1   	41965.1   	10165.4   	12392.3   	9600.62   
3.707865	6.1537e+06	6.04951e+06	6.12241e+06	6.12241e+06	58558.4   	42321.8   	10245.7   	12481.8   	9678.76   
3.726592	6.20955e+06	6.10398e+06	6.17634e+06	6.17634e+06	59107.6   	42678.6   	10325.9   	12571.4   	9756.89   
3.745318	6.2654e+06	6.15845e+06	6.23027e+06	6.23027e+06	59656.9   	43035.3   	10406.2   	12660.9   	9835.03   
3.764045	6.32124e+06	6.21291e+06	6.2842e+06	6.2842e+06	60206.2   	43392     	10486.5   	12750.5   	9913.17   
3.782772	6.37709e+06	6.26738e+06	6.33813e+06	6.33813e+06	60755.5   	43748.8   	10566.7   	12840     	9991.3    
3.801498	6.43294e+06	6.32185e+06	6.39206e+06	6.39206e+06	61304.8   	44105.5   	10647     	12929.6   	10069.4   
3.820225	6.48879e+06	6.37632e+06	6.44599e+06	6.44599e+06	61854.1   	44462.2   	10727.3   	13019.2   	10147.6   
3.838951	6.54463e+06	6.43078e+06	6.49992e+06	6.49992e+06	62403.4   	44819     	10807.6   	13108.7   	10225.7   
3.857678	6.60048e+06	6.48525e+06	6.55385e+06	6.55385e+06	62952.7   	45175.7   	10887.8   	13198.3   	10303.8   
3.876404	6.65633e+06	6.53972e+06	6.60778e+06	6.60778e+06	63501.9   	45532.4   	10968.1   	13287.8   	10382     
3.895131	6.71218e+06	6.59419e+06	6.66171e+06	6.66171e+06	64051.2   	45889.2   	11048.4   	13377.4   	10460.1   
3.913858	6.76802e+06	6.64865e+06	6.71564e+06	6.71564e+06	64600.5   	46245.9   	11128.6   	13467     	10538.3   
3.932584	6.82387e+06	6.70312e+06	6.76957e+06	6.76957e+06	65149.8   	46602.6   	11208.9   	13556.5   	10616.4   
3.951311	6.87972e+06	6.75759e+06	6.8235e+06	6.8235e+06	65699.1   	46959.4   	11289.2   	13646.1   	10694.5   
3.970037	6.93556e+06	6.81205e+06	6.87743e+06	6.87743e+06	66248.4   	47316.1   	11369.5   	13735.6   	10772.7   
3.988764	6.99141e+06	6.86652e+06	6.93136e+06	6.93136e+06	66797.7   	47672.8   	11449.7   	13825.2   	10850.8   
4.007491	7.04962e+06	6.92343e+06	6.98763e+06	6.98763e+06	67373.5   	48043.7   	11534.3   	13919.3   	10933.1   
4.026217	7.11137e+06	6.98402e+06	7.04739e+06	7.04739e+06	67989.3   	48435.8   	11625.3   	14020.3   	11021.8   
4.044944	7.17311e+06	7.0446e+06	7.10715e+06	7.10715e+06	68605.1   	48827.9   	11716.3   	14121.3   	11110.4   
4.063670	7.23486e+06	7.10518e+06	7.16691e+06	7.16691e+06	69220.9   	49220     	11807.3   	14222.3   	11199     
4.082397	7.29661e+06	7.16576e+06	7.22667e+06	7.22667e+06	69836.7   	49612.1   	11898.3   	14323.3   	11287.6   
4.101124	7.35835e+06	7.22634e+06	7.28644e+06	7.28644e+06	70452.5   	50004.2   	11989.4   	14424.3   	11376.3   
4.119850	7.4201e+06	7.28692e+06	7.3462e+06	7.3462e+06	71068.3   	50396.3   	12080.4   	14525.3   	11464.9   
4.138577	7.48185e+06	7.3475e+06	7.40596e+06	7.40596e+06	71684.1   	50788.4   	12171.4   	14626.3   	11553.5   
4.157303	7.54359e+06	7.40808e+06	7.46572e+06	7.46572e+06	72299.9   	51180.5   	12262.4   	14727.3   	11642.2   
4.176030	7.60534e+06	7.46866e+06	7.52548e+06	7.52548e+06	72915.7   	51572.6   	12353.4   	14828.2   	11730.8   
4.194757	7.66709e+06	7.52925e+06	7.58525e+06	7.58525e+06	73531.5   	51964.7   	12444.4   	14929.2   	11819.4   
4.213483	7.72883e+06	7.58983e+06	7.64501e+06	7.64501e+06	74147.2   	52356.8   	12535.4   	15030.2   	11908     
4.232210	7.79058e+06	7.65041e+06	7.70477e+06	7.70477e+06	74763     	52748.9   	12626.4   	15131.2   	11996.7   
4.250936	7.85233e+06	7.71099e+06	7.76453e+06	7.76453e+06	75378.8   	53141     	12717.5   	15232.2   	12085.3   
4.269663	7.91407e+06	7.77157e+06	7.82429e+06	7.82429e+06	75994.6   	53533.1   	12808.5   	15333.2   	12173.9   
4.288390	7.97582e+06	7.83215e+06	7.88406e+06	7.88406e+06	76610.4   	53925.2   	12899.5   	15434.2   	12262.5   
4.307116	8.03757e+06	7.89273e+06	7.94382e+06	7.94382e+06	77226.2   	54317.3   	12990.5   	15535.2   	12351.2   
4.325843	8.09932e+06	7.95331e+06	8.00358e+06	8.00358e+06	77842     	54709.3   	13081.5   	15636.2   	12439.8   
4.344569	8.16106e+06	8.0139e+06	8.06334e+06	8.06334e+06	78457.8   	55101.4   	13172.5   	15737.2   	12528.4   
4.363296	8.22281e+06	8.07448e+06	8.1231e+06	8.1231e+06	79073.6   	55493.5   	13263.5   	15838.2   	12617     
4.382022	8.28456e+06	8.13506e+06	8.18287e+06	8.18287e+06	79689.4   	55885.6   	13354.5   	15939.2   	12705.7   
4.400749	8.3463e+06	8.19564e+06	8.24263e+06	8.24263e+06	80305.2   	56277.7   	13445.6   	16040.2   	12794.3   
4.419476	8.40805e+06	8.25622e+06	8.30239e+06	8.30239e+06	80920.9   	56669.8   	13536.6   	16141.1   	12882.9   
4.438202	8.4698e+06	8.3168e+06	8.36215e+06	8.36215e+06	81536.7   	57061.9   	13627.6   	16242.1   	12971.6   
4.456929	8.53154e+06	8.37738e+06	8.42191e+06	8.42191e+06	82152.5   	57454     	13718.6   	16343.1   	13060.2   
4.475655	8.59329e+06	8.43796e+06	8.48168e+06	8.48168e+06	82768.3   	57846.1   	13809.6   	16444.1   	13148.8   
4.494382	8.65504e+06	8.49854e+06	8.54144e+06	8.54144e+06	83384.1   	58238.2   	13900.6   	16545.1   	13237.4   
4.513109	8.72085e+06	8.56335e+06	8.60524e+06	8.60524e+06	84046.3   	58654.7   	13998.8   	16653.6   	13333.1   
4.531835	8.78841e+06	8.62998e+06	8.67077e+06	8.67077e+06	84728.4   	59081.7   	14100.1   	16765.4   	13431.9   
4.550562	8.85596e+06	8.6966e+06	8.7363e+06	8.7363e+06	85410.5   	59508.7   	14201.5   	16877.1   	13530.6   
4.569288	8.92352e+06	8.76322e+06	8.80183e+06	8.80183e+06	86092.7   	59935.7   	14302.8   	16988.8   	13629.3   
4.588015	8.99107e+06	8.82984e+06	8.86736e+06	8.86736e+06	86774.8   	60362.7   	14404.1   	17100.6   	13728.1   
4.606742	9.05863e+06	8.89646e+06	8.93289e+06	8.93289e+06	87456.9   	60789.7   	14505.4   	17212.3   	13826.8   
4.625468	9.12619e+06	8.96308e+06	8.99843e+06	8.99843e+06	88139     	61216.7   	14606.7   	17324     	13925.6   
4.644195	9.19374e+06	9.02971e+06	9.06396e+06	9.06396e+06	88821.1   	61643.7   	14708     	17435.8   	14024.3   
4.662921	9.2613e+06	9.09633e+06	9.12949e+06	9.12949e+06	89503.2   	62070.7   	14809.3   	17547.5   	14123     
4.681648	9.32885e+06	9.16295e+06	9.19502e+06	9.19502e+06	90185.3   	62497.7   	14910.6   	17659.2   	14221.8   
4.700375	9.39641e+06	9.22957e+06	9.26055e+06	9.26055e+06	90867.4   	62924.7   	15011.9   	17771     	14320.5   
4.719101	9.46397e+06	9.29619e+06	9.32608e+06	9.32608e+06	91549.5   	63351.7   	15113.2   	17882.7   	14419.2   
4.737828	9.53152e+06	9.36281e+06	9.39161e+06	9.39161e+06	92231.7   	63778.6   	15214.6   	17994.4   	14518     
4.756554	9.59908e+06	9.42944e+06	9.45714e+06	9.45714e+06	92913.8   	64205.6   	15315.9   	18106.2   	14616.7   
4.775281	9.66663e+06	9.49606e+06	9.52268e+06	9.52268e+06	93595.9   	64632.6   	15417.2   	18217.9   	14715.4   
4.794007	9.73419e+06	9.56268e+06	9.58821e+06	9.58821e+06	94278     	65059.6   	15518.5   	18329.6   	14814.2   
4.812734	9.80174e+06	9.6293e+06	9.65374e+06	9.65374e+06	94960.1   	65486.6   	15619.8   	18441.4   	14912.9   
4.831461	9.8693e+06	9.69592e+06	9.71927e+06	9.71927e+06	95642.2   	65913.6   	15721.1   	18553.1   	15011.6   
4.850187	9.93686e+06	9.76255e+06	9.7848e+06	9.7848e+06	96324.3   	66340.6   	15822.4   	18664.8   	15110.4   
4.868914	1.00044e+07	9.82917e+06	9.85033e+06	9.85033e+06	97006.4   	66767.6   	15923.7   	18776.6   	15209.1   
4.887640	1.0072e+07	9.89579e+06	9.91586e+06	9.91586e+06	97688.6   	67194.6   	16025     	18888.3   	15307.9   
4.906367	1.01395e+07	9.96241e+06	9.98139e+06	9.98139e+06	98370.7   	67621.6   	16126.3   	19000     	15406.6   
4.925094	1.02071e+07	1.0029e+07	1.00469e+07	1.00469e+07	99052.8   	68048.6   	16227.7   	19111.8   	15505.3   
4.943820	1.02746e+07	1.00957e+07	1.01125e+07	1.01125e+07	99734.9   	68475.6   	16329     	19223.5   	15604.1   
4.962547	1.03422e+07	1.01623e+07	1.0178e+07	1.0178e+07	100417    	68902.6   	16430.3   	19335.2   	15702.8   
4.981273	1.04097e+07	1.02289e+07	1.02435e+07	1.02435e+07	101099    	69329.5   	16531.6   	19447     	15801.5   
5.000000	1.04773e+07	1.02955e+07	1.0309e+07	1.0309e+07	101781    	69756.5   	16632.9   	19558.7   	15900.3   
5.018727	1.05506e+07	1.03681e+07	1.03803e+07	1.03803e+07	102529    	70217.9   	16744.2   	19680.7   	16008.9   
5.037453	1.06239e+07	1.04407e+07	1.04515e+07	1.04515e+07	103278    	70679.4   	16855.5   	19802.7   	16117.4   
5.056180	1.06972e+07	1.05133e+07	1.05228e+07	1.05228e+07	104026    	71140.8   	16966.8   	19924.7   	16226     
5.074906	1.07704e+07	1.05859e+07	1.0594e+07	1.0594e+07	104774    	71602.2   	17078.1   	20046.7   	16334.6   
5.093633	1.08437e+07	1.06585e+07	1.06653e+07	1.06653e+07	105522    	72063.6   	17189.4   	20168.7   	16443.2   
5.112360	1.0917e+07	1.07311e+07	1.07365e+07	1.07365e+07	106271    	72525     	17300.7   	20290.6   	16551.8   
5.131086	1.09903e+07	1.08037e+07	1.08077e+07	1.08077e+07	107019    	72986.4   	17412     	20412.6   	16660.4   
5.149813	1.10636e+07	1.08763e+07	1.0879e+07	1.0879e+07	107767    	73447.8   	17523.3   	20534.6   	16769     
5.168539	1.11369e+07	1.09489e+07	1.09502e+07	1.09502e+07	108515    	73909.3   	17634.6   	20656.6   	16877.6   
5.187266	1.12102e+07	1.10215e+07	1.10215e+07	1.10215e+07	109263    	74370.7   	17745.9   	20778.6   	16986.1   
5.205993	1.12834e+07	1.10941e+07	1.10927e+07	1.10927e+07	110012    	74832.1   	17857.2   	20900.6   	17094.7   
5.224719	1.13567e+07	1.11667e+07	1.1164e+07	1.1164e+07	110760    	75293.5   	17968.5   	21022.6   	17203.3   
5.243446	1.143e+07 	1.12393e+07	1.12352e+07	1.12352e+07	111508    	75754.9   	18079.9   	21144.6   	17311.9   
5.262172	1.15033e+07	1.13118e+07	1.13064e+07	1.13064e+07	112256    	76216.3   	18191.2   	21266.5   	17420.5   
5.280899	1.15766e+07	1.13844e+07	1.13777e+07	1.13777e+07	113004    	76677.7   	18302.5   	21388.5   	17529.1   
5.299625	1.16499e+07	1.1457e+07	1.14489e+07	1.14489e+07	113753    	77139.2   	18413.8   	21510.5   	17637.7   
5.318352	1.17231e+07	1.15296e+07	1.15202e+07	1.15202e+07	114501    	77600.6   	18525.1   	21632.5   	17746.3   
5.337079	1.17964e+07	1.16022e+07	1.15914e+07	1.15914e+07	115249    	78062     	18636.4   	21754.5   	17854.8   
5.355805	1.18697e+07	1.16748e+07	1.16627e+07	1.16627e+07	115997    	78523.4   	18747.7   	21876.5   	17963.4   
5.374532	1.1943e+07	1.17474e+07	1.17339e+07	1.17339e+07	116746    	78984.8   	18859     	21998.5   	18072     
5.393258	1.20163e+07	1.182e+07 	1.18051e+07	1.18051e+07	117494    	79446.2   	18970.3   	22120.4   	18180.6   
5.411985	1.20896e+07	1.18926e+07	1.18764e+07	1.18764e+07	118242    	79907.6   	19081.6   	22242.4   	18289.2   
5.430712	1.21629e+07	1.19652e+07	1.19476e+07	1.19476e+07	118990    	80369     	19192.9   	22364.4   	18397.8   
5.449438	1.22361e+07	1.20378e+07	1.20189e+07	1.20189e+07	119738    	80830.5   	19304.2   	22486.4   	18506.4   
5.468165	1.23094e+07	1.21104e+07	1.20901e+07	1.20901e+07	120487    	81291.9   	19415.5   	22608.4   	18614.9   
5.486891	1.23827e+07	1.2183e+07	1.21614e+07	1.21614e+07	121235    	81753.3   	19526.8   	22730.4   	18723.5   
5.505618	1.24577e+07	1.22574e+07	1.22343e+07	1.22343e+07	122003    	82224.9   	19641     	22855.3   	18835     
5.524345	1.25366e+07	1.23359e+07	1.23112e+07	1.23112e+07	122817    	82720.3   	19762.1   	22987.2   	18953.3   
5.543071	1.26156e+07	1.24144e+07	1.23881e+07	1.23881e+07	123631    	83215.7   	19883.2   	23119.1   	19071.5   
5.561798	1.26945e+07	1.24929e+07	1.2465e+07	1.2465e+07	124445    	83711.1   	20004.3   	23250.9   	19189.8   
5.580524	1.27735e+07	1.25714e+07	1.25419e+07	1.25419e+07	125259    	84206.5   	20125.4   	23382.8   	19308     
5.599251	1.28524e+07	1.26499e+07	1.26188e+07	1.26188e+07	126073    	84701.9   	20246.4   	23514.7   	19426.3   
5.617978	1.29313e+07	1.27284e+07	1.26957e+07	1.26957e+07	126887    	85197.3   	20367.5   	23646.6   	19544.5   
5.636704	1.30103e+07	1.28069e+07	1.27726e+07	1.27726e+07	127702    	85692.7   	20488.6   	23778.4   	19662.8   
5.655431	1.30892e+07	1.28854e+07	1.28495e+07	1.28495e+07	128516    	86188.1   	20609.7   	23910.3   	19781     
5.674157	1.31682e+07	1.29639e+07	1.29264e+07	1.29264e+07	129330    	86683.5   	20730.7   	24042.2   	19899.3   
5.692884	1.32471e+07	1.30424e+07	1.30033e+07	1.30033e+07	130144    	87178.9   	20851.8   	24174     	20017.5   
5.711610	1.3326e+07	1.31209e+07	1.30802e+07	1.30802e+07	130958    	87674.3   	20972.9   	24305.9   	20135.8   
5.730337	1.3405e+07	1.31994e+07	1.31571e+07	1.31571e+07	131772    	88169.7   	21094     	24437.8   	20254     
5.749064	1.34839e+07	1.32779e+07	1.3234e+07	1.3234e+07	132586    	88665.1   	21215.1   	24569.7   	20372.3   
5.767790	1.35629e+07	1.33565e+07	1.33109e+07	1.33109e+07	133400    	89160.6   	21336.1   	24701.5   	20490.5   
5.786517	1.36418e+07	1.3435e+07	1.33878e+07	1.33878e+07	134214    	89656     	21457.2   	24833.4   	20608.8   
5.805243	1.37208e+07	1.35135e+07	1.34647e+07	1.34647e+07	135028    	90151.4   	21578.3   	24965.3   	20727     
5.823970	1.37997e+07	1.3592e+07	1.35416e+07	1.35416e+07	135843    	90646.8   	21699.4   	25097.1   	20845.3   
5.842697	1.38786e+07	1.36705e+07	1.36185e+07	1.36185e+07	136657    	91142.2   	21820.4   	25229     	20963.5   
5.861423	1.39576e+07	1.3749e+07	1.36954e+07	1.36954e+07	137471    	91637.6   	21941.5   	25360.9   	21081.8   
5.880150	1.40365e+07	1.38275e+07	1.37723e+07	1.37723e+07	138285    	92133     	22062.6   	25492.7   	21200     
5.898876	1.41155e+07	1.3906e+07	1.38492e+07	1.38492e+07	139099    	92628.4   	22183.7   	25624.6   	21318.3   
5.917603	1.41944e+07	1.39845e+07	1.39261e+07	1.39261e+07	139913    	93123.8   	22304.7   	25756.5   	21436.5   
5.936330	1.42733e+07	1.4063e+07	1.40031e+07	1.40031e+07	140727    	93619.2   	22425.8   	25888.4   	21554.8   
5.955056	1.43523e+07	1.41415e+07	1.408e+07 	1.408e+07 	141541    	94114.6   	22546.9   	26020.2   	21673     
5.973783	1.44312e+07	1.422e+07 	1.41569e+07	1.41569e+07	142355    	94610     	22668     	26152.1   	21791.3   
5.992509	1.45102e+07	1.42985e+07	1.42338e+07	1.42338e+07	143170    	95105.4   	22789.1   	26284     	21909.5   
6.011236	1.45925e+07	1.43806e+07	1.4314e+07	1.4314e+07	144023    	95621     	22915.9   	26421.6   	22033.5   
6.029963	1.4677e+07	1.44649e+07	1.43965e+07	1.43965e+07	144903    	96150     	23046.6   	26563.1   	22161.3   
6.048689	1.47615e+07	1.45493e+07	1.44791e+07	1.44791e+07	145783    	96679     	23177.3   	26704.6   	22289.1   
6.067416	1.48461e+07	1.46336e+07	1.45616e+07	1.45616e+07	146662    	97208     	23308     	26846.1   	22416.8   
6.086142	1.49306e+07	1.4718e+07	1.46441e+07	1.46441e+07	147542    	97737     	23438.7   	26987.6   	22544.6   
6.104869	1.50151e+07	1.48024e+07	1.47266e+07	1.47266e+07	148422    	98266     	23569.4   	27129.1   	22672.4   
6.123596	1.50997e+07	1.48867e+07	1.48091e+07	1.48091e+07	149302    	98795     	23700.1   	27270.6   	22800.2   
6.142322	1.51842e+07	1.49711e+07	1.48916e+07	1.48916e+07	150181    	99324     	23830.8   	27412     	22928     
6.161049	1.52687e+07	1.50555e+07	1.49741e+07	1.49741e+07	151061    	99853     	23961.5   	27553.5   	23055.8   
6.179775	1.53533e+07	1.51398e+07	1.50566e+07	1.50566e+07	151941    	100382    	24092.2   	27695     	23183.6   
6.198502	1.54378e+07	1.52242e+07	1.51392e+07	1.51392e+07	152821    	100911    	24222.9   	27836.5   	23311.4   
6.217228	1.55223e+07	1.53085e+07	1.52217e+07	1.52217e+07	153701    	101440    	24353.6   	27978     	23439.1   
6.235955	1.56068e+07	1.53929e+07	1.53042e+07	1.53042e+07	154580    	101969    	24484.3   	28119.5   	23566.9   
6.254682	1.56914e+07	1.54773e+07	1.53867e+07	1.53867e+07	155460    	102498    	24615     	28261     	23694.7   
6.273408	1.57759e+07	1.55616e+07	1.54692e+07	1.54692e+07	156340    	103027    	24745.7   	28402.5   	23822.5   
6.292135	1.58604e+07	1.5646e+07	1.55517e+07	1.55517e+07	157220    	103556    	24876.4   	28544     	23950.3   
6.310861	1.5945e+07	1.57304e+07	1.56342e+07	1.56342e+07	158099    	104085    	25007.1   	28685.5   	24078.1   
6.329588	1.60295e+07	1.58147e+07	1.57168e+07	1.57168e+07	158979    	104614    	25137.8   	28826.9   	24205.9   
6.348315	1.6114e+07	1.58991e+07	1.57993e+07	1.57993e+07	159859    	105143    	25268.5   	28968.4   	24333.6   
6.367041	1.61986e+07	1.59834e+07	1.58818e+07	1.58818e+07	160739    	105672    	25399.2   	29109.9   	24461.4   
6.385768	1.62831e+07	1.60678e+07	1.59643e+07	1.59643e+07	161619    	106201    	25529.9   	29251.4   	24589.2   
6.404494	1.63676e+07	1.61522e+07	1.60468e+07	1.60468e+07	162498    	106730    	25660.6   	29392.9   	24717     
6.423221	1.64522e+07	1.62365e+07	1.61293e+07	1.61293e+07	163378    	107259    	25791.3   	29534.4   	24844.8   
6.441948	1.65367e+07	1.63209e+07	1.62118e+07	1.62118e+07	164258    	107788    	25922     	29675.9   	24972.6   
6.460674	1.66212e+07	1.64053e+07	1.62944e+07	1.62944e+07	165138    	108317    	26052.7   	29817.4   	25100.4   
6.479401	1.67058e+07	1.64896e+07	1.63769e+07	1.63769e+07	166017    	108846    	26183.4   	29958.9   	25228.1   
6.498127	1.67903e+07	1.6574e+07	1.64594e+07	1.64594e+07	166897    	109375    	26314.1   	30100.4   	25355.9   
6.516854	1.68798e+07	1.66636e+07	1.65469e+07	1.65469e+07	167836    	109934    	26453.3   	30250.3   	25492.2   
6.535581	1.69699e+07	1.67537e+07	1.6635e+07	1.6635e+07	168781    	110496    	26593.5   	30401.2   	25629.4   
6.554307	1.70599e+07	1.68439e+07	1.67231e+07	1.67231e+07	169726    	111059    	26733.7   	30552.1   	25766.6   
6.573034	1.715e+07 	1.69341e+07	1.68111e+07	1.68111e+07	170672    	111621    	26873.9   	30703     	25903.8   
6.591760	1.72401e+07	1.70242e+07	1.68992e+07	1.68992e+07	171617    	112183    	27014.1   	30853.8   	26041     
6.610487	1.73301e+07	1.71144e+07	1.69873e+07	1.69873e+07	172562    	112745    	27154.3   	31004.7   	26178.3   
6.629213	1.74202e+07	1.72046e+07	1.70754e+07	1.70754e+07	173508    	113308    	27294.5   	31155.6   	26315.5   
6.647940	1.75102e+07	1.72947e+07	1.71635e+07	1.71635e+07	174453    	113870    	27434.7   	31306.5   	26452.7   
6.666667	1.76003e+07	1.73849e+07	1.72515e+07	1.72515e+07	175398    	114432    	27574.9   	31457.4   	26589.9   
6.685393	1.76904e+07	1.74751e+07	1.73396e+07	1.73396e+07	176343    	114994    	27715.1   	31608.2   	26727.1   
6.704120	1.77804e+07	1.75652e+07	1.74277e+07	1.74277e+07	177289    	115557    	27855.3   	31759.1   	26864.3   
6.722846	1.78705e+07	1.76554e+07	1.75158e+07	1.75158e+07	178234    	116119    	27995.5   	31910     	27001.5   
6.741573	1.79606e+07	1.77456e+07	1.76039e+07	1.76039e+07	179179    	116681    	28135.7   	32060.9   	27138.7   
6.760300	1.80506e+07	1.78357e+07	1.7692e+07	1.7692e+07	180124    	117243    	28275.8   	32211.8   	27276     
6.779026	1.81407e+07	1.79259e+07	1.778e+07 	1.778e+07 	181070    	117806    	28416     	32362.7   	27413.2   
6.797753	1.82307e+07	1.80161e+07	1.78681e+07	1.78681e+07	182015    	118368    	28556.2   	32513.5   	27550.4   
6.816479	1.83208e+07	1.81062e+07	1.79562e+07	1.79562e+07	182960    	118930    	28696.4   	32664.4   	27687.6   
6.835206	1.84109e+07	1.81964e+07	1.80443e+07	1.80443e+07	183905    	119492    	28836.6   	32815.3   	27824.8   
6.853933	1.85009e+07	1.82866e+07	1.81324e+07	1.81324e+07	184851    	120055    	28976.8   	32966.2   	27962     
6.872659	1.8591e+07	1.83767e+07	1.82204e+07	1.82204e+07	185796    	120617    	29117     	33117.1   	28099.2   
6.891386	1.86811e+07	1.84669e+07	1.83085e+07	1.83085e+07	186741    	121179    	29257.2   	33268     	28236.4   
6.910112	1.87711e+07	1.85571e+07	1.83966e+07	1.83966e+07	187686    	121741    	29397.4   	33418.8   	28373.7   
6.928839	1.88612e+07	1.86472e+07	1.84847e+07	1.84847e+07	188632    	122304    	29537.6   	33569.7   	28510.9   
6.947566	1.89512e+07	1.87374e+07	1.85728e+07	1.85728e+07	189577    	122866    	29677.8   	33720.6   	28648.1   
6.966292	1.90413e+07	1.88276e+07	1.86608e+07	1.86608e+07	190522    	123428    	29818     	33871.5   	28785.3   
6.985019	1.91314e+07	1.89177e+07	1.87489e+07	1.87489e+07	191467    	123990    	29958.2   	34022.4   	28922.5   
7.003745	1.92225e+07	1.9009e+07	1.88381e+07	1.88381e+07	192426    	124559    	30100.2   	34175.1   	29061.6   
7.022472	1.93181e+07	1.9105e+07	1.89317e+07	1.89317e+07	193436    	125154    	30249.8   	34335.2   	29208.2   
7.041199	1.94136e+07	1.92009e+07	1.90253e+07	1.90253e+07	194447    	125750    	30399.4   	34495.3   	29354.7   
7.059925	1.95091e+07	1.92968e+07	1.91189e+07	1.91189e+07	195457    	126345    	30549     	34655.4   	29501.3   
7.078652	1.96047e+07	1.93927e+07	1.92125e+07	1.92125e+07	196468    	126940    	30698.6   	34815.5   	29647.8   
7.097378	1.97002e+07	1.94886e+07	1.93062e+07	1.93062e+07	197479    	127535    	30848.2   	34975.6   	29794.4   
7.116105	1.97957e+07	1.95846e+07	1.93998e+07	1.93998e+07	198489    	128130    	30997.8   	35135.8   	29941     
7.134831	1.98913e+07	1.96805e+07	1.94934e+07	1.94934e+07	199500    	128726    	31147.4   	35295.9   	30087.5   
7.153558	1.99868e+07	1.97764e+07	1.9587e+07	1.9587e+07	200510    	129321    	31297     	35456     	30234.1   
7.172285	2.00824e+07	1.98723e+07	1.96806e+07	1.96806e+07	201521    	129916    	31446.6   	35616.1   	30380.7   
7.191011	2.01779e+07	1.99683e+07	1.97742e+07	1.97742e+07	202531    	130511    	31596.2   	35776.2   	30527.2   
7.209738	2.02734e+07	2.00642e+07	1.98678e+07	1.98678e+07	203542    	131106    	31745.8   	35936.3   	30673.8   
7.228464	2.0369e+07	2.01601e+07	1.99614e+07	1.99614e+07	204553    	131701    	31895.4   	36096.4   	30820.4   
7.247191	2.04645e+07	2.0256e+07	2.0055e+07	2.0055e+07	205563    	132297    	32045     	36256.5   	30966.9   
7.265918	2.056e+07 	2.0352e+07	2.01486e+07	2.01486e+07	206574    	132892    	32194.6   	36416.6   	31113.5   
7.284644	2.06556e+07	2.04479e+07	2.02422e+07	2.02422e+07	207584    	133487    	32344.2   	36576.7   	31260     
7.303371	2.07511e+07	2.05438e+07	2.03358e+07	2.03358e+07	208595    	134082    	32493.8   	36736.8   	31406.6   
7.322097	2.08466e+07	2.06397e+07	2.04295e+07	2.04295e+07	209605    	134677    	32643.3   	36896.9   	31553.2   
7.340824	2.09422e+07	2.07356e+07	2.05231e+07	2.05231e+07	210616    	135272    	32792.9   	37057     	31699.7   
7.359551	2.10377e+07	2.08316e+07	2.06167e+07	2.06167e+07	211626    	135868    	32942.5   	37217.2   	31846.3   
7.378277	2.11333e+07	2.09275e+07	2.07103e+07	2.07103e+07	212637    	136463    	33092.1   	37377.3   	31992.9   
7.397004	2.12288e+07	2.10234e+07	2.08039e+07	2.08039e+07	213648    	137058    	33241.7   	37537.4   	32139.4   
7.415730	2.13243e+07	2.11193e+07	2.08975e+07	2.08975e+07	214658    	137653    	33391.3   	37697.5   	32286     
7.434457	2.14199e+07	2.12153e+07	2.09911e+07	2.09911e+07	215669    	138248    	33540.9   	37857.6   	32432.5   
7.453184	2.15154e+07	2.13112e+07	2.10847e+07	2.10847e+07	216679    	138844    	33690.5   	38017.7   	32579.1   
7.471910	2.16109e+07	2.14071e+07	2.11783e+07	2.11783e+07	217690    	139439    	33840.1   	38177.8   	32725.7   
7.490637	2.17065e+07	2.1503e+07	2.12719e+07	2.12719e+07	218700    	140034    	33989.7   	38337.9   	32872.2   
7.509363	2.18047e+07	2.16018e+07	2.13683e+07	2.13683e+07	219744    	140645    	34144     	38502.6   	33023.4   
7.528090	2.19057e+07	2.17034e+07	2.14674e+07	2.14674e+07	220819    	141273    	34302.9   	38671.8   	33179.3   
7.546816	2.20066e+07	2.18051e+07	2.15665e+07	2.15665e+07	221895    	141901    	34461.8   	38840.9   	33335.1   
7.565543	2.21076e+07	2.19067e+07	2.16656e+07	2.16656e+07	222971    	142529    	34620.7   	39010.1   	33491     
7.584270	2.22085e+07	2.20083e+07	2.17647e+07	2.17647e+07	224046    	143157    	34779.7   	39179.3   	33646.9   
7.602996	2.23095e+07	2.211e+07 	2.18638e+07	2.18638e+07	225122    	143785    	34938.6   	39348.5   	33802.7   
7.621723	2.24105e+07	2.22116e+07	2.19629e+07	2.19629e+07	226198    	144412    	35097.5   	39517.7   	33958.6   
7.640449	2.25114e+07	2.23133e+07	2.2062e+07	2.2062e+07	227274    	145040    	35256.4   	39686.9   	34114.4   
7.659176	2.26124e+07	2.24149e+07	2.21611e+07	2.21611e+07	228349    	145668    	35415.3   	39856.1   	34270.3   
7.677903	2.27133e+07	2.25165e+07	2.22602e+07	2.22602e+07	229425    	146296    	35574.3   	40025.3   	34426.1   
7.696629	2.28143e+07	2.26182e+07	2.23593e+07	2.23593e+07	230501    	146924    	35733.2   	40194.5   	34582     
7.715356	2.29153e+07	2.27198e+07	2.24584e+07	2.24584e+07	231576    	147552    	35892.1   	40363.7   	34737.8   
7.734082	2.30162e+07	2.28214e+07	2.25575e+07	2.25575e+07	232652    	148179    	36051     	40532.8   	34893.7   
7.752809	2.31172e+07	2.29231e+07	2.26566e+07	2.26566e+07	233728    	148807    	36210     	40702     	35049.5   
7.771536	2.32181e+07	2.30247e+07	2.27557e+07	2.27557e+07	234804    	149435    	36368.9   	40871.2   	35205.4   
7.790262	2.33191e+07	2.31263e+07	2.28548e+07	2.28548e+07	235879    	150063    	36527.8   	41040.4   	35361.2   
7.808989	2.342e+07 	2.3228e+07	2.29539e+07	2.29539e+07	236955    	150691    	36686.7   	41209.6   	35517.1   
7.827715	2.3521e+07	2.33296e+07	2.3053e+07	2.3053e+07	238031    	151318    	36845.6   	41378.8   	35672.9   
7.846442	2.3622e+07	2.34312e+07	2.31521e+07	2.31521e+07	239106    	151946    	37004.6   	41548     	35828.8   
7.865169	2.37229e+07	2.35329e+07	2.32512e+07	2.32512e+07	240182    	152574    	37163.5   	41717.2   	35984.6   
7.883895	2.38239e+07	2.36345e+07	2.33503e+07	2.33503e+07	241258    	153202    	37322.4   	41886.4   	36140.5   
7.902622	2.39248e+07	2.37362e+07	2.34494e+07	2.34494e+07	242334    	153830    	37481.3   	42055.5   	36296.3   
7.921348	2.40258e+07	2.38378e+07	2.35485e+07	2.35485e+07	243409    	154458    	37640.3   	42224.7   	36452.2   
7.940075	2.41267e+07	2.39394e+07	2.36476e+07	2.36476e+07	244485    	155085    	37799.2   	42393.9   	36608     
7.958801	2.42277e+07	2.40411e+07	2.37467e+07	2.37467e+07	245561    	155713    	37958.1   	42563.1   	36763.9   
7.977528	2.43287e+07	2.41427e+07	2.38458e+07	2.38458e+07	246636    	156341    	38117     	42732.3   	36919.7   
7.996255	2.44296e+07	2.42443e+07	2.39449e+07	2.39449e+07	247712    	156969    	38275.9   	42901.5   	37075.6   
8.014981	2.45349e+07	2.43505e+07	2.40483e+07	2.40483e+07	248840    	157623    	38442.3   	43077.9   	37238.8   
8.033708	2.46412e+07	2.44578e+07	2.41529e+07	2.41529e+07	249981    	158283    	38610.5   	43256     	37403.9   
8.052434	2.47475e+07	2.45651e+07	2.42574e+07	2.42574e+07	251121    	158943    	38778.7   	43434.2   	37569     
8.071161	2.48539e+07	2.46724e+07	2.4362e+07	2.4362e+07	252262    	159604    	38946.8   	43612.3   	37734.1   
8.089888	2.49602e+07	2.47797e+07	2.44666e+07	2.44666e+07	253403    	160264    	39115     	43790.5   	37899.2   
8.108614	2.50665e+07	2.4887e+07	2.45711e+07	2.45711e+07	254544    	160924    	39283.2   	43968.6   	38064.3   
8.127341	2.51729e+07	2.49944e+07	2.46757e+07	2.46757e+07	255684    	161584    	39451.4   	44146.8   	38229.4   
8.146067	2.52792e+07	2.51017e+07	2.47802e+07	2.47802e+07	256825    	162245    	39619.6   	44324.9   	38394.4   
8.164794	2.53855e+07	2.5209e+07	2.48848e+07	2.48848e+07	257966    	162905    	39787.8   	44503.1   	38559.5   
8.183521	2.54919e+07	2.53163e+07	2.49893e+07	2.49893e+07	259107    	163565    	39956     	44681.2   	38724.6   
8.202247	2.55982e+07	2.54236e+07	2.50939e+07	2.50939e+07	260247    	164225    	40124.2   	44859.4   	38889.7   
8.220974	2.57045e+07	2.55309e+07	2.51984e+07	2.51984e+07	261388    	164886    	40292.4   	45037.5   	39054.8   
8.239700	2.58108e+07	2.56382e+07	2.5303e+07	2.5303e+07	262529    	165546    	40460.5   	45215.7   	39219.9   
8.258427	2.59172e+07	2.57455e+07	2.54076e+07	2.54076e+07	263669    	166206    	40628.7   	45393.8   	39385     
8.277154	2.60235e+07	2.58528e+07	2.55121e+07	2.55121e+07	264810    	166866    	40796.9   	45572     	39550.1   
8.295880	2.61298e+07	2.59601e+07	2.56167e+07	2.56167e+07	265951    	167527    	40965.1   	45750.2   	39715.2   
8.314607	2.62362e+07	2.60674e+07	2.57212e+07	2.57212e+07	267092    	168187    	41133.3   	45928.3   	39880.2   
8.333333	2.63425e+07	2.61748e+07	2.58258e+07	2.58258e+07	268232    	168847    	41301.5   	46106.5   	40045.3   
8.352060	2.64488e+07	2.62821e+07	2.59303e+07	2.59303e+07	269373    	169508    	41469.7   	46284.6   	40210.4   
8.370787	2.65552e+07	2.63894e+07	2.60349e+07	2.60349e+07	270514    	170168    	41637.9   	46462.8   	40375.5   
8.389513	2.66615e+07	2.64967e+07	2.61395e+07	2.61395e+07	271655    	170828    	41806.1   	46640.9   	40540.6   
8.408240	2.67678e+07	2.6604e+07	2.6244e+07	2.6244e+07	272795    	171488    	41974.3   	46819.1   	40705.7   
8.426966	2.68741e+07	2.67113e+07	2.63486e+07	2.63486e+07	273936    	172149    	42142.4   	46997.2   	40870.8   
8.445693	2.69805e+07	2.68186e+07	2.64531e+07	2.64531e+07	275077    	172809    	42310.6   	47175.4   	41035.9   
8.464419	2.70868e+07	2.69259e+07	2.65577e+07	2.65577e+07	276218    	173469    	42478.8   	47353.5   	41201     
8.483146	2.71931e+07	2.70332e+07	2.66622e+07	2.66622e+07	277358    	174129    	42647     	47531.7   	41366     
8.501873	2.73e+07  	2.71411e+07	2.67673e+07	2.67673e+07	278506    	174793    	42816.1   	47710.7   	41532     
8.520599	2.74117e+07	2.7254e+07	2.68773e+07	2.68773e+07	279711    	175485    	42993.5   	47897.7   	41706.3   
8.539326	2.75233e+07	2.7367e+07	2.69873e+07	2.69873e+07	280917    	176178    	43170.9   	48084.8   	41880.6   
8.558052	2.7635e+07	2.74799e+07	2.70973e+07	2.70973e+07	282122    	176870    	43348.3   	48271.8   	42054.9   
8.576779	2.77466e+07	2.75929e+07	2.72073e+07	2.72073e+07	283328    	177563    	43525.7   	48458.8   	42229.2   
8.595506	2.78583e+07	2.77058e+07	2.73172e+07	2.73172e+07	284534    	178255    	43703.2   	48645.8   	42403.5   
8.614232	2.79699e+07	2.78188e+07	2.74272e+07	2.74272e+07	285739    	178948    	43880.6   	48832.8   	42577.8   
8.632959	2.80816e+07	2.79317e+07	2.75372e+07	2.75372e+07	286945    	179640    	44058     	49019.8   	42752.1   
8.651685	2.81933e+07	2.80446e+07	2.76472e+07	2.76472e+07	288151    	180333    	44235.4   	49206.9   	42926.3   
8.670412	2.83049e+07	2.81576e+07	2.77572e+07	2.77572e+07	289356    	181025    	44412.8   	49393.9   	43100.6   
8.689139	2.84166e+07	2.82705e+07	2.78671e+07	2.78671e+07	290562    	181718    	44590.2   	49580.9   	43274.9   
8.707865	2.85282e+07	2.83835e+07	2.79771e+07	2.79771e+07	291768    	182410    	44767.6   	49767.9   	43449.2   
8.726592	2.86399e+07	2.84964e+07	2.80871e+07	2.80871e+07	292973    	183102    	44945     	49954.9   	43623.5   
8.745318	2.87515e+07	2.86094e+07	2.81971e+07	2.81971e+07	294179    	183795    	45122.4   	50142     	43797.8   
8.764045	2.88632e+07	2.87223e+07	2.83071e+07	2.83071e+07	295384    	184487    	45299.8   	50329     	43972.1   
8.782772	2.89748e+07	2.88353e+07	2.84171e+07	2.84171e+07	296590    	185180    	45477.2   	50516     	44146.4   
8.801498	2.90865e+07	2.89482e+07	2.8527e+07	2.8527e+07	297796    	185872    	45654.6   	50703     	44320.6   
8.820225	2.91982e+07	2.90611e+07	2.8637e+07	2.8637e+07	299001    	186565    	45832     	50890     	44494.9   
8.838951	2.93098e+07	2.91741e+07	2.8747e+07	2.8747e+07	300207    	187257    	46009.5   	51077     	44669.2   
8.857678	2.94215e+07	2.9287e+07	2.8857e+07	2.8857e+07	301413    	187950    	46186.9   	51264.1   	44843.5   
8.876404	2.95331e+07	2.94e+07  	2.8967e+07	2.8967e+07	302618    	188642    	46364.3   	51451.1   	45017.8   
8.895131	2.96448e+07	2.95129e+07	2.90769e+07	2.90769e+07	303824    	189335    	46541.7   	51638.1   	45192.1   
8.913858	2.97564e+07	2.96259e+07	2.91869e+07	2.91869e+07	305030    	190027    	46719.1   	51825.1   	45366.4   
8.932584	2.98681e+07	2.97388e+07	2.92969e+07	2.92969e+07	306235    	190720    	46896.5   	52012.1   	45540.6   
8.951311	2.99798e+07	2.98518e+07	2.94069e+07	2.94069e+07	307441    	191412    	47073.9   	52199.1   	45714.9   
8.970037	3.00914e+07	2.99647e+07	2.95169e+07	2.95169e+07	308646    	192104    	47251.3   	52386.2   	45889.2   
8.988764	3.02031e+07	3.00776e+07	2.96269e+07	2.96269e+07	309852    	192797    	47428.7   	52573.2   	46063.5   
9.007491	3.03168e+07	3.01928e+07	2.9739e+07	2.9739e+07	311084    	193502    	47609.8   	52763.7   	46241.5   
9.026217	3.04338e+07	3.03114e+07	2.98544e+07	2.98544e+07	312354    	194227    	47796.4   	52959.5   	46424.9   
9.044944	3.05507e+07	3.04299e+07	2.99698e+07	2.99698e+07	313624    	194951    	47983     	53155.3   	46608.4   
9.063670	3.06676e+07	3.05485e+07	3.00851e+07	3.00851e+07	314895    	195675    	48169.5   	53351.1   	46791.8   
9.082397	3.07846e+07	3.0667e+07	3.02005e+07	3.02005e+07	316165    	196400    	48356.1   	53546.9   	46975.3   
9.101124	3.09015e+07	3.07856e+07	3.03159e+07	3.03159e+07	317436    	197124    	48542.7   	53742.7   	47158.7   
9.119850	3.10185e+07	3.09041e+07	3.04313e+07	3.04313e+07	318706    	197848    	48729.3   	53938.5   	47342.2   
9.138577	3.11354e+07	3.10227e+07	3.05466e+07	3.05466e+07	319977    	198573    	48915.9   	54134.3   	47525.6   
9.157303	3.12523e+07	3.11412e+07	3.0662e+07	3.0662e+07	321247    	199297    	49102.4   	54330     	47709.1   
9.176030	3.13693e+07	3.12597e+07	3.07774e+07	3.07774e+07	322518    	200021    	49289     	54525.8   	47892.5   
9.194757	3.14862e+07	3.13783e+07	3.08928e+07	3.08928e+07	323788    	200746    	49475.6   	54721.6   	48076     
9.213483	3.16032e+07	3.14968e+07	3.10082e+07	3.10082e+07	325058    	201470    	49662.2   	54917.4   	48259.4   
9.232210	3.17201e+07	3.16154e+07	3.11235e+07	3.11235e+07	326329    	202194    	49848.8   	55113.2   	48442.9   
9.250936	3.1837e+07	3.17339e+07	3.12389e+07	3.12389e+07	327599    	202919    	50035.4   	55309     	48626.3   
9.269663	3.1954e+07	3.18525e+07	3.13543e+07	3.13543e+07	328870    	203643    	50221.9   	55504.8   	48809.8   
9.288390	3.20709e+07	3.1971e+07	3.14697e+07	3.14697e+07	330140    	204367    	50408.5   	55700.6   	48993.2   
9.307116	3.21878e+07	3.20896e+07	3.15851e+07	3.15851e+07	331411    	205092    	50595.1   	55896.4   	49176.7   
9.325843	3.23048e+07	3.22081e+07	3.17004e+07	3.17004e+07	332681    	205816    	50781.7   	56092.2   	49360.1   
9.344569	3.24217e+07	3.23267e+07	3.18158e+07	3.18158e+07	333951    	206540    	50968.3   	56288     	49543.6   
9.363296	3.25387e+07	3.24452e+07	3.19312e+07	3.19312e+07	335222    	207265    	51154.9   	56483.8   	49727     
9.382022	3.26556e+07	3.25638e+07	3.20466e+07	3.20466e+07	336492    	207989    	51341.4   	56679.6   	49910.5   
9.400749	3.27725e+07	3.26823e+07	3.21619e+07	3.21619e+07	337763    	208713    	51528     	56875.3   	50093.9   
9.419476	3.28895e+07	3.28008e+07	3.22773e+07	3.22773e+07	339033    	209438    	51714.6   	57071.1   	50277.4   
9.438202	3.30064e+07	3.29194e+07	3.23927e+07	3.23927e+07	340304    	210162    	51901.2   	57266.9   	50460.8   
9.456929	3.31233e+07	3.30379e+07	3.25081e+07	3.25081e+07	341574    	210886    	52087.8   	57462.7   	50644.3   
9.475655	3.32403e+07	3.31565e+07	3.26235e+07	3.26235e+07	342844    	211611    	52274.4   	57658.5   	50827.7   
9.494382	3.33572e+07	3.3275e+07	3.27388e+07	3.27388e+07	344115    	212335    	52460.9   	57854.3   	51011.2   
9.513109	3.34778e+07	3.33976e+07	3.2858e+07	3.2858e+07	345431    	213081    	52653.9   	58056.2   	51201     
9.531835	3.36e+07  	3.35218e+07	3.29787e+07	3.29787e+07	346766    	213837    	52849.6   	58260.7   	51393.6   
9.550562	3.37222e+07	3.36461e+07	3.30995e+07	3.30995e+07	348101    	214593    	53045.4   	58465.2   	51586.2   
9.569288	3.38444e+07	3.37703e+07	3.32202e+07	3.32202e+07	349436    	215349    	53241.1   	58669.7   	51778.8   
9.588015	3.39665e+07	3.38946e+07	3.3341e+07	3.3341e+07	350771    	216105    	53436.8   	58874.1   	51971.3   
9.606742	3.40887e+07	3.40188e+07	3.34617e+07	3.34617e+07	352106    	216861    	53632.5   	59078.6   	52163.9   
9.625468	3.42109e+07	3.4143e+07	3.35825e+07	3.35825e+07	353442    	217617    	53828.2   	59283.1   	52356.5   
9.644195	3.43331e+07	3.42673e+07	3.37032e+07	3.37032e+07	354777    	218373    	54024     	59487.6   	52549.1   
9.662921	3.44553e+07	3.43915e+07	3.3824e+07	3.3824e+07	356112    	219128    	54219.7   	59692.1   	52741.7   
9.681648	3.45774e+07	3.45158e+07	3.39447e+07	3.39447e+07	357447    	219884    	54415.4   	59896.6   	52934.3   
9.700375	3.46996e+07	3.464e+07 	3.40655e+07	3.40655e+07	358782    	220640    	54611.1   	60101.1   	53126.8   
9.719101	3.48218e+07	3.47643e+07	3.41862e+07	3.41862e+07	360117    	221396    	54806.9   	60305.6   	53319.4   
9.737828	3.4944e+07	3.48885e+07	3.4307e+07	3.4307e+07	361452    	222152    	55002.6   	60510.1   	53512     
9.756554	3.50662e+07	3.50128e+07	3.44277e+07	3.44277e+07	362788    	222908    	55198.3   	60714.5   	53704.6   
9.775281	3.51883e+07	3.5137e+07	3.45485e+07	3.45485e+07	364123    	223664    	55394     	60919     	53897.2   
9.794007	3.53105e+07	3.52613e+07	3.46692e+07	3.46692e+07	365458    	224419    	55589.7   	61123.5   	54089.8   
9.812734	3.54327e+07	3.53855e+07	3.47899e+07	3.47899e+07	366793    	225175    	55785.5   	61328     	54282.3   
9.831461	3.55549e+07	3.55098e+07	3.49107e+07	3.49107e+07	368128    	225931    	55981.2   	61532.5   	54474.9   
9.850187	3.5677e+07	3.5634e+07	3.50314e+07	3.50314e+07	369463    	226687    	56176.9   	61737     	54667.5   
9.868914	3.57992e+07	3.57583e+07	3.51522e+07	3.51522e+07	370798    	227443    	56372.6   	61941.5   	54860.1   
9.887640	3.59214e+07	3.58825e+07	3.52729e+07	3.52729e+07	372134    	228199    	56568.3   	62146     	55052.7   
9.906367	3.60436e+07	3.60068e+07	3.53937e+07	3.53937e+07	373469    	228955    	56764.1   	62350.5   	55245.3   
9.925094	3.61658e+07	3.6131e+07	3.55144e+07	3.55144e+07	374804    	229711    	56959.8   	62554.9   	55437.8   
9.943820	3.62879e+07	3.62553e+07	3.56352e+07	3.56352e+07	376139    	230466    	57155.5   	62759.4   	55630.4   
9.962547	3.64101e+07	3.63795e+07	3.57559e+07	3.57559e+07	377474    	231222    	57351.2   	62963.9   	55823     
9.981273	3.65323e+07	3.65038e+07	3.58767e+07	3.58767e+07	378809    	231978    	57547     	63168.4   	56015.6   
