0.009363	1.2359	1.2359	1.30846	1.30846
0.018727	1.98441	1.98441	2.28591	2.28591
0.02809	2.55026	2.55026	3.14482	3.14482
0.037453	3.03565	3.03565	3.91035	3.91035
0.046816	3.48259	3.48259	4.61203	4.61203
0.05618	3.91234	3.91234	5.27416	5.27416
0.065543	4.33791	4.33791	5.9096	5.9096
0.074906	4.76748	4.76748	6.53284	6.53284
0.08427	5.20606	5.20606	7.14809	7.14809
0.093633	5.65767	5.65767	7.76058	7.76058
0.102996	6.12851	6.12851	8.37545	8.37545
0.11236	6.61925	6.61925	8.99538	8.99538
0.121723	7.1181	7.1181	9.6188	9.6188
0.131086	7.65298	7.65298	10.2576	10.2576
0.140449	8.19013	8.19013	10.8978	10.8978
0.149813	8.77256	8.77256	11.5632	11.5632
0.159176	9.35498	9.35498	12.2286	12.2286
0.168539	9.98211	9.98211	12.9233	12.9233
0.177903	10.6135	10.6135	13.6208	13.6208
0.187266	11.2833	11.2833	14.3461	14.3461
0.196629	11.9642	11.9642	15.0795	15.0795
0.205993	12.6997	12.6997	15.8575	15.8575
0.215356	13.4661	13.4661	16.6607	16.6607
0.224719	14.2325	14.2325	17.4638	17.4638
0.234082	14.9988	14.9988	18.267	18.267
0.243446	15.7652	15.7652	19.0701	19.0701
0.252809	16.5672	16.5672	19.9055	19.9055
0.262172	17.4522	17.4522	20.8159	20.8159
0.271536	18.3373	18.3373	21.7264	21.7264
0.280899	19.2223	19.2223	22.6369	22.6369
0.290262	20.1073	20.1073	23.5474	23.5474
0.299625	20.9924	20.9924	24.4579	24.4579
0.308989	21.9868	21.9868	25.4758	25.4758
0.318352	22.9857	22.9857	26.4983	26.4983
0.327715	23.9847	23.9847	27.5208	27.5208
0.337079	24.9837	24.9837	28.5433	28.5433
0.346442	25.9826	25.9826	29.5657	29.5657
0.355805	27.0496	27.0496	30.6584	30.6584
0.365169	28.1582	28.1582	31.7941	31.7941
0.374532	29.2669	29.2669	32.9298	32.9298
0.383895	30.3755	30.3755	34.0654	34.0654
0.393258	31.4842	31.4842	35.2011	35.2011
0.402622	32.6226	32.6226	36.3683	36.3683
0.411985	33.8375	33.8375	37.6166	37.6166
0.421348	35.0524	35.0524	38.8649	38.8649
0.430712	36.2672	36.2672	40.1132	40.1132
0.440075	37.4821	37.4821	41.3614	41.3614
0.449438	38.697	38.697	42.6097	42.6097
0.458801	40.0091	40.0091	43.9624	43.9624
0.468165	41.3273	41.3273	45.3217	45.3217
0.477528	42.6456	42.6456	46.681	46.681
0.486891	43.9639	43.9639	48.0403	48.0403
0.496255	45.2822	45.2822	49.3996	49.3996
0.505618	46.6908	46.6908	50.8565	50.8565
0.514981	48.1598	48.1598	52.3783	52.3783
0.524345	49.6287	49.6287	53.9002	53.9002
0.533708	51.0976	51.0976	55.422	55.422
0.543071	52.5666	52.5666	56.9439	56.9439
0.552434	54.0355	54.0355	58.4657	58.4657
0.561798	55.5045	55.5045	59.9876	59.9876
0.571161	56.9734	56.9734	61.5095	61.5095
0.580524	58.4423	58.4423	63.0313	63.0313
0.589888	59.9113	59.9113	64.5532	64.5532
0.599251	61.3802	61.3802	66.075	66.075
0.608614	63.0287	63.0287	67.7899	67.7899
0.617978	64.6928	64.6928	69.5215	69.5215
0.627341	66.3569	66.3569	71.2532	71.2532
0.636704	68.021	68.021	72.9848	72.9848
0.646067	69.685	69.685	74.7165	74.7165
0.655431	71.3491	71.3491	76.4481	76.4481
0.664794	73.0132	73.0132	78.1797	78.1797
0.674157	74.6773	74.6773	79.9114	79.9114
0.683521	76.3414	76.3414	81.643	81.643
0.692884	78.0055	78.0055	83.3747	83.3747
0.702247	79.7152	79.7152	85.1548	85.1548
0.71161	81.5691	81.5691	87.0886	87.0886
0.720974	83.423	83.423	89.0225	89.0225
0.730337	85.277	85.277	90.9563	90.9563
0.7397	87.1309	87.1309	92.8901	92.8901
0.749064	88.9848	88.9848	94.8239	94.8239
0.758427	90.8388	90.8388	96.7577	96.7577
0.76779	92.6927	92.6927	98.6915	98.6915
0.777154	94.5466	94.5466	100.625	100.625
0.786517	96.4006	96.4006	102.559	102.559
0.79588	98.2545	98.2545	104.493	104.493
0.805243	100.212	100.212	106.536	106.536
0.814607	102.252	102.252	108.666	108.666
0.82397	104.292	104.292	110.795	110.795
0.833333	106.331	106.331	112.925	112.925
0.842697	108.371	108.371	115.054	115.054
0.85206	110.411	110.411	117.184	117.184
0.861423	112.45	112.45	119.313	119.313
0.870787	114.49	114.49	121.443	121.443
0.88015	116.53	116.53	123.572	123.572
0.889513	118.569	118.569	125.702	125.702
0.898876	120.609	120.609	127.831	127.831
0.90824	122.809	122.809	130.128	130.128
0.917603	125.031	125.031	132.448	132.448
0.926966	127.253	127.253	134.767	134.767
0.93633	129.475	129.475	137.087	137.087
0.945693	131.697	131.697	139.407	139.407
0.955056	133.919	133.919	141.727	141.727
0.964419	136.141	136.141	144.046	144.046
0.973783	138.363	138.363	146.366	146.366
0.983146	140.585	140.585	148.686	148.686
0.992509	142.807	142.807	151.006	151.006
1.001873	145.091	145.091	153.39	153.39
1.011236	147.625	147.625	156.031	156.031
1.020599	150.159	150.159	158.673	158.673
1.029963	152.693	152.693	161.314	161.314
1.039326	155.228	155.228	163.956	163.956
1.048689	157.762	157.762	166.597	166.597
1.058052	160.296	160.296	169.239	169.239
1.067416	162.83	162.83	171.88	171.88
1.076779	165.364	165.364	174.522	174.522
1.086142	167.898	167.898	177.163	177.163
1.095506	170.432	170.432	179.805	179.805
1.104869	172.966	172.966	182.446	182.446
1.114232	175.5	175.5	185.088	185.088
1.123596	178.034	178.034	187.729	187.729
1.132959	180.568	180.568	190.371	190.371
1.142322	183.102	183.102	193.012	193.012
1.151685	185.636	185.636	195.654	195.654
1.161049	188.17	188.17	198.295	198.295
1.170412	190.704	190.704	200.937	200.937
1.179775	193.238	193.238	203.578	203.578
1.189139	195.772	195.772	206.22	206.22
1.198502	198.307	198.307	208.861	208.861
1.207865	200.841	200.841	211.503	211.503
1.217228	203.375	203.375	214.145	214.145
1.226592	205.909	205.909	216.786	216.786
1.235955	208.443	208.443	219.428	219.428
1.245318	210.977	210.977	222.069	222.069
1.254682	213.729	213.729	224.932	224.932
1.264045	216.698	216.698	228.017	228.017
1.273408	219.667	219.667	231.103	231.103
1.282772	222.636	222.636	234.188	234.188
1.292135	225.606	225.606	237.273	237.273
1.301498	228.575	228.575	240.358	240.358
1.310861	231.544	231.544	243.443	243.443
1.320225	234.514	234.514	246.528	246.528
1.329588	237.483	237.483	249.613	249.613
1.338951	240.452	240.452	252.698	252.698
1.348315	243.421	243.421	255.783	255.783
1.357678	246.391	246.391	258.868	258.868
1.367041	249.36	249.36	261.954	261.954
1.376404	252.329	252.329	265.039	265.039
1.385768	255.299	255.299	268.124	268.124
1.395131	258.268	258.268	271.209	271.209
1.404494	261.237	261.237	274.294	274.294
1.413858	264.207	264.207	277.379	277.379
1.423221	267.176	267.176	280.464	280.464
1.432584	270.145	270.145	283.549	283.549
1.441948	273.114	273.114	286.634	286.634
1.451311	276.084	276.084	289.719	289.719
1.460674	279.053	279.053	292.804	292.804
1.470037	282.022	282.022	295.89	295.89
1.479401	284.992	284.992	298.975	298.975
1.488764	287.961	287.961	302.06	302.06
1.498127	290.93	290.93	305.145	305.145
1.507491	294.239	294.239	308.573	308.573
1.516854	297.633	297.633	312.086	312.086
1.526217	301.027	301.027	315.6	315.6
1.535581	304.421	304.421	319.114	319.114
1.544944	307.816	307.816	322.627	322.627
1.554307	311.21	311.21	326.141	326.141
1.56367	314.604	314.604	329.654	329.654
1.573034	317.998	317.998	333.168	333.168
1.582397	321.392	321.392	336.682	336.682
1.59176	324.786	324.786	340.195	340.195
1.601124	328.18	328.18	343.709	343.709
1.610487	331.574	331.574	347.222	347.222
1.61985	334.968	334.968	350.736	350.736
1.629213	338.362	338.362	354.25	354.25
1.638577	341.756	341.756	357.763	357.763
1.64794	345.15	345.15	361.277	361.277
1.657303	348.544	348.544	364.791	364.791
1.666667	351.938	351.938	368.304	368.304
1.67603	355.332	355.332	371.818	371.818
1.685393	358.726	358.726	375.331	375.331
1.694757	362.121	362.121	378.845	378.845
1.70412	365.515	365.515	382.359	382.359
1.713483	368.909	368.909	385.872	385.872
1.722846	372.303	372.303	389.386	389.386
1.73221	375.697	375.697	392.899	392.899
1.741573	379.091	379.091	396.413	396.413
1.750936	382.527	382.527	399.968	399.968
1.7603	386.337	386.337	403.899	403.899
1.769663	390.148	390.148	407.83	407.83
1.779026	393.958	393.958	411.761	411.761
1.78839	397.769	397.769	415.692	415.692
1.797753	401.579	401.579	419.623	419.623
1.807116	405.389	405.389	423.554	423.554
1.816479	409.2	409.2	427.485	427.485
1.825843	413.01	413.01	431.415	431.415
1.835206	416.821	416.821	435.346	435.346
1.844569	420.631	420.631	439.277	439.277
1.853933	424.442	424.442	443.208	443.208
1.863296	428.252	428.252	447.139	447.139
1.872659	432.063	432.063	451.07	451.07
1.882022	435.873	435.873	455.001	455.001
1.891386	439.684	439.684	458.931	458.931
1.900749	443.494	443.494	462.862	462.862
1.910112	447.305	447.305	466.793	466.793
1.919476	451.115	451.115	470.724	470.724
1.928839	454.926	454.926	474.655	474.655
1.938202	458.736	458.736	478.586	478.586
1.947566	462.547	462.547	482.517	482.517
1.956929	466.357	466.357	486.448	486.448
1.966292	470.168	470.168	490.378	490.378
1.975655	473.978	473.978	494.309	494.309
1.985019	477.789	477.789	498.24	498.24
1.994382	481.599	481.599	502.171	502.171
2.003745	485.574	485.574	506.265	506.265
2.013109	489.794	489.794	510.605	510.605
2.022472	494.014	494.014	514.944	514.944
2.031835	498.234	498.234	519.283	519.283
2.041199	502.454	502.454	523.622	523.622
2.050562	506.674	506.674	527.961	527.961
2.059925	510.894	510.894	532.301	532.301
2.069288	515.114	515.114	536.64	536.64
2.078652	519.334	519.334	540.979	540.979
2.088015	523.554	523.554	545.318	545.318
2.097378	527.774	527.774	549.658	549.658
2.106742	531.994	531.994	553.997	553.997
2.116105	536.214	536.214	558.336	558.336
2.125468	540.434	540.434	562.675	562.675
2.134831	544.655	544.655	567.014	567.014
2.144195	548.875	548.875	571.354	571.354
2.153558	553.095	553.095	575.693	575.693
2.162921	557.315	557.315	580.032	580.032
2.172285	561.535	561.535	584.371	584.371
2.181648	565.755	565.755	588.711	588.711
2.191011	569.975	569.975	593.05	593.05
2.200375	574.195	574.195	597.389	597.389
2.209738	578.415	578.415	601.728	601.728
2.219101	582.635	582.635	606.068	606.068
2.228464	586.855	586.855	610.407	610.407
2.237828	591.075	591.075	614.746	614.746
2.247191	595.295	595.295	619.085	619.085
2.256554	599.801	599.798	623.705	623.705
2.265918	604.43	604.422	628.445	628.445
2.275281	609.059	609.045	633.186	633.186
2.284644	613.688	613.669	637.926	637.926
2.294007	618.317	618.293	642.666	642.666
2.303371	622.946	622.917	647.407	647.407
2.312734	627.575	627.54	652.147	652.147
2.322097	632.204	632.164	656.887	656.887
2.331461	636.833	636.788	661.627	661.627
2.340824	641.462	641.412	666.368	666.368
2.350187	646.091	646.035	671.108	671.108
2.359551	650.72	650.659	675.848	675.848
2.368914	655.349	655.283	680.589	680.589
2.378277	659.978	659.907	685.329	685.329
2.38764	664.607	664.53	690.069	690.069
2.397004	669.236	669.154	694.809	694.809
2.406367	673.865	673.778	699.55	699.55
2.41573	678.494	678.402	704.29	704.29
2.425094	683.123	683.026	709.03	709.03
2.434457	687.752	687.649	713.771	713.771
2.44382	692.381	692.273	718.511	718.511
2.453184	697.01	696.897	723.251	723.251
2.462547	701.639	701.521	727.991	727.991
2.47191	706.268	706.144	732.732	732.732
2.481273	710.897	710.768	737.472	737.472
2.490637	715.526	715.392	742.212	742.212
2.5	720.155	720.016	746.953	746.953
2.509363	725.533	725.235	752.282	752.282
2.518727	730.91	730.455	757.612	757.612
2.52809	736.287	735.674	762.942	762.942
2.537453	741.665	740.894	768.272	768.272
2.546816	747.042	746.113	773.602	773.602
2.55618	752.419	751.333	778.932	778.932
2.565543	757.797	756.552	784.262	784.262
2.574906	763.174	761.772	789.592	789.592
2.58427	768.551	766.991	794.922	794.922
2.593633	773.929	772.21	800.252	800.252
2.602996	779.306	777.43	805.582	805.582
2.61236	784.684	782.649	810.912	810.912
2.621723	790.061	787.869	816.242	816.242
2.631086	795.438	793.088	821.571	821.571
2.640449	800.816	798.308	826.901	826.901
2.649813	806.193	803.527	832.231	832.231
2.659176	811.57	808.747	837.561	837.561
2.668539	816.948	813.966	842.891	842.891
2.677903	822.325	819.186	848.221	848.221
2.687266	827.702	824.405	853.551	853.551
2.696629	833.08	829.625	858.881	858.881
2.705993	838.457	834.844	864.211	864.211
2.715356	843.834	840.064	869.541	869.541
2.724719	849.212	845.283	874.871	874.871
2.734082	854.589	850.503	880.201	880.201
2.743446	859.967	855.722	885.531	885.531
2.752809	865.344	860.942	890.861	890.861
2.762172	870.721	866.161	896.19	896.19
2.771536	876.099	871.381	901.52	901.52
2.780899	881.476	876.6	906.85	906.85
2.790262	886.853	881.82	912.18	912.18
2.799625	892.231	887.039	917.51	917.51
2.808989	897.608	892.259	922.84	922.84
2.818352	902.985	897.478	928.17	928.17
2.827715	908.363	902.698	933.5	933.5
2.837079	913.74	907.917	938.83	938.83
2.846442	919.117	913.137	944.16	944.16
2.855805	924.495	918.356	949.49	949.49
2.865169	929.872	923.576	954.82	954.82
2.874532	935.25	928.795	960.15	960.15
2.883895	940.627	934.015	965.479	965.479
2.893258	946.004	939.234	970.809	970.809
2.902622	951.382	944.454	976.139	976.139
2.911985	956.759	949.673	981.469	981.469
2.921348	962.136	954.893	986.799	986.799
2.930712	967.514	960.112	992.129	992.129
2.940075	972.891	965.332	997.459	997.459
2.949438	978.268	970.551	1002.79	1002.79
2.958801	983.646	975.771	1008.12	1008.12
2.968165	989.023	980.99	1013.45	1013.45
2.977528	994.401	986.21	1018.78	1018.78
2.986891	999.778	991.429	1024.11	1024.11
2.996255	1005.16	996.649	1029.44	1029.44
3.005618	1011	1002.34	1035.23	1035.23
3.014981	1017.16	1008.34	1041.33	1041.33
3.024345	1023.32	1014.34	1047.43	1047.43
3.033708	1029.48	1020.34	1053.53	1053.53
3.043071	1035.64	1026.34	1059.63	1059.63
3.052434	1041.8	1032.34	1065.73	1065.73
3.061798	1047.96	1038.34	1071.83	1071.83
3.071161	1054.12	1044.34	1077.93	1077.93
3.080524	1060.28	1050.34	1084.03	1084.03
3.089888	1066.44	1056.34	1090.13	1090.13
3.099251	1072.6	1062.34	1096.23	1096.23
3.108614	1078.76	1068.34	1102.33	1102.33
3.117978	1084.92	1074.34	1108.43	1108.43
3.127341	1091.08	1080.34	1114.53	1114.53
3.136704	1097.24	1086.34	1120.63	1120.63
3.146067	1103.4	1092.34	1126.73	1126.73
3.155431	1109.56	1098.34	1132.83	1132.83
3.164794	1115.72	1104.34	1138.93	1138.93
3.174157	1121.88	1110.34	1145.03	1145.03
3.183521	1128.04	1116.34	1151.13	1151.13
3.192884	1134.2	1122.34	1157.23	1157.23
3.202247	1140.36	1128.34	1163.33	1163.33
3.21161	1146.52	1134.34	1169.43	1169.43
3.220974	1152.68	1140.34	1175.53	1175.53
3.230337	1158.84	1146.34	1181.63	1181.63
3.2397	1165	1152.34	1187.73	1187.73
3.249064	1171.16	1158.34	1193.83	1193.83
3.258427	1177.32	1164.34	1199.93	1199.93
3.26779	1183.48	1170.34	1206.03	1206.03
3.277154	1189.64	1176.34	1212.13	1212.13
3.286517	1195.8	1182.34	1218.23	1218.23
3.29588	1201.96	1188.34	1224.33	1224.33
3.305243	1208.12	1194.34	1230.43	1230.43
3.314607	1214.28	1200.34	1236.53	1236.53
3.32397	1220.44	1206.34	1242.63	1242.63
3.333333	1226.6	1212.34	1248.73	1248.73
3.342697	1232.76	1218.34	1254.83	1254.83
3.35206	1238.92	1224.34	1260.93	1260.93
3.361423	1245.07	1230.34	1267.03	1267.03
3.370787	1251.23	1236.34	1273.13	1273.13
3.38015	1257.39	1242.34	1279.23	1279.23
3.389513	1263.55	1248.34	1285.33	1285.33
3.398876	1269.71	1254.34	1291.43	1291.43
3.40824	1275.87	1260.34	1297.53	1297.53
3.417603	1282.03	1266.34	1303.62	1303.62
3.426966	1288.19	1272.34	1309.72	1309.72
3.43633	1294.35	1278.34	1315.82	1315.82
3.445693	1300.51	1284.34	1321.92	1321.92
3.455056	1306.67	1290.34	1328.02	1328.02
3.464419	1312.83	1296.34	1334.12	1334.12
3.473783	1318.99	1302.34	1340.22	1340.22
3.483146	1325.15	1308.34	1346.32	1346.32
3.492509	1331.31	1314.34	1352.42	1352.42
3.501873	1337.63	1320.49	1358.67	1358.67
3.511236	1344.55	1327.26	1365.53	1365.53
3.520599	1351.48	1334.03	1372.38	1372.38
3.529963	1358.41	1340.8	1379.24	1379.24
3.539326	1365.34	1347.56	1386.09	1386.09
3.548689	1372.27	1354.33	1392.94	1392.94
3.558052	1379.2	1361.1	1399.8	1399.8
3.567416	1386.12	1367.86	1406.65	1406.65
3.576779	1393.05	1374.63	1413.51	1413.51
3.586142	1399.98	1381.4	1420.36	1420.36
3.595506	1406.91	1388.17	1427.21	1427.21
3.604869	1413.84	1394.93	1434.07	1434.07
3.614232	1420.76	1401.7	1440.92	1440.92
3.623596	1427.69	1408.47	1447.77	1447.77
3.632959	1434.62	1415.23	1454.63	1454.63
3.642322	1441.55	1422	1461.48	1461.48
3.651685	1448.48	1428.77	1468.34	1468.34
3.661049	1455.41	1435.53	1475.19	1475.19
3.670412	1462.33	1442.3	1482.04	1482.04
3.679775	1469.26	1449.07	1488.9	1488.9
3.689139	1476.19	1455.84	1495.75	1495.75
3.698502	1483.12	1462.6	1502.61	1502.61
3.707865	1490.05	1469.37	1509.46	1509.46
3.717228	1496.98	1476.14	1516.31	1516.31
3.726592	1503.9	1482.9	1523.17	1523.17
3.735955	1510.83	1489.67	1530.02	1530.02
3.745318	1517.76	1496.44	1536.87	1536.87
3.754682	1524.69	1503.2	1543.73	1543.73
3.764045	1531.62	1509.97	1550.58	1550.58
3.773408	1538.55	1516.74	1557.44	1557.44
3.782772	1545.47	1523.51	1564.29	1564.29
3.792135	1552.4	1530.27	1571.14	1571.14
3.801498	1559.33	1537.04	1578	1578
3.810861	1566.26	1543.81	1584.85	1584.85
3.820225	1573.19	1550.57	1591.71	1591.71
3.829588	1580.11	1557.34	1598.56	1598.56
3.838951	1587.04	1564.11	1605.41	1605.41
3.848315	1593.97	1570.87	1612.27	1612.27
3.857678	1600.9	1577.64	1619.12	1619.12
3.867041	1607.83	1584.41	1625.97	1625.97
3.876404	1614.76	1591.18	1632.83	1632.83
3.885768	1621.68	1597.94	1639.68	1639.68
3.895131	1628.61	1604.71	1646.54	1646.54
3.904494	1635.54	1611.48	1653.39	1653.39
3.913858	1642.47	1618.24	1660.24	1660.24
3.923221	1649.4	1625.01	1667.1	1667.1
3.932584	1656.33	1631.78	1673.95	1673.95
3.941948	1663.25	1638.54	1680.81	1680.81
3.951311	1670.18	1645.31	1687.66	1687.66
3.960674	1677.11	1652.08	1694.51	1694.51
3.970037	1684.04	1658.85	1701.37	1701.37
3.979401	1690.97	1665.61	1708.22	1708.22
3.988764	1697.9	1672.38	1715.07	1715.07
3.998127	1704.82	1679.15	1721.93	1721.93
4.007491	1712.36	1686.52	1729.38	1729.38
4.016854	1720.04	1694.04	1736.97	1736.97
4.026217	1727.73	1701.56	1744.56	1744.56
4.035581	1735.41	1709.09	1752.16	1752.16
4.044944	1743.1	1716.61	1759.75	1759.75
4.054307	1750.78	1724.13	1767.35	1767.35
4.06367	1758.47	1731.65	1774.94	1774.94
4.073034	1766.15	1739.18	1782.54	1782.54
4.082397	1773.83	1746.7	1790.13	1790.13
4.09176	1781.52	1754.22	1797.73	1797.73
4.101124	1789.2	1761.74	1805.32	1805.32
4.110487	1796.89	1769.27	1812.92	1812.92
4.11985	1804.57	1776.79	1820.51	1820.51
4.129213	1812.26	1784.31	1828.11	1828.11
4.138577	1819.94	1791.83	1835.7	1835.7
4.14794	1827.63	1799.36	1843.3	1843.3
4.157303	1835.31	1806.88	1850.89	1850.89
4.166667	1843	1814.4	1858.48	1858.48
4.17603	1850.68	1821.92	1866.08	1866.08
4.185393	1858.37	1829.45	1873.67	1873.67
4.194757	1866.05	1836.97	1881.27	1881.27
4.20412	1873.74	1844.49	1888.86	1888.86
4.213483	1881.42	1852.01	1896.46	1896.46
4.222846	1889.11	1859.54	1904.05	1904.05
4.23221	1896.79	1867.06	1911.65	1911.65
4.241573	1904.48	1874.58	1919.24	1919.24
4.250936	1912.16	1882.1	1926.84	1926.84
4.2603	1919.84	1889.63	1934.43	1934.43
4.269663	1927.53	1897.15	1942.03	1942.03
4.279026	1935.21	1904.67	1949.62	1949.62
4.28839	1942.9	1912.19	1957.22	1957.22
4.297753	1950.58	1919.72	1964.81	1964.81
4.307116	1958.27	1927.24	1972.4	1972.4
4.316479	1965.95	1934.76	1980	1980
4.325843	1973.64	1942.28	1987.59	1987.59
4.335206	1981.32	1949.81	1995.19	1995.19
4.344569	1989.01	1957.33	2002.78	2002.78
4.353933	1996.69	1964.85	2010.38	2010.38
4.363296	2004.38	1972.37	2017.97	2017.97
4.372659	2012.06	1979.9	2025.57	2025.57
4.382022	2019.75	1987.42	2033.16	2033.16
4.391386	2027.43	1994.94	2040.76	2040.76
4.400749	2035.12	2002.46	2048.35	2048.35
4.410112	2042.8	2009.99	2055.95	2055.95
4.419476	2050.48	2017.51	2063.54	2063.54
4.428839	2058.17	2025.03	2071.14	2071.14
4.438202	2065.85	2032.55	2078.73	2078.73
4.447566	2073.54	2040.08	2086.33	2086.33
4.456929	2081.22	2047.6	2093.92	2093.92
4.466292	2088.91	2055.12	2101.51	2101.51
4.475655	2096.59	2062.64	2109.11	2109.11
4.485019	2104.28	2070.17	2116.7	2116.7
4.494382	2111.96	2077.69	2124.3	2124.3
4.503745	2119.95	2085.51	2132.19	2132.19
4.513109	2128.38	2093.78	2140.51	2140.51
4.522472	2136.81	2102.04	2148.83	2148.83
4.531835	2145.24	2110.31	2157.16	2157.16
4.541199	2153.67	2118.58	2165.48	2165.48
4.550562	2162.1	2126.85	2173.81	2173.81
4.559925	2170.53	2135.12	2182.13	2182.13
4.569288	2178.96	2143.39	2190.46	2190.46
4.578652	2187.39	2151.65	2198.78	2198.78
4.588015	2195.82	2159.92	2207.1	2207.1
4.597378	2204.25	2168.19	2215.43	2215.43
4.606742	2212.68	2176.46	2223.75	2223.75
4.616105	2221.11	2184.73	2232.08	2232.08
4.625468	2229.54	2193	2240.4	2240.4
4.634831	2237.98	2201.26	2248.73	2248.73
4.644195	2246.41	2209.53	2257.05	2257.05
4.653558	2254.84	2217.8	2265.37	2265.37
4.662921	2263.27	2226.07	2273.7	2273.7
4.672285	2271.7	2234.34	2282.02	2282.02
4.681648	2280.13	2242.6	2290.35	2290.35
4.691011	2288.56	2250.87	2298.67	2298.67
4.700375	2296.99	2259.14	2307	2307
4.709738	2305.42	2267.41	2315.32	2315.32
4.719101	2313.85	2275.68	2323.65	2323.65
4.728464	2322.28	2283.95	2331.97	2331.97
4.737828	2330.71	2292.21	2340.29	2340.29
4.747191	2339.14	2300.48	2348.62	2348.62
4.756554	2347.57	2308.75	2356.94	2356.94
4.765918	2356	2317.02	2365.27	2365.27
4.775281	2364.44	2325.29	2373.59	2373.59
4.784644	2372.87	2333.56	2381.92	2381.92
4.794007	2381.3	2341.82	2390.24	2390.24
4.803371	2389.73	2350.09	2398.56	2398.56
4.812734	2398.16	2358.36	2406.89	2406.89
4.822097	2406.59	2366.63	2415.21	2415.21
4.831461	2415.02	2374.9	2423.54	2423.54
4.840824	2423.45	2383.16	2431.86	2431.86
4.850187	2431.88	2391.43	2440.19	2440.19
4.859551	2440.31	2399.7	2448.51	2448.51
4.868914	2448.74	2407.97	2456.84	2456.84
4.878277	2457.17	2416.24	2465.16	2465.16
4.88764	2465.6	2424.51	2473.48	2473.48
4.897004	2474.03	2432.77	2481.81	2481.81
4.906367	2482.47	2441.04	2490.13	2490.13
4.91573	2490.9	2449.31	2498.46	2498.46
4.925094	2499.33	2457.58	2506.78	2506.78
4.934457	2507.76	2465.85	2515.11	2515.11
4.94382	2516.19	2474.12	2523.43	2523.43
4.953184	2524.62	2482.38	2531.75	2531.75
4.962547	2533.05	2490.65	2540.08	2540.08
4.97191	2541.48	2498.92	2548.4	2548.4
4.981273	2549.91	2507.19	2556.73	2556.73
4.990637	2558.34	2515.46	2565.05	2565.05
