! 208Pb energy loss (dE/dX) in He
! apply ZOOM for details
Energy (MeV/u)1	0 - [He-base] F.Hubert et al, AD&ND Tables 46(1990)1	Energy (MeV/u)2	1 - [H -base] J.F.Ziegler et al,Pergamon Press,NY(low energy)	Energy (MeV/u)3	2 - ATIMA 1.2 LS-theory (recommended for high energy)	Energy (MeV/u)4	3 - ATIMA 1.2 without LS-correction	Energy (MeV/u)5	4 - ATIMA 1.4 H.Weick, improved mean charge formula for HI	Energy (MeV/u)6	5 - electrical component of [1] - J.F.Ziegler et al	Energy (MeV/u)7	6 - nuclear component of [1] - J.F.Ziegler et al	
0.001000	0.000356871	0.001000	0.000454962	0.001000	0.000415775	0.001000	0.000415775	0.001000	0.000415782	0.001000	0.00013109	0.001000	0.000323872	
0.002000	0.000386393	0.002000	0.000499364	0.002000	0.000459329	0.002000	0.000459329	0.002000	0.000459336	0.002000	0.000170003	0.002000	0.000329361	
0.005000	0.000403752	0.005000	0.000535206	0.005000	0.00050099	0.005000	0.00050099	0.005000	0.000500996	0.005000	0.000239709	0.005000	0.000295497	
0.008000	0.000406743	0.008000	0.000547932	0.008000	0.00052195	0.008000	0.00052195	0.008000	0.000521955	0.008000	0.00028591	0.008000	0.000262022	
0.010000	0.000408306	0.010000	0.00055454	0.010000	0.000534283	0.010000	0.000534283	0.010000	0.000534287	0.010000	0.000310864	0.010000	0.000243676	
0.015000	0.000413619	0.015000	0.000570312	0.015000	0.000564316	0.015000	0.000564316	0.015000	0.00056432	0.015000	0.000361913	0.015000	0.000208399	
0.020000	0.000420775	0.020000	0.000586325	0.020000	0.000594162	0.020000	0.000594162	0.020000	0.000594165	0.020000	0.000403141	0.020000	0.000183185	
0.025000	0.000429023	0.025000	0.000602509	0.025000	0.000623668	0.025000	0.000623668	0.025000	0.000623671	0.025000	0.000438327	0.025000	0.000164183	
0.030000	0.000437839	0.030000	0.000618617	0.030000	0.000652614	0.030000	0.000652614	0.030000	0.000652616	0.030000	0.000469343	0.030000	0.000149273	
0.035000	0.000446915	0.035000	0.000634485	0.035000	0.00068088	0.035000	0.00068088	0.035000	0.000680883	0.035000	0.000497274	0.035000	0.000137211	
0.040000	0.000456069	0.040000	0.000650026	0.040000	0.000708424	0.040000	0.000708424	0.040000	0.000708426	0.040000	0.000522809	0.040000	0.000127217	
0.045000	0.000465195	0.045000	0.000665197	0.045000	0.000735241	0.045000	0.000735241	0.045000	0.000735243	0.045000	0.000546418	0.045000	0.000118779	
0.050000	0.000474229	0.050000	0.000679982	0.050000	0.00076135	0.050000	0.00076135	0.050000	0.000761352	0.050000	0.000568439	0.050000	0.000111542	
0.055000	0.000483134	0.055000	0.00069438	0.055000	0.00078678	0.055000	0.00078678	0.055000	0.000786782	0.055000	0.000589123	0.055000	0.000105256	
0.060000	0.00049189	0.060000	0.0007084 	0.060000	0.000811565	0.060000	0.000811565	0.060000	0.000811567	0.060000	0.000608663	0.060000	9.97368e-05	
0.070000	0.000508913	0.070000	0.000735359	0.070000	0.000859336	0.070000	0.000859336	0.070000	0.000859338	0.070000	0.000644885	0.070000	9.04743e-05	
0.080000	0.000525273	0.080000	0.000760981	0.080000	0.00090493	0.080000	0.00090493	0.080000	0.000904932	0.080000	0.000677999	0.080000	8.29825e-05	
0.090000	0.000540988	0.090000	0.000785395	0.090000	0.000948586	0.090000	0.000948586	0.090000	0.000948587	0.090000	0.000708616	0.090000	7.67787e-05	
0.100000	0.000556095	0.100000	0.000808719	0.100000	0.000990509	0.100000	0.000990509	0.100000	0.000990511	0.100000	0.000737174	0.100000	7.15442e-05	
0.120000	0.00058465	0.120000	0.000852506	0.120000	0.00106984	0.120000	0.00106984	0.120000	0.00106984	0.120000	0.000789338	0.120000	6.31679e-05	
0.140000	0.00061336	0.140000	0.000893045	0.140000	0.00114407	0.140000	0.00114407	0.140000	0.00114407	0.140000	0.000836312	0.140000	5.67326e-05	
0.160000	0.000669229	0.160000	0.000964316	0.160000	0.00122601	0.160000	0.00122601	0.160000	0.00122601	0.160000	0.000913183	0.160000	5.11331e-05	
0.180000	0.000723489	0.180000	0.00106488	0.180000	0.00131174	0.180000	0.00131174	0.180000	0.00131175	0.180000	0.00101788	0.180000	4.70001e-05	
0.200000	0.00077681	0.200000	0.00115682	0.200000	0.00138627	0.200000	0.00138627	0.200000	0.00138627	0.200000	0.00111327	0.200000	4.35467e-05	
0.250000	0.000880613	0.250000	0.00135354	0.250000	0.00153198	0.250000	0.00153198	0.250000	0.00153198	0.250000	0.00131659	0.250000	3.69495e-05	
0.300000	0.000976658	0.300000	0.00151213	0.300000	0.00163507	0.300000	0.00163507	0.300000	0.00163507	0.300000	0.0014799 	0.300000	3.22294e-05	
0.350000	0.00106504	0.350000	0.00164215	0.350000	0.0017108 	0.350000	0.0017108 	0.350000	0.0017108 	0.350000	0.00161348	0.350000	2.86675e-05	
0.400000	0.00114576	0.400000	0.00175054	0.400000	0.0017694 	0.400000	0.0017694 	0.400000	0.0017694 	0.400000	0.00172466	0.400000	2.5874e-05	
0.450000	0.00123789	0.450000	0.00186271	0.450000	0.00181724	0.450000	0.00181724	0.450000	0.00181724	0.450000	0.00183909	0.450000	2.36185e-05	
0.500000	0.00133273	0.500000	0.00199051	0.500000	0.00185816	0.500000	0.00185816	0.500000	0.00185816	0.500000	0.00196875	0.500000	2.17553e-05	
0.600000	0.00144655	0.600000	0.00219889	0.600000	0.00192743	0.600000	0.00192743	0.600000	0.00192743	0.600000	0.00218004	0.600000	1.88485e-05	
0.700000	0.00152138	0.700000	0.00235967	0.700000	0.0019864 	0.700000	0.0019864 	0.700000	0.0019864 	0.700000	0.002343  	0.700000	1.6677e-05	
0.800000	0.00162875	0.800000	0.00248576	0.800000	0.00203841	0.800000	0.00203841	0.800000	0.00203842	0.800000	0.00247077	0.800000	1.49873e-05	
0.900000	0.00171876	0.900000	0.00258589	0.900000	0.00208487	0.900000	0.00208487	0.900000	0.00208487	0.900000	0.00257226	0.900000	1.36318e-05	
1.000000	0.0017716 	1.000000	0.00263332	1.000000	0.00212648	1.000000	0.00212648	1.000000	0.00212648	1.000000	0.00262081	1.000000	1.25179e-05	
1.250000	0.00184462	1.250000	0.00266421	1.250000	0.0022125 	1.250000	0.0022125 	1.250000	0.0022125 	1.250000	0.00265377	1.250000	1.04368e-05	
1.500000	0.0018924 	1.500000	0.00267837	1.500000	0.00227744	1.500000	0.00227744	1.500000	0.00227744	1.500000	0.00266938	1.500000	8.98494e-06	
1.750000	0.00192353	1.750000	0.00268208	1.750000	0.0023261 	1.750000	0.0023261 	1.750000	0.0023261 	1.750000	0.00267417	1.750000	7.90982e-06	
2.000000	0.00194492	2.000000	0.0026814 	2.000000	0.00236215	2.000000	0.00236215	2.000000	0.00236216	2.000000	0.00267432	2.000000	7.07909e-06	
2.250000	0.00196103	2.250000	0.0026756 	2.250000	0.00238841	2.250000	0.00238841	2.250000	0.00238841	2.250000	0.00266918	2.250000	6.4164e-06	
2.500000	0.00327438	2.500000	0.0026656 	2.500000	0.00240697	2.500000	0.00240697	2.500000	0.00240697	2.500000	0.00265973	2.500000	5.87449e-06	
3.000000	0.00327164	3.000000	0.00263734	3.000000	0.00244816	3.000000	0.00244816	3.000000	0.00244816	3.000000	0.0026323 	3.000000	5.03922e-06	
3.500000	0.00323359	3.500000	0.00260638	3.500000	0.00247386	3.500000	0.00247386	3.500000	0.00247386	3.500000	0.00260196	3.500000	4.42356e-06	
4.000000	0.00317739	4.000000	0.0025722 	4.000000	0.00248051	4.000000	0.00248051	4.000000	0.00248051	4.000000	0.00256825	4.000000	3.94961e-06	
4.500000	0.00311217	4.500000	0.00253455	4.500000	0.00247466	4.500000	0.00247466	4.500000	0.00247466	4.500000	0.00253098	4.500000	3.5727e-06	
5.000000	0.00304302	5.000000	0.00249513	5.000000	0.00246044	5.000000	0.00246044	5.000000	0.00246045	5.000000	0.00249187	5.000000	3.2653e-06	
5.500000	0.00297285	5.500000	0.00245301	5.500000	0.00244058	5.500000	0.00244058	5.500000	0.00244059	5.500000	0.00245   	5.500000	3.00946e-06	
6.000000	0.00290333	6.000000	0.00240091	6.000000	0.00241691	6.000000	0.00241691	6.000000	0.00241691	6.000000	0.00239811	6.000000	2.79299e-06	
6.500000	0.00283542	6.500000	0.00235366	6.500000	0.00239069	6.500000	0.00239069	6.500000	0.00239069	6.500000	0.00235106	6.500000	2.60729e-06	
7.000000	0.00276966	7.000000	0.00231017	7.000000	0.00236281	7.000000	0.00236281	7.000000	0.00236281	7.000000	0.00230773	7.000000	2.4461e-06	
7.500000	0.0027063 	7.500000	0.00226966	7.500000	0.0023339 	7.500000	0.0023339 	7.500000	0.00233391	7.500000	0.00226735	7.500000	2.3048e-06	
8.000000	0.00264547	8.000000	0.00223157	8.000000	0.00230442	8.000000	0.00230442	8.000000	0.00230442	8.000000	0.00222939	8.000000	2.17984e-06	
8.500000	0.00258719	8.500000	0.0021955 	8.500000	0.0022747 	8.500000	0.0022747 	8.500000	0.0022747 	8.500000	0.00219343	8.500000	2.06849e-06	
9.000000	0.00253141	9.000000	0.00216115	9.000000	0.00224497	9.000000	0.00224497	9.000000	0.00224497	9.000000	0.00215918	9.000000	1.9686e-06	
9.500000	0.00247804	9.500000	0.00212867	9.500000	0.00221319	9.500000	0.00221319	9.500000	0.0022132 	9.500000	0.00212679	9.500000	1.87846e-06	
10.000000	0.002427  	10.000000	0.00201011	10.000000	0.00218136	10.000000	0.00218136	10.000000	0.00218136	10.000000	0.00200831	10.000000	1.79668e-06	
11.000000	0.00233146	11.000000	0.0019792 	11.000000	0.00209347	11.000000	0.00212498	11.000000	0.00215909	11.000000	0.00197755	11.000000	1.65385e-06	
12.000000	0.00224387	12.000000	0.00194712	12.000000	0.00201268	12.000000	0.00207177	12.000000	0.00213278	12.000000	0.00194559	12.000000	1.53318e-06	
13.000000	0.00216339	13.000000	0.00191433	13.000000	0.00193828	13.000000	0.00202165	13.000000	0.00210396	13.000000	0.0019129 	13.000000	1.42982e-06	
14.000000	0.00208923	14.000000	0.00188128	14.000000	0.00186966	14.000000	0.0019745 	14.000000	0.00207365	14.000000	0.00187994	14.000000	1.34021e-06	
15.000000	0.0020207 	15.000000	0.0018484 	15.000000	0.00180624	15.000000	0.00193015	15.000000	0.00204257	15.000000	0.00184714	15.000000	1.26175e-06	
16.000000	0.00195718	16.000000	0.00181599	16.000000	0.00174751	16.000000	0.00188843	16.000000	0.00201124	16.000000	0.00181479	16.000000	1.19244e-06	
17.000000	0.00189816	17.000000	0.00178422	17.000000	0.00169305	17.000000	0.00184917	17.000000	0.00198003	17.000000	0.00178309	17.000000	1.13073e-06	
18.000000	0.00184317	18.000000	0.00175323	18.000000	0.00164249	18.000000	0.00181221	18.000000	0.00194907	18.000000	0.00175215	18.000000	1.07543e-06	
19.000000	0.00179179	19.000000	0.00172306	19.000000	0.00159547	19.000000	0.00177739	19.000000	0.00191869	19.000000	0.00172204	19.000000	1.02556e-06	
20.000000	0.00174369	20.000000	0.00169378	20.000000	0.0015517 	20.000000	0.00174457	20.000000	0.00188902	20.000000	0.0016928 	20.000000	9.80351e-07	
21.000000	0.00169854	21.000000	0.00166538	21.000000	0.0015109 	21.000000	0.00171361	21.000000	0.00185996	21.000000	0.00166444	21.000000	9.39166e-07	
22.000000	0.00165608	22.000000	0.00163787	22.000000	0.00147282	22.000000	0.00168438	22.000000	0.00183181	22.000000	0.00163697	22.000000	9.0148e-07	
23.000000	0.00161607	23.000000	0.00161124	23.000000	0.00143726	23.000000	0.00165678	23.000000	0.00180443	23.000000	0.00161037	23.000000	8.66859e-07	
24.000000	0.00157829	24.000000	0.00158546	24.000000	0.00140399	24.000000	0.00163069	24.000000	0.00177795	24.000000	0.00158463	24.000000	8.34936e-07	
25.000000	0.00154256	25.000000	0.00156052	25.000000	0.00137285	25.000000	0.00160602	25.000000	0.00175232	25.000000	0.00155971	25.000000	8.05403e-07	
27.000000	0.00147658	27.000000	0.00151304	27.000000	0.00131649	27.000000	0.00156058	27.000000	0.00170368	27.000000	0.00151228	27.000000	7.52489e-07	
29.000000	0.00141699	29.000000	0.00146856	29.000000	0.001267  	29.000000	0.00151984	29.000000	0.00165845	29.000000	0.00146785	29.000000	7.06424e-07	
31.000000	0.00136289	31.000000	0.00142686	31.000000	0.00123028	31.000000	0.00147773	31.000000	0.00160334	31.000000	0.00142619	31.000000	6.65939e-07	
33.000000	0.00131351	33.000000	0.00138771	33.000000	0.00120293	33.000000	0.00143353	33.000000	0.00154138	33.000000	0.00138708	33.000000	6.30062e-07	
35.000000	0.00126824	35.000000	0.0013509 	35.000000	0.00117693	35.000000	0.00139232	35.000000	0.00148565	35.000000	0.0013503 	35.000000	5.98037e-07	
38.000000	0.00120695	38.000000	0.00129966	38.000000	0.00114032	38.000000	0.00133544	38.000000	0.00141157	38.000000	0.00129911	38.000000	5.55945e-07	
41.000000	0.00115239	41.000000	0.00125269	41.000000	0.00110612	41.000000	0.00128374	41.000000	0.00134666	41.000000	0.00125217	41.000000	5.19652e-07	
44.000000	0.00110347	44.000000	0.00120949	44.000000	0.00107434	44.000000	0.00123651	44.000000	0.00128912	44.000000	0.001209  	44.000000	4.88019e-07	
47.000000	0.00105932	47.000000	0.00116962	47.000000	0.0010447 	47.000000	0.00119318	47.000000	0.0012376 	47.000000	0.00116916	47.000000	4.6019e-07	
50.000000	0.00101926	50.000000	0.00113271	50.000000	0.00101695	50.000000	0.00115327	50.000000	0.00119109	50.000000	0.00113227	50.000000	4.35507e-07	
55.000000	0.00096009	55.000000	0.00107693	55.000000	0.00097442	55.000000	0.00109329	55.000000	0.00112244	55.000000	0.00107653	55.000000	4.00016e-07	
60.000000	0.000908718	60.000000	0.00102729	60.000000	0.00093612	60.000000	0.00104023	60.000000	0.00106284	60.000000	0.00102692	60.000000	3.70113e-07	
65.000000	0.000863649	65.000000	0.000982829	65.000000	0.000901316	65.000000	0.000992938	65.000000	0.00101037	65.000000	0.000982484	65.000000	3.44557e-07	
70.000000	0.000823753	70.000000	0.00094276	70.000000	0.000869647	70.000000	0.000950501	70.000000	0.000963716	70.000000	0.000942438	70.000000	3.22451e-07	
75.000000	0.000788159	75.000000	0.00090646	75.000000	0.00084065	75.000000	0.000912202	75.000000	0.000921615	75.000000	0.000906157	75.000000	3.03131e-07	
80.000000	0.000756183	80.000000	0.000873415	80.000000	0.000814059	80.000000	0.000877456	80.000000	0.000883846	80.000000	0.000873129	80.000000	2.86094e-07	
85.000000	0.000727283	85.000000	0.000843202	85.000000	0.000789515	85.000000	0.000845788	85.000000	0.000849732	85.000000	0.000842931	85.000000	2.70953e-07	
90.000000	0.00070102	90.000000	0.000815469	90.000000	0.000766921	90.000000	0.000816804	90.000000	0.000818796	90.000000	0.000815211	90.000000	2.57403e-07	
95.000000	0.000677037	95.000000	0.000789919	95.000000	0.000745836	95.000000	0.000790174	95.000000	0.000790678	95.000000	0.000789674	95.000000	2.45202e-07	
100.000000	0.00065504	100.000000	0.000766303	100.000000	0.000726365	100.000000	0.000765623	100.000000	0.000764989	100.000000	0.000766069	100.000000	2.34156e-07	
105.000000	0.000634783	105.000000	0.000744408	105.000000	0.000708181	105.000000	0.000742915	105.000000	0.000741399	105.000000	0.000744184	105.000000	2.24105e-07	
110.000000	0.000616061	110.000000	0.00072405	110.000000	0.000691142	110.000000	0.000721851	110.000000	0.000719765	110.000000	0.000723835	110.000000	2.1492e-07	
115.000000	0.000598701	115.000000	0.000705073	115.000000	0.000675216	115.000000	0.000702259	115.000000	0.000699714	115.000000	0.000704867	115.000000	2.0649e-07	
120.000000	0.000582553	120.000000	0.00068734	120.000000	0.000660262	120.000000	0.00068399	120.000000	0.000681222	120.000000	0.000687141	120.000000	1.98725e-07	
125.000000	0.000567491	125.000000	0.000670732	125.000000	0.000646182	125.000000	0.000666915	125.000000	0.000664006	125.000000	0.00067054	125.000000	1.91549e-07	
130.000000	0.000553406	130.000000	0.000655145	130.000000	0.000632951	130.000000	0.000650921	130.000000	0.000648036	130.000000	0.00065496	130.000000	1.84896e-07	
135.000000	0.000540201	135.000000	0.000640487	135.000000	0.000620491	135.000000	0.000635909	135.000000	0.000633067	135.000000	0.000640308	135.000000	1.78709e-07	
140.000000	0.000527795	140.000000	0.000626678	140.000000	0.000608694	140.000000	0.000621793	140.000000	0.000619143	140.000000	0.000626505	140.000000	1.72942e-07	
145.000000	0.000516114	145.000000	0.000613646	145.000000	0.000597518	145.000000	0.000608494	145.000000	0.000606011	145.000000	0.000613478	145.000000	1.67551e-07	
150.000000	0.000505094	150.000000	0.000601327	150.000000	0.000586945	150.000000	0.000595945	150.000000	0.000593743	150.000000	0.000601164	150.000000	1.62501e-07	
155.000000	0.000488904	155.000000	0.000589664	155.000000	0.000576908	155.000000	0.000584085	155.000000	0.000582167	155.000000	0.000589507	155.000000	1.57759e-07	
160.000000	0.000479778	160.000000	0.000578607	160.000000	0.000567362	160.000000	0.000572859	160.000000	0.000571257	160.000000	0.000578454	160.000000	1.53299e-07	
165.000000	0.000471133	165.000000	0.000568109	165.000000	0.00055828	165.000000	0.000562218	165.000000	0.000560991	165.000000	0.00056796	165.000000	1.49095e-07	
170.000000	0.00046293	170.000000	0.00055813	170.000000	0.000549622	170.000000	0.000552118	170.000000	0.000551221	170.000000	0.000557985	170.000000	1.45125e-07	
175.000000	0.000455137	175.000000	0.000548632	175.000000	0.000541367	175.000000	0.00054252	175.000000	0.00054201	175.000000	0.00054849	175.000000	1.41371e-07	
180.000000	0.000447721	180.000000	0.00053958	180.000000	0.0005335 	180.000000	0.000533387	180.000000	0.000533277	180.000000	0.000539443	180.000000	1.37814e-07	
185.000000	0.000440657	185.000000	0.000530946	185.000000	0.000525972	185.000000	0.000524687	185.000000	0.000524948	185.000000	0.000530812	185.000000	1.3444e-07	
190.000000	0.000433919	190.000000	0.0005227 	190.000000	0.000518755	190.000000	0.00051639	190.000000	0.000517058	190.000000	0.000522569	190.000000	1.31234e-07	
195.000000	0.000427486	195.000000	0.000514818	195.000000	0.000511861	195.000000	0.00050847	195.000000	0.000509542	195.000000	0.000514689	195.000000	1.28184e-07	
200.000000	0.000421335	200.000000	0.000507275	200.000000	0.000505271	200.000000	0.000500902	200.000000	0.000502347	200.000000	0.00050715	200.000000	1.25279e-07	
210.000000	0.000409813	210.000000	0.000493127	210.000000	0.000492848	210.000000	0.000486733	210.000000	0.000488995	210.000000	0.000493007	210.000000	1.19863e-07	
220.000000	0.000399221	220.000000	0.000480104	220.000000	0.000481396	220.000000	0.000473725	220.000000	0.000476727	220.000000	0.000479989	220.000000	1.14916e-07	
230.000000	0.000389451	230.000000	0.00046808	230.000000	0.000470769	230.000000	0.000461744	230.000000	0.000465515	230.000000	0.000467969	230.000000	1.10377e-07	
240.000000	0.00038041	240.000000	0.000456945	240.000000	0.000460934	240.000000	0.000450674	240.000000	0.000455155	240.000000	0.000456839	240.000000	1.06197e-07	
250.000000	0.000372019	250.000000	0.000446606	250.000000	0.000451776	250.000000	0.000440419	250.000000	0.00044561	250.000000	0.000446503	250.000000	1.02336e-07	
260.000000	0.000364209	260.000000	0.000436981	260.000000	0.00044324	260.000000	0.000430894	260.000000	0.000436747	260.000000	0.000436883	260.000000	9.87567e-08	
270.000000	0.000356922	270.000000	0.000428002	270.000000	0.00043528	270.000000	0.000422026	270.000000	0.000428541	270.000000	0.000427906	270.000000	9.54298e-08	
280.000000	0.000350108	280.000000	0.000419606	280.000000	0.000427802	280.000000	0.000413751	280.000000	0.00042087	280.000000	0.000419513	280.000000	9.23289e-08	
290.000000	0.000343722	290.000000	0.000411739	290.000000	0.0004208 	290.000000	0.000406013	290.000000	0.00041375	290.000000	0.000411649	290.000000	8.94315e-08	
300.000000	0.000337725	300.000000	0.000404354	300.000000	0.000414207	300.000000	0.000398763	300.000000	0.000407034	300.000000	0.000404268	300.000000	8.67179e-08	
310.000000	0.000332082	310.000000	0.00039741	310.000000	0.000407989	310.000000	0.000391958	310.000000	0.000400779	310.000000	0.000397326	310.000000	8.41708e-08	
320.000000	0.000326764	320.000000	0.000390869	320.000000	0.000402136	320.000000	0.00038556	320.000000	0.000394894	320.000000	0.000390787	320.000000	8.17753e-08	
330.000000	0.000321744	330.000000	0.000384698	330.000000	0.000396618	330.000000	0.000379534	330.000000	0.000389354	330.000000	0.000384619	330.000000	7.95179e-08	
340.000000	0.000316997	340.000000	0.000378868	340.000000	0.0003914 	340.000000	0.000373851	340.000000	0.000384167	340.000000	0.000378791	340.000000	7.73869e-08	
350.000000	0.000312502	350.000000	0.000373352	350.000000	0.000386456	350.000000	0.000368483	350.000000	0.000379233	350.000000	0.000373277	350.000000	7.53718e-08	
360.000000	0.000308241	360.000000	0.000368127	360.000000	0.000381764	360.000000	0.000363405	360.000000	0.000374591	360.000000	0.000368053	360.000000	7.34634e-08	
370.000000	0.000304195	370.000000	0.00036317	370.000000	0.00037731	370.000000	0.000358596	370.000000	0.000370222	370.000000	0.000363098	370.000000	7.16531e-08	
380.000000	0.000300349	380.000000	0.000358463	380.000000	0.000373082	380.000000	0.000354036	380.000000	0.000366041	380.000000	0.000358393	380.000000	6.99336e-08	
390.000000	0.000296689	390.000000	0.000353988	390.000000	0.000369063	390.000000	0.000349708	390.000000	0.000362097	390.000000	0.000353919	390.000000	6.8298e-08	
400.000000	0.000293202	400.000000	0.000349729	400.000000	0.000365233	400.000000	0.000345594	400.000000	0.000358372	400.000000	0.000349662	400.000000	6.67403e-08	
410.000000	0.000289877	410.000000	0.000345671	410.000000	0.00036158	410.000000	0.00034168	410.000000	0.000354796	410.000000	0.000345606	410.000000	6.5255e-08	
420.000000	0.000286703	420.000000	0.000341802	420.000000	0.000358093	420.000000	0.000337953	420.000000	0.000351405	420.000000	0.000341738	420.000000	6.38371e-08	
430.000000	0.00028367	430.000000	0.000338108	430.000000	0.000354762	430.000000	0.0003344 	430.000000	0.000348192	430.000000	0.000338046	430.000000	6.2482e-08	
440.000000	0.00028077	440.000000	0.00033458	440.000000	0.000351581	440.000000	0.00033101	440.000000	0.000345116	440.000000	0.000334519	440.000000	6.11856e-08	
450.000000	0.000277995	450.000000	0.000331207	450.000000	0.000348542	450.000000	0.000327773	450.000000	0.000342172	450.000000	0.000331147	450.000000	5.99441e-08	
460.000000	0.000275336	460.000000	0.000327979	460.000000	0.000345637	460.000000	0.000324679	460.000000	0.000339371	460.000000	0.00032792	460.000000	5.87541e-08	
470.000000	0.000272787	470.000000	0.000324888	470.000000	0.000342855	470.000000	0.00032172	470.000000	0.000336706	470.000000	0.00032483	470.000000	5.76123e-08	
480.000000	0.000270342	480.000000	0.000321926	480.000000	0.000340183	480.000000	0.000318887	480.000000	0.000334129	480.000000	0.00032187	480.000000	5.65158e-08	
490.000000	0.000267995	490.000000	0.000319086	490.000000	0.000337614	490.000000	0.000316174	490.000000	0.000331667	490.000000	0.00031903	490.000000	5.5462e-08	
500.000000	0.000265741	500.000000	0.00031636	500.000000	0.000335148	500.000000	0.000313573	500.000000	0.000329318	500.000000	0.000316306	500.000000	5.44484e-08	
520.000000	0.00026149	520.000000	0.000311228	520.000000	0.000330507	520.000000	0.000308684	520.000000	0.000324901	520.000000	0.000311176	520.000000	5.25327e-08	
540.000000	0.000257553	540.000000	0.000306486	540.000000	0.000326227	540.000000	0.000304174	540.000000	0.000320823	540.000000	0.000306435	540.000000	5.07524e-08	
560.000000	0.0002539 	560.000000	0.000302094	560.000000	0.000322256	560.000000	0.000300004	560.000000	0.000317068	560.000000	0.000302045	560.000000	4.90935e-08	
580.000000	0.000250503	580.000000	0.000298017	580.000000	0.000318556	580.000000	0.000296141	580.000000	0.000313573	580.000000	0.00029797	580.000000	4.75438e-08	
600.000000	0.000247338	600.000000	0.000294227	600.000000	0.000315124	600.000000	0.000292554	600.000000	0.000310357	600.000000	0.000294181	600.000000	4.60927e-08	
620.000000	0.000244386	620.000000	0.000290697	620.000000	0.000311931	620.000000	0.000289217	620.000000	0.000307335	620.000000	0.000290652	620.000000	4.4731e-08	
640.000000	0.000241627	640.000000	0.000287403	640.000000	0.000308939	640.000000	0.000286108	640.000000	0.000304539	640.000000	0.00028736	640.000000	4.34506e-08	
660.000000	0.000239045	660.000000	0.000284327	660.000000	0.000306143	660.000000	0.000283206	660.000000	0.00030193	660.000000	0.000284284	660.000000	4.22442e-08	
680.000000	0.000236625	680.000000	0.000281448	680.000000	0.000303536	680.000000	0.000280494	680.000000	0.000299481	680.000000	0.000281407	680.000000	4.11056e-08	
700.000000	0.000234356	700.000000	0.000278752	700.000000	0.000301089	700.000000	0.000277956	700.000000	0.000297206	700.000000	0.000278712	700.000000	4.00292e-08	
720.000000	0.000232225	720.000000	0.000276223	720.000000	0.000298784	720.000000	0.000275576	720.000000	0.00029506	720.000000	0.000276184	720.000000	3.90098e-08	
740.000000	0.000230221	740.000000	0.00027385	740.000000	0.000296617	740.000000	0.000273343	740.000000	0.000293046	740.000000	0.000273812	740.000000	3.80431e-08	
760.000000	0.000228337	760.000000	0.000271619	760.000000	0.000294582	760.000000	0.000271245	760.000000	0.000291167	760.000000	0.000271582	760.000000	3.7125e-08	
780.000000	0.000226562	780.000000	0.000269521	780.000000	0.000292666	780.000000	0.000269271	780.000000	0.000289387	780.000000	0.000269485	780.000000	3.62519e-08	
800.000000	0.00022489	800.000000	0.000267546	800.000000	0.000290858	800.000000	0.000267413	800.000000	0.000287709	800.000000	0.000267511	800.000000	3.54205e-08	
820.000000	0.000223313	820.000000	0.000265686	820.000000	0.00028915	820.000000	0.000265662	820.000000	0.00028614	820.000000	0.000265651	820.000000	3.46278e-08	
840.000000	0.000221825	840.000000	0.000263932	840.000000	0.000287538	840.000000	0.00026401	840.000000	0.000284654	840.000000	0.000263898	840.000000	3.38713e-08	
860.000000	0.000220421	860.000000	0.000262277	860.000000	0.000286017	860.000000	0.00026245	860.000000	0.000283233	860.000000	0.000262244	860.000000	3.31483e-08	
880.000000	0.000219095	880.000000	0.000260716	880.000000	0.000284578	880.000000	0.000260977	880.000000	0.000281898	880.000000	0.000260683	880.000000	3.24568e-08	
900.000000	0.000217843	900.000000	0.000259241	900.000000	0.000283216	900.000000	0.000259583	900.000000	0.000280645	900.000000	0.000259209	900.000000	3.17946e-08	
920.000000	0.000216659	920.000000	0.000257848	920.000000	0.000281924	920.000000	0.000258264	920.000000	0.000279439	920.000000	0.000257817	920.000000	3.11599e-08	
940.000000	0.00021554	940.000000	0.000256531	940.000000	0.000280699	940.000000	0.000257016	940.000000	0.000278302	940.000000	0.000256501	940.000000	3.05511e-08	
960.000000	0.000214483	960.000000	0.000255287	960.000000	0.000279538	960.000000	0.000255832	960.000000	0.000277232	960.000000	0.000255257	960.000000	2.99665e-08	
980.000000	0.000213483	980.000000	0.00025411	980.000000	0.000278437	980.000000	0.000254711	980.000000	0.000276221	980.000000	0.00025408	980.000000	2.94047e-08	
1000.000000	0.000212537	1000.000000	0.000252996	1000.000000	0.000277393	1000.000000	0.000253647	1000.000000	0.000275245	1000.000000	0.000252967	1000.000000	2.88644e-08	
1020.000000	0.000211643	1020.000000	0.000251943	1020.000000	0.000276401	1020.000000	0.000252637	1020.000000	0.00027434	1020.000000	0.000251914	1020.000000	2.83444e-08	
1040.000000	0.000210798	1040.000000	0.000250946	1040.000000	0.000275457	1040.000000	0.000251678	1040.000000	0.000273485	1040.000000	0.000250918	1040.000000	2.78435e-08	
1060.000000	0.000209998	1060.000000	0.000250003	1060.000000	0.00027456	1060.000000	0.000250767	1060.000000	0.000272677	1060.000000	0.000249976	1060.000000	2.73607e-08	
1080.000000	0.000209243	1080.000000	0.000249111	1080.000000	0.000273706	1080.000000	0.000249902	1080.000000	0.000271892	1080.000000	0.000249084	1080.000000	2.6895e-08	
1100.000000	0.000208529	1100.000000	0.000248266	1100.000000	0.000272893	1100.000000	0.000249079	1100.000000	0.00027115	1100.000000	0.00024824	1100.000000	2.64454e-08	
1120.000000	0.000207855	1120.000000	0.000247468	1120.000000	0.000272118	1120.000000	0.000248297	1120.000000	0.000270448	1120.000000	0.000247442	1120.000000	2.60113e-08	
1140.000000	0.000207218	1140.000000	0.000246712	1140.000000	0.000271381	1140.000000	0.000247552	1140.000000	0.000269783	1140.000000	0.000246686	1140.000000	2.55917e-08	
1160.000000	0.000206617	1160.000000	0.000245998	1160.000000	0.000270678	1160.000000	0.000246844	1160.000000	0.000269144	1160.000000	0.000245972	1160.000000	2.51859e-08	
1180.000000	0.000206051	1180.000000	0.000245322	1180.000000	0.000270009	1180.000000	0.000246169	1180.000000	0.00026853	1180.000000	0.000245297	1180.000000	2.47933e-08	
1200.000000	0.000205517	1200.000000	0.000244684	1200.000000	0.000269373	1200.000000	0.000245527	1200.000000	0.000267949	1200.000000	0.000244659	1200.000000	2.44132e-08	
1220.000000	0.000205014	1220.000000	0.00024408	1220.000000	0.000268767	1220.000000	0.000244916	1220.000000	0.000267398	1220.000000	0.000244056	1220.000000	2.40451e-08	
1240.000000	0.000204541	1240.000000	0.000243511	1240.000000	0.00026819	1240.000000	0.000244334	1240.000000	0.000266876	1240.000000	0.000243487	1240.000000	2.36883e-08	
1260.000000	0.000204096	1260.000000	0.000242974	1260.000000	0.000267639	1260.000000	0.000243779	1260.000000	0.00026637	1260.000000	0.00024295	1260.000000	2.33423e-08	
1280.000000	0.000203678	1280.000000	0.000242467	1280.000000	0.000267115	1280.000000	0.00024325	1280.000000	0.000265886	1280.000000	0.000242444	1280.000000	2.30067e-08	
1300.000000	0.000203287	1300.000000	0.000241989	1300.000000	0.000266614	1300.000000	0.000242747	1300.000000	0.000265427	1300.000000	0.000241967	1300.000000	2.2681e-08	
1320.000000	0.00020292	1320.000000	0.00024154	1320.000000	0.000266135	1320.000000	0.000242267	1320.000000	0.000264991	1320.000000	0.000241517	1320.000000	2.23647e-08	
1340.000000	0.000202577	1340.000000	0.000241117	1340.000000	0.000265678	1340.000000	0.00024181	1340.000000	0.000264579	1340.000000	0.000241095	1340.000000	2.20575e-08	
1360.000000	0.000202258	1360.000000	0.00024072	1360.000000	0.000265241	1360.000000	0.000241374	1360.000000	0.000264181	1360.000000	0.000240698	1360.000000	2.17589e-08	
1380.000000	0.00020196	1380.000000	0.000240347	1380.000000	0.000264825	1380.000000	0.000240958	1380.000000	0.000263797	1380.000000	0.000240325	1380.000000	2.14686e-08	
1400.000000	0.000201683	1400.000000	0.000239997	1400.000000	0.000264427	1400.000000	0.000240563	1400.000000	0.000263433	1400.000000	0.000239976	1400.000000	2.11862e-08	
1420.000000	0.000201427	1420.000000	0.00023967	1420.000000	0.000264048	1420.000000	0.000240185	1420.000000	0.000263088	1420.000000	0.00023965	1420.000000	2.09114e-08	
1440.000000	0.000201191	1440.000000	0.000239365	1440.000000	0.000263687	1440.000000	0.000239826	1440.000000	0.00026276	1440.000000	0.000239345	1440.000000	2.0644e-08	
1460.000000	0.000200973	1460.000000	0.000239081	1460.000000	0.000263343	1460.000000	0.000239484	1460.000000	0.00026245	1460.000000	0.00023906	1460.000000	2.03835e-08	
1480.000000	0.000200773	1480.000000	0.000238816	1480.000000	0.000263016	1480.000000	0.000239157	1480.000000	0.000262148	1480.000000	0.000238796	1480.000000	2.01299e-08	
1500.000000	0.000200591	1500.000000	0.00023857	1500.000000	0.000262704	1500.000000	0.000238847	1500.000000	0.000261859	1500.000000	0.00023855	1500.000000	1.98826e-08	
1520.000000	0.000200426	1520.000000	0.000238343	1520.000000	0.000262407	1520.000000	0.000238551	1520.000000	0.000261581	1520.000000	0.000238323	1520.000000	1.96416e-08	
1540.000000	0.000200277	1540.000000	0.000238133	1540.000000	0.000262124	1540.000000	0.000238269	1540.000000	0.000261318	1540.000000	0.000238114	1540.000000	1.94066e-08	
1560.000000	0.000200144	1560.000000	0.00023794	1560.000000	0.000261854	1560.000000	0.000238001	1560.000000	0.000261069	1560.000000	0.000237921	1560.000000	1.91774e-08	
1580.000000	0.000200026	1580.000000	0.000237764	1580.000000	0.000261597	1580.000000	0.000237746	1580.000000	0.000260835	1580.000000	0.000237745	1580.000000	1.89537e-08	
1600.000000	0.000199922	1600.000000	0.000237603	1600.000000	0.000261352	1600.000000	0.000237504	1600.000000	0.000260608	1600.000000	0.000237584	1600.000000	1.87354e-08	
1620.000000	0.000199833	1620.000000	0.000237458	1620.000000	0.000261119	1620.000000	0.000237273	1620.000000	0.000260389	1620.000000	0.000237439	1620.000000	1.85223e-08	
1640.000000	0.000199757	1640.000000	0.000237327	1640.000000	0.000260897	1640.000000	0.000237054	1640.000000	0.000260183	1640.000000	0.000237309	1640.000000	1.83141e-08	
1660.000000	0.000199695	1660.000000	0.00023721	1660.000000	0.000260685	1660.000000	0.000236846	1660.000000	0.000259989	1660.000000	0.000237192	1660.000000	1.81107e-08	
1680.000000	0.000199645	1680.000000	0.000237107	1680.000000	0.000260484	1680.000000	0.000236649	1680.000000	0.000259805	1680.000000	0.000237089	1680.000000	1.7912e-08	
1700.000000	0.000199608	1700.000000	0.000237017	1700.000000	0.000260293	1700.000000	0.000236461	1700.000000	0.000259633	1700.000000	0.000236999	1700.000000	1.77177e-08	
1750.000000	0.000199567	1750.000000	0.000236846	1750.000000	0.000259855	1750.000000	0.000236034	1750.000000	0.000259235	1750.000000	0.000236829	1750.000000	1.72507e-08	
1800.000000	0.000199595	1800.000000	0.000236748	1800.000000	0.000259471	1800.000000	0.000235662	1800.000000	0.000258887	1800.000000	0.000236731	1800.000000	1.68085e-08	
1850.000000	0.000199687	1850.000000	0.000236717	1850.000000	0.000259137	1850.000000	0.00023534	1850.000000	0.000258593	1850.000000	0.000236701	1850.000000	1.63893e-08	
1900.000000	0.00019984	1900.000000	0.000236747	1900.000000	0.000258847	1900.000000	0.000235063	1900.000000	0.000258336	1900.000000	0.000236732	1900.000000	1.59912e-08	
1950.000000	0.000200048	1950.000000	0.000236835	1950.000000	0.000258599	1950.000000	0.000234828	1950.000000	0.000258117	1950.000000	0.000236819	1950.000000	1.56127e-08	
2000.000000	0.000200308	2000.000000	0.000236975	2000.000000	0.000258388	2000.000000	0.00023463	2000.000000	0.000257939	2000.000000	0.00023696	2000.000000	1.52524e-08	
2100.000000	0.00020097	2100.000000	0.000237398	2100.000000	0.000258069	2100.000000	0.000234333	2100.000000	0.000257669	2100.000000	0.000237384	2100.000000	1.4581e-08	
2200.000000	0.000201805	2200.000000	0.000237991	2200.000000	0.000257865	2200.000000	0.000234152	2200.000000	0.000257515	2200.000000	0.000237977	2200.000000	1.39683e-08	
2300.000000	0.00020279	2300.000000	0.00023873	2300.000000	0.000257758	2300.000000	0.000234066	2300.000000	0.000257443	2300.000000	0.000238717	2300.000000	1.34067e-08	
2400.000000	0.000203911	2400.000000	0.000239598	2400.000000	0.000257731	2400.000000	0.000234062	2400.000000	0.000257457	2400.000000	0.000239586	2400.000000	1.28901e-08	
2500.000000	0.000205154	2500.000000	0.00024058	2500.000000	0.000257771	2500.000000	0.000234127	2500.000000	0.000257529	2500.000000	0.000240567	2500.000000	1.24131e-08	
2600.000000	0.000206506	2600.000000	0.000241661	2600.000000	0.000257869	2600.000000	0.00023425	2600.000000	0.000257663	2600.000000	0.000241649	2600.000000	1.19714e-08	
2700.000000	0.000207957	2700.000000	0.000242831	2700.000000	0.000258016	2700.000000	0.000234422	2700.000000	0.000257838	2700.000000	0.000242819	2700.000000	1.15611e-08	
2800.000000	0.000209499	2800.000000	0.00024408	2800.000000	0.000258206	2800.000000	0.000234637	2800.000000	0.00025806	2800.000000	0.000244069	2800.000000	1.11789e-08	
2900.000000	0.000211124	2900.000000	0.0002454 	2900.000000	0.000258431	2900.000000	0.000234888	2900.000000	0.000258308	2900.000000	0.000245389	2900.000000	1.08221e-08	
3000.000000	0.000212824	3000.000000	0.000246783	3000.000000	0.000258687	3000.000000	0.00023517	3000.000000	0.000258591	3000.000000	0.000246773	3000.000000	1.04881e-08	
3200.000000	0.000216432	3200.000000	0.000249716	3200.000000	0.000259276	3200.000000	0.000235808	3200.000000	0.000259222	3200.000000	0.000249706	3200.000000	9.88029e-09	
3400.000000	0.000220283	3400.000000	0.000252837	3400.000000	0.000259943	3400.000000	0.000236524	3400.000000	0.000259927	3400.000000	0.000252828	3400.000000	9.34129e-09	
3600.000000	0.000224347	3600.000000	0.000256114	3600.000000	0.000260667	3600.000000	0.000237295	3600.000000	0.000260685	3600.000000	0.000256106	3600.000000	8.8599e-09	
3800.000000	0.000228599	3800.000000	0.000259522	3800.000000	0.000261433	3800.000000	0.000238105	3800.000000	0.000261476	3800.000000	0.000259513	3800.000000	8.42726e-09	
4000.000000	0.00023302	4000.000000	0.000263039	4000.000000	0.000262227	4000.000000	0.000238943	4000.000000	0.000262291	4000.000000	0.00026303	4000.000000	8.03625e-09	
4200.000000	0.000237594	4200.000000	0.000266649	4200.000000	0.000263037	4200.000000	0.000239799	4200.000000	0.000263126	4200.000000	0.000266641	4200.000000	7.68106e-09	
4400.000000	0.000242307	4400.000000	0.000270338	4400.000000	0.000263856	4400.000000	0.000240666	4400.000000	0.000263964	4400.000000	0.000270331	4400.000000	7.35694e-09	
4600.000000	0.000247148	4600.000000	0.000274096	4600.000000	0.000264678	4600.000000	0.000241539	4600.000000	0.000264809	4600.000000	0.000274089	4600.000000	7.05994e-09	
4800.000000	0.000252109	4800.000000	0.000277913	4800.000000	0.0002655 	4800.000000	0.000242412	4800.000000	0.000265651	4800.000000	0.000277906	4800.000000	6.78676e-09	
5000.000000	0.000257182	5000.000000	0.000281781	5000.000000	0.000266318	5000.000000	0.000243284	5000.000000	0.000266491	5000.000000	0.000281775	5000.000000	6.53461e-09	
5250.000000	0.000263669	5250.000000	0.000286679	5250.000000	0.000267334	5250.000000	0.000244367	5250.000000	0.000267531	5250.000000	0.000286673	5250.000000	6.24543e-09	
5500.000000	0.000270308	5500.000000	0.000291636	5500.000000	0.000268339	5500.000000	0.000245439	5500.000000	0.000268557	5500.000000	0.00029163	5500.000000	5.98156e-09	
6000.000000	0.000284011	6000.000000	0.000301694	6000.000000	0.000270309	6000.000000	0.000247542	6000.000000	0.000270563	6000.000000	0.000301688	6000.000000	5.51741e-09	
6500.000000	0.000298234	6500.000000	0.0003119 	6500.000000	0.000272213	6500.000000	0.000249578	6500.000000	0.000272495	6500.000000	0.000311895	6500.000000	5.12214e-09	
7000.000000	0.000312934	7000.000000	0.000322218	7000.000000	0.000274039	7000.000000	0.000251543	7000.000000	0.00027435	7000.000000	0.000322213	7000.000000	4.78132e-09	
7500.000000	0.000328083	7500.000000	0.000332618	7500.000000	0.000275791	7500.000000	0.000253435	7500.000000	0.000276127	7500.000000	0.000332614	7500.000000	4.48434e-09	
8000.000000	0.000343657	8000.000000	0.000343081	8000.000000	0.000277477	8000.000000	0.000255256	8000.000000	0.000277827	8000.000000	0.000343077	8000.000000	4.22316e-09	
8500.000000	0.000359639	8500.000000	0.000353591	8500.000000	0.000279085	8500.000000	0.000257007	8500.000000	0.000279451	8500.000000	0.000353587	8500.000000	3.99161e-09	
9000.000000	0.000376014	9000.000000	0.000364136	9000.000000	0.000280618	9000.000000	0.000258692	9000.000000	0.000281005	9000.000000	0.000364133	9000.000000	3.78489e-09	
9500.000000	0.000392773	9500.000000	0.000374708	9500.000000	0.000282087	9500.000000	0.000260314	9500.000000	0.000282494	9500.000000	0.000374705	9500.000000	3.59915e-09	
10000.000000	0.000409906	10000.000000	0.000385299	10000.000000	0.0002835 	10000.000000	0.000261876	10000.000000	0.000283918	10000.000000	0.000385296	10000.000000	3.43133e-09	
11000.000000	0.000445269	11000.000000	0.000406519	11000.000000	0.000286151	11000.000000	0.000264834	11000.000000	0.000286592	11000.000000	0.000406516	11000.000000	3.13989e-09	
12000.000000	0.000482062	12000.000000	0.000427762	12000.000000	0.000288584	12000.000000	0.000267593	12000.000000	0.000289055	12000.000000	0.000427759	12000.000000	2.8954e-09	
13000.000000	0.000520259	13000.000000	0.000449009	13000.000000	0.000290838	13000.000000	0.000270174	13000.000000	0.00029133	13000.000000	0.000449006	13000.000000	2.68724e-09	
14000.000000	0.000559839	14000.000000	0.000470245	14000.000000	0.000292949	14000.000000	0.000272597	14000.000000	0.000293438	14000.000000	0.000470242	14000.000000	2.50782e-09	
15000.000000	0.000600792	15000.000000	0.000491461	15000.000000	0.000294924	15000.000000	0.000274879	15000.000000	0.000295398	15000.000000	0.000491459	15000.000000	2.35152e-09	
16000.000000	0.000643109	16000.000000	0.000512652	16000.000000	0.000296753	16000.000000	0.000277035	16000.000000	0.000297225	16000.000000	0.00051265	16000.000000	2.21409e-09	
17000.000000	0.000686786	17000.000000	0.000533813	17000.000000	0.000298447	17000.000000	0.000279077	17000.000000	0.000298934	17000.000000	0.000533811	17000.000000	2.09229e-09	
18000.000000	0.00073182	18000.000000	0.000554941	18000.000000	0.000300024	18000.000000	0.000281016	18000.000000	0.000300535	18000.000000	0.000554939	18000.000000	1.98357e-09	
19000.000000	0.00077821	19000.000000	0.000576036	19000.000000	0.000301504	19000.000000	0.000282861	19000.000000	0.000302037	19000.000000	0.000576034	19000.000000	1.8859e-09	
20000.000000	0.000825958	20000.000000	0.000597095	20000.000000	0.000302902	20000.000000	0.000284622	20000.000000	0.000303452	20000.000000	0.000597093	20000.000000	1.79768e-09	
21000.000000	0.000875066	21000.000000	0.00061812	21000.000000	0.000304227	21000.000000	0.000286305	21000.000000	0.000304786	21000.000000	0.000618118	21000.000000	1.71757e-09	
22000.000000	0.000925536	22000.000000	0.000639108	22000.000000	0.000305479	22000.000000	0.000287916	22000.000000	0.000306046	22000.000000	0.000639107	22000.000000	1.6445e-09	
23000.000000	0.000977371	23000.000000	0.000660062	23000.000000	0.00030667	23000.000000	0.000289462	23000.000000	0.00030724	23000.000000	0.000660061	23000.000000	1.57758e-09	
24000.000000	0.00103058	24000.000000	0.000680981	24000.000000	0.000307799	24000.000000	0.000290947	24000.000000	0.000308369	24000.000000	0.00068098	24000.000000	1.51604e-09	
25000.000000	0.00108516	25000.000000	0.000701865	25000.000000	0.000308863	25000.000000	0.000292375	25000.000000	0.000309443	25000.000000	0.000701864	25000.000000	1.45926e-09	
26000.000000	0.00114112	26000.000000	0.000722716	26000.000000	0.000309875	26000.000000	0.000293752	26000.000000	0.000310463	26000.000000	0.000722715	26000.000000	1.40671e-09	
27000.000000	0.00119846	27000.000000	0.000743533	27000.000000	0.000310842	27000.000000	0.00029508	27000.000000	0.000311434	27000.000000	0.000743532	27000.000000	1.35792e-09	
28000.000000	0.0012572 	28000.000000	0.000764318	28000.000000	0.000311766	28000.000000	0.000296363	28000.000000	0.000312361	28000.000000	0.000764317	28000.000000	1.31249e-09	
29000.000000	0.00131733	29000.000000	0.000785071	29000.000000	0.000312647	29000.000000	0.000297604	29000.000000	0.000313244	29000.000000	0.00078507	29000.000000	1.2701e-09	
30000.000000	0.00137887	30000.000000	0.000805793	30000.000000	0.000313488	30000.000000	0.000298804	30000.000000	0.000314089	30000.000000	0.000805792	30000.000000	1.23044e-09	
32000.000000	0.00150617	32000.000000	0.000847145	32000.000000	0.000315065	32000.000000	0.000301097	32000.000000	0.00031567	32000.000000	0.000847144	32000.000000	1.15831e-09	
34000.000000	0.00163917	34000.000000	0.000888381	34000.000000	0.000316517	34000.000000	0.000303257	34000.000000	0.000317125	34000.000000	0.00088838	34000.000000	1.09439e-09	
36000.000000	0.00177791	36000.000000	0.000929505	36000.000000	0.00031785	36000.000000	0.000305299	36000.000000	0.000318467	36000.000000	0.000929504	36000.000000	1.03735e-09	
38000.000000	0.00192246	38000.000000	0.000970523	38000.000000	0.00031908	38000.000000	0.000307235	38000.000000	0.00031971	38000.000000	0.000970522	38000.000000	9.86117e-10	
40000.000000	0.00207287	40000.000000	0.00101144	40000.000000	0.000320222	40000.000000	0.000309076	40000.000000	0.000320865	40000.000000	0.00101144	40000.000000	9.39846e-10	
42000.000000	0.00222921	42000.000000	0.00105226	42000.000000	0.000321291	42000.000000	0.00031083	42000.000000	0.000321945	42000.000000	0.00105226	42000.000000	8.9784e-10	
44000.000000	0.00239153	44000.000000	0.00109298	44000.000000	0.0003223 	44000.000000	0.000312506	44000.000000	0.000322951	44000.000000	0.00109298	44000.000000	8.59531e-10	
46000.000000	0.00255989	46000.000000	0.00113362	46000.000000	0.000323263	46000.000000	0.00031411	46000.000000	0.000323902	46000.000000	0.00113362	46000.000000	8.24447e-10	
48000.000000	0.00273437	48000.000000	0.00117417	48000.000000	0.00032418	48000.000000	0.000315647	48000.000000	0.000324791	48000.000000	0.00117417	48000.000000	7.92193e-10	
50000.000000	0.00291502	50000.000000	0.00121463	50000.000000	0.000325043	50000.000000	0.000317123	50000.000000	0.000325636	50000.000000	0.00121463	50000.000000	7.62437e-10	
