0.001 0.245 0.245 0.238 0.238
0.010 1.852 1.852 1.978 1.978
0.020 2.859 2.859 3.319 3.319
0.029 3.627 3.627 4.498 4.498
0.038 4.294 4.294 5.551 5.551
0.048 4.912 4.912 6.519 6.519
0.057 5.509 5.509 7.436 7.436
0.067 6.101 6.101 8.319 8.319
0.076 6.700 6.700 9.184 9.184
0.085 7.312 7.312 10.040 10.040
0.095 7.943 7.943 10.892 10.892
0.104 8.602 8.602 11.749 11.749
0.113 9.285 9.285 12.612 12.612
0.123 9.986 9.986 13.482 13.482
0.132 10.730 10.730 14.371 14.371
0.141 11.485 11.485 15.266 15.266
0.151 12.295 12.295 16.192 16.192
0.160 13.107 13.107 17.119 17.119
0.170 13.986 13.986 18.089 18.089
0.179 14.864 14.864 19.060 19.060
0.188 15.804 15.804 20.074 20.074
0.198 16.751 16.751 21.095 21.095
0.207 17.787 17.787 22.188 22.188
0.216 18.854 18.854 23.306 23.306
0.226 19.920 19.920 24.423 24.423
0.235 20.987 20.987 25.541 25.541
0.244 22.053 22.053 26.659 26.659
0.254 23.186 23.186 27.836 27.836
0.263 24.418 24.418 29.104 29.104
0.272 25.649 25.649 30.371 30.371
0.282 26.881 26.881 31.638 31.638
0.291 28.113 28.113 32.905 32.905
0.301 29.354 29.354 34.181 34.181
0.310 30.744 30.744 35.604 35.604
0.319 32.135 32.135 37.027 37.027
0.329 33.525 33.525 38.450 38.450
0.338 34.915 34.915 39.873 39.873
0.347 36.305 36.305 41.296 41.296
0.357 37.805 37.805 42.832 42.832
0.366 39.348 39.348 44.413 44.413
0.375 40.891 40.891 45.993 45.993
0.385 42.434 42.434 47.574 47.574
0.394 43.977 43.977 49.154 49.154
0.404 45.576 45.576 50.794 50.794
0.413 47.266 47.266 52.531 52.531
0.422 48.957 48.957 54.269 54.269
0.432 50.648 50.648 56.006 56.006
0.441 52.339 52.339 57.743 57.743
0.450 54.035 54.035 59.486 59.486
0.460 55.869 55.869 61.378 61.378
0.469 57.704 57.704 63.269 63.269
0.478 59.539 59.539 65.161 65.161
0.488 61.373 61.373 67.053 67.053
0.497 63.208 63.208 68.945 68.945
0.507 65.188 65.188 70.994 70.994
0.516 67.233 67.233 73.112 73.112
0.525 69.277 69.277 75.230 75.230
0.535 71.321 71.321 77.348 77.348
0.544 73.365 73.365 79.466 79.466
0.553 75.410 75.410 81.584 81.584
0.563 77.454 77.454 83.701 83.701
0.572 79.498 79.498 85.819 85.819
0.581 81.543 81.543 87.937 87.937
0.591 83.587 83.587 90.055 90.055
0.600 85.635 85.635 92.177 92.177
0.609 87.951 87.951 94.587 94.587
0.619 90.267 90.267 96.997 96.997
0.628 92.583 92.583 99.407 99.407
0.638 94.899 94.899 101.817 101.817
0.647 97.214 97.214 104.227 104.227
0.656 99.530 99.530 106.637 106.637
0.666 101.846 101.846 109.047 109.047
0.675 104.162 104.162 111.456 111.456
0.684 106.478 106.478 113.866 113.866
0.694 108.794 108.794 116.276 116.276
0.703 111.197 111.197 118.779 118.779
0.712 113.777 113.777 121.471 121.471
0.722 116.358 116.358 124.162 124.162
0.731 118.938 118.938 126.853 126.853
0.741 121.518 121.518 129.544 129.544
0.750 124.098 124.098 132.236 132.236
0.759 126.678 126.678 134.927 134.927
0.769 129.258 129.258 137.618 137.618
0.778 131.838 131.838 140.309 140.309
0.787 134.418 134.418 143.001 143.001
0.797 136.998 136.998 145.692 145.692
0.806 139.746 139.746 148.560 148.560
0.815 142.585 142.585 151.524 151.524
0.825 145.423 145.423 154.487 154.487
0.834 148.262 148.262 157.451 157.451
0.844 151.100 151.100 160.414 160.414
0.853 153.939 153.939 163.378 163.378
0.862 156.777 156.777 166.341 166.341
0.872 159.616 159.616 169.305 169.305
0.881 162.455 162.455 172.268 172.268
0.890 165.293 165.293 175.232 175.232
0.900 168.132 168.132 178.196 178.196
0.909 171.216 171.216 181.415 181.415
0.918 174.308 174.308 184.644 184.644
0.928 177.400 177.400 187.872 187.872
0.937 180.493 180.493 191.100 191.100
0.947 183.585 183.585 194.329 194.329
0.956 186.677 186.677 197.557 197.557
0.965 189.769 189.769 200.785 200.785
0.975 192.862 192.862 204.014 204.014
0.984 195.954 195.954 207.242 207.242
0.993 199.046 199.046 210.470 210.470
1.003 202.263 202.263 213.826 213.826
1.012 205.789 205.789 217.503 217.503
1.021 209.316 209.316 221.179 221.179
1.031 212.842 212.842 224.855 224.855
1.040 216.369 216.369 228.531 228.531
1.049 219.896 219.896 232.207 232.207
1.059 223.422 223.422 235.883 235.883
1.068 226.949 226.949 239.559 239.559
1.078 230.475 230.475 243.236 243.236
1.087 234.002 234.002 246.912 246.912
1.096 237.529 237.529 250.588 250.588
1.106 241.055 241.055 254.264 254.264
1.115 244.582 244.582 257.940 257.940
1.124 248.109 248.109 261.616 261.616
1.134 251.635 251.635 265.293 265.293
1.143 255.162 255.162 268.969 268.969
1.152 258.688 258.688 272.645 272.645
1.162 262.215 262.215 276.321 276.321
1.171 265.742 265.742 279.997 279.997
1.181 269.268 269.268 283.673 283.673
1.190 272.795 272.795 287.349 287.349
1.199 276.321 276.321 291.026 291.026
1.209 279.848 279.848 294.702 294.702
1.218 283.375 283.375 298.378 298.378
1.227 286.901 286.901 302.054 302.054
1.237 290.428 290.428 305.730 305.730
1.246 293.954 293.954 309.406 309.406
1.255 297.832 297.832 313.441 313.441
1.265 301.965 301.965 317.734 317.734
1.274 306.097 306.097 322.028 322.028
1.284 310.229 310.229 326.321 326.321
1.293 314.362 314.362 330.614 330.614
1.302 318.494 318.494 334.908 334.908
1.312 322.626 322.626 339.201 339.201
1.321 326.759 326.759 343.495 343.495
1.330 330.891 330.891 347.788 347.788
1.340 335.023 335.023 352.082 352.082
1.349 339.155 339.155 356.375 356.375
1.358 343.288 343.288 360.669 360.669
1.368 347.420 347.420 364.962 364.962
1.377 351.552 351.552 369.256 369.256
1.386 355.685 355.685 373.549 373.549
1.396 359.817 359.817 377.843 377.843
1.405 363.949 363.949 382.136 382.136
1.415 368.082 368.082 386.430 386.430
1.424 372.214 372.214 390.723 390.723
1.433 376.346 376.346 395.016 395.016
1.443 380.479 380.479 399.310 399.310
1.452 384.611 384.611 403.603 403.603
1.461 388.743 388.743 407.897 407.897
1.471 392.876 392.876 412.190 412.190
1.480 397.008 397.008 416.484 416.484
1.489 401.140 401.140 420.777 420.777
1.499 405.272 405.272 425.071 425.071
1.508 409.922 409.922 429.886 429.886
1.518 414.645 414.645 434.776 434.776
1.527 419.369 419.369 439.666 439.666
1.536 424.092 424.092 444.555 444.555
1.546 428.816 428.816 449.445 449.445
1.555 433.539 433.539 454.335 454.335
1.564 438.263 438.263 459.225 459.225
1.574 442.986 442.986 464.115 464.115
1.583 447.709 447.709 469.005 469.005
1.592 452.433 452.433 473.894 473.894
1.602 457.156 457.156 478.784 478.784
1.611 461.880 461.880 483.674 483.674
1.621 466.603 466.603 488.564 488.564
1.630 471.327 471.327 493.454 493.454
1.639 476.050 476.050 498.344 498.344
1.649 480.774 480.774 503.233 503.233
1.658 485.497 485.497 508.123 508.123
1.667 490.221 490.221 513.013 513.013
1.677 494.944 494.944 517.903 517.903
1.686 499.667 499.667 522.793 522.793
1.695 504.391 504.391 527.683 527.683
1.705 509.114 509.114 532.572 532.572
1.714 513.838 513.838 537.462 537.462
1.724 518.561 518.561 542.352 542.352
1.733 523.285 523.285 547.242 547.242
1.742 528.008 528.008 552.132 552.132
1.752 532.830 532.830 557.120 557.120
1.761 538.133 538.133 562.590 562.590
1.770 543.436 543.436 568.061 568.061
1.780 548.739 548.739 573.531 573.531
1.789 554.042 554.042 579.002 579.002
1.798 559.345 559.345 584.473 584.473
1.808 564.648 564.648 589.943 589.943
1.817 569.951 569.951 595.414 595.414
1.826 575.254 575.254 600.884 600.884
1.836 580.557 580.557 606.355 606.355
1.845 585.860 585.860 611.825 611.825
1.855 591.163 591.163 617.296 617.296
1.864 596.466 596.466 622.766 622.766
1.873 601.769 601.769 628.237 628.237
1.883 607.072 607.072 633.707 633.707
1.892 612.375 612.375 639.178 639.178
1.901 617.678 617.678 644.648 644.648
1.911 622.981 622.981 650.119 650.119
1.920 628.284 628.284 655.589 655.589
1.929 633.587 633.587 661.060 661.060
1.939 638.890 638.890 666.530 666.530
1.948 644.193 644.193 672.001 672.001
1.958 649.496 649.496 677.471 677.471
1.967 654.799 654.799 682.942 682.942
1.976 660.102 660.102 688.412 688.412
1.986 665.405 665.405 693.883 693.883
1.995 670.708 670.708 699.353 699.353
2.004 676.275 676.275 705.088 705.088
2.014 682.148 682.148 711.126 711.126
2.023 688.021 688.021 717.165 717.165
2.032 693.894 693.894 723.204 723.204
2.042 699.767 699.767 729.243 729.243
2.051 705.640 705.640 735.282 735.282
2.061 711.513 711.513 741.321 741.321
2.070 717.386 717.386 747.359 747.359
2.079 723.259 723.259 753.398 753.398
2.089 729.132 729.132 759.437 759.437
2.098 735.005 735.005 765.476 765.476
2.107 740.878 740.878 771.515 771.515
2.117 746.751 746.751 777.554 777.554
2.126 752.624 752.624 783.592 783.592
2.135 758.497 758.497 789.631 789.631
2.145 764.370 764.370 795.670 795.670
2.154 770.243 770.243 801.709 801.709
2.163 776.116 776.116 807.748 807.748
2.173 781.989 781.989 813.786 813.786
2.182 787.862 787.862 819.825 819.825
2.192 793.735 793.735 825.864 825.864
2.201 799.608 799.608 831.903 831.903
2.210 805.481 805.481 837.942 837.942
2.220 811.354 811.354 843.981 843.981
2.229 817.226 817.226 850.019 850.019
2.238 823.099 823.099 856.058 856.058
2.248 828.972 828.972 862.097 862.097
2.257 835.277 835.272 868.559 868.559
2.266 841.719 841.706 875.156 875.156
2.276 848.161 848.141 881.753 881.753
2.285 854.603 854.576 888.350 888.350
2.295 861.046 861.011 894.947 894.947
2.304 867.488 867.446 901.544 901.544
2.313 873.930 873.880 908.141 908.141
2.323 880.372 880.315 914.738 914.738
2.332 886.814 886.750 921.335 921.335
2.341 893.256 893.185 927.932 927.932
2.351 899.698 899.620 934.529 934.529
2.360 906.140 906.054 941.126 941.126
2.369 912.582 912.489 947.723 947.723
2.379 919.024 918.924 954.320 954.320
2.388 925.466 925.359 960.917 960.917
2.398 931.908 931.794 967.514 967.514
2.407 938.350 938.228 974.111 974.111
2.416 944.793 944.663 980.708 980.708
2.426 951.235 951.098 987.305 987.305
2.435 957.677 957.533 993.902 993.902
2.444 964.119 963.968 1000.500 1000.500
2.454 970.561 970.402 1007.100 1007.100
2.463 977.003 976.837 1013.690 1013.690
2.472 983.445 983.272 1020.290 1020.290
2.482 989.887 989.707 1026.890 1026.890
2.491 996.329 996.142 1033.480 1033.480
2.501 1002.830 1002.620 1040.120 1040.120
2.510 1010.310 1009.880 1047.540 1047.540
2.519 1017.790 1017.150 1054.960 1054.960
2.529 1025.280 1024.410 1062.380 1062.380
2.538 1032.760 1031.680 1069.790 1069.790
2.547 1040.240 1038.940 1077.210 1077.210
2.557 1047.730 1046.200 1084.630 1084.630
2.566 1055.210 1053.470 1092.050 1092.050
2.575 1062.700 1060.730 1099.460 1099.460
2.585 1070.180 1068.000 1106.880 1106.880
2.594 1077.660 1075.260 1114.300 1114.300
2.603 1085.150 1082.520 1121.720 1121.720
2.613 1092.630 1089.790 1129.130 1129.130
2.622 1100.110 1097.050 1136.550 1136.550
2.632 1107.600 1104.310 1143.970 1143.970
2.641 1115.080 1111.580 1151.390 1151.390
2.650 1122.560 1118.840 1158.810 1158.810
2.660 1130.050 1126.110 1166.220 1166.220
2.669 1137.530 1133.370 1173.640 1173.640
2.678 1145.010 1140.630 1181.060 1181.060
2.688 1152.500 1147.900 1188.480 1188.480
2.697 1159.980 1155.160 1195.890 1195.890
2.706 1167.470 1162.430 1203.310 1203.310
2.716 1174.950 1169.690 1210.730 1210.730
2.725 1182.430 1176.950 1218.150 1218.150
2.735 1189.920 1184.220 1225.560 1225.560
2.744 1197.400 1191.480 1232.980 1232.980
2.753 1204.880 1198.750 1240.400 1240.400
2.763 1212.370 1206.010 1247.820 1247.820
2.772 1219.850 1213.270 1255.230 1255.230
2.781 1227.330 1220.540 1262.650 1262.650
2.791 1234.820 1227.800 1270.070 1270.070
2.800 1242.300 1235.060 1277.490 1277.490
2.809 1249.780 1242.330 1284.900 1284.900
2.819 1257.270 1249.590 1292.320 1292.320
2.828 1264.750 1256.860 1299.740 1299.740
2.838 1272.230 1264.120 1307.160 1307.160
2.847 1279.720 1271.380 1314.570 1314.570
2.856 1287.200 1278.650 1321.990 1321.990
2.866 1294.690 1285.910 1329.410 1329.410
2.875 1302.170 1293.180 1336.830 1336.830
2.884 1309.650 1300.440 1344.240 1344.240
2.894 1317.140 1307.700 1351.660 1351.660
2.903 1324.620 1314.970 1359.080 1359.080
2.912 1332.100 1322.230 1366.500 1366.500
2.922 1339.590 1329.490 1373.910 1373.910
2.931 1347.070 1336.760 1381.330 1381.330
2.940 1354.550 1344.020 1388.750 1388.750
2.950 1362.040 1351.290 1396.170 1396.170
2.959 1369.520 1358.550 1403.580 1403.580
2.969 1377.000 1365.810 1411.000 1411.000
2.978 1384.490 1373.080 1418.420 1418.420
2.987 1391.970 1380.340 1425.840 1425.840
2.997 1399.460 1387.610 1433.250 1433.250
3.006 1407.640 1395.570 1441.360 1441.360
3.015 1416.210 1403.920 1449.850 1449.850
3.025 1424.780 1412.270 1458.340 1458.340
3.034 1433.360 1420.620 1466.830 1466.830
3.043 1441.930 1428.970 1475.320 1475.320
3.053 1450.500 1437.320 1483.810 1483.810
3.062 1459.070 1445.670 1492.300 1492.300
3.072 1467.650 1454.020 1500.780 1500.780
3.081 1476.220 1462.370 1509.270 1509.270
3.090 1484.790 1470.720 1517.760 1517.760
3.100 1493.360 1479.070 1526.250 1526.250
3.109 1501.940 1487.420 1534.740 1534.740
3.118 1510.510 1495.770 1543.230 1543.230
3.128 1519.080 1504.120 1551.720 1551.720
3.137 1527.650 1512.470 1560.210 1560.210
3.146 1536.230 1520.820 1568.700 1568.700
3.156 1544.800 1529.170 1577.190 1577.190
3.165 1553.370 1537.520 1585.680 1585.680
3.175 1561.940 1545.870 1594.160 1594.160
3.184 1570.520 1554.220 1602.650 1602.650
3.193 1579.090 1562.570 1611.140 1611.140
3.203 1587.660 1570.920 1619.630 1619.630
3.212 1596.230 1579.270 1628.120 1628.120
3.221 1604.810 1587.620 1636.610 1636.610
3.231 1613.380 1595.970 1645.100 1645.100
3.240 1621.950 1604.320 1653.590 1653.590
3.249 1630.520 1612.670 1662.080 1662.080
3.259 1639.100 1621.020 1670.570 1670.570
3.268 1647.670 1629.370 1679.060 1679.060
3.277 1656.240 1637.720 1687.540 1687.540
3.287 1664.810 1646.070 1696.030 1696.030
3.296 1673.390 1654.420 1704.520 1704.520
3.306 1681.960 1662.770 1713.010 1713.010
3.315 1690.530 1671.120 1721.500 1721.500
3.324 1699.100 1679.480 1729.990 1729.990
3.334 1707.680 1687.830 1738.480 1738.480
3.343 1716.250 1696.180 1746.970 1746.970
3.352 1724.820 1704.530 1755.460 1755.460
3.362 1733.390 1712.880 1763.950 1763.950
3.371 1741.970 1721.230 1772.440 1772.440
3.380 1750.540 1729.580 1780.920 1780.920
3.390 1759.110 1737.930 1789.410 1789.410
3.399 1767.680 1746.280 1797.900 1797.900
3.409 1776.260 1754.630 1806.390 1806.390
3.418 1784.830 1762.980 1814.880 1814.880
3.427 1793.400 1771.330 1823.370 1823.370
3.437 1801.970 1779.680 1831.860 1831.860
3.446 1810.550 1788.030 1840.350 1840.350
3.455 1819.120 1796.380 1848.840 1848.840
3.465 1827.690 1804.730 1857.330 1857.330
3.474 1836.260 1813.080 1865.810 1865.810
3.483 1844.840 1821.430 1874.300 1874.300
3.493 1853.410 1829.780 1882.790 1882.790
3.502 1862.230 1838.380 1891.530 1891.530
3.512 1871.870 1847.790 1901.060 1901.060
3.521 1881.510 1857.210 1910.600 1910.600
3.530 1891.150 1866.630 1920.140 1920.140
3.540 1900.800 1876.050 1929.680 1929.680
3.549 1910.440 1885.460 1939.220 1939.220
3.558 1920.080 1894.880 1948.760 1948.760
3.568 1929.720 1904.300 1958.290 1958.290
3.577 1939.360 1913.720 1967.830 1967.830
3.586 1949.010 1923.130 1977.370 1977.370
3.596 1958.650 1932.550 1986.910 1986.910
3.605 1968.290 1941.970 1996.450 1996.450
3.615 1977.930 1951.390 2005.990 2005.990
3.624 1987.570 1960.800 2015.520 2015.520
3.633 1997.220 1970.220 2025.060 2025.060
3.643 2006.860 1979.640 2034.600 2034.600
3.652 2016.500 1989.060 2044.140 2044.140
3.661 2026.140 1998.470 2053.680 2053.680
3.671 2035.780 2007.890 2063.220 2063.220
3.680 2045.420 2017.310 2072.750 2072.750
3.689 2055.070 2026.730 2082.290 2082.290
3.699 2064.710 2036.140 2091.830 2091.830
3.708 2074.350 2045.560 2101.370 2101.370
3.717 2083.990 2054.980 2110.910 2110.910
3.727 2093.630 2064.400 2120.450 2120.450
3.736 2103.280 2073.810 2129.980 2129.980
3.746 2112.920 2083.230 2139.520 2139.520
3.755 2122.560 2092.650 2149.060 2149.060
3.764 2132.200 2102.070 2158.600 2158.600
3.774 2141.840 2111.490 2168.140 2168.140
3.783 2151.490 2120.900 2177.680 2177.680
3.792 2161.130 2130.320 2187.220 2187.220
3.802 2170.770 2139.740 2196.750 2196.750
3.811 2180.410 2149.160 2206.290 2206.290
3.820 2190.050 2158.570 2215.830 2215.830
3.830 2199.700 2167.990 2225.370 2225.370
3.839 2209.340 2177.410 2234.910 2234.910
3.849 2218.980 2186.830 2244.450 2244.450
3.858 2228.620 2196.240 2253.980 2253.980
3.867 2238.260 2205.660 2263.520 2263.520
3.877 2247.910 2215.080 2273.060 2273.060
3.886 2257.550 2224.500 2282.600 2282.600
3.895 2267.190 2233.910 2292.140 2292.140
3.905 2276.830 2243.330 2301.680 2301.680
3.914 2286.470 2252.750 2311.210 2311.210
3.923 2296.110 2262.170 2320.750 2320.750
3.933 2305.760 2271.580 2330.290 2330.290
3.942 2315.400 2281.000 2339.830 2339.830
3.952 2325.040 2290.420 2349.370 2349.370
3.961 2334.680 2299.840 2358.910 2358.910
3.970 2344.320 2309.250 2368.440 2368.440
3.980 2353.970 2318.670 2377.980 2377.980
3.989 2363.610 2328.090 2387.520 2387.520
3.998 2373.250 2337.510 2397.060 2397.060
4.008 2383.760 2347.790 2407.440 2407.440
4.017 2394.450 2358.260 2418.010 2418.010
4.026 2405.150 2368.720 2428.580 2428.580
4.036 2415.840 2379.190 2439.150 2439.150
4.045 2426.540 2389.660 2449.720 2449.720
4.054 2437.230 2400.130 2460.290 2460.290
4.064 2447.920 2410.600 2470.860 2470.860
4.073 2458.620 2421.070 2481.430 2481.430
4.083 2469.310 2431.540 2492.000 2492.000
4.092 2480.010 2442.010 2502.570 2502.570
4.101 2490.700 2452.480 2513.140 2513.140
4.111 2501.400 2462.940 2523.710 2523.710
4.120 2512.090 2473.410 2534.280 2534.280
4.129 2522.790 2483.880 2544.850 2544.850
4.139 2533.480 2494.350 2555.420 2555.420
4.148 2544.180 2504.820 2565.990 2565.990
4.157 2554.870 2515.290 2576.550 2576.550
4.167 2565.570 2525.760 2587.120 2587.120
4.176 2576.260 2536.230 2597.690 2597.690
4.186 2586.960 2546.700 2608.260 2608.260
4.195 2597.650 2557.160 2618.830 2618.830
4.204 2608.340 2567.630 2629.400 2629.400
4.214 2619.040 2578.100 2639.970 2639.970
4.223 2629.730 2588.570 2650.540 2650.540
4.232 2640.430 2599.040 2661.110 2661.110
4.242 2651.120 2609.510 2671.680 2671.680
4.251 2661.820 2619.980 2682.250 2682.250
4.260 2672.510 2630.450 2692.820 2692.820
4.270 2683.210 2640.920 2703.390 2703.390
4.279 2693.900 2651.390 2713.960 2713.960
4.289 2704.600 2661.850 2724.530 2724.530
4.298 2715.290 2672.320 2735.100 2735.100
4.307 2725.990 2682.790 2745.660 2745.660
4.317 2736.680 2693.260 2756.230 2756.230
4.326 2747.380 2703.730 2766.800 2766.800
4.335 2758.070 2714.200 2777.370 2777.370
4.345 2768.760 2724.670 2787.940 2787.940
4.354 2779.460 2735.140 2798.510 2798.510
4.363 2790.150 2745.610 2809.080 2809.080
4.373 2800.850 2756.070 2819.650 2819.650
4.382 2811.540 2766.540 2830.220 2830.220
4.392 2822.240 2777.010 2840.790 2840.790
4.401 2832.930 2787.480 2851.360 2851.360
4.410 2843.630 2797.950 2861.930 2861.930
4.420 2854.320 2808.420 2872.500 2872.500
4.429 2865.020 2818.890 2883.070 2883.070
4.438 2875.710 2829.360 2893.640 2893.640
4.448 2886.410 2839.830 2904.210 2904.210
4.457 2897.100 2850.290 2914.770 2914.770
4.466 2907.800 2860.760 2925.340 2925.340
4.476 2918.490 2871.230 2935.910 2935.910
4.485 2929.180 2881.700 2946.480 2946.480
4.494 2939.880 2892.170 2957.050 2957.050
4.504 2951.000 2903.070 2968.040 2968.040
4.513 2962.730 2914.570 2979.620 2979.620
4.523 2974.470 2926.080 2991.210 2991.210
4.532 2986.200 2937.590 3002.790 3002.790
4.541 2997.930 2949.090 3014.380 3014.380
4.551 3009.660 2960.600 3025.960 3025.960
4.560 3021.400 2972.110 3037.550 3037.550
4.569 3033.130 2983.610 3049.130 3049.130
4.579 3044.860 2995.120 3060.720 3060.720
4.588 3056.600 3006.630 3072.300 3072.300
4.597 3068.330 3018.130 3083.890 3083.890
4.607 3080.060 3029.640 3095.470 3095.470
4.616 3091.790 3041.150 3107.060 3107.060
4.626 3103.530 3052.650 3118.640 3118.640
4.635 3115.260 3064.160 3130.230 3130.230
4.644 3126.990 3075.670 3141.810 3141.810
4.654 3138.730 3087.170 3153.400 3153.400
4.663 3150.460 3098.680 3164.980 3164.980
4.672 3162.190 3110.190 3176.570 3176.570
4.682 3173.920 3121.690 3188.150 3188.150
4.691 3185.660 3133.200 3199.740 3199.740
4.700 3197.390 3144.710 3211.320 3211.320
4.710 3209.120 3156.210 3222.910 3222.910
4.719 3220.860 3167.720 3234.490 3234.490
4.729 3232.590 3179.230 3246.080 3246.080
4.738 3244.320 3190.730 3257.660 3257.660
4.747 3256.050 3202.240 3269.240 3269.240
4.757 3267.790 3213.750 3280.830 3280.830
4.766 3279.520 3225.250 3292.410 3292.410
4.775 3291.250 3236.760 3304.000 3304.000
4.785 3302.980 3248.270 3315.580 3315.580
4.794 3314.720 3259.770 3327.170 3327.170
4.803 3326.450 3271.280 3338.750 3338.750
4.813 3338.180 3282.790 3350.340 3350.340
4.822 3349.920 3294.290 3361.920 3361.920
4.831 3361.650 3305.800 3373.510 3373.510
4.841 3373.380 3317.310 3385.090 3385.090
4.850 3385.110 3328.810 3396.680 3396.680
4.860 3396.850 3340.320 3408.260 3408.260
4.869 3408.580 3351.830 3419.850 3419.850
4.878 3420.310 3363.330 3431.430 3431.430
4.888 3432.050 3374.840 3443.020 3443.020
4.897 3443.780 3386.350 3454.600 3454.600
4.906 3455.510 3397.860 3466.190 3466.190
4.916 3467.240 3409.360 3477.770 3477.770
4.925 3478.980 3420.870 3489.360 3489.360
4.934 3490.710 3432.380 3500.940 3500.940
4.944 3502.440 3443.880 3512.530 3512.530
4.953 3514.180 3455.390 3524.110 3524.110
4.963 3525.910 3466.900 3535.700 3535.700
4.972 3537.640 3478.400 3547.280 3547.280
4.981 3549.370 3489.910 3558.870 3558.870
4.991 3561.110 3501.420 3570.450 3570.450
