0.125 0 0
0.125 0.5 2.6556e-05
0.125 1 5.06219e-05
0.125 1.5 7.19952e-05
0.125 2 9.3995e-05
0.125 2.5 0.000123173
0.125 3 0.0001673
0.125 3.5 0.000232842
0.125 4 0.00032228
0.125 4.5 0.000432695
0.125 5 0.000556162
0.125 5.5 0.000680671
0.125 6 0.000793228
0.125 6.5 0.000882147
0.125 7 0.000939389
0.125 7.5 0.000961028
0.125 8 0.000947467
0.125 8.5 0.000903172
0.125 9 0.000834417
0.125 9.5 0.000748776
0.125 10 0.000653544
0.375 0 0
0.375 0.5 7.11604e-05
0.375 1 0.000135751
0.375 1.5 0.00019282
0.375 2 0.000250296
0.375 2.5 0.000324362
0.375 3 0.000435095
0.375 3.5 0.000599981
0.375 4 0.000827692
0.375 4.5 0.0011125
0.375 5 0.00143748
0.375 5.5 0.0017721
0.375 6 0.00208394
0.375 6.5 0.00234006
0.375 7 0.00251787
0.375 7.5 0.00260082
0.375 8 0.00258997
0.375 8.5 0.00248972
0.375 9 0.00231763
0.375 9.5 0.00209411
0.375 10 0.00183628
0.625 0 0
0.625 0.5 8.32374e-05
0.625 1 0.000158909
0.625 1.5 0.000225459
0.625 2 0.000290902
0.625 2.5 0.000372627
0.625 3 0.000492947
0.625 3.5 0.00067215
0.625 4 0.000922548
0.625 4.5 0.00124156
0.625 5 0.00161238
0.625 5.5 0.00200333
0.625 6 0.00237854
0.625 6.5 0.00270007
0.625 7 0.00293751
0.625 7.5 0.00306745
0.625 8 0.00308598
0.625 8.5 0.00299544
0.625 9 0.00281341
0.625 9.5 0.00255927
0.625 10 0.00225846
0.875 0 0
0.875 0.5 8.12947e-05
0.875 1 0.00015533
0.875 1.5 0.000220234
0.875 2 0.00028275
0.875 2.5 0.000358372
0.875 3 0.000467751
0.875 3.5 0.000630978
0.875 4 0.000860586
0.875 4.5 0.0011581
0.875 5 0.00151012
0.875 5.5 0.00189087
0.875 6 0.00226505
0.875 6.5 0.00259703
0.875 7 0.00285331
0.875 7.5 0.00301162
0.875 8 0.00306004
0.875 8.5 0.00299869
0.875 9 0.00283915
0.875 9.5 0.0026009
0.875 10 0.00230987
1.125 0 0
1.125 0.5 7.52945e-05
1.125 1 0.000144019
1.125 1.5 0.000204073
1.125 2 0.000260936
1.125 2.5 0.000327615
1.125 3 0.000422296
1.125 3.5 0.000563294
1.125 4 0.000763665
1.125 4.5 0.00102646
1.125 5 0.00134286
1.125 5.5 0.00169117
1.125 6 0.00204268
1.125 6.5 0.00236365
1.125 7 0.00262211
1.125 7.5 0.00279405
1.125 8 0.00286621
1.125 8.5 0.00283335
1.125 9 0.00270362
1.125 9.5 0.00249592
1.125 10 0.00222989
1.375 0 0
1.375 0.5 6.85957e-05
1.375 1 0.000131311
1.375 1.5 0.000186074
1.375 2 0.000237092
1.375 2.5 0.000295232
1.375 3 0.000376095
1.375 3.5 0.000496146
1.375 4 0.000668044
1.375 4.5 0.000896537
1.375 5 0.0011756
1.375 5.5 0.00148936
1.375 6 0.00181113
1.375 6.5 0.00211288
1.375 7 0.00236551
1.375 7.5 0.00254356
1.375 8 0.00263118
1.375 8.5 0.00262263
1.375 9 0.00252178
1.375 9.5 0.00234569
1.375 10 0.00210802
1.625 0 0
1.625 0.5 6.22414e-05
1.625 1 0.000119253
1.625 1.5 0.000168994
1.625 2 0.000214742
1.625 2.5 0.000265479
1.625 3 0.0003346
1.625 3.5 0.00043663
1.625 4 0.000583669
1.625 4.5 0.000781243
1.625 5 0.0010265
1.625 5.5 0.00130542
1.625 6 0.00159906
1.625 6.5 0.0018795
1.625 7 0.00212094
1.625 7.5 0.0022988
1.625 8 0.00239767
1.625 8.5 0.00240867
1.625 9 0.00233479
1.625 9.5 0.00218461
1.625 10 0.00197853
1.875 0 0
1.875 0.5 5.64996e-05
1.875 1 0.000108363
1.875 1.5 0.000153607
1.875 2 0.000194726
1.875 2.5 0.000239266
1.875 3 0.000298615
1.875 3.5 0.000385683
1.875 4 0.000511685
1.875 4.5 0.000682642
1.875 5 0.000897372
1.875 5.5 0.00114566
1.875 6 0.00141107
1.875 6.5 0.0016697
1.875 7 0.00189909
1.875 7.5 0.00207407
1.875 8 0.00217942
1.875 8.5 0.00220606
1.875 9 0.00215466
1.875 9.5 0.00203076
1.875 10 0.00184942
2.125 0 0
2.125 0.5 5.14181e-05
2.125 1 9.87174e-05
2.125 1.5 0.000139972
2.125 2 0.000177159
2.125 2.5 0.000216449
2.125 3 0.000267737
2.125 3.5 0.000342435
2.125 4 0.000450794
2.125 4.5 0.000599183
2.125 5 0.00078765
2.125 5.5 0.00100881
2.125 6 0.0012483
2.125 6.5 0.00148597
2.125 7 0.0017013
2.125 7.5 0.00187224
2.125 8 0.00198101
2.125 8.5 0.00201966
2.125 9 0.00198654
2.125 9.5 0.00188416
2.125 10 0.00172755
2.375 0 0
2.375 0.5 4.69299e-05
2.375 1 9.01816e-05
2.375 1.5 0.000127944
2.375 2 0.000161697
2.375 2.5 0.000196646
2.375 3 0.000241279
2.375 3.5 0.000305748
2.375 4 0.000399388
2.375 4.5 0.000528544
2.375 5 0.000694367
2.375 5.5 0.000891304
2.375 6 0.00110754
2.375 6.5 0.00132583
2.375 7 0.00152756
2.375 7.5 0.00169046
2.375 8 0.00180245
2.375 8.5 0.00184946
2.375 9 0.00183043
2.375 9.5 0.00174859
2.375 10 0.00161329
2.625 0 0
2.625 0.5 4.2968e-05
2.625 1 8.26409e-05
2.625 1.5 0.000117322
2.625 2 0.000148111
2.625 2.5 0.000179425
2.625 3 0.000218552
2.625 3.5 0.000274484
2.625 4 0.000355785
2.625 4.5 0.00046866
2.625 5 0.000614942
2.625 5.5 0.000790507
2.625 6 0.000985689
2.625 6.5 0.0011858
2.625 7 0.00137253
2.625 7.5 0.00153015
2.625 8 0.00164067
2.625 8.5 0.00169547
2.625 9 0.00168822
2.625 9.5 0.00162298
2.625 10 0.00150685
2.875 0 0
2.875 0.5 3.94655e-05
2.875 1 7.59615e-05
2.875 1.5 0.000107907
2.875 2 0.000136094
2.875 2.5 0.00016431
2.875 3 0.000198866
2.875 3.5 0.000247705
2.875 4 0.000318685
2.875 4.5 0.000417724
2.875 5 0.000546987
2.875 5.5 0.000703794
2.875 6 0.000880001
2.875 6.5 0.00106302
2.875 7 0.00123728
2.875 7.5 0.00138615
2.875 8 0.00149537
2.875 8.5 0.00155413
2.875 9 0.00155784
2.875 9.5 0.00150696
2.875 10 0.00140782
3.125 0 0
3.125 0.5 3.63458e-05
3.125 1 7.00094e-05
3.125 1.5 9.95245e-05
3.125 2 0.000125493
3.125 2.5 0.00015106
3.125 3 0.000181763
3.125 3.5 0.000224675
3.125 4 0.000286862
3.125 4.5 0.000374016
3.125 5 0.000488685
3.125 5.5 0.000628958
3.125 6 0.000788184
3.125 6.5 0.000955515
3.125 7 0.001117
3.125 7.5 0.0012579
3.125 8 0.00136443
3.125 8.5 0.0014264
3.125 9 0.00143827
3.125 9.5 0.00139981
3.125 10 0.00131585
3.375 0 0
3.375 0.5 3.35706e-05
3.375 1 6.4708e-05
3.375 1.5 9.20322e-05
3.375 2 0.000116001
3.375 2.5 0.000139293
3.375 3 0.000166783
3.375 3.5 0.000204658
3.375 4 0.000259476
3.375 4.5 0.000336503
3.375 5 0.000438412
3.375 5.5 0.000564002
3.375 6 0.000707944
3.375 6.5 0.000860795
3.375 7 0.00101035
3.375 7.5 0.0011431
3.375 8 0.00124645
3.375 8.5 0.00131018
3.375 9 0.00132865
3.375 9.5 0.00130081
3.375 10 0.00123016
3.625 0 0
3.625 0.5 3.10729e-05
3.625 1 5.99424e-05
3.625 1.5 8.53149e-05
3.625 2 0.000107505
3.625 2.5 0.000128865
3.625 3 0.000153526
3.625 3.5 0.000187184
3.625 4 0.000235686
3.625 4.5 0.000303979
3.625 5 0.000394828
3.625 5.5 0.000507455
3.625 6 0.000637677
3.625 6.5 0.000777372
3.625 7 0.000915733
3.625 7.5 0.00104047
3.625 8 0.00113992
3.625 8.5 0.0012045
3.625 9 0.0012283
3.625 9.5 0.00120923
3.625 10 0.00115037
3.875 0 0
3.875 0.5 2.88336e-05
3.875 1 5.56554e-05
3.875 1.5 7.92579e-05
3.875 2 9.98888e-05
3.875 2.5 0.000119489
3.875 3 0.000141818
3.875 3.5 0.00017192
3.875 4 0.000214955
3.875 4.5 0.000275758
3.875 5 0.000356884
3.875 5.5 0.00045816
3.875 6 0.000576007
3.875 6.5 0.000703632
3.875 7 0.000831404
3.875 7.5 0.000948432
3.875 8 0.00104362
3.875 8.5 0.00110822
3.875 9 0.001136
3.875 9.5 0.0011247
3.875 10 0.0010761
4.125 0 0
4.125 0.5 2.68143e-05
4.125 1 5.17893e-05
4.125 1.5 7.38037e-05
4.125 2 9.29999e-05
4.125 2.5 0.000111071
4.125 3 0.000131372
4.125 3.5 0.000158397
4.125 4 0.000196826
4.125 4.5 0.000251065
4.125 5 0.000323719
4.125 5.5 0.000414856
4.125 6 0.000521788
4.125 6.5 0.000638334
4.125 7 0.000756295
4.125 7.5 0.000865699
4.125 8 0.000956625
4.125 8.5 0.00102053
4.125 9 0.00105143
4.125 9.5 0.00104651
4.125 10 0.00100679
4.375 0 0
4.375 0.5 2.4977e-05
4.375 1 4.82678e-05
4.375 1.5 6.88376e-05
4.375 2 8.67234e-05
4.375 2.5 0.000103513
4.375 3 0.000122017
4.375 3.5 0.000146347
4.375 4 0.000180838
4.375 4.5 0.000229383
4.375 5 0.000294664
4.375 5.5 0.000376807
4.375 6 0.000473759
4.375 6.5 0.00058036
4.375 7 0.000689072
4.375 7.5 0.000791267
4.375 8 0.00087772
4.375 8.5 0.000940453
4.375 9 0.000973544
4.375 9.5 0.000973934
4.375 10 0.00094204
4.625 0 0
4.625 0.5 2.33214e-05
4.625 1 4.50908e-05
4.625 1.5 6.43307e-05
4.625 2 8.10592e-05
4.625 2.5 9.66247e-05
4.625 3 0.000113638
4.625 3.5 0.000135635
4.625 4 0.000166686
4.625 4.5 0.000210282
4.625 5 0.000268954
4.625 5.5 0.000343278
4.625 6 0.000431346
4.625 6.5 0.000528717
4.625 7 0.000629066
4.625 7.5 0.000724278
4.625 8 0.000806293
4.625 8.5 0.000867512
4.625 9 0.000902008
4.625 9.5 0.000906966
4.625 10 0.000881865
4.875 0 0
4.875 0.5 2.17998e-05
4.875 1 4.21817e-05
4.875 1.5 6.0197e-05
4.875 2 7.58925e-05
4.875 2.5 9.03584e-05
4.875 3 0.000106004
4.875 3.5 0.000126062
4.875 4 0.000154064
4.875 4.5 0.000193332
4.875 5 0.000246302
4.875 5.5 0.000313533
4.875 6 0.000393634
4.875 6.5 0.000482661
4.875 7 0.000575207
4.875 7.5 0.000664017
4.875 8 0.00074143
4.875 8.5 0.00080073
4.875 9 0.000836304
4.875 9.5 0.000844703
4.875 10 0.000825499
5.125 0 0
5.125 0.5 2.04122e-05
5.125 1 3.95023e-05
5.125 1.5 5.64365e-05
5.125 2 7.11469e-05
5.125 2.5 8.46662e-05
5.125 3 9.91174e-05
5.125 3.5 0.000117425
5.125 4 0.000142743
5.125 4.5 0.000178361
5.125 5 0.000226231
5.125 5.5 0.000287151
5.125 6 0.000360047
5.125 6.5 0.00044157
5.125 7 0.000526827
5.125 7.5 0.000609482
5.125 8 0.000682671
5.125 8.5 0.000739784
5.125 9 0.000775919
5.125 9.5 0.000787328
5.125 10 0.000773132
5.375 0 0
5.375 0.5 1.9149e-05
5.375 1 3.70717e-05
5.375 1.5 5.2963e-05
5.375 2 6.67839e-05
5.375 2.5 7.94523e-05
5.375 3 9.28615e-05
5.375 3.5 0.000109593
5.375 4 0.000132645
5.375 4.5 0.000164853
5.375 5 0.000208358
5.375 5.5 0.000263713
5.375 6 0.000330129
5.375 6.5 0.000404825
5.375 7 0.000483393
5.375 7.5 0.000560242
5.375 8 0.000629254
5.375 8.5 0.000684187
5.375 9 0.000720165
5.375 9.5 0.000733935
5.375 10 0.000724002
5.625 0 0
5.625 0.5 1.79815e-05
5.625 1 3.48324e-05
5.625 1.5 4.97766e-05
5.625 2 6.28037e-05
5.625 2.5 7.46689e-05
5.625 3 8.71223e-05
5.625 3.5 0.000102496
5.625 4 0.000123542
5.625 4.5 0.000152893
5.625 5 0.000192301
5.625 5.5 0.000242691
5.625 6 0.000303306
5.625 6.5 0.000371803
5.625 7 0.000444235
5.625 7.5 0.000515726
5.625 8 0.000580568
5.625 8.5 0.00063329
5.625 9 0.000669043
5.625 9.5 0.000684523
5.625 10 0.000678299
5.875 0 0
5.875 0.5 1.69097e-05
5.875 1 3.27655e-05
5.875 1.5 4.68486e-05
5.875 2 5.90913e-05
5.875 2.5 7.02682e-05
5.875 3 8.18421e-05
5.875 3.5 9.60693e-05
5.875 4 0.00011528
5.875 4.5 0.000142052
5.875 5 0.000177964
5.875 5.5 0.000223877
5.875 6 0.000279349
5.875 6.5 0.000342133
5.875 7 0.000408953
5.875 7.5 0.000475504
5.875 8 0.000536308
5.875 8.5 0.000586608
5.875 9 0.000621867
5.875 9.5 0.000638731
5.875 10 0.000635644
6.125 0 0
6.125 0.5 1.5924e-05
6.125 1 3.08516e-05
6.125 1.5 4.41502e-05
6.125 2 5.56851e-05
6.125 2.5 6.62023e-05
6.125 3 7.70211e-05
6.125 3.5 9.01779e-05
6.125 4 0.00010786
6.125 4.5 0.000132244
6.125 5 0.000165061
6.125 5.5 0.00020706
6.125 6 0.000257799
6.125 6.5 0.000315443
6.125 7 0.000377145
6.125 7.5 0.000438861
6.125 8 0.000496016
6.125 8.5 0.000543978
6.125 9 0.000578465
6.125 9.5 0.000596378
6.125 10 0.000595845
6.375 0 0
6.375 0.5 1.50053e-05
6.375 1 2.90908e-05
6.375 1.5 4.1624e-05
6.375 2 5.25469e-05
6.375 2.5 6.24234e-05
6.375 3 7.25445e-05
6.375 3.5 8.47552e-05
6.375 4 0.000101052
6.375 4.5 0.000123467
6.375 5 0.000153497
6.375 5.5 0.00019182
6.375 6 0.000238312
6.375 6.5 0.000291359
6.375 7 0.000348412
6.375 7.5 0.000405796
6.375 8 0.000459387
6.375 8.5 0.000504914
6.375 9 0.000538494
6.375 9.5 0.000556921
6.375 10 0.000558521
6.625 0 0
6.625 0.5 1.41632e-05
6.625 1 2.7464e-05
6.625 1.5 3.92988e-05
6.625 2 4.96382e-05
6.625 2.5 5.89793e-05
6.625 3 6.84696e-05
6.625 3.5 7.98011e-05
6.625 4 9.48557e-05
6.625 4.5 0.00011538
6.625 5 0.000142983
6.625 5.5 0.000178156
6.625 6 0.000220889
6.625 6.5 0.000269635
6.625 7 0.000322351
6.625 7.5 0.000375737
6.625 8 0.000425963
6.625 8.5 0.000469092
6.625 9 0.000501611
6.625 9.5 0.000520541
6.625 10 0.000523863
6.875 0 0
6.875 0.5 1.33785e-05
6.875 1 2.59521e-05
6.875 1.5 3.71459e-05
6.875 2 4.6921e-05
6.875 2.5 5.57266e-05
6.875 3 6.46817e-05
6.875 3.5 7.51817e-05
6.875 4 8.91185e-05
6.875 4.5 0.000108066
6.875 5 0.000133425
6.875 5.5 0.000165753
6.875 6 0.00020507
6.875 6.5 0.00025002
6.875 7 0.00029883
6.875 7.5 0.000348398
6.875 8 0.000395439
6.875 8.5 0.000436349
6.875 9 0.000467644
6.875 9.5 0.000486695
6.875 10 0.000491491
7.125 0 0
7.125 0.5 1.26512e-05
7.125 1 2.45358e-05
7.125 1.5 3.51651e-05
7.125 2 4.4395e-05
7.125 2.5 5.27131e-05
7.125 3 6.11233e-05
7.125 3.5 7.0964e-05
7.125 4 8.39167e-05
7.125 4.5 0.000101441
7.125 5 0.000124728
7.125 5.5 0.000154507
7.125 6 0.000190741
7.125 6.5 0.000232268
7.125 7 0.000277446
7.125 7.5 0.000323492
7.125 8 0.00036751
7.125 8.5 0.0004062
7.125 9 0.000436422
7.125 9.5 0.000455383
7.125 10 0.000461403
7.375 0 0
7.375 0.5 1.19717e-05
7.375 1 2.32344e-05
7.375 1.5 3.32992e-05
7.375 2 4.20605e-05
7.375 2.5 4.99387e-05
7.375 3 5.78519e-05
7.375 3.5 6.70811e-05
7.375 4 7.90974e-05
7.375 4.5 9.53323e-05
7.375 5 0.000116891
7.375 5.5 0.000144311
7.375 6 0.000177674
7.375 6.5 0.00021613
7.375 7 0.000257934
7.375 7.5 0.000300876
7.375 8 0.000342022
7.375 8.5 0.000378645
7.375 9 0.000407602
7.375 9.5 0.000426243
7.375 10 0.00043322
