0.125 0 0
0.125 0.5 3.01255e-05
0.125 1 5.88132e-05
0.125 1.5 8.64058e-05
0.125 2 0.000115925
0.125 2.5 0.000152877
0.125 3 0.0002034
0.125 3.5 0.000272341
0.125 4 0.00036114
0.125 4.5 0.000466681
0.125 5 0.000581395
0.125 5.5 0.000694755
0.125 6 0.00079552
0.125 6.5 0.000873458
0.125 7 0.000921614
0.125 7.5 0.000937124
0.125 8 0.000920454
0.125 8.5 0.000875779
0.125 9 0.000808685
0.125 9.5 0.000726333
0.125 10 0.000635453
0.375 0 0
0.375 0.5 7.98593e-05
0.375 1 0.00015577
0.375 1.5 0.000228186
0.375 2 0.00030445
0.375 2.5 0.000398266
0.375 3 0.000525775
0.375 3.5 0.000700268
0.375 4 0.000927903
0.375 4.5 0.00120198
0.375 5 0.00150629
0.375 5.5 0.00181309
0.375 6 0.00209426
0.375 6.5 0.00232268
0.375 7 0.0024751
0.375 7.5 0.0025407
0.375 8 0.00251824
0.375 8.5 0.00241678
0.375 9 0.00224902
0.375 9.5 0.00203257
0.375 10 0.00178582
0.625 0 0
0.625 0.5 9.23095e-05
0.625 1 0.000179885
0.625 1.5 0.000262719
0.625 2 0.000348463
0.625 2.5 0.000451888
0.625 3 0.000591146
0.625 3.5 0.000783282
0.625 4 0.00103576
0.625 4.5 0.00134481
0.625 5 0.00169362
0.625 5.5 0.00205589
0.625 6 0.00239688
0.625 6.5 0.00268517
0.625 7 0.00289207
0.625 7.5 0.0030016
0.625 8 0.00300662
0.625 8.5 0.00291116
0.625 9 0.00273107
0.625 9.5 0.00248506
0.625 10 0.00219752
0.875 0 0
0.875 0.5 8.91706e-05
0.875 1 0.000173626
0.875 1.5 0.000252959
0.875 2 0.00033369
0.875 2.5 0.000429262
0.875 3 0.000556768
0.875 3.5 0.000732403
0.875 4 0.000966151
0.875 4.5 0.00125618
0.875 5 0.0015904
0.875 5.5 0.00194447
0.875 6 0.00228798
0.875 6.5 0.00258834
0.875 7 0.00281589
0.875 7.5 0.00295151
0.875 8 0.00298373
0.875 8.5 0.00291602
0.875 9 0.0027568
0.875 9.5 0.00252669
0.875 10 0.00224703
1.125 0 0
1.125 0.5 8.17541e-05
1.125 1 0.0001591
1.125 1.5 0.000231286
1.125 2 0.000303685
1.125 2.5 0.000387695
1.125 3 0.000498629
1.125 3.5 0.000651463
1.125 4 0.000855996
1.125 4.5 0.00111508
1.125 5 0.00141741
1.125 5.5 0.00174372
1.125 6 0.00206789
1.125 6.5 0.00235992
1.125 7 0.00259271
1.125 7.5 0.00274252
1.125 8 0.00279906
1.125 8.5 0.00275717
1.125 9 0.00262814
1.125 9.5 0.00242533
1.125 10 0.00217086
1.375 0 0
1.375 0.5 7.37825e-05
1.375 1 0.00014354
1.375 1.5 0.000208321
1.375 2 0.000272341
1.375 2.5 0.000345314
1.375 3 0.00044049
1.375 3.5 0.000571528
1.375 4 0.000748519
1.375 4.5 0.000973973
1.375 5 0.0012425
1.375 5.5 0.00153771
1.375 6 0.00183749
1.375 6.5 0.00211412
1.375 7 0.00234145
1.375 7.5 0.00249919
1.375 8 0.00257165
1.375 8.5 0.00255456
1.375 9 0.00245316
1.375 9.5 0.00228054
1.375 10 0.0020528
1.625 0 0
1.625 0.5 6.63756e-05
1.625 1 0.000129091
1.625 1.5 0.000187079
1.625 2 0.000243713
1.625 2.5 0.000307094
1.625 3 0.000388664
1.625 3.5 0.000500765
1.625 4 0.000653127
1.625 4.5 0.000849559
1.625 5 0.00108671
1.625 5.5 0.00135062
1.625 6 0.00162428
1.625 6.5 0.00188322
1.625 7 0.00210223
1.625 7.5 0.00226158
1.625 8 0.00234578
1.625 8.5 0.0023487
1.625 9 0.00227303
1.625 9.5 0.00212669
1.625 10 0.00192712
1.875 0 0
1.875 0.5 5.98012e-05
1.875 1 0.000116268
1.875 1.5 0.000168333
1.875 2 0.000218569
1.875 2.5 0.00027385
1.875 3 0.000344127
1.875 3.5 0.000440245
1.875 4 0.000571582
1.875 4.5 0.000742525
1.875 5 0.000951182
1.875 5.5 0.0011877
1.875 6 0.00143629
1.875 6.5 0.00167591
1.875 7 0.00188573
1.875 7.5 0.00204401
1.875 8 0.00213516
1.875 8.5 0.00215419
1.875 9 0.00209805
1.875 9.5 0.00197646
1.875 10 0.00180163
2.125 0 0
2.125 0.5 5.40402e-05
2.125 1 0.000105071
2.125 1.5 0.000151971
2.125 2 0.000196831
2.125 2.5 0.000245341
2.125 3 0.000306133
2.125 3.5 0.00038903
2.125 4 0.000502582
2.125 4.5 0.000651753
2.125 5 0.000835725
2.125 5.5 0.00104718
2.125 6 0.00127237
2.125 6.5 0.00149466
2.125 7 0.00169194
2.125 7.5 0.00184648
2.125 8 0.00194286
2.125 8.5 0.00197265
2.125 9 0.00193508
2.125 9.5 0.00183529
2.125 10 0.00168337
2.375 0 0
2.375 0.5 4.90161e-05
2.375 1 9.53108e-05
2.375 1.5 0.000137733
2.375 2 0.000178001
2.375 2.5 0.00022085
2.375 3 0.000273878
2.375 3.5 0.000345648
2.375 4 0.000444292
2.375 4.5 0.000574747
2.375 5 0.000737281
2.375 5.5 0.00092641
2.375 6 0.00113069
2.375 6.5 0.00133452
2.375 7 0.00151954
2.375 7.5 0.00167042
2.375 8 0.00176887
2.375 8.5 0.00180894
2.375 9 0.00178583
2.375 9.5 0.00170371
2.375 10 0.00157254
2.625 0 0
2.625 0.5 4.46236e-05
2.625 1 8.67749e-05
2.625 1.5 0.00012536
2.625 2 0.000161659
2.625 2.5 0.000199803
2.625 3 0.000246272
2.625 3.5 0.000308828
2.625 4 0.000394875
2.625 4.5 0.000509357
2.625 5 0.000653269
2.625 5.5 0.000822459
2.625 6 0.00100758
2.625 6.5 0.00119498
2.625 7 0.00136852
2.625 7.5 0.00151154
2.625 8 0.00161167
2.625 8.5 0.00165819
2.625 9 0.00164756
2.625 9.5 0.00158208
2.625 10 0.00146933
2.875 0 0
2.875 0.5 4.07766e-05
2.875 1 7.93108e-05
2.875 1.5 0.000114509
2.875 2 0.00014746
2.875 2.5 0.000181578
2.875 3 0.000222569
2.875 3.5 0.000277429
2.875 4 0.000352802
2.875 4.5 0.000453603
2.875 5 0.000581299
2.875 5.5 0.000732803
2.875 6 0.00090052
2.875 6.5 0.00107246
2.875 7 0.00123434
2.875 7.5 0.00137141
2.875 8 0.00147019
2.875 8.5 0.00152171
2.875 9 0.00152113
2.875 9.5 0.00146968
2.875 10 0.00137317
3.125 0 0
3.125 0.5 3.73889e-05
3.125 1 7.27271e-05
3.125 1.5 0.000104979
3.125 2 0.000134984
3.125 2.5 0.000165697
3.125 3 0.000202137
3.125 3.5 0.000250383
3.125 4 0.000316772
3.125 4.5 0.000405765
3.125 5 0.000519365
3.125 5.5 0.00065534
3.125 6 0.000807212
3.125 6.5 0.000964826
3.125 7 0.00111553
3.125 7.5 0.00124559
3.125 8 0.0013426
3.125 8.5 0.00139739
3.125 9 0.00140516
3.125 9.5 0.00136561
3.125 10 0.00128367
3.375 0 0
3.375 0.5 3.43936e-05
3.375 1 6.69089e-05
3.375 1.5 9.65678e-05
3.375 2 0.000124038
3.375 2.5 0.000151825
3.375 3 0.000184346
3.375 3.5 0.000227085
3.375 4 0.000285715
3.375 4.5 0.000364638
3.375 5 0.000465842
3.375 5.5 0.000587966
3.375 6 0.000725597
3.375 6.5 0.000870106
3.375 7 0.00100995
3.375 7.5 0.00113279
3.375 8 0.00122737
3.375 8.5 0.00128441
3.375 9 0.0012988
3.375 9.5 0.00126968
3.375 10 0.00120045
3.625 0 0
3.625 0.5 3.17236e-05
3.625 1 6.17415e-05
3.625 1.5 8.91042e-05
3.625 2 0.000114317
3.625 2.5 0.00013958
3.625 3 0.000168792
3.625 3.5 0.0002068
3.625 4 0.000258864
3.625 4.5 0.000329017
3.625 5 0.000419487
3.625 5.5 0.000529212
3.625 6 0.000654069
3.625 6.5 0.00078631
3.625 7 0.000916001
3.625 7.5 0.00103188
3.625 8 0.00112329
3.625 8.5 0.00118148
3.625 9 0.00120119
3.625 9.5 0.00118081
3.625 10 0.00112295
3.875 0 0
3.875 0.5 2.93503e-05
3.875 1 5.7129e-05
3.875 1.5 8.24443e-05
3.875 2 0.000105706
3.875 2.5 0.000128769
3.875 3 0.000155133
3.875 3.5 0.000189126
3.875 4 0.000235456
3.875 4.5 0.000298043
3.875 5 0.000379058
3.875 5.5 0.00047792
3.875 6 0.000591138
3.875 6.5 0.000712198
3.875 7 0.000832339
3.875 7.5 0.000941132
3.875 8 0.00102912
3.875 8.5 0.00108763
3.875 9 0.00111147
3.875 9.5 0.00109864
3.875 10 0.00105058
4.125 0 0
4.125 0.5 2.72163e-05
4.125 1 5.29951e-05
4.125 1.5 7.64734e-05
4.125 2 9.79752e-05
4.125 2.5 0.000119155
4.125 3 0.000143023
4.125 3.5 0.000173527
4.125 4 0.000214955
4.125 4.5 0.00027094
4.125 5 0.000343695
4.125 5.5 0.000432829
4.125 6 0.000535658
4.125 6.5 0.000646527
4.125 7 0.000757498
4.125 7.5 0.000859687
4.125 8 0.000943804
4.125 8.5 0.00100205
4.125 9 0.00102913
4.125 9.5 0.00102262
4.125 10 0.000983363
4.375 0 0
4.375 0.5 2.53023e-05
4.375 1 4.9263e-05
4.375 1.5 7.11053e-05
4.375 2 9.10481e-05
4.375 2.5 0.000110544
4.375 3 0.00013229
4.375 3.5 0.000159803
4.375 4 0.000196979
4.375 4.5 0.000247193
4.375 5 0.000312632
4.375 5.5 0.000393204
4.375 6 0.000486597
4.375 6.5 0.000588057
4.375 7 0.000690676
4.375 7.5 0.000786257
4.375 8 0.000866426
4.375 8.5 0.00092392
4.375 9 0.000953473
4.375 9.5 0.000952033
4.375 10 0.000920331
4.625 0 0
4.625 0.5 2.35702e-05
4.625 1 4.58946e-05
4.625 1.5 6.6254e-05
4.625 2 8.48098e-05
4.625 2.5 0.000102795
4.625 3 0.000122648
4.625 3.5 0.000147552
4.625 4 0.000181067
4.625 4.5 0.000226285
4.625 5 0.000285202
4.625 5.5 0.000358098
4.625 6 0.000443153
4.625 6.5 0.000536042
4.625 7 0.000630803
4.625 7.5 0.000720127
4.625 8 0.000796373
4.625 8.5 0.000852599
4.625 9 0.000883652
4.625 9.5 0.000886875
4.625 10 0.00086168
4.875 0 0
4.875 0.5 2.20008e-05
4.875 1 4.28516e-05
4.875 1.5 6.18619e-05
4.875 2 7.91456e-05
4.875 2.5 9.58115e-05
4.875 3 0.000114039
4.875 3.5 0.000136706
4.875 4 0.000166992
4.875 4.5 0.000207787
4.875 5 0.000261021
4.875 5.5 0.000327092
4.875 6 0.000404409
4.875 6.5 0.000489489
4.875 7 0.000577078
4.875 7.5 0.000660439
4.875 8 0.00073273
4.875 8.5 0.000787439
4.875 9 0.000819664
4.875 9.5 0.000826242
4.875 10 0.000806837
5.125 0 0
5.125 0.5 2.05749e-05
5.125 1 4.00764e-05
5.125 1.5 5.78718e-05
5.125 2 7.40172e-05
5.125 2.5 8.94974e-05
5.125 3 0.000106291
5.125 3.5 0.000126932
5.125 4 0.00015437
5.125 4.5 0.000191267
5.125 5 0.000239516
5.125 5.5 0.000299449
5.125 6 0.00037002
5.125 6.5 0.000448026
5.125 7 0.000528698
5.125 7.5 0.000606476
5.125 8 0.000674735
5.125 8.5 0.000727789
5.125 9 0.000760651
5.125 9.5 0.000770315
5.125 10 0.000755803
5.375 0 0
5.375 0.5 1.92638e-05
5.375 1 3.75501e-05
5.375 1.5 5.42261e-05
5.375 2 6.93098e-05
5.375 2.5 8.37574e-05
5.375 3 9.92321e-05
5.375 3.5 0.000118162
5.375 4 0.000143125
5.375 4.5 0.00017664
5.375 5 0.0002204
5.375 5.5 0.000274854
5.375 6 0.000339185
5.375 6.5 0.000410783
5.375 7 0.000485264
5.375 7.5 0.000557666
5.375 8 0.000622233
5.375 8.5 0.000673327
5.375 9 0.00070627
5.375 9.5 0.000718369
5.375 10 0.000708006
5.625 0 0
5.625 0.5 1.80772e-05
5.625 1 3.52344e-05
5.625 1.5 5.08675e-05
5.625 2 6.50617e-05
5.625 2.5 7.85434e-05
5.625 3 9.28615e-05
5.625 3.5 0.000110262
5.625 4 0.000133027
5.625 4.5 0.000163476
5.625 5 0.000203292
5.625 5.5 0.000252887
5.625 6 0.000311674
5.625 6.5 0.000377265
5.625 7 0.00044624
5.625 7.5 0.000513579
5.625 8 0.000574311
5.625 8.5 0.000623403
5.625 9 0.000656349
5.625 9.5 0.000670043
5.625 10 0.000663446
5.875 0 0
5.875 0.5 1.69862e-05
5.875 1 3.311e-05
5.875 1.5 4.78246e-05
5.875 2 6.11197e-05
5.875 2.5 7.376e-05
5.875 3 8.70649e-05
5.875 3.5 0.000103032
5.875 4 0.000123924
5.875 4.5 0.000151689
5.875 5 0.000188
5.875 5.5 0.000233232
5.875 6 0.000287029
5.875 6.5 0.000347347
5.875 7 0.000410824
5.875 7.5 0.000473644
5.875 8 0.000530814
5.875 8.5 0.000577693
5.875 9 0.000610202
5.875 9.5 0.000625519
5.875 10 0.000621743
6.125 0 0
6.125 0.5 1.59814e-05
6.125 1 3.11578e-05
6.125 1.5 4.50114e-05
6.125 2 5.75222e-05
6.125 2.5 6.93593e-05
6.125 3 8.17847e-05
6.125 3.5 9.65379e-05
6.125 4 0.000115663
6.125 4.5 0.000141106
6.125 5 0.000174237
6.125 5.5 0.000215574
6.125 6 0.000264791
6.125 6.5 0.000320284
6.125 7 0.000379016
6.125 7.5 0.000437287
6.125 8 0.000491132
6.125 8.5 0.000535873
6.125 9 0.000567829
6.125 9.5 0.000584071
6.125 10 0.000582896
6.375 0 0
6.375 0.5 1.50532e-05
6.375 1 2.93588e-05
6.375 1.5 4.24278e-05
6.375 2 5.41926e-05
6.375 2.5 6.52934e-05
6.375 3 7.69063e-05
6.375 3.5 9.05796e-05
6.375 4 0.000108166
6.375 4.5 0.000131469
6.375 5 0.000161812
6.375 5.5 0.000199703
6.375 6 0.000244846
6.375 6.5 0.000295829
6.375 7 0.000350149
6.375 7.5 0.000404365
6.375 8 0.000454809
6.375 8.5 0.000497458
6.375 9 0.000528716
6.375 9.5 0.000545519
6.375 10 0.000546715
6.625 0 0
6.625 0.5 1.42015e-05
6.625 1 2.76937e-05
6.625 1.5 4.00165e-05
6.625 2 5.11308e-05
6.625 2.5 6.16102e-05
6.625 3 7.24297e-05
6.625 3.5 8.50899e-05
6.625 4 0.000101358
6.625 4.5 0.000122779
6.625 5 0.000150629
6.625 5.5 0.000185408
6.625 6 0.000226849
6.625 6.5 0.000273856
6.625 7 0.000323955
6.625 7.5 0.000374592
6.625 8 0.000421843
6.625 8.5 0.000462284
6.625 9 0.00049269
6.625 9.5 0.000510044
6.625 10 0.000512819
6.875 0 0
6.875 0.5 1.34167e-05
6.875 1 2.61626e-05
6.875 1.5 3.78061e-05
6.875 2 4.82987e-05
6.875 2.5 5.81662e-05
6.875 3 6.82974e-05
6.875 3.5 8.01358e-05
6.875 4 9.51617e-05
6.875 4.5 0.000114863
6.875 5 0.000140403
6.875 5.5 0.000172375
6.875 6 0.000210572
6.875 6.5 0.000253869
6.875 7 0.0003003
6.875 7.5 0.000347396
6.875 8 0.000391624
6.875 8.5 0.000430028
6.875 9 0.00045941
6.875 9.5 0.000476922
6.875 10 0.000481208
7.125 0 0
7.125 0.5 1.26799e-05
7.125 1 2.47272e-05
7.125 1.5 3.57393e-05
7.125 2 4.56963e-05
7.125 2.5 5.49613e-05
7.125 3 6.45095e-05
7.125 3.5 7.55165e-05
7.125 4 8.94244e-05
7.125 4.5 0.000107636
7.125 5 0.000131227
7.125 5.5 0.000160708
7.125 6 0.000195785
7.125 6.5 0.000235744
7.125 7 0.000278783
7.125 7.5 0.000322633
7.125 8 0.000364152
7.125 8.5 0.000400527
7.125 9 0.000428702
7.125 9.5 0.000446334
7.125 10 0.000451692
7.375 0 0
7.375 0.5 1.20004e-05
7.375 1 2.34066e-05
7.375 1.5 3.38447e-05
7.375 2 4.32469e-05
7.375 2.5 5.19956e-05
7.375 3 6.09512e-05
7.375 3.5 7.12988e-05
7.375 4 8.42227e-05
7.375 4.5 0.000101097
7.375 5 0.000122816
7.375 5.5 0.000149987
7.375 6 0.000182488
7.375 6.5 0.000219358
7.375 7 0.000259271
7.375 7.5 0.000300017
7.375 8 0.00033897
7.375 8.5 0.000373296
7.375 9 0.000400397
7.375 9.5 0.000417917
7.375 10 0.00042408
