 Event ID : 3948
49.0823 164.393 -166.496 26 33.35
-191.421 99.3513 -74.624 59 208.75
-191.421 104.883 -71.84 60 787.9
9.81646 -96.3143 -69.056 61 2332.3
7.36234 -94.9652 -69.056 61 3662.05
-186.513 107.853 -63.488 63 1857
12.2706 -94.9652 -60.704 64 113.45
9.81647 -141.858 -57.92 65 519.45
-186.513 113.385 -55.136 66 805.4
7.36234 -86.4639 -49.568 68 133.95
7.36234 -92.0637 -49.568 68 2836.7
4.90822 -65.2106 -49.568 68 83.2
17.1788 -86.4639 -46.784 69 134.4
-181.605 116.354 -46.784 69 2069.95
-166.88 56.8448 -46.784 69 67.45
4.90823 -96.3143 -46.784 69 1436
2.45411 -92.0637 -44 70 3674.15
-176.696 113.385 -44 70 86.85
4.90823 -90.7145 -44 70 3203.05
2.45411 -94.9652 -41.216 71 1760.8
-181.605 121.886 -35.648 73 437.6
14.7247 -138.889 -30.08 75 73.3
4.90824 -138.889 -30.08 75 524.3
4.90823 -87.813 -30.08 75 240.85
-176.696 124.855 -27.296 76 1732.95
-7.62939e-06 -90.7145 -27.296 76 3713.2
4.90822 -82.2132 -27.296 76 76.25
14.7247 -79.3117 -27.296 76 89.35
-171.788 121.886 -24.512 77 760.55
-176.696 130.387 -21.728 78 138.6
-171.788 133.357 -18.944 79 468.95
-166.88 124.855 -18.944 79 231.3
-2.45412 -94.9652 -18.944 79 77.15
-4.90824 -96.3143 -13.376 81 459.7
-186.513 96.3821 -13.376 81 22.6
-191.421 121.886 -13.376 81 65
-14.7247 -138.889 -13.376 81 65.25
-166.88 130.387 -13.376 81 1820.5
2.45411 -86.4639 -13.376 81 213.8
-4.90823 -138.889 -10.592 82 100.7
-7.62939e-06 -87.813 -10.592 82 2911.3
-2.45413 -92.0637 -7.808 83 1867.9
-161.972 133.357 -5.024 84 1141.5
-2.45412 -86.4639 0.544 86 3541.15
-161.972 138.889 0.544 86 1387.85
-4.90824 -87.813 3.328 87 3210.5
-4.90824 -90.7145 3.328 87 1262.05
-157.064 141.858 8.896 89 2003.4
-240.504 87.8808 8.896 89 64.2
-2.45413 -60.9599 11.68 90 273.8
-152.155 138.889 14.464 91 525.4
-2.45413 -83.5624 17.248 92 1190.05
3.8147e-06 -147.39 17.248 92 199.05
-157.064 147.39 17.248 92 263.7
-201.238 -150.359 17.248 92 23.45
-112.889 -56.7093 17.248 92 23.25
-147.247 141.858 20.032 93 366.75
-152.155 150.359 20.032 93 337.15
-137.431 -96.3821 22.816 94 24.75
-171.788 -116.354 25.6 95 24.05
-147.247 147.39 25.6 95 1662.25
-26.9953 -92.0637 28.384 96 84.85
-7.36236 -86.4639 28.384 96 2618
-7.36236 -92.0637 28.384 96 153.4
-7.36236 -83.5624 31.168 97 3338.4
-66.2612 41.0558 31.168 97 718.15
-66.2612 43.9573 31.168 97 693.6
-68.7153 39.7067 31.168 97 524.95
-71.1694 41.0558 33.952 98 725.95
-53.9906 45.3065 33.952 98 26.95
-4.90824 -82.2132 33.952 98 1606.75
-73.6235 39.7067 36.736 99 66.75
-142.339 150.359 36.736 99 1374.3
-132.522 53.8755 36.736 99 90.1
-9.81647 -87.813 36.736 99 306
-68.7153 45.3065 36.736 99 1557.05
-71.1694 43.9573 36.736 99 2684.6
-68.7153 48.208 39.52 100 348.35
-73.6235 45.3065 39.52 100 2533.5
-9.81648 -48.208 42.304 101 85.95
-71.1694 49.5571 42.304 101 901.4
-88.3482 87.813 42.304 101 138.3
-137.431 147.39 42.304 101 504.35
-73.6235 48.208 42.304 101 3248.5
-7.36235 -111.968 42.304 101 231.45
-76.0777 43.9573 42.304 101 548.55
-9.81648 -82.2132 45.088 102 3148.5
-142.339 155.891 45.088 102 238.2
-71.1694 52.4586 45.088 102 312.15
-12.2706 -86.4639 45.088 102 216.85
-103.073 48.208 47.872 103 77.6
-142.339 53.8755 47.872 103 118.25
-78.5318 45.3065 47.872 103 250.85
-4.90824 -79.3117 47.872 103 456.8
-76.0777 49.5571 47.872 103 3284.45
-95.7106 43.9573 47.872 103 119.5
-78.5318 48.208 47.872 103 1106.25
-137.431 56.8448 50.656 104 136.45
-93.2565 45.3065 50.656 104 178.8
-80.9859 49.5571 50.656 104 348.7
-98.1647 45.3065 50.656 104 102.65
-73.6235 53.8078 50.656 104 771.9
-100.619 43.9573 50.656 104 72.5
-85.8941 49.5571 50.656 104 64.45
-88.3483 45.3065 50.656 104 108.85
-76.0777 52.4586 50.656 104 3296.85
-85.8941 43.9573 50.656 104 89.85
-132.522 150.359 50.656 104 772.1
-137.431 158.861 50.656 104 251.9
-132.522 155.891 53.44 105 1503.35
-73.6235 56.7093 53.44 105 247.15
-83.44 48.208 53.44 105 204.75
-211.054 133.357 53.44 105 35.75
-88.3483 48.208 53.44 105 123.15
-80.9859 52.4586 53.44 105 996.55
-12.2706 -83.5624 56.224 106 1117.05
-78.5318 53.8078 56.224 106 3248.8
-12.2706 -49.5571 56.224 106 110.7
-9.81648 -79.3117 56.224 106 3066.4
-61.3529 43.9573 59.008 107 99.95
-7.36236 -66.5598 59.008 107 238.95
-78.5318 56.7093 59.008 107 3280.7
-76.0777 58.0584 59.008 107 1160.95
-7.36236 -77.9626 59.008 107 1047.85
-83.44 56.7093 59.008 107 595.3
-142.339 82.3487 59.008 107 29.9
-83.44 53.8078 59.008 107 372.5
-80.9859 58.0584 61.792 108 2663.6
-88.3483 53.8078 61.792 108 99.3
-85.8941 52.4586 61.792 108 174.85
-127.614 158.861 61.792 108 1031.95
-85.8941 58.0584 64.576 109 115.6
-19.6329 -2.7999 64.576 109 68.05
-17.1788 -1.45075 64.576 109 243.25
-76.0777 60.9599 64.576 109 521.35
-100.619 60.9599 64.576 109 128.95
-103.073 62.3091 64.576 109 124.25
-80.9859 60.9599 64.576 109 2912
-85.8941 60.9599 67.36 110 181.4
-12.2706 -120.469 67.36 110 101.65
-14.7247 -82.2132 67.36 110 594.4
-152.155 189.897 67.36 110 22.8
-83.44 62.3091 67.36 110 1371.3
-110.435 66.5598 67.36 110 77.6
-78.5318 62.3091 67.36 110 1935.75
-12.2706 -52.4586 70.144 111 134.25
-122.706 155.891 70.144 111 1240.4
-107.981 65.2106 70.144 111 112.6
-100.619 66.5598 70.144 111 86.45
-12.2706 -77.9626 70.144 111 3130.1
-78.5318 65.2106 72.928 112 1400.25
-83.44 65.2106 72.928 112 1706.65
-7.36236 -75.0611 75.712 113 330.5
-85.8941 66.5598 75.712 113 366.55
-76.0777 66.5598 75.712 113 203.85
-80.9859 66.5598 75.712 113 2687.9
-117.798 164.393 78.496 114 215.85
-14.7247 -79.3117 78.496 114 1726.5
-117.798 158.861 78.496 114 1381.65
-80.9859 69.4613 81.28 115 2653.4
-12.2706 -126.069 81.28 115 156.5
-105.527 69.4613 81.28 115 180.7
-107.981 70.8104 81.28 115 96.55
-85.8941 69.4613 81.28 115 332.4
-76.0776 69.4613 81.28 115 176.05
-112.889 155.891 84.064 116 590.5
-83.44 70.8104 84.064 116 1797.4
-78.5318 70.8104 84.064 116 1241.25
-12.2706 -75.0611 84.064 116 2632.8
-122.706 70.8781 84.064 116 94.85
-103.073 70.8104 86.848 117 130.5
-78.5318 73.7119 86.848 117 1217.85
-132.522 82.3487 89.632 118 86.1
-107.981 158.861 89.632 118 1101.8
-83.44 73.7119 89.632 118 1454.85
-85.8941 75.0611 89.632 118 272.85
-14.7247 -2.7999 89.632 118 360.4
-107.981 164.393 92.416 119 476.3
-17.1788 -77.9626 92.416 119 633.85
-88.3482 90.7145 92.416 119 110.45
-76.0776 75.0611 92.416 119 297.35
-9.81648 -73.7119 92.416 119 834.55
-80.9859 75.0611 92.416 119 2355.7
-85.8941 77.9626 95.2 120 180.05
-80.9859 77.9626 95.2 120 1894.45
-78.5318 79.3117 97.984 121 1785.9
-73.6235 73.7119 97.984 121 71.95
-76.0776 77.9626 97.984 121 597.75
-14.7247 -73.7119 97.984 121 2983.9
-103.073 155.891 97.984 121 336.4
-83.44 82.2132 97.984 121 536.55
-103.073 167.362 97.984 121 140.85
-83.44 79.3117 97.984 121 901.35
-73.6235 79.3117 100.768 122 87.1
-14.7247 -5.70141 100.768 122 285.15
-80.9859 83.5624 103.552 123 1312.2
-78.5318 82.2132 103.552 123 1949.35
-17.1788 -75.0611 106.336 124 1658
-73.6235 82.2132 106.336 124 245.55
-76.0776 83.5624 106.336 124 1364.45
-9.81648 -70.8104 106.336 124 320.8
-98.1647 158.861 106.336 124 779.35
-80.9859 86.4639 109.12 125 762.75
-83.44 87.813 109.12 125 82.4
-98.1647 164.393 109.12 125 509.15
-9.81647 -133.221 109.12 125 144.45
-14.7247 -96.3143 111.904 126 79.95
-26.9953 26.9547 111.904 126 78.1
-76.0776 86.4639 111.904 126 1730.3
-78.5318 87.813 111.904 126 1431.4
-14.7247 -70.8104 111.904 126 2634.9
-71.1694 86.4639 114.688 127 194
-73.6235 87.813 114.688 127 1070
-78.5318 90.7145 114.688 127 849.6
-24.5412 240.904 114.688 127 28.65
-80.9859 92.0637 114.688 127 91.25
-93.2565 155.891 114.688 127 266.85
-19.6329 -73.7119 117.472 128 613.95
-12.2706 -69.4613 117.472 128 1033.4
-76.0777 92.0637 117.472 128 1427.6
-93.2565 167.362 117.472 128 146.9
-51.5365 69.4613 120.256 129 64.45
-73.6235 90.7145 120.256 129 1510
-76.0777 94.9652 123.04 130 730.65
-17.1788 -69.4613 123.04 130 2272.55
-68.7153 90.7145 123.04 130 276.45
-71.1694 92.0637 123.04 130 1189
-78.5318 96.3143 123.04 130 75.8
-66.2612 92.0637 125.824 131 101.4
-19.6329 28.3038 125.824 131 64.6
-88.3482 164.393 125.824 131 445.4
-71.1694 94.9652 125.824 131 1677.5
-14.7247 -99.2159 125.824 131 85
-73.6235 96.3143 125.824 131 1282.15
-88.3482 158.861 125.824 131 819.05
-76.0777 100.565 128.608 132 70.4
-61.3529 83.5624 128.608 132 54
-68.7153 96.3143 128.608 132 1460
-19.6329 -70.8104 131.392 133 1247.3
-71.1694 100.565 131.392 133 834.9
-73.6235 99.2159 131.392 133 459.85
-83.44 155.891 131.392 133 519.15
-68.7153 99.2159 131.392 133 1525.05
-83.44 167.362 131.392 133 115.95
-66.2612 94.9652 131.392 133 421
-71.1694 103.467 134.176 134 260.7
-17.1788 -66.5598 134.176 134 2370.5
-78.5318 164.393 136.96 135 282.7
-63.8071 96.3143 136.96 135 243.05
-12.2706 -1.45075 136.96 135 61.8
-68.7153 104.816 136.96 135 356.25
-66.2612 100.565 136.96 135 1772.1
-12.2706 -66.5598 136.96 135 562.8
-63.8071 99.2159 139.744 136 760.3
-17.1788 -100.565 139.744 136 63.45
-78.5318 158.861 139.744 136 986.8
-66.2612 103.467 139.744 136 1224.25
-34.3576 65.2106 142.528 137 61.05
-61.3529 100.565 142.528 137 633.25
-22.0871 -69.4613 142.528 137 419.65
-68.7153 107.717 142.528 137 79.5
-14.7247 -65.2106 145.312 138 1453.5
-61.3529 103.467 145.312 138 1387.45
-58.8988 99.2159 145.312 138 100.8
-63.8071 104.816 145.312 138 1336.65
-66.2612 109.066 145.312 138 89.9
-73.6235 155.891 148.096 139 559.55
-63.8071 107.717 148.096 139 528.65
-61.3529 109.066 150.88 140 680.65
-56.4447 100.565 150.88 140 72.85
-17.1788 -103.467 150.88 140 71.05
-12.2706 -7.05056 150.88 140 128.2
-58.8988 104.816 150.88 140 1130.4
-22.0871 -66.5598 150.88 140 837.45
-68.7153 164.393 150.88 140 77.95
-61.3529 111.968 153.664 141 146.8
-58.8988 107.717 153.664 141 1162.6
-19.6329 -65.2106 153.664 141 2089.7
-4.90823 -189.897 153.664 141 71.85
-56.4447 103.467 153.664 141 500.35
-56.4447 109.066 156.448 142 1091.7
-68.7153 158.861 156.448 142 814.9
-53.9906 104.816 159.232 143 413.25
-56.4447 111.968 159.232 143 481.4
-58.8988 113.317 159.232 143 131.15
-53.9906 107.717 159.232 143 1097.55
-51.5365 103.467 162.016 144 72.5
-63.8071 155.891 162.016 144 917.3
-12.2706 -60.9599 162.016 144 157.5
-51.5365 109.066 164.8 145 943
-14.7247 -62.3091 164.8 145 955.7
-49.0824 104.816 164.8 145 109.35
-53.9906 113.317 164.8 145 408.5
-19.6329 -62.3091 164.8 145 2244.75
-24.5412 -65.2106 164.8 145 215.95
-49.0824 107.717 167.584 146 509.9
-63.8071 150.359 167.584 146 233.9
-53.9906 116.218 167.584 146 99.9
-51.5365 111.968 167.584 146 1000.75
-58.8988 158.861 170.368 147 422
-17.1788 -60.9599 173.152 148 1998.85
-46.6282 109.066 173.152 148 628.95
-44.1741 104.816 173.152 148 24.75
-58.8988 147.39 173.152 148 157.6
-49.0824 113.317 173.152 148 949.1
-51.5365 117.568 173.152 148 94.65
-49.0824 116.218 175.936 149 340.3
-24.5412 -62.3091 175.936 149 374.5
-46.6282 111.968 175.936 149 1064.35
-53.9906 155.891 178.72 150 503.55
-46.6282 117.568 178.72 150 215.1
-44.1741 107.717 178.72 150 253.8
-26.9953 -60.9599 178.72 150 60.55
-22.0871 -60.9599 178.72 150 1743.1
-49.0824 -73.7119 178.72 150 66
-12.2706 -58.0584 178.72 150 96.9
-53.9906 150.359 181.504 151 738
-44.1741 116.218 181.504 151 608.25
-44.1741 113.317 181.504 151 1081.4
-41.72 111.968 184.288 152 952.6
-41.72 109.066 184.288 152 375.1
-39.2659 107.717 187.072 153 154.5
-41.72 120.469 187.072 153 100.85
-49.0824 158.861 187.072 153 57.2
-41.72 117.568 187.072 153 377.25
-39.2659 113.317 189.856 154 1000.45
-39.2659 116.218 189.856 154 772.85
-17.1788 -58.0584 189.856 154 1667.95
-49.0824 147.39 189.856 154 726.15
-36.8118 117.568 192.64 155 250.15
-36.8118 111.968 192.64 155 808.7
-34.3576 107.717 192.64 155 101.45
-36.8118 109.066 192.64 155 266.05
-49.0824 141.858 195.424 156 94.65
-41.72 128.97 195.424 156 252.85
-22.0871 -58.0584 195.424 156 1613.85
-19.6329 -56.7093 195.424 156 2093.15
-44.1741 150.359 195.424 156 609.7
-36.8118 120.469 195.424 156 105.1
-9.81648 -2.7999 198.208 157 129.85
-14.7247 -56.7093 198.208 157 506.2
-31.9035 111.968 198.208 157 780.6
-31.9035 120.469 198.208 157 150.95
-34.3577 116.218 198.208 157 747.4
-34.3577 113.317 198.208 157 911.6
-31.9035 109.066 198.208 157 216.95
-31.9035 117.568 198.208 157 608.75
-44.1741 138.889 200.992 158 98.7
-39.2659 147.39 200.992 158 646.5
-26.9953 -58.0584 200.992 158 105.15
-29.4494 116.218 203.776 159 786
-29.4494 113.317 203.776 159 1012.65
-29.4494 107.717 203.776 159 76.3
-24.5412 -56.7093 203.776 159 593.95
-26.9953 111.968 206.56 160 782.5
-39.2659 141.858 206.56 160 758.45
-34.3576 150.359 206.56 160 133.8
-26.9953 117.568 206.56 160 525.8
-46.6282 -75.0611 206.56 160 88.2
-26.9953 120.469 206.56 160 110.05
-26.9953 109.066 209.344 161 247.25
-24.5412 116.218 209.344 161 727.35
-29.4494 147.39 212.128 162 104.65
-24.5412 113.317 212.128 162 938.65
-14.7247 -53.8078 212.128 162 479.8
-22.0871 117.568 212.128 162 371.7
-19.6329 -53.8078 212.128 162 2380.75
-22.0871 111.968 214.912 163 961.8
-34.3577 138.889 214.912 163 907.25
-24.5412 107.717 214.912 163 117.65
-22.0871 120.469 214.912 163 101.35
-9.81648 -5.70141 214.912 163 303.6
-22.0871 109.066 217.696 164 394.4
-19.6329 113.317 217.696 164 957.8
-19.6329 116.218 217.696 164 557.9
-24.5412 -53.8078 217.696 164 847.9
-29.4494 141.858 217.696 164 728.7
-17.1788 117.568 220.48 165 217.3
-22.0871 -52.4586 220.48 165 1872.15
-31.9035 134.57 220.48 165 188
-26.9953 -52.4586 220.48 165 206.05
-17.1788 -52.4586 220.48 165 1428.4
-19.6329 107.717 220.48 165 316.55
-17.1788 111.968 223.264 166 1004.1
-17.1788 109.066 223.264 166 605.95
-14.7247 113.317 226.048 167 834.55
-26.9953 134.57 226.048 167 273.45
-29.4494 133.221 226.048 167 188.6
-17.1788 103.467 226.048 167 74.45
-14.7247 116.218 226.048 167 354.65
-24.5412 138.889 226.048 167 470.85
-29.4494 130.32 228.832 168 83.25
-12.2706 111.968 228.832 168 861.65
-14.7247 107.717 228.832 168 460.15
-14.7247 104.816 228.832 168 151.3
-12.2706 109.066 231.616 169 727.2
-22.0871 -49.5571 231.616 169 1708.1
-24.5412 133.221 231.616 169 285.8
-22.0871 134.57 231.616 169 219.85
-9.81647 113.317 231.616 169 486.25
-26.9953 128.97 234.4 170 88.15
-12.2706 103.467 234.4 170 131.55
-24.5412 130.32 234.4 170 208.4
-17.1788 -49.5571 234.4 170 1311.45
-19.6329 133.221 237.184 171 148.15
-19.6329 -48.208 237.184 171 2018.6
-9.81647 107.717 237.184 171 844.6
-26.9953 -49.5571 237.184 171 228.95
-7.36235 111.968 237.184 171 593.45
-19.6329 130.32 237.184 171 261.9
-9.81647 104.816 239.968 172 400.15
-22.0871 126.069 239.968 172 134.55
-22.0871 128.97 239.968 172 225.5
-7.36236 109.066 239.968 172 897.6
-24.5412 -48.208 239.968 172 698.35
-17.1788 128.97 242.752 173 219.3
-7.36236 103.467 242.752 173 362.8
-4.90824 107.717 242.752 173 872.65
-19.6329 124.72 245.536 174 196.9
-14.7247 130.32 245.536 174 105.15
-2.45412 109.066 245.536 174 650.5
-14.7247 -48.208 245.536 174 457.55
-17.1788 126.069 248.32 175 292.45
-7.36236 100.565 248.32 175 93.75
-19.6329 121.818 251.104 176 88.8
-14.7247 124.72 251.104 176 331.5
-36.8118 -66.5598 251.104 176 79.1
-2.45412 103.467 251.104 176 740.9
-9.81647 124.72 253.888 177 126.25
-19.6329 -45.3065 253.888 177 1788.75
-17.1788 120.469 253.888 177 172
-12.2706 126.069 253.888 177 178.6
-5.72205e-06 107.717 253.888 177 561.5
-5.72205e-06 104.816 253.888 177 867.8
-14.7247 121.818 253.888 177 307.3
2.45411 109.066 256.672 178 215.25
-24.5412 -45.3065 256.672 178 631.7
-9.81647 121.818 259.456 179 235.3
-12.2706 120.469 259.456 179 308.85
4.90823 107.717 259.456 179 195
4.90823 104.816 262.24 180 529.15
2.45411 103.467 262.24 180 814.2
-5.72205e-06 99.2159 262.24 180 398.15
-14.7247 -45.3065 262.24 180 556.75
-12.2706 117.568 262.24 180 258.25
-7.36235 120.469 262.24 180 178.35
2.45411 100.565 265.024 181 859.25
-17.1788 -43.9573 265.024 181 1610.85
-22.0871 -43.9573 265.024 181 1468.05
9.81646 104.816 267.808 182 150.9
-39.2659 -65.2106 267.808 182 109.85
-26.9953 -43.9573 267.808 182 129.95
-9.81647 116.218 267.808 182 329.9
-12.2706 -43.9573 267.808 182 160.45
-7.36236 117.568 267.808 182 284.15
4.90823 96.3143 270.592 183 523.6
7.36235 100.565 270.592 183 826.6
-4.90824 116.218 270.592 183 276.6
-26.9953 -41.0558 273.376 184 106
-4.90824 113.317 273.376 184 352.2
9.81646 99.2159 273.376 184 681.75
-22.0871 -41.0558 273.376 184 1163.25
12.2706 100.565 273.376 184 325.4
9.81646 96.3143 276.16 185 800.05
-3.8147e-06 113.317 276.16 185 139.75
-2.45412 111.968 276.16 185 280.3
7.36234 94.9652 276.16 185 618.3
-17.1788 -41.0558 278.944 186 1644.65
7.36234 92.0637 278.944 186 308.5
-24.5412 -39.7067 281.728 187 405.65
14.7247 99.2159 281.728 187 169.1
17.1788 100.565 281.728 187 42.9
14.7247 96.3143 281.728 187 367.2
12.2706 94.9652 281.728 187 725.35
-19.6329 -39.7067 281.728 187 1942.55
9.81646 90.7145 284.512 188 437.15
12.2706 92.0637 284.512 188 652.6
-12.2706 -41.0558 287.296 189 242.75
-24.5412 -36.8052 287.296 189 269
-14.7247 -39.7067 287.296 189 1066.35
-9.81648 -39.7067 287.296 189 109.7
9.81646 87.813 287.296 189 212.65
17.1788 94.9652 287.296 189 226.4
19.6329 96.3143 287.296 189 66.25
17.1788 92.0637 290.08 190 498.05
14.7247 90.7145 290.08 190 741.65
-95.7106 94.9652 292.864 191 21.5
-19.6329 -36.8052 292.864 191 1612.9
-2.45412 100.565 292.864 191 315.95
-4.90824 99.2159 292.864 191 122.35
14.7247 87.813 292.864 191 632.55
12.2706 86.4639 292.864 191 333.35
19.633 90.7145 295.648 192 321.85
22.0871 92.0637 295.648 192 85.4
-14.7247 -36.8052 295.648 192 1054.3
12.2706 83.5624 298.432 193 157.95
17.1788 86.4639 298.432 193 754.55
19.633 87.813 298.432 193 535.3
-22.0871 -35.456 298.432 193 672.2
-17.1788 -35.456 298.432 193 1715.9
17.1788 83.5624 301.216 194 619.7
14.7247 82.2132 301.216 194 260.95
22.0871 86.4639 301.216 194 376.05
-5.72205e-06 96.3143 301.216 194 257.65
24.5412 87.813 301.216 194 96.3
26.9953 83.5624 304 195 72.75
22.0871 83.5624 304 195 507.25
-2.45412 94.9652 304 195 119.45
-24.5412 -31.2053 304 195 81.35
-12.2706 -35.456 306.784 196 516.1
2.45411 94.9652 306.784 196 277.3
-22.0871 -32.5545 306.784 196 493.4
-9.81648 -36.8052 306.784 196 127.85
14.7247 79.3117 306.784 196 120.15
-2.45413 92.0637 306.784 196 64.75
19.633 82.2132 306.784 196 634
19.633 79.3117 309.568 197 616.6
24.5412 82.2132 309.568 197 272
17.1788 77.9626 312.352 198 280.35
24.5412 79.3117 312.352 198 447.15
-7.62939e-06 90.7145 312.352 198 145.5
22.0871 77.9626 312.352 198 635.15
2.45411 92.0637 312.352 198 257.1
-17.1788 -32.5545 315.136 199 1543.25
4.90823 90.7145 315.136 199 280.9
26.9953 77.9626 315.136 199 263.5
17.1788 75.0611 315.136 199 192.75
-7.62939e-06 87.813 315.136 199 79.7
4.90823 87.813 317.92 200 253
22.0871 75.0611 317.92 200 574.3
-19.6329 -31.2053 320.704 201 908.1
7.36234 86.4639 320.704 201 251.75
19.633 73.7119 320.704 201 353.7
2.45411 86.4639 320.704 201 173.85
-39.2659 -56.7093 323.488 202 72.05
-12.2706 -32.5545 323.488 202 801.85
19.633 70.8104 323.488 202 258.4
2.45411 83.5624 323.488 202 100.9
-19.6329 -28.3038 326.272 203 636.85
-14.7247 -31.2053 326.272 203 1455.95
26.9953 75.0611 326.272 203 372.8
4.90822 82.2132 326.272 203 173
7.36234 83.5624 326.272 203 198.8
17.1788 69.4613 326.272 203 77.75
24.5412 73.7119 326.272 203 604.25
29.4494 73.7119 329.056 204 165.9
24.5412 70.8104 329.056 204 607.2
29.4494 70.8104 331.84 205 255.75
-7.36237 -32.5545 331.84 205 70.8
22.0871 69.4613 331.84 205 410.3
-22.0871 -26.9547 331.84 205 131.65
26.9953 69.4613 331.84 205 475.9
4.90822 79.3117 331.84 205 167.6
9.81646 82.2132 331.84 205 195.35
7.36234 77.9626 334.624 206 231.5
9.81646 79.3117 334.624 206 208
22.0871 66.5598 334.624 206 368.3
31.9035 69.4613 334.624 206 116.95
12.2706 77.9626 337.408 207 179.55
26.9953 66.5598 337.408 207 500.05
24.5412 65.2106 337.408 207 478.1
19.633 65.2106 337.408 207 102.35
-14.7247 -28.3038 337.408 207 1502.6
-9.81648 -31.2053 337.408 207 409.65
19.633 62.3091 337.408 207 92.5
-17.1788 -26.9547 340.192 208 1037.7
31.9035 66.5598 340.192 208 148.25
29.4494 65.2106 340.192 208 375.7
7.36234 75.0611 340.192 208 188.25
-17.1788 -24.0532 342.976 209 722.8
24.5412 62.3091 342.976 209 419.6
9.81646 73.7119 342.976 209 226.35
26.9953 60.9599 345.76 210 491.25
29.4494 62.3091 345.76 210 413.5
4.90822 73.7119 345.76 210 89.75
22.0871 60.9599 345.76 210 239.6
12.2706 75.0611 345.76 210 166.55
-12.2706 -26.9547 345.76 210 1364.8
-9.81648 -28.3038 345.76 210 681.35
-19.6329 -22.704 345.76 210 140.35
14.7247 73.7119 345.76 210 120.9
31.9035 60.9599 348.544 211 210.6
4.90822 70.8104 348.544 211 97.25
9.81646 70.8104 348.544 211 281.8
14.7247 70.8104 348.544 211 115.45
-7.36236 -26.9547 351.328 212 298.95
12.2706 69.4613 351.328 212 288.65
22.0871 58.0584 351.328 212 173.85
26.9953 58.0584 351.328 212 509.5
7.36234 69.4613 351.328 212 196.75
7.36234 66.5598 354.112 213 166.45
31.9035 58.0584 354.112 213 240.7
17.1788 66.5598 354.112 213 74.85
12.2706 66.5598 354.112 213 253.8
24.5412 56.7093 354.112 213 336.15
29.4494 56.7093 354.112 213 393.4
-14.7247 -22.704 354.112 213 1095.3
9.81649 65.2106 356.896 214 296.1
34.3577 56.7093 356.896 214 80.45
29.4494 53.8078 359.68 215 390.15
34.3577 53.8078 359.68 215 102.25
24.5412 53.8078 359.68 215 346.85
9.81649 62.3091 359.68 215 323.85
14.7247 65.2106 359.68 215 164.75
14.7247 62.3091 362.464 216 176.85
26.9953 52.4586 362.464 216 502.65
31.9035 52.4586 362.464 216 247.95
22.0871 52.4586 362.464 216 166.65
7.36237 60.9599 362.464 216 173.75
-9.81648 -22.704 362.464 216 60.65
17.1788 58.0584 365.248 217 80.1
12.2706 60.9599 365.248 217 256.7
22.0871 49.5571 365.248 217 193.7
17.1788 60.9599 365.248 217 89.55
7.36237 58.0584 368.032 218 160.5
12.2706 58.0584 368.032 218 315.6
31.9035 49.5571 368.032 218 243.85
19.633 45.3065 368.032 218 73.15
26.9953 49.5571 368.032 218 476.25
24.5412 48.208 368.032 218 404.65
29.4494 48.208 370.816 219 470.65
34.3577 45.3065 370.816 219 99.1
-9.81648 -19.8025 370.816 219 49.45
14.7247 56.7093 370.816 219 190.3
9.81649 56.7093 370.816 219 276.1
34.3577 48.208 370.816 219 112
26.9953 43.9573 373.6 220 545.55
29.4494 45.3065 373.6 220 384.95
9.81649 53.8078 373.6 220 262.6
24.5412 45.3065 373.6 220 400.55
14.7247 53.8078 376.384 221 203.75
12.2706 52.4586 376.384 221 266.7
31.9035 43.9573 376.384 221 288.9
22.0871 43.9573 376.384 221 201.8
17.1788 52.4586 379.168 222 85.2
7.36234 52.4586 379.168 222 135.65
31.9035 41.0558 381.952 223 194.6
29.4494 39.7067 381.952 223 356.75
24.5412 39.7067 381.952 223 464.95
17.1788 49.5571 381.952 223 104.7
26.9953 41.0558 381.952 223 504.05
34.3577 39.7067 381.952 223 82
19.633 39.7067 381.952 223 108.9
7.36234 49.5571 381.952 223 156.15
14.7247 48.208 381.952 223 185.9
4.90822 48.208 381.952 223 70.8
22.0871 41.0558 381.952 223 236.05
9.81649 48.208 381.952 223 261
12.2706 49.5571 381.952 223 304.2
4.90822 45.3065 384.736 224 75.65
19.633 36.8052 384.736 224 134.1
31.9035 35.456 387.52 225 150.2
29.4494 36.8052 387.52 225 292.8
9.81649 45.3065 387.52 225 224.6
26.9953 35.456 387.52 225 434.25
14.7247 45.3065 387.52 225 176.7
24.5412 36.8052 387.52 225 477.35
31.9035 32.5545 390.304 226 92.05
12.2706 43.9573 390.304 226 221.5
22.0871 35.456 390.304 226 293.75
7.36237 43.9573 390.304 226 135.8
17.1788 43.9573 390.304 226 81.95
7.36237 41.0558 393.088 227 139.6
26.9953 32.5545 393.088 227 382.15
9.81649 39.7067 395.872 228 223.8
29.4494 31.2053 395.872 228 171.75
24.5412 31.2053 395.872 228 447.9
19.6329 31.2053 395.872 228 200.25
14.7247 39.7067 395.872 228 112.35
12.2706 41.0558 395.872 228 203.95
22.0871 32.5545 395.872 228 413.05
17.1788 32.5545 398.656 229 117.4
24.5412 28.3038 401.44 230 349
29.4494 28.3038 401.44 230 138.7
26.9953 24.0532 401.44 230 148.15
26.9953 26.9547 401.44 230 223.9
7.36234 35.456 404.224 231 161.5
9.81649 36.8052 404.224 231 168.35
12.2706 35.456 404.224 231 163.95
19.6329 28.3038 404.224 231 311.95
17.1788 26.9547 404.224 231 188.7
4.90822 36.8052 404.224 231 76.5
24.5412 22.704 404.224 231 288.05
14.7247 36.8052 404.224 231 91
7.36237 32.5545 407.008 232 199.85
22.0871 24.0532 407.008 232 409.15
22.0871 26.9547 407.008 232 448.15
14.7247 31.2053 407.008 232 120.1
12.2706 32.5545 407.008 232 179.9
19.6329 22.704 409.792 233 433.35
9.81648 31.2053 409.792 233 263.05
24.5412 19.8025 409.792 233 199.9
14.7247 28.3038 409.792 233 101.75
4.90825 31.2053 409.792 233 141.2
17.1788 24.0532 412.576 234 281.45
9.81648 28.3038 412.576 234 198
4.90825 28.3038 412.576 234 169.65
19.6329 19.8025 412.576 234 439.65
22.0871 18.4534 412.576 234 269.85
14.7247 22.704 415.36 235 194.6
12.2706 26.9547 415.36 235 152.9
17.1788 18.4534 415.36 235 430.75
14.7247 19.8025 415.36 235 297.1
7.36237 26.9547 418.144 236 213.3
7.36237 24.0532 418.144 236 224.8
17.1788 15.5519 418.144 236 370.05
22.0871 15.5519 418.144 236 190.85
12.2706 24.0532 420.928 237 132.1
4.90825 22.704 420.928 237 197.85
9.81648 22.704 420.928 237 151.9
12.2706 18.4534 420.928 237 255.4
19.6329 14.2027 420.928 237 281.75
9.81648 19.8025 423.712 238 165.9
12.2706 15.5519 423.712 238 320.1
14.7247 14.2027 423.712 238 398.95
14.7247 11.3012 426.496 239 342.8
19.6329 11.3012 426.496 239 141.6
-1.33514e-05 19.8025 426.496 239 71.45
2.4541 24.0532 426.496 239 106.65
4.90825 19.8025 426.496 239 253.35
17.1788 9.95207 429.28 240 198.4
2.45413 18.4534 429.28 240 205.1
7.36237 18.4534 429.28 240 189.95
9.81648 14.2027 429.28 240 272.6
9.81648 11.3012 432.064 241 367.9
14.7247 5.70141 432.064 241 129.9
7.36237 15.5519 432.064 241 188.25
17.1788 7.05056 432.064 241 99.3
12.2706 9.95207 432.064 241 451.4
12.2706 7.05056 434.848 242 338.6
4.90825 14.2027 434.848 242 244.05
-1.33514e-05 14.2027 434.848 242 180.8
2.45413 15.5519 434.848 242 209.05
4.90825 11.3012 437.632 243 285.05
7.36237 7.05056 437.632 243 447.15
9.81648 5.70141 437.632 243 364.65
12.2706 1.45075 437.632 243 74.15
9.81648 2.7999 437.632 243 198.4
7.36237 9.95207 437.632 243 292.65
206.146 -62.3768 457.12 250 67.2
-147.247 28.3716 462.688 252 37.3
-186.513 28.3716 462.688 252 34.55
-245.412 -62.3768 465.472 253 43.45
-4.90825 -2.7999 465.472 253 119.75
-171.788 2.86764 471.04 255 37
-7.36236 -7.05056 496.096 264 315.1
132.522 -116.354 529.504 276 35.85
-29.4494 181.395 537.856 279 27.25
78.5318 -82.2132 557.344 286 39.1
-4.90825 -5.70141 568.48 290 427.4
120.252 -7.05056 568.48 290 37.4
71.1694 -69.4613 582.4 295 39.25
196.329 -5.83687 587.968 297 39.4
125.16 24.0532 590.752 298 35.25
250.32 -2.86764 593.536 299 40
196.329 -22.8395 596.32 300 39.95
147.247 11.3012 610.24 305 38.25
171.788 2.86764 610.24 305 34.45
171.788 19.8703 610.24 305 36.75
186.513 -164.393 665.92 325 34.35
73.6235 22.704 690.976 334 30.4
122.706 45.3065 690.976 334 40.15
93.2565 31.2053 702.112 338 43.3
2.4541 52.4586 727.168 347 30.05
-53.9906 -133.221 741.088 352 35.45
-68.7153 -121.818 743.872 353 38.9
-2.45413 52.4586 743.872 353 30
34.3576 167.362 760.576 359 34.5
-17.1788 86.4639 793.984 371 23.05
103.073 172.894 793.984 371 35.6
147.247 90.85 796.768 372 33.15
39.2659 96.3143 813.472 378 31.55
68.7153 99.2159 813.472 378 23.05
-112.889 -206.899 813.472 378 40.25
53.9906 73.7119 819.04 380 37.55
-152.155 -138.889 824.608 382 35.9
220.871 70.8781 824.608 382 37
-152.155 -121.886 827.392 383 35.6
98.1647 19.8025 830.176 384 40.15
76.0776 15.5519 830.176 384 39.3
51.5365 9.95207 830.176 384 37.95
-166.88 11.369 832.96 385 37.2
-215.962 22.8395 841.312 388 36.45
-240.504 70.8781 844.096 389 35.75
137.431 209.868 852.448 392 39.85
58.8988 243.874 855.232 393 35.1
53.9906 138.889 863.584 396 41.15
-83.44 -28.3038 863.584 396 32.85
-36.8118 -15.5519 866.368 397 33.25
9.81647 164.393 866.368 397 36.2
-24.5412 -19.8025 866.368 397 42
-78.5318 -31.2053 869.152 398 38.6
95.7106 86.4639 874.72 400 32.1
98.1647 70.8104 877.504 401 35.55
-171.788 19.8703 880.288 402 41.2
117.798 53.8078 883.072 403 39.7
-9.81648 -232.403 885.856 404 36.65
-29.4494 -141.858 888.64 405 28.4
93.2565 -53.8078 896.992 408 39.35
4.90822 -39.7067 896.992 408 28.65
-147.247 90.85 896.992 408 25.45
-2.45413 -9.95207 896.992 408 127.85
-26.9953 -134.57 902.56 410 32.7
-7.36236 -9.95207 902.56 410 117.6
-90.8024 41.0558 902.56 410 31.45
137.431 -96.3821 905.344 411 47.7
-49.0824 28.3038 905.344 411 37.25
230.687 -121.886 908.128 412 40.3
24.5412 -201.367 908.128 412 43.65
191.421 -99.3513 908.128 412 43.55
-71.1694 32.5545 910.912 413 39.3
7.36235 -100.565 913.696 414 26.4
-49.0824 164.393 922.048 417 30.5
39.2659 -39.7067 922.048 417 42
58.8988 -79.3117 922.048 417 36.4
46.6282 -60.9599 924.832 418 39.85
147.247 130.387 924.832 418 37.8
68.7153 -62.3091 924.832 418 37.95
-78.5318 215.4 927.616 419 45
-4.90825 -11.3012 930.4 420 118
206.146 141.858 930.4 420 38.5
49.0824 82.2132 935.968 422 27.5
24.5412 -87.813 941.536 424 36.25
46.6282 52.4586 947.104 426 34.15
49.0824 28.3038 947.104 426 28.25
-103.073 -116.354 952.672 428 118.75
-56.4447 -128.97 955.456 429 36.6
68.7153 -147.39 955.456 429 36.65
191.421 104.883 961.024 431 32.3
73.6235 -130.32 963.808 432 34.45
53.9906 -133.221 963.808 432 37.5
122.706 -189.897 963.808 432 42.3
44.1741 189.897 969.376 434 21.6
-14.7247 -116.218 974.944 436 21.85
-171.788 -184.364 977.728 437 37.7
-7.36236 -100.565 980.512 438 24.35
-3.8147e-06 -243.874 986.08 440 39.45
44.1741 -155.891 986.08 440 39.25
29.4494 -141.858 991.648 442 38.6
-49.0824 82.2132 1005.57 447 20.65
-14.7247 -206.899 1008.35 448 39.65
58.8988 73.7119 1022.27 453 27.85
44.1741 36.8052 1025.06 454 35.1
68.7153 53.8078 1027.84 455 36.6
-51.5365 9.95207 1030.62 456 21.05
-88.3482 11.3012 1030.62 456 28.9
-100.619 -94.9652 1030.62 456 30
-56.4447 58.0584 1033.41 457 24
-39.2659 -39.7067 1044.54 461 25.45
-63.8071 -39.7067 1044.54 461 32.75
17.1788 -41.0558 1047.33 462 32.25
46.6282 -24.0532 1052.9 464 27.7
-103.073 28.3038 1055.68 465 25.8
161.972 -65.3461 1058.46 466 32.6
98.1647 -19.8025 1061.25 467 30.05
9.81648 -19.8025 1064.03 468 32.65
49.0824 -14.2027 1064.03 468 33.35
76.0776 -15.5519 1064.03 468 33.5
-132.522 -116.354 1066.82 469 37.2
83.44 -28.3038 1069.6 470 31.65
110.435 -49.5571 1077.95 473 34.65
31.9035 -69.4613 1080.74 474 37.05
17.1788 -60.9599 1080.74 474 34
-71.1694 -109.066 1100.22 481 36.1
-58.8988 -87.813 1103.01 482 29.5
-34.3576 167.362 1119.71 488 21.25
-78.5318 -5.70141 1139.2 495 22.7
88.3483 -14.2027 1141.98 496 30.6
-100.619 -9.95207 1147.55 498 29.8
-53.9906 -5.70141 1147.55 498 30
-98.1647 -19.8025 1150.34 499 29.45
