0 179.887 0 0 90.6225
0.1 89.9497 3.85681e-05 0.016723 90.6224
0.2 89.8993 0.000154272 0.0334459 90.6223
0.3 89.849 0.000347112 0.0501688 90.6221
0.4 89.7987 0.000617088 0.0668916 90.6219
0.5 89.7483 0.000964197 0.0836143 90.6215
0.6 89.698 0.00138844 0.100337 90.6211
0.7 89.6476 0.00188982 0.117059 90.6206
0.8 89.5973 0.00246832 0.133781 90.62
0.9 89.547 0.00312396 0.150503 90.6194
1 89.4966 0.00385672 0.167225 90.6186
1.1 89.4463 0.0046666 0.183947 90.6178
1.2 89.396 0.00555361 0.200668 90.6169
1.3 89.3456 0.00651774 0.217389 90.616
1.4 89.2953 0.00755898 0.234109 90.6149
1.5 89.245 0.00867734 0.250829 90.6138
1.6 89.1946 0.0098728 0.267549 90.6126
1.7 89.1443 0.0111454 0.284268 90.6113
1.8 89.0939 0.0124951 0.300986 90.61
1.9 89.0436 0.0139218 0.317705 90.6086
2 88.9933 0.0154257 0.334422 90.6071
2.1 88.9429 0.0170066 0.351139 90.6055
2.2 88.8926 0.0186647 0.367856 90.6038
2.3 88.8423 0.0203998 0.384572 90.6021
2.4 88.7919 0.022212 0.401287 90.6003
2.5 88.7416 0.0241013 0.418001 90.5984
2.6 88.6913 0.0260676 0.434715 90.5964
2.7 88.6409 0.028111 0.451428 90.5944
2.8 88.5906 0.0302314 0.468141 90.5922
2.9 88.5403 0.0324289 0.484852 90.5901
3 88.4899 0.0347034 0.501563 90.5878
3.1 88.4396 0.0370549 0.518273 90.5854
3.2 88.3892 0.0394835 0.534982 90.583
3.3 88.3389 0.0419891 0.55169 90.5805
3.4 88.2886 0.0445717 0.568397 90.5779
3.5 88.2382 0.0472312 0.585104 90.5752
3.6 88.1879 0.0499678 0.601809 90.5725
3.7 88.1376 0.0527814 0.618513 90.5697
3.8 88.0872 0.0556719 0.635216 90.5668
3.9 88.0369 0.0586394 0.651919 90.5638
4 87.9866 0.0616839 0.66862 90.5608
4.1 87.9362 0.0648053 0.68532 90.5577
4.2 87.8859 0.0680037 0.702018 90.5545
4.3 87.8356 0.071279 0.718716 90.5512
4.4 87.7852 0.0746312 0.735412 90.5478
4.5 87.7349 0.0780603 0.752108 90.5444
4.6 87.6845 0.0815663 0.768801 90.5409
4.7 87.6342 0.0851492 0.785494 90.5373
4.8 87.5839 0.0888089 0.802185 90.5337
4.9 87.5335 0.0925456 0.818875 90.5299
5 87.4832 0.0963591 0.835564 90.5261
5.1 87.4329 0.100249 0.852251 90.5222
5.2 87.3825 0.104217 0.868937 90.5183
5.3 87.3322 0.108261 0.885621 90.5142
5.4 87.2819 0.112381 0.902304 90.5101
5.5 87.2315 0.116579 0.918985 90.5059
5.6 87.1812 0.120853 0.935665 90.5016
5.7 87.1309 0.125204 0.952343 90.4973
5.8 87.0805 0.129632 0.96902 90.4928
5.9 87.0302 0.134137 0.985694 90.4883
6 86.9799 0.138718 1.00237 90.4838
6.1 86.9295 0.143376 1.01904 90.4791
6.2 86.8792 0.148111 1.03571 90.4744
6.3 86.8289 0.152923 1.05238 90.4696
6.4 86.7785 0.157811 1.06904 90.4647
6.5 86.7282 0.162775 1.08571 90.4597
6.6 86.6779 0.167817 1.10237 90.4547
6.7 86.6275 0.172935 1.11903 90.4495
6.8 86.5772 0.17813 1.13569 90.4444
6.9 86.5269 0.183401 1.15235 90.4391
7 86.4765 0.188749 1.169 90.4337
7.1 86.4262 0.194173 1.18566 90.4283
7.2 86.3759 0.199674 1.20231 90.4228
7.3 86.3255 0.205251 1.21896 90.4172
7.4 86.2752 0.210905 1.2356 90.4116
7.5 86.2249 0.216636 1.25225 90.4058
7.6 86.1745 0.222443 1.26889 90.4
7.7 86.1242 0.228326 1.28553 90.3942
7.79999 86.0739 0.234286 1.30217 90.3882
7.89999 86.0235 0.240322 1.31881 90.3822
7.99999 85.9732 0.246435 1.33544 90.376
8.09999 85.9229 0.252624 1.35207 90.3699
8.2 85.8725 0.258889 1.3687 90.3636
8.3 85.8222 0.265231 1.38533 90.3572
8.4 85.7719 0.271649 1.40196 90.3508
8.5 85.7215 0.278144 1.41858 90.3443
8.6 85.6712 0.284715 1.4352 90.3378
8.7 85.6209 0.291362 1.45182 90.3311
8.8 85.5705 0.298085 1.46843 90.3244
8.9 85.5202 0.304884 1.48505 90.3176
9 85.4699 0.31176 1.50166 90.3107
9.1 85.4195 0.318712 1.51826 90.3038
9.2 85.3692 0.32574 1.53487 90.2967
9.3 85.3189 0.332844 1.55147 90.2896
9.4 85.2685 0.340024 1.56807 90.2825
9.5 85.2182 0.347281 1.58467 90.2752
9.6 85.1679 0.354613 1.60126 90.2679
9.7 85.1175 0.362022 1.61786 90.2605
9.8 85.0672 0.369506 1.63445 90.253
9.9 85.0169 0.377067 1.65103 90.2454
10 84.9665 0.384703 1.66762 90.2378
10.1 84.9162 0.392416 1.6842 90.2301
10.2 84.8659 0.400204 1.70078 90.2223
10.3 84.8155 0.408069 1.71735 90.2144
10.4 84.7652 0.416009 1.73392 90.2065
10.5 84.7149 0.424025 1.75049 90.1985
10.6 84.6646 0.432117 1.76706 90.1904
10.7 84.6142 0.440285 1.78362 90.1822
10.8 84.5639 0.448529 1.80018 90.174
10.9 84.5136 0.456848 1.81674 90.1656
11 84.4632 0.465243 1.8333 90.1572
11.1 84.4129 0.473714 1.84985 90.1488
11.2 84.3626 0.482261 1.8664 90.1402
11.3 84.3122 0.490883 1.88294 90.1316
11.4 84.2619 0.499581 1.89948 90.1229
11.5 84.2116 0.508354 1.91602 90.1141
11.6 84.1613 0.517203 1.93256 90.1053
11.7 84.1109 0.526128 1.94909 90.0964
11.8 84.0606 0.535128 1.96562 90.0874
11.9 84.0103 0.544204 1.98214 90.0783
12 83.9599 0.553355 1.99867 90.0691
12.1 83.9096 0.562581 2.01518 90.0599
12.2 83.8593 0.571883 2.0317 90.0506
12.3 83.809 0.581261 2.04821 90.0412
12.4 83.7586 0.590714 2.06472 90.0318
12.5 83.7083 0.600242 2.08122 90.0222
12.6 83.658 0.609845 2.09773 90.0126
12.7 83.6076 0.619524 2.11422 90.003
12.8 83.5573 0.629278 2.13072 89.9932
12.9 83.507 0.639107 2.14721 89.9834
13 83.4567 0.649011 2.1637 89.9735
13.1 83.4063 0.658991 2.18018 89.9635
13.2 83.356 0.669046 2.19666 89.9534
13.3 83.3057 0.679175 2.21314 89.9433
13.4 83.2553 0.68938 2.22961 89.9331
13.5 83.205 0.69966 2.24608 89.9228
13.6 83.1547 0.710015 2.26254 89.9125
13.7 83.1044 0.720445 2.279 89.902
13.8 83.054 0.730949 2.29546 89.8915
13.9 83.0037 0.741529 2.31191 89.881
14 82.9534 0.752184 2.32836 89.8703
14.1 82.9031 0.762913 2.34481 89.8596
14.2 82.8527 0.773717 2.36125 89.8488
14.3 82.8024 0.784596 2.37768 89.8379
14.4 82.7521 0.79555 2.39412 89.8269
14.5 82.7018 0.806579 2.41055 89.8159
14.6 82.6514 0.817682 2.42697 89.8048
14.7 82.6011 0.828859 2.44339 89.7936
14.8 82.5508 0.840112 2.45981 89.7824
14.9 82.5004 0.851439 2.47622 89.771
15 82.4501 0.86284 2.49263 89.7596
15.1 82.3998 0.874316 2.50903 89.7482
15.2 82.3495 0.885867 2.52543 89.7366
15.3 82.2992 0.897492 2.54183 89.725
15.4 82.2488 0.909191 2.55822 89.7133
15.5 82.1985 0.920965 2.57461 89.7015
15.6 82.1482 0.932813 2.59099 89.6897
15.7 82.0979 0.944735 2.60737 89.6777
15.8 82.0475 0.956732 2.62374 89.6657
15.9 81.9972 0.968803 2.64011 89.6537
16 81.9469 0.980948 2.65647 89.6415
16.1 81.8966 0.993167 2.67283 89.6293
16.2 81.8462 1.00546 2.68919 89.617
16.3 81.7959 1.01783 2.70554 89.6047
16.4 81.7456 1.03027 2.72189 89.5922
16.5 81.6953 1.04278 2.73823 89.5797
16.6 81.6449 1.05537 2.75456 89.5671
16.7 81.5946 1.06804 2.7709 89.5544
16.8 81.5443 1.08077 2.78722 89.5417
16.9 81.494 1.09358 2.80355 89.5289
17 81.4437 1.10647 2.81986 89.516
17.1 81.3933 1.11943 2.83618 89.5031
17.2 81.343 1.13246 2.85249 89.49
17.3 81.2927 1.14557 2.86879 89.4769
17.4 81.2424 1.15875 2.88509 89.4637
17.5 81.1921 1.172 2.90138 89.4505
17.6 81.1417 1.18533 2.91767 89.4372
17.7 81.0914 1.19873 2.93395 89.4238
17.8 81.0411 1.2122 2.95023 89.4103
17.9 80.9908 1.22575 2.9665 89.3967
18 80.9405 1.23937 2.98277 89.3831
18.1 80.8901 1.25306 2.99904 89.3694
18.2 80.8398 1.26683 3.01529 89.3557
18.3 80.7895 1.28067 3.03155 89.3418
18.4 80.7392 1.29458 3.0478 89.3279
18.5 80.6889 1.30857 3.06404 89.3139
18.6 80.6385 1.32263 3.08028 89.2998
18.7 80.5882 1.33676 3.09651 89.2857
18.8 80.5379 1.35097 3.11273 89.2715
18.9 80.4876 1.36525 3.12896 89.2572
19 80.4373 1.3796 3.14517 89.2429
19.1 80.3869 1.39403 3.16138 89.2285
19.2 80.3366 1.40853 3.17759 89.214
19.3 80.2863 1.4231 3.19379 89.1994
19.4 80.236 1.43774 3.20998 89.1847
19.5 80.1857 1.45246 3.22617 89.17
19.6 80.1354 1.46725 3.24235 89.1552
19.7 80.085 1.48211 3.25853 89.1404
19.8 80.0347 1.49704 3.2747 89.1254
19.9 79.9844 1.51205 3.29087 89.1104
20 79.9341 1.52713 3.30703 89.0954
20.1 79.8838 1.54228 3.32319 89.0802
20.2 79.8335 1.55751 3.33933 89.065
20.3 79.7831 1.5728 3.35548 89.0497
20.4 79.7328 1.58817 3.37162 89.0343
20.5 79.6825 1.60362 3.38775 89.0189
20.6 79.6322 1.61913 3.40387 89.0034
20.7 79.5819 1.63472 3.41999 88.9878
20.8 79.5316 1.65037 3.43611 88.9721
20.9 79.4813 1.6661 3.45222 88.9564
21 79.4309 1.68191 3.46832 88.9406
21.1 79.3806 1.69778 3.48442 88.9247
21.2 79.3303 1.71373 3.50051 88.9088
21.3 79.28 1.72975 3.51659 88.8927
21.4 79.2297 1.74584 3.53267 88.8766
21.5 79.1794 1.762 3.54874 88.8605
21.6 79.1291 1.77823 3.56481 88.8442
21.7 79.0787 1.79454 3.58087 88.8279
21.8 79.0284 1.81091 3.59692 88.8116
21.9 78.9781 1.82736 3.61297 88.7951
22 78.9278 1.84388 3.62901 88.7786
22.1 78.8775 1.86048 3.64505 88.762
22.2 78.8272 1.87714 3.66107 88.7453
22.3 78.7769 1.89387 3.6771 88.7286
22.4 78.7266 1.91068 3.69311 88.7118
22.5 78.6763 1.92756 3.70912 88.6949
22.6 78.6259 1.94451 3.72513 88.678
22.7001 78.5756 1.96153 3.74112 88.661
22.8001 78.5253 1.97862 3.75711 88.6439
22.9001 78.475 1.99578 3.7731 88.6267
23.0001 78.4247 2.01301 3.78907 88.6095
23.1001 78.3744 2.03032 3.80504 88.5922
23.2001 78.3241 2.04769 3.82101 88.5748
23.3001 78.2738 2.06514 3.83697 88.5573
23.4001 78.2235 2.08265 3.85292 88.5398
23.5001 78.1732 2.10024 3.86886 88.5222
23.6001 78.1229 2.1179 3.8848 88.5046
23.7001 78.0725 2.13563 3.90073 88.4869
23.8001 78.0222 2.15343 3.91665 88.4691
23.9001 77.9719 2.1713 3.93257 88.4512
24.0001 77.9216 2.18924 3.94848 88.4332
24.1001 77.8713 2.20725 3.96438 88.4152
24.2001 77.821 2.22533 3.98028 88.3971
24.3001 77.7707 2.24349 3.99617 88.379
24.4001 77.7204 2.26171 4.01205 88.3608
24.5001 77.6701 2.28 4.02793 88.3425
24.6001 77.6198 2.29837 4.0438 88.3241
24.7001 77.5695 2.3168 4.05966 88.3057
24.8001 77.5192 2.3353 4.07551 88.2872
24.9001 77.4689 2.35387 4.09136 88.2686
25.0001 77.4186 2.37252 4.1072 88.25
25.1001 77.3683 2.39123 4.12303 88.2313
25.2001 77.318 2.41001 4.13886 88.2125
25.3001 77.2677 2.42887 4.15468 88.1936
25.4001 77.2173 2.44779 4.17049 88.1747
25.5001 77.167 2.46678 4.18629 88.1557
25.6001 77.1167 2.48584 4.20209 88.1366
25.7001 77.0664 2.50497 4.21788 88.1175
25.8001 77.0161 2.52417 4.23366 88.0983
25.9001 76.9658 2.54344 4.24943 88.079
26.0001 76.9155 2.56278 4.2652 88.0597
26.1001 76.8652 2.58219 4.28096 88.0403
26.2001 76.8149 2.60167 4.29671 88.0208
26.3001 76.7646 2.62122 4.31246 88.0013
26.4001 76.7143 2.64084 4.32819 87.9816
26.5001 76.664 2.66052 4.34392 87.962
26.6001 76.6137 2.68028 4.35965 87.9422
26.7001 76.5634 2.7001 4.37536 87.9224
26.8001 76.5131 2.71999 4.39107 87.9025
26.9001 76.4628 2.73995 4.40677 87.8825
27.0001 76.4125 2.75998 4.42246 87.8625
27.1001 76.3622 2.78008 4.43814 87.8424
27.2001 76.3119 2.80025 4.45382 87.8222
27.3001 76.2616 2.82049 4.46948 87.802
27.4001 76.2113 2.84079 4.48514 87.7817
27.5001 76.161 2.86116 4.50079 87.7613
27.6001 76.1107 2.88161 4.51644 87.7409
27.7001 76.0604 2.90212 4.53208 87.7204
27.8001 76.0101 2.92269 4.5477 87.6998
27.9001 75.9598 2.94334 4.56332 87.6791
28.0001 75.9095 2.96406 4.57894 87.6584
28.1001 75.8592 2.98484 4.59454 87.6376
28.2001 75.8089 3.00569 4.61014 87.6168
28.3001 75.7587 3.02661 4.62572 87.5959
28.4001 75.7084 3.0476 4.6413 87.5749
28.5001 75.6581 3.06865 4.65687 87.5538
28.6001 75.6078 3.08977 4.67244 87.5327
28.7001 75.5575 3.11096 4.68799 87.5115
28.8001 75.5072 3.13222 4.70354 87.4903
28.9001 75.4569 3.15355 4.71908 87.4689
29.0001 75.4066 3.17494 4.73461 87.4475
29.1001 75.3563 3.1964 4.75013 87.4261
29.2001 75.306 3.21793 4.76564 87.4046
29.3001 75.2557 3.23952 4.78115 87.383
29.4001 75.2054 3.26118 4.79664 87.3613
29.5001 75.1551 3.28291 4.81213 87.3396
29.6001 75.1048 3.30471 4.82761 87.3178
29.7001 75.0545 3.32657 4.84308 87.2959
29.8001 75.0042 3.34851 4.85854 87.274
29.9001 74.954 3.3705 4.874 87.252
30.0001 74.9037 3.39257 4.88944 87.2299
30.1001 74.8534 3.4147 4.90488 87.2078
30.2001 74.8031 3.4369 4.9203 87.1856
30.3001 74.7528 3.45916 4.93572 87.1633
30.4001 74.7025 3.48149 4.95113 87.141
30.5001 74.6522 3.50389 4.96653 87.1186
30.6001 74.6019 3.52636 4.98193 87.0961
30.7001 74.5516 3.54889 4.99731 87.0736
30.8001 74.5013 3.57148 5.01268 87.051
30.9001 74.4511 3.59415 5.02805 87.0283
31.0001 74.4008 3.61688 5.04341 87.0056
31.1001 74.3505 3.63967 5.05875 86.9828
31.2001 74.3002 3.66253 5.07409 86.9599
31.3001 74.2499 3.68546 5.08942 86.937
31.4001 74.1996 3.70846 5.10474 86.914
31.5001 74.1493 3.73152 5.12005 86.891
31.6001 74.099 3.75464 5.13536 86.8678
31.7001 74.0488 3.77783 5.15065 86.8446
31.8001 73.9985 3.80109 5.16593 86.8214
31.9001 73.9482 3.82441 5.18121 86.7981
32.0001 73.8979 3.8478 5.19647 86.7747
32.1001 73.8476 3.87125 5.21173 86.7512
32.2001 73.7973 3.89477 5.22697 86.7277
32.3001 73.7471 3.91835 5.24221 86.7041
32.4001 73.6968 3.942 5.25744 86.6805
32.5001 73.6465 3.96571 5.27266 86.6568
32.6001 73.5962 3.98949 5.28787 86.633
32.7001 73.5459 4.01334 5.30307 86.6091
32.8001 73.4956 4.03724 5.31826 86.5852
32.9001 73.4454 4.06122 5.33344 86.5613
33.0001 73.3951 4.08526 5.34861 86.5372
33.1001 73.3448 4.10936 5.36377 86.5131
33.2001 73.2945 4.13353 5.37892 86.489
33.3001 73.2442 4.15776 5.39406 86.4647
33.4001 73.194 4.18205 5.40919 86.4404
33.5001 73.1437 4.20642 5.42432 86.4161
33.6001 73.0934 4.23084 5.43943 86.3916
33.7001 73.0431 4.25533 5.45453 86.3672
33.8001 72.9928 4.27988 5.46962 86.3426
33.9001 72.9426 4.3045 5.48471 86.318
34.0001 72.8923 4.32918 5.49978 86.2933
34.1001 72.842 4.35393 5.51484 86.2686
34.2001 72.7917 4.37874 5.5299 86.2437
34.3 72.7415 4.40361 5.54494 86.2189
34.4 72.6912 4.42855 5.55997 86.1939
34.5 72.6409 4.45355 5.575 86.1689
34.6 72.5906 4.47861 5.59001 86.1439
34.7 72.5404 4.50374 5.60501 86.1187
34.8 72.4901 4.52893 5.62001 86.0935
34.9 72.4398 4.55419 5.63499 86.0683
35 72.3895 4.5795 5.64996 86.043
35.1 72.3393 4.60488 5.66492 86.0176
35.2 72.289 4.63033 5.67988 85.9922
35.3 72.2387 4.65584 5.69482 85.9666
35.4 72.1884 4.68141 5.70975 85.9411
35.5 72.1382 4.70704 5.72467 85.9154
35.6 72.0879 4.73273 5.73958 85.8897
35.7 72.0376 4.75849 5.75448 85.864
35.8 71.9873 4.78431 5.76937 85.8382
35.9 71.9371 4.8102 5.78425 85.8123
36 71.8868 4.83614 5.79912 85.7863
36.1 71.8365 4.86215 5.81398 85.7603
36.2 71.7863 4.88822 5.82882 85.7343
36.3 71.736 4.91436 5.84366 85.7081
36.4 71.6857 4.94055 5.85849 85.6819
36.5 71.6355 4.96681 5.8733 85.6557
36.6 71.5852 4.99313 5.88811 85.6294
36.7 71.5349 5.01951 5.9029 85.603
36.8 71.4846 5.04595 5.91769 85.5765
36.9 71.4344 5.07246 5.93246 85.55
37 71.3841 5.09902 5.94722 85.5235
37.1 71.3338 5.12565 5.96197 85.4968
37.2 71.2836 5.15234 5.97671 85.4701
37.3 71.2333 5.17909 5.99144 85.4434
37.4 71.183 5.2059 6.00616 85.4166
37.5 71.1328 5.23278 6.02087 85.3897
37.6 71.0825 5.25971 6.03556 85.3628
37.7 71.0323 5.28671 6.05025 85.3358
37.8 70.982 5.31377 6.06492 85.3087
37.9 70.9317 5.34088 6.07958 85.2816
38 70.8815 5.36806 6.09423 85.2544
38.1 70.8312 5.3953 6.10887 85.2272
38.2 70.7809 5.4226 6.1235 85.1999
38.3 70.7307 5.44996 6.13812 85.1725
38.4 70.6804 5.47738 6.15273 85.1451
38.5 70.6301 5.50487 6.16732 85.1176
38.6 70.5799 5.53241 6.18191 85.0901
38.7 70.5296 5.56001 6.19648 85.0625
38.8 70.4794 5.58767 6.21104 85.0348
38.9 70.4291 5.6154 6.22559 85.0071
39 70.3788 5.64318 6.24013 84.9793
39.1 70.3286 5.67102 6.25466 84.9515
39.2 70.2783 5.69893 6.26917 84.9236
39.3 70.2281 5.72689 6.28367 84.8956
39.4 70.1778 5.75491 6.29817 84.8676
39.5 70.1275 5.78299 6.31265 84.8395
39.6 70.0773 5.81113 6.32712 84.8113
39.7 70.027 5.83933 6.34157 84.7831
39.8 69.9768 5.86759 6.35602 84.7549
39.9 69.9265 5.89591 6.37045 84.7266
40 69.8763 5.92429 6.38487 84.6982
40.1 69.826 5.95273 6.39928 84.6698
40.2 69.7757 5.98123 6.41368 84.6413
40.3 69.7255 6.00978 6.42807 84.6127
40.4 69.6752 6.0384 6.44244 84.5841
40.5 69.625 6.06707 6.4568 84.5554
40.6 69.5747 6.0958 6.47115 84.5267
40.7 69.5245 6.12459 6.48549 84.4979
40.7999 69.4742 6.15344 6.49982 84.469
40.8999 69.424 6.18235 6.51413 84.4401
40.9999 69.3737 6.21131 6.52843 84.4112
41.0999 69.3235 6.24034 6.54272 84.3821
41.1999 69.2732 6.26942 6.557 84.3531
41.2999 69.223 6.29856 6.57126 84.3239
41.3999 69.1727 6.32776 6.58552 84.2947
41.4999 69.1225 6.35701 6.59976 84.2655
41.5999 69.0722 6.38633 6.61399 84.2362
41.6999 69.022 6.4157 6.6282 84.2068
41.7999 68.9717 6.44512 6.64241 84.1774
41.8999 68.9215 6.47461 6.6566 84.1479
41.9999 68.8712 6.50415 6.67077 84.1183
42.0999 68.821 6.53376 6.68494 84.0887
42.1999 68.7707 6.56341 6.69909 84.0591
42.2999 68.7205 6.59313 6.71324 84.0294
42.3999 68.6702 6.6229 6.72736 83.9996
42.4999 68.62 6.65273 6.74148 83.9698
42.5999 68.5697 6.68262 6.75558 83.9399
42.6999 68.5195 6.71256 6.76967 83.9099
42.7999 68.4692 6.74256 6.78375 83.8799
42.8999 68.419 6.77262 6.79782 83.8499
42.9999 68.3688 6.80273 6.81187 83.8198
43.0999 68.3185 6.8329 6.82591 83.7896
43.1999 68.2683 6.86312 6.83993 83.7594
43.2999 68.218 6.8934 6.85395 83.7291
43.3999 68.1678 6.92374 6.86795 83.6987
43.4999 68.1175 6.95414 6.88193 83.6683
43.5999 68.0673 6.98459 6.89591 83.6379
43.6999 68.017 7.01509 6.90987 83.6074
43.7999 67.9668 7.04565 6.92382 83.5768
43.8999 67.9166 7.07627 6.93775 83.5462
43.9999 67.8663 7.10694 6.95168 83.5155
44.0999 67.8161 7.13767 6.96559 83.4848
44.1999 67.7658 7.16846 6.97948 83.454
44.2999 67.7156 7.19929 6.99336 83.4232
44.3999 67.6654 7.23019 7.00723 83.3923
44.4999 67.6151 7.26114 7.02109 83.3613
44.5999 67.5649 7.29214 7.03493 83.3303
44.6999 67.5147 7.3232 7.04876 83.2993
44.7999 67.4644 7.35431 7.06258 83.2682
44.8999 67.4142 7.38548 7.07638 83.237
44.9999 67.3639 7.41671 7.09017 83.2058
45.0999 67.3137 7.44798 7.10395 83.1745
45.1999 67.2635 7.47932 7.11771 83.1432
45.2999 67.2132 7.5107 7.13146 83.1118
45.3999 67.163 7.54214 7.14519 83.0803
45.4999 67.1128 7.57364 7.15891 83.0488
45.5999 67.0625 7.60519 7.17262 83.0173
45.6999 67.0123 7.63679 7.18631 82.9857
45.7999 66.9621 7.66845 7.19999 82.954
45.8999 66.9118 7.70016 7.21366 82.9223
45.9999 66.8616 7.73192 7.22731 82.8906
46.0999 66.8114 7.76374 7.24095 82.8587
46.1999 66.7611 7.79561 7.25458 82.8269
46.2999 66.7109 7.82754 7.26819 82.7949
46.3999 66.6607 7.85952 7.28178 82.763
46.4999 66.6104 7.89155 7.29537 82.7309
46.5999 66.5602 7.92363 7.30894 82.6988
46.6999 66.51 7.95577 7.32249 82.6667
46.7999 66.4598 7.98796 7.33603 82.6345
46.8999 66.4095 8.0202 7.34956 82.6023
46.9999 66.3593 8.0525 7.36307 82.57
47.0999 66.3091 8.08485 7.37657 82.5376
47.1999 66.2588 8.11725 7.39005 82.5052
47.2999 66.2086 8.1497 7.40352 82.4728
47.3998 66.1584 8.18221 7.41698 82.4403
47.4998 66.1082 8.21477 7.43042 82.4077
47.5998 66.0579 8.24738 7.44385 82.3751
47.6998 66.0077 8.28004 7.45726 82.3424
47.7998 65.9575 8.31275 7.47066 82.3097
47.8998 65.9073 8.34552 7.48404 82.277
47.9998 65.857 8.37834 7.49741 82.2441
48.0998 65.8068 8.4112 7.51077 82.2113
48.1998 65.7566 8.44413 7.52411 82.1784
48.2998 65.7064 8.4771 7.53743 82.1454
48.3998 65.6562 8.51012 7.55074 82.1124
48.4998 65.6059 8.5432 7.56404 82.0793
48.5998 65.5557 8.57632 7.57732 82.0462
48.6998 65.5055 8.6095 7.59059 82.013
48.7998 65.4553 8.64273 7.60384 81.9798
48.8998 65.4051 8.676 7.61708 81.9465
48.9998 65.3548 8.70933 7.6303 81.9131
49.0998 65.3046 8.74271 7.64351 81.8798
49.1998 65.2544 8.77614 7.6567 81.8463
49.2998 65.2042 8.80962 7.66988 81.8129
49.3998 65.154 8.84315 7.68304 81.7793
49.4998 65.1037 8.87674 7.69619 81.7457
49.5998 65.0535 8.91037 7.70932 81.7121
49.6998 65.0033 8.94405 7.72244 81.6784
49.7998 64.9531 8.97778 7.73554 81.6447
49.8998 64.9029 9.01156 7.74863 81.6109
49.9998 64.8527 9.04539 7.7617 81.5771
50.0998 64.8025 9.07927 7.77476 81.5432
50.1998 64.7522 9.1132 7.7878 81.5093
50.2998 64.702 9.14718 7.80083 81.4753
50.3998 64.6518 9.18121 7.81384 81.4413
50.4998 64.6016 9.21528 7.82683 81.4072
50.5998 64.5514 9.24941 7.83981 81.3731
50.6998 64.5012 9.28359 7.85278 81.3389
50.7998 64.451 9.31781 7.86573 81.3047
50.8998 64.4008 9.35208 7.87866 81.2704
50.9998 64.3505 9.38641 7.89158 81.2361
51.0998 64.3003 9.42078 7.90448 81.2017
51.1998 64.2501 9.45519 7.91737 81.1673
51.2998 64.1999 9.48966 7.93024 81.1328
51.3998 64.1497 9.52418 7.9431 81.0983
51.4998 64.0995 9.55874 7.95594 81.0637
51.5998 64.0493 9.59335 7.96876 81.0291
51.6998 63.9991 9.62801 7.98157 80.9945
51.7998 63.9489 9.66272 7.99436 80.9598
51.8998 63.8987 9.69747 8.00714 80.925
51.9998 63.8485 9.73228 8.0199 80.8902
52.0998 63.7983 9.76712 8.03265 80.8554
52.1998 63.7481 9.80202 8.04538 80.8205
52.2998 63.6979 9.83697 8.05809 80.7855
52.3998 63.6477 9.87196 8.07079 80.7505
52.4998 63.5974 9.907 8.08347 80.7155
52.5998 63.5472 9.94208 8.09613 80.6804
52.6998 63.497 9.97722 8.10878 80.6453
52.7998 63.4468 10.0124 8.12141 80.6101
52.8998 63.3966 10.0476 8.13403 80.5749
52.9998 63.3464 10.0829 8.14663 80.5396
53.0998 63.2962 10.1182 8.15921 80.5043
53.1998 63.246 10.1536 8.17178 80.4689
53.2998 63.1958 10.189 8.18433 80.4335
53.3998 63.1456 10.2244 8.19687 80.398
53.4998 63.0954 10.2599 8.20939 80.3625
53.5998 63.0452 10.2955 8.22189 80.327
53.6998 62.995 10.3311 8.23437 80.2914
53.7998 62.9449 10.3667 8.24684 80.2557
53.8997 62.8947 10.4024 8.2593 80.2201
53.9997 62.8445 10.4382 8.27173 80.1843
54.0997 62.7943 10.4739 8.28415 80.1486
54.1997 62.7441 10.5098 8.29655 80.1127
54.2997 62.6939 10.5456 8.30894 80.0769
54.3997 62.6437 10.5815 8.32131 80.0409
54.4997 62.5935 10.6175 8.33366 80.005
54.5997 62.5433 10.6535 8.346 79.969
54.6997 62.4931 10.6895 8.35831 79.9329
54.7997 62.4429 10.7256 8.37062 79.8968
54.8997 62.3927 10.7618 8.3829 79.8607
54.9997 62.3425 10.7979 8.39517 79.8245
55.0997 62.2923 10.8342 8.40742 79.7883
55.1997 62.2421 10.8704 8.41965 79.752
55.2997 62.192 10.9068 8.43187 79.7157
55.3997 62.1418 10.9431 8.44407 79.6794
55.4997 62.0916 10.9795 8.45625 79.643
55.5997 62.0414 11.016 8.46842 79.6065
55.6997 61.9912 11.0524 8.48057 79.57
55.7997 61.941 11.089 8.4927 79.5335
55.8997 61.8908 11.1255 8.50481 79.4969
55.9997 61.8406 11.1622 8.51691 79.4603
56.0997 61.7904 11.1988 8.52898 79.4237
56.1997 61.7403 11.2355 8.54105 79.387
56.2997 61.6901 11.2723 8.55309 79.3502
56.3997 61.6399 11.3091 8.56512 79.3134
56.4997 61.5897 11.3459 8.57712 79.2766
56.5997 61.5395 11.3828 8.58912 79.2397
56.6997 61.4893 11.4197 8.60109 79.2028
56.7997 61.4392 11.4567 8.61305 79.1658
56.8997 61.389 11.4937 8.62498 79.1288
56.9997 61.3388 11.5307 8.63691 79.0918
57.0997 61.2886 11.5678 8.64881 79.0547
57.1997 61.2384 11.6049 8.66069 79.0176
57.2997 61.1883 11.6421 8.67256 78.9804
57.3997 61.1381 11.6793 8.68441 78.9432
57.4997 61.0879 11.7165 8.69624 78.9059
57.5997 61.0377 11.7538 8.70806 78.8686
57.6997 60.9875 11.7912 8.71985 78.8313
57.7997 60.9374 11.8286 8.73163 78.7939
57.8997 60.8872 11.866 8.74339 78.7565
57.9997 60.837 11.9034 8.75513 78.7191
58.0997 60.7868 11.9409 8.76686 78.6816
58.1997 60.7367 11.9785 8.77856 78.644
58.2997 60.6865 12.0161 8.79025 78.6064
58.3997 60.6363 12.0537 8.80192 78.5688
58.4997 60.5861 12.0913 8.81357 78.5311
58.5997 60.536 12.129 8.8252 78.4934
58.6997 60.4858 12.1668 8.83682 78.4557
58.7997 60.4356 12.2046 8.84841 78.4179
58.8997 60.3854 12.2424 8.85999 78.3801
58.9997 60.3353 12.2802 8.87155 78.3422
59.0997 60.2851 12.3182 8.88309 78.3043
59.1997 60.2349 12.3561 8.89461 78.2664
59.2997 60.1848 12.3941 8.90612 78.2284
59.3997 60.1346 12.4321 8.9176 78.1904
59.4997 60.0844 12.4702 8.92907 78.1523
59.5997 60.0343 12.5083 8.94051 78.1142
59.6997 59.9841 12.5464 8.95194 78.0761
59.7997 59.9339 12.5846 8.96335 78.0379
59.8997 59.8837 12.6228 8.97475 77.9997
59.9997 59.8336 12.661 8.98612 77.9614
60.0997 59.7834 12.6993 8.99747 77.9231
60.1997 59.7333 12.7377 9.00881 77.8848
60.2997 59.6831 12.776 9.02012 77.8464
60.3997 59.6329 12.8144 9.03142 77.808
60.4996 59.5828 12.8529 9.0427 77.7696
60.5996 59.5326 12.8914 9.05396 77.7311
60.6996 59.4824 12.9299 9.0652 77.6926
60.7996 59.4323 12.9685 9.07642 77.654
60.8996 59.3821 13.0071 9.08762 77.6154
60.9996 59.3319 13.0457 9.0988 77.5768
61.0996 59.2818 13.0844 9.10997 77.5381
61.1996 59.2316 13.1231 9.12111 77.4994
61.2996 59.1815 13.1618 9.13223 77.4607
61.3996 59.1313 13.2006 9.14334 77.4219
61.4996 59.0811 13.2394 9.15443 77.3831
61.5996 59.031 13.2783 9.16549 77.3442
61.6996 58.9808 13.3172 9.17654 77.3053
61.7996 58.9307 13.3561 9.18757 77.2664
61.8996 58.8805 13.3951 9.19858 77.2274
61.9996 58.8304 13.4341 9.20956 77.1884
62.0996 58.7802 13.4731 9.22053 77.1494
62.1996 58.73 13.5122 9.23148 77.1103
62.2996 58.6799 13.5513 9.24241 77.0712
62.3996 58.6297 13.5905 9.25332 77.032
62.4996 58.5796 13.6296 9.26421 76.9928
62.5996 58.5294 13.6689 9.27508 76.9536
62.6996 58.4793 13.7081 9.28593 76.9144
62.7996 58.4291 13.7474 9.29676 76.8751
62.8996 58.379 13.7867 9.30757 76.8358
62.9996 58.3288 13.8261 9.31837 76.7964
63.0996 58.2787 13.8655 9.32914 76.757
63.1996 58.2285 13.9049 9.33989 76.7176
63.2996 58.1784 13.9444 9.35062 76.6781
63.3996 58.1282 13.9839 9.36133 76.6386
63.4996 58.0781 14.0234 9.37202 76.5991
63.5996 58.0279 14.063 9.38269 76.5595
63.6996 57.9778 14.1026 9.39334 76.5199
63.7996 57.9276 14.1422 9.40397 76.4803
63.8996 57.8775 14.1819 9.41458 76.4406
63.9996 57.8273 14.2216 9.42517 76.4009
64.0996 57.7772 14.2613 9.43574 76.3611
64.1996 57.7271 14.3011 9.44628 76.3214
64.2996 57.6769 14.3409 9.45681 76.2816
64.3996 57.6268 14.3808 9.46732 76.2417
64.4996 57.5766 14.4206 9.47781 76.2019
64.5996 57.5265 14.4605 9.48827 76.1619
64.6996 57.4763 14.5005 9.49872 76.122
64.7996 57.4262 14.5404 9.50914 76.082
64.8996 57.3761 14.5805 9.51955 76.042
64.9996 57.3259 14.6205 9.52993 76.002
65.0996 57.2758 14.6606 9.54029 75.9619
65.1996 57.2256 14.7007 9.55064 75.9218
65.2996 57.1755 14.7408 9.56096 75.8817
65.3996 57.1254 14.781 9.57126 75.8415
65.4996 57.0752 14.8212 9.58154 75.8013
65.5996 57.0251 14.8614 9.5918 75.7611
65.6996 56.9749 14.9017 9.60203 75.7208
65.7996 56.9248 14.942 9.61225 75.6805
65.8996 56.8747 14.9823 9.62245 75.6402
65.9996 56.8245 15.0226 9.63262 75.5998
66.0996 56.7744 15.063 9.64277 75.5594
66.1996 56.7243 15.1035 9.65291 75.519
66.2996 56.6741 15.1439 9.66302 75.4786
66.3996 56.624 15.1844 9.67311 75.4381
66.4996 56.5739 15.2249 9.68317 75.3976
66.5996 56.5237 15.2654 9.69322 75.357
66.6996 56.4736 15.306 9.70325 75.3165
66.7996 56.4235 15.3466 9.71325 75.2759
66.8996 56.3734 15.3873 9.72323 75.2352
66.9995 56.3232 15.4279 9.73319 75.1945
67.0995 56.2731 15.4686 9.74313 75.1539
67.1995 56.223 15.5094 9.75305 75.1131
67.2995 56.1728 15.5501 9.76295 75.0724
67.3995 56.1227 15.5909 9.77282 75.0316
67.4995 56.0726 15.6317 9.78267 74.9908
67.5995 56.0225 15.6726 9.79251 74.9499
67.6995 55.9723 15.7134 9.80232 74.909
67.7995 55.9222 15.7543 9.8121 74.8681
67.8995 55.8721 15.7953 9.82187 74.8272
67.9995 55.822 15.8362 9.83161 74.7862
68.0995 55.7718 15.8772 9.84133 74.7453
68.1995 55.7217 15.9182 9.85103 74.7042
68.2995 55.6716 15.9593 9.86071 74.6632
68.3995 55.6215 16.0004 9.87037 74.6221
68.4995 55.5713 16.0415 9.88 74.581
68.5995 55.5212 16.0826 9.88961 74.5399
68.6995 55.4711 16.1238 9.8992 74.4987
68.7995 55.421 16.165 9.90877 74.4575
68.8995 55.3709 16.2062 9.91831 74.4163
68.9995 55.3207 16.2474 9.92784 74.3751
69.0995 55.2706 16.2887 9.93734 74.3338
69.1995 55.2205 16.33 9.94682 74.2925
69.2995 55.1704 16.3713 9.95627 74.2511
69.3995 55.1203 16.4127 9.9657 74.2098
69.4995 55.0702 16.4541 9.97511 74.1684
69.5995 55.02 16.4955 9.9845 74.127
69.6995 54.9699 16.5369 9.99387 74.0856
69.7995 54.9198 16.5784 10.0032 74.0441
69.8995 54.8697 16.6199 10.0125 74.0026
69.9995 54.8196 16.6614 10.0218 73.9611
70.0995 54.7695 16.7029 10.0311 73.9196
70.1995 54.7194 16.7445 10.0404 73.878
70.2995 54.6692 16.7861 10.0496 73.8364
70.3995 54.6191 16.8277 10.0588 73.7948
70.4995 54.569 16.8694 10.068 73.7531
70.5995 54.5189 16.911 10.0771 73.7114
70.6995 54.4688 16.9527 10.0863 73.6697
70.7995 54.4187 16.9945 10.0954 73.628
70.8995 54.3686 17.0362 10.1045 73.5863
70.9995 54.3185 17.078 10.1135 73.5445
71.0995 54.2684 17.1198 10.1226 73.5027
71.1995 54.2183 17.1616 10.1316 73.4609
71.2995 54.1682 17.2035 10.1406 73.419
71.3995 54.1181 17.2453 10.1496 73.3772
71.4995 54.068 17.2872 10.1585 73.3353
71.5995 54.0178 17.3292 10.1675 73.2933
71.6995 53.9677 17.3711 10.1764 73.2514
71.7995 53.9176 17.4131 10.1853 73.2094
71.8995 53.8675 17.4551 10.1941 73.1674
71.9995 53.8174 17.4971 10.2029 73.1254
72.0995 53.7673 17.5391 10.2118 73.0833
72.1995 53.7172 17.5812 10.2205 73.0413
72.2995 53.6671 17.6233 10.2293 72.9992
72.3995 53.617 17.6654 10.2381 72.9571
72.4995 53.5669 17.7075 10.2468 72.9149
72.5995 53.5168 17.7497 10.2555 72.8728
72.6995 53.4667 17.7919 10.2641 72.8306
72.7995 53.4166 17.8341 10.2728 72.7884
72.8995 53.3665 17.8763 10.2814 72.7462
72.9995 53.3164 17.9186 10.29 72.7039
73.0995 53.2663 17.9609 10.2986 72.6616
73.1995 53.2163 18.0032 10.3071 72.6193
73.2995 53.1662 18.0455 10.3156 72.577
73.3995 53.1161 18.0878 10.3241 72.5347
73.4995 53.066 18.1302 10.3326 72.4923
73.5994 53.0159 18.1726 10.3411 72.4499
73.6994 52.9658 18.215 10.3495 72.4075
73.7994 52.9157 18.2574 10.3579 72.3651
73.8994 52.8656 18.2999 10.3663 72.3226
73.9994 52.8155 18.3423 10.3747 72.2802
74.0994 52.7654 18.3848 10.383 72.2377
74.1994 52.7153 18.4273 10.3913 72.1951
74.2994 52.6652 18.4699 10.3996 72.1526
74.3994 52.6152 18.5124 10.4078 72.1101
74.4994 52.5651 18.555 10.4161 72.0675
74.5994 52.515 18.5976 10.4243 72.0249
74.6994 52.4649 18.6402 10.4325 71.9823
74.7994 52.4148 18.6829 10.4406 71.9396
74.8994 52.3647 18.7255 10.4488 71.897
74.9994 52.3146 18.7682 10.4569 71.8543
75.0994 52.2645 18.8109 10.465 71.8116
75.1994 52.2145 18.8536 10.473 71.7689
75.2994 52.1644 18.8964 10.4811 71.7261
75.3994 52.1143 18.9391 10.4891 71.6834
75.4994 52.0642 18.9819 10.4971 71.6406
75.5994 52.0141 19.0247 10.505 71.5978
75.6994 51.964 19.0675 10.513 71.555
75.7994 51.914 19.1103 10.5209 71.5121
75.8994 51.8639 19.1532 10.5288 71.4693
75.9994 51.8138 19.1961 10.5366 71.4264
76.0994 51.7637 19.239 10.5444 71.3835
76.1994 51.7137 19.2819 10.5523 71.3406
76.2994 51.6636 19.3248 10.56 71.2977
76.3994 51.6135 19.3677 10.5678 71.2547
76.4994 51.5634 19.4107 10.5755 71.2118
76.5994 51.5133 19.4537 10.5833 71.1688
76.6994 51.4633 19.4967 10.5909 71.1258
76.7994 51.4132 19.5397 10.5986 71.0828
76.8994 51.3631 19.5827 10.6062 71.0397
76.9994 51.313 19.6258 10.6138 70.9967
77.0994 51.263 19.6689 10.6214 70.9536
77.1994 51.2129 19.712 10.629 70.9105
77.2994 51.1628 19.7551 10.6365 70.8674
77.3994 51.1128 19.7982 10.644 70.8243
77.4994 51.0627 19.8413 10.6515 70.7812
77.5994 51.0126 19.8845 10.6589 70.738
77.6994 50.9625 19.9277 10.6664 70.6948
77.7994 50.9125 19.9708 10.6738 70.6516
77.8994 50.8624 20.014 10.6811 70.6084
77.9994 50.8123 20.0573 10.6885 70.5652
78.0994 50.7623 20.1005 10.6958 70.522
78.1994 50.7122 20.1438 10.7031 70.4787
78.2994 50.6621 20.187 10.7104 70.4355
78.3994 50.6121 20.2303 10.7176 70.3922
78.4994 50.562 20.2736 10.7249 70.3489
78.5994 50.5119 20.3169 10.7321 70.3056
78.6994 50.4619 20.3603 10.7392 70.2622
78.7994 50.4118 20.4036 10.7464 70.2189
78.8994 50.3617 20.447 10.7535 70.1755
78.9994 50.3117 20.4903 10.7606 70.1321
79.0994 50.2616 20.5337 10.7676 70.0888
79.1994 50.2116 20.5771 10.7747 70.0453
79.2994 50.1615 20.6206 10.7817 70.0019
79.3994 50.1114 20.664 10.7886 69.9585
79.4994 50.0614 20.7074 10.7956 69.915
79.5994 50.0113 20.7509 10.8025 69.8716
79.6994 49.9613 20.7944 10.8094 69.8281
79.7994 49.9112 20.8379 10.8163 69.7846
79.8994 49.8612 20.8814 10.8232 69.7411
79.9994 49.8111 20.9249 10.83 69.6976
80.0993 49.761 20.9684 10.8368 69.6541
80.1993 49.711 21.012 10.8435 69.6105
80.2993 49.6609 21.0555 10.8503 69.567
80.3993 49.6109 21.0991 10.857 69.5234
80.4993 49.5608 21.1427 10.8637 69.4798
80.5993 49.5108 21.1863 10.8703 69.4362
80.6993 49.4607 21.2299 10.877 69.3926
80.7993 49.4107 21.2735 10.8836 69.349
80.8993 49.3606 21.3171 10.8902 69.3054
80.9993 49.3106 21.3608 10.8967 69.2617
81.0993 49.2605 21.4044 10.9032 69.2181
81.1993 49.2105 21.4481 10.9097 69.1744
81.2993 49.1604 21.4918 10.9162 69.1307
81.3993 49.1104 21.5355 10.9226 69.087
81.4993 49.0603 21.5792 10.9291 69.0433
81.5993 49.0103 21.6229 10.9355 68.9996
81.6993 48.9602 21.6666 10.9418 68.9559
81.7993 48.9102 21.7103 10.9481 68.9121
81.8993 48.8601 21.7541 10.9544 68.8684
81.9993 48.8101 21.7979 10.9607 68.8246
82.0993 48.76 21.8416 10.967 68.7809
82.1993 48.71 21.8854 10.9732 68.7371
82.2993 48.66 21.9292 10.9794 68.6933
82.3993 48.6099 21.973 10.9856 68.6495
82.4993 48.5599 22.0168 10.9917 68.6057
82.5993 48.5098 22.0606 10.9978 68.5618
82.6993 48.4598 22.1045 11.0039 68.518
82.7993 48.4097 22.1483 11.0099 68.4742
82.8993 48.3597 22.1922 11.016 68.4303
82.9993 48.3097 22.236 11.022 68.3865
83.0993 48.2596 22.2799 11.0279 68.3426
83.1993 48.2096 22.3238 11.0339 68.2987
83.2993 48.1595 22.3677 11.0398 68.2548
83.3993 48.1095 22.4116 11.0457 68.2109
83.4993 48.0595 22.4555 11.0515 68.167
83.5993 48.0094 22.4994 11.0574 68.1231
83.6993 47.9594 22.5433 11.0632 68.0792
83.7993 47.9094 22.5872 11.0689 68.0352
83.8993 47.8593 22.6312 11.0747 67.9913
83.9993 47.8093 22.6751 11.0804 67.9474
84.0993 47.7593 22.7191 11.0861 67.9034
84.1993 47.7092 22.763 11.0917 67.8594
84.2993 47.6592 22.807 11.0974 67.8155
84.3993 47.6092 22.851 11.103 67.7715
84.4993 47.5591 22.895 11.1085 67.7275
84.5993 47.5091 22.939 11.1141 67.6835
84.6993 47.4591 22.983 11.1196 67.6395
84.7993 47.4091 23.027 11.1251 67.5955
84.8993 47.359 23.071 11.1305 67.5515
84.9993 47.309 23.115 11.136 67.5074
85.0993 47.259 23.1591 11.1414 67.4634
85.1993 47.2089 23.2031 11.1467 67.4194
85.2993 47.1589 23.2471 11.1521 67.3753
85.3993 47.1089 23.2912 11.1574 67.3313
85.4993 47.0589 23.3353 11.1627 67.2872
85.5993 47.0088 23.3793 11.1679 67.2432
85.6993 46.9588 23.4234 11.1731 67.1991
85.7993 46.9088 23.4675 11.1783 67.155
85.8993 46.8588 23.5115 11.1835 67.1109
85.9993 46.8088 23.5556 11.1886 67.0669
86.0993 46.7587 23.5997 11.1938 67.0228
86.1993 46.7087 23.6438 11.1988 66.9787
86.2993 46.6587 23.6879 11.2039 66.9346
86.3993 46.6087 23.732 11.2089 66.8905
86.4993 46.5587 23.7761 11.2139 66.8464
86.5993 46.5086 23.8202 11.2188 66.8022
86.6992 46.4586 23.8644 11.2238 66.7581
86.7992 46.4086 23.9085 11.2287 66.714
86.8992 46.3586 23.9526 11.2335 66.6699
86.9992 46.3086 23.9967 11.2384 66.6257
87.0992 46.2586 24.0409 11.2432 66.5816
87.1992 46.2085 24.085 11.248 66.5375
87.2992 46.1585 24.1292 11.2527 66.4933
87.3992 46.1085 24.1733 11.2574 66.4492
87.4992 46.0585 24.2175 11.2621 66.405
87.5992 46.0085 24.2616 11.2668 66.3609
87.6992 45.9585 24.3058 11.2714 66.3167
87.7992 45.9085 24.3499 11.276 66.2725
87.8992 45.8585 24.3941 11.2806 66.2284
87.9992 45.8084 24.4383 11.2851 66.1842
88.0992 45.7584 24.4824 11.2897 66.14
88.1992 45.7084 24.5266 11.2941 66.0959
88.2992 45.6584 24.5708 11.2986 66.0517
88.3992 45.6084 24.615 11.303 66.0075
88.4992 45.5584 24.6591 11.3074 65.9633
88.5992 45.5084 24.7033 11.3118 65.9192
88.6992 45.4584 24.7475 11.3161 65.875
88.7992 45.4084 24.7917 11.3204 65.8308
88.8992 45.3584 24.8359 11.3246 65.7866
88.9992 45.3084 24.8801 11.3289 65.7424
89.0992 45.2584 24.9242 11.3331 65.6982
89.1992 45.2084 24.9684 11.3373 65.654
89.2992 45.1584 25.0126 11.3414 65.6098
89.3992 45.1084 25.0568 11.3455 65.5657
89.4992 45.0584 25.101 11.3496 65.5215
89.5992 45.0084 25.1452 11.3537 65.4773
89.6992 44.9584 25.1894 11.3577 65.4331
89.7992 44.9084 25.2336 11.3617 65.3889
89.8992 44.8584 25.2778 11.3656 65.3447
89.9992 44.8084 25.322 11.3696 65.3005
90.0992 44.7584 25.3662 11.3735 65.2563
90.1992 44.7084 25.4104 11.3773 65.2121
90.2992 44.6584 25.4546 11.3812 65.1679
90.3992 44.6084 25.4988 11.385 65.1237
90.4992 44.5584 25.543 11.3887 65.0795
90.5992 44.5084 25.5872 11.3925 65.0353
90.6992 44.4584 25.6313 11.3962 64.9911
90.7992 44.4084 25.6755 11.3999 64.9469
90.8992 44.3584 25.7197 11.4035 64.9028
90.9992 44.3084 25.7639 11.4071 64.8586
91.0992 44.2584 25.8081 11.4107 64.8144
91.1992 44.2084 25.8523 11.4143 64.7702
91.2992 44.1584 25.8965 11.4178 64.726
91.3992 44.1084 25.9407 11.4213 64.6818
91.4992 44.0585 25.9848 11.4247 64.6376
91.5992 44.0085 26.029 11.4282 64.5935
91.6992 43.9585 26.0732 11.4315 64.5493
91.7992 43.9085 26.1174 11.4349 64.5051
91.8992 43.8585 26.1615 11.4382 64.4609
91.9992 43.8085 26.2057 11.4415 64.4168
92.0992 43.7585 26.2499 11.4448 64.3726
92.1992 43.7085 26.294 11.448 64.3284
92.2992 43.6586 26.3382 11.4512 64.2843
92.3992 43.6086 26.3824 11.4544 64.2401
92.4992 43.5586 26.4265 11.4576 64.196
92.5992 43.5086 26.4707 11.4607 64.1518
92.6992 43.4586 26.5148 11.4637 64.1077
92.7992 43.4086 26.559 11.4668 64.0635
92.8992 43.3587 26.6031 11.4698 64.0194
92.9992 43.3087 26.6472 11.4728 63.9752
93.0992 43.2587 26.6914 11.4757 63.9311
93.1992 43.2087 26.7355 11.4786 63.887
93.2991 43.1587 26.7796 11.4815 63.8429
93.3991 43.1088 26.8237 11.4844 63.7987
93.4991 43.0588 26.8679 11.4872 63.7546
93.5991 43.0088 26.912 11.4899 63.7105
93.6991 42.9588 26.9561 11.4927 63.6664
93.7991 42.9089 27.0002 11.4954 63.6223
93.8991 42.8589 27.0443 11.4981 63.5782
93.9991 42.8089 27.0884 11.5008 63.5341
94.0991 42.7589 27.1324 11.5034 63.49
94.1991 42.709 27.1765 11.506 63.446
94.2991 42.659 27.2206 11.5085 63.4019
94.3991 42.609 27.2647 11.511 63.3578
94.4991 42.559 27.3087 11.5135 63.3138
94.5991 42.5091 27.3528 11.516 63.2697
94.6991 42.4591 27.3968 11.5184 63.2256
94.7991 42.4091 27.4409 11.5208 63.1816
94.8991 42.3592 27.4849 11.5231 63.1376
94.9991 42.3092 27.5289 11.5255 63.0935
95.0991 42.2592 27.573 11.5278 63.0495
95.1991 42.2093 27.617 11.53 63.0055
95.2991 42.1593 27.661 11.5322 62.9615
95.3991 42.1093 27.705 11.5344 62.9175
95.4991 42.0593 27.749 11.5366 62.8735
95.5991 42.0094 27.793 11.5387 62.8295
95.6991 41.9594 27.837 11.5408 62.7855
95.7991 41.9095 27.8809 11.5429 62.7415
95.8991 41.8595 27.9249 11.5449 62.6976
95.9991 41.8095 27.9689 11.5469 62.6536
96.0991 41.7596 28.0128 11.5488 62.6097
96.1991 41.7096 28.0567 11.5507 62.5657
96.2991 41.6596 28.1007 11.5526 62.5218
96.3991 41.6097 28.1446 11.5545 62.4779
96.4991 41.5597 28.1885 11.5563 62.434
96.5991 41.5098 28.2324 11.5581 62.3901
96.6991 41.4598 28.2763 11.5599 62.3462
96.7991 41.4098 28.3202 11.5616 62.3023
96.8991 41.3599 28.3641 11.5633 62.2584
96.9991 41.3099 28.408 11.5649 62.2145
97.0991 41.26 28.4518 11.5665 62.1707
97.1991 41.21 28.4957 11.5681 62.1268
97.2991 41.1601 28.5395 11.5697 62.083
97.3991 41.1101 28.5833 11.5712 62.0391
97.4991 41.0601 28.6272 11.5727 61.9953
97.5991 41.0102 28.671 11.5741 61.9515
97.6991 40.9602 28.7148 11.5755 61.9077
97.7991 40.9103 28.7586 11.5769 61.8639
97.8991 40.8603 28.8024 11.5782 61.8201
97.9991 40.8104 28.8461 11.5796 61.7764
98.0991 40.7604 28.8899 11.5808 61.7326
98.1991 40.7105 28.9336 11.5821 61.6888
98.2991 40.6605 28.9774 11.5833 61.6451
98.3991 40.6106 29.0211 11.5845 61.6014
98.4991 40.5606 29.0648 11.5856 61.5577
98.5991 40.5107 29.1085 11.5867 61.514
98.6991 40.4607 29.1522 11.5878 61.4703
98.7991 40.4108 29.1959 11.5888 61.4266
98.8991 40.3608 29.2396 11.5898 61.3829
98.9991 40.3109 29.2832 11.5908 61.3393
99.0991 40.2609 29.3269 11.5917 61.2956
99.1991 40.211 29.3705 11.5926 61.252
99.2991 40.1611 29.4141 11.5934 61.2084
99.3991 40.1111 29.4577 11.5943 61.1648
99.4991 40.0612 29.5013 11.5951 61.1212
99.5991 40.0112 29.5449 11.5958 61.0776
99.6991 39.9613 29.5885 11.5965 61.034
99.799 39.9113 29.632 11.5972 60.9904
99.899 39.8614 29.6756 11.5979 60.9469
99.999 39.8115 29.7191 11.5985 60.9034
100.099 39.7615 29.7626 11.5991 60.8599
100.199 39.7116 29.8061 11.5996 60.8164
100.299 39.6616 29.8496 11.6001 60.7729
100.399 39.6117 29.8931 11.6006 60.7294
100.499 39.5618 29.9366 11.601 60.6859
100.599 39.5118 29.98 11.6014 60.6425
100.699 39.4619 30.0234 11.6018 60.599
100.799 39.412 30.0669 11.6021 60.5556
100.899 39.362 30.1103 11.6024 60.5122
100.999 39.3121 30.1537 11.6027 60.4688
101.099 39.2622 30.197 11.6029 60.4255
101.199 39.2122 30.2404 11.6031 60.3821
101.299 39.1623 30.2837 11.6033 60.3387
101.399 39.1124 30.3271 11.6034 60.2954
101.499 39.0624 30.3704 11.6035 60.2521
101.599 39.0125 30.4137 11.6035 60.2088
101.699 38.9626 30.457 11.6035 60.1655
101.799 38.9126 30.5002 11.6035 60.1222
101.899 38.8627 30.5435 11.6034 60.079
101.999 38.8128 30.5867 11.6033 60.0358
102.099 38.7629 30.63 11.6032 59.9925
102.199 38.7129 30.6732 11.603 59.9493
102.299 38.663 30.7163 11.6028 59.9061
102.399 38.6131 30.7595 11.6026 59.863
102.499 38.5631 30.8027 11.6023 59.8198
102.599 38.5132 30.8458 11.602 59.7767
102.699 38.4633 30.8889 11.6016 59.7335
102.799 38.4134 30.932 11.6013 59.6904
102.899 38.3634 30.9751 11.6008 59.6474
102.999 38.3135 31.0182 11.6004 59.6043
103.099 38.2636 31.0613 11.5999 59.5612
103.199 38.2137 31.1043 11.5993 59.5182
103.299 38.1638 31.1473 11.5988 59.4752
103.399 38.1138 31.1903 11.5982 59.4322
103.499 38.0639 31.2333 11.5975 59.3892
103.599 38.014 31.2763 11.5969 59.3462
103.699 37.9641 31.3192 11.5961 59.3033
103.799 37.9142 31.3621 11.5954 59.2603
103.899 37.8642 31.405 11.5946 59.2174
103.999 37.8143 31.4479 11.5938 59.1745
104.099 37.7644 31.4908 11.5929 59.1317
104.199 37.7145 31.5337 11.592 59.0888
104.299 37.6646 31.5765 11.5911 59.046
104.399 37.6147 31.6193 11.5901 59.0032
104.499 37.5647 31.6621 11.5891 58.9604
104.599 37.5148 31.7049 11.5881 58.9176
104.699 37.4649 31.7477 11.587 58.8748
104.799 37.415 31.7904 11.5859 58.8321
104.899 37.3651 31.8331 11.5847 58.7894
104.999 37.3152 31.8758 11.5835 58.7467
105.099 37.2653 31.9185 11.5823 58.704
105.199 37.2154 31.9611 11.581 58.6613
105.299 37.1654 32.0038 11.5797 58.6187
105.399 37.1155 32.0464 11.5784 58.5761
105.499 37.0656 32.089 11.577 58.5335
105.599 37.0157 32.1316 11.5756 58.4909
105.699 36.9658 32.1741 11.5741 58.4483
105.799 36.9159 32.2167 11.5726 58.4058
105.899 36.866 32.2592 11.5711 58.3633
105.999 36.8161 32.3017 11.5695 58.3208
106.099 36.7662 32.3442 11.5679 58.2783
106.199 36.7163 32.3866 11.5663 58.2359
106.299 36.6664 32.429 11.5646 58.1934
106.399 36.6165 32.4714 11.5629 58.151
106.499 36.5666 32.5138 11.5612 58.1086
106.599 36.5167 32.5562 11.5594 58.0663
106.699 36.4668 32.5985 11.5575 58.0239
106.799 36.4169 32.6409 11.5557 57.9816
106.899 36.367 32.6832 11.5538 57.9393
106.999 36.3171 32.7254 11.5518 57.897
107.099 36.2672 32.7677 11.5498 57.8548
107.199 36.2173 32.8099 11.5478 57.8126
107.299 36.1674 32.8521 11.5458 57.7704
107.399 36.1175 32.8943 11.5437 57.7282
107.499 36.0676 32.9365 11.5415 57.686
107.599 36.0177 32.9786 11.5394 57.6439
107.699 35.9678 33.0207 11.5372 57.6018
107.799 35.9179 33.0628 11.5349 57.5597
107.899 35.868 33.1049 11.5326 57.5176
107.999 35.8181 33.1469 11.5303 57.4756
108.099 35.7682 33.1889 11.528 57.4335
108.199 35.7183 33.2309 11.5256 57.3915
108.299 35.6684 33.2729 11.5231 57.3496
108.399 35.6185 33.3149 11.5207 57.3076
108.499 35.5686 33.3568 11.5181 57.2657
108.599 35.5187 33.3987 11.5156 57.2238
108.699 35.4688 33.4406 11.513 57.1819
108.799 35.4189 33.4824 11.5104 57.1401
108.899 35.3691 33.5242 11.5077 57.0982
108.999 35.3192 33.566 11.505 57.0564
109.099 35.2693 33.6078 11.5023 57.0147
109.199 35.2194 33.6496 11.4995 56.9729
109.299 35.1695 33.6913 11.4966 56.9312
109.399 35.1196 33.733 11.4938 56.8895
109.499 35.0697 33.7747 11.4909 56.8478
109.599 35.0198 33.8163 11.488 56.8062
109.699 34.97 33.8579 11.485 56.7646
109.799 34.9201 33.8995 11.482 56.723
109.899 34.8702 33.9411 11.4789 56.6814
109.999 34.8203 33.9826 11.4758 56.6398
110.099 34.7704 34.0242 11.4727 56.5983
110.199 34.7205 34.0656 11.4695 56.5568
110.299 34.6707 34.1071 11.4663 56.5154
110.399 34.6208 34.1485 11.4631 56.4739
110.499 34.5709 34.19 11.4598 56.4325
110.599 34.521 34.2313 11.4565 56.3911
110.699 34.4711 34.2727 11.4531 56.3498
110.799 34.4212 34.314 11.4497 56.3085
110.899 34.3714 34.3553 11.4462 56.2672
110.999 34.3215 34.3966 11.4428 56.2259
111.099 34.2716 34.4378 11.4392 56.1846
111.199 34.2217 34.4791 11.4357 56.1434
111.299 34.1719 34.5203 11.4321 56.1022
111.399 34.122 34.5614 11.4284 56.0611
111.499 34.0721 34.6025 11.4248 56.0199
111.599 34.0222 34.6437 11.421 55.9788
111.699 33.9724 34.6847 11.4173 55.9377
111.799 33.9225 34.7258 11.4135 55.8967
111.899 33.8726 34.7668 11.4097 55.8557
111.999 33.8227 34.8078 11.4058 55.8147
112.099 33.7729 34.8488 11.4019 55.7737
112.199 33.723 34.8897 11.3979 55.7328
112.299 33.6731 34.9306 11.3939 55.6919
112.399 33.6232 34.9715 11.3899 55.651
112.499 33.5734 35.0123 11.3858 55.6102
112.599 33.5235 35.0531 11.3817 55.5693
112.699 33.4736 35.0939 11.3776 55.5286
112.799 33.4238 35.1347 11.3734 55.4878
112.899 33.3739 35.1754 11.3691 55.4471
112.999 33.324 35.2161 11.3649 55.4064
113.099 33.2742 35.2568 11.3606 55.3657
113.199 33.2243 35.2974 11.3562 55.3251
113.299 33.1744 35.338 11.3518 55.2845
113.399 33.1246 35.3786 11.3474 55.2439
113.499 33.0747 35.4191 11.3429 55.2033
113.599 33.0248 35.4596 11.3384 55.1628
113.699 32.975 35.5001 11.3338 55.1223
113.799 32.9251 35.5406 11.3293 55.0819
113.899 32.8752 35.581 11.3246 55.0415
113.999 32.8254 35.6214 11.32 55.0011
114.099 32.7755 35.6618 11.3152 54.9607
114.199 32.7257 35.7021 11.3105 54.9204
114.299 32.6758 35.7424 11.3057 54.8801
114.399 32.6259 35.7826 11.3009 54.8398
114.499 32.5761 35.8229 11.296 54.7996
114.599 32.5262 35.8631 11.2911 54.7594
114.699 32.4764 35.9032 11.2861 54.7192
114.799 32.4265 35.9434 11.2812 54.6791
114.899 32.3766 35.9835 11.2761 54.639
114.999 32.3268 36.0236 11.2711 54.5989
115.099 32.2769 36.0636 11.2659 54.5589
115.199 32.2271 36.1036 11.2608 54.5189
115.299 32.1772 36.1436 11.2556 54.4789
115.399 32.1274 36.1835 11.2504 54.439
115.499 32.0775 36.2234 11.2451 54.3991
115.599 32.0277 36.2633 11.2398 54.3592
115.699 31.9778 36.3031 11.2344 54.3193
115.799 31.928 36.3429 11.229 54.2795
115.899 31.8781 36.3827 11.2236 54.2398
115.999 31.8282 36.4225 11.2181 54.2
116.099 31.7784 36.4622 11.2126 54.1603
116.199 31.7285 36.5018 11.207 54.1207
116.299 31.6787 36.5415 11.2014 54.081
116.399 31.6288 36.5811 11.1958 54.0414
116.499 31.579 36.6206 11.1901 54.0018
116.599 31.5291 36.6602 11.1844 53.9623
116.699 31.4793 36.6997 11.1786 53.9228
116.799 31.4295 36.7391 11.1728 53.8833
116.899 31.3796 36.7786 11.167 53.8439
116.999 31.3298 36.818 11.1611 53.8045
117.099 31.2799 36.8573 11.1552 53.7652
117.199 31.2301 36.8967 11.1492 53.7258
117.299 31.1802 36.9359 11.1432 53.6865
117.399 31.1304 36.9752 11.1372 53.6473
117.499 31.0805 37.0144 11.1311 53.6081
117.599 31.0307 37.0536 11.125 53.5689
117.699 30.9808 37.0928 11.1188 53.5297
117.799 30.931 37.1319 11.1126 53.4906
117.899 30.8812 37.1709 11.1063 53.4515
117.999 30.8313 37.21 11.1 53.4125
118.099 30.7815 37.249 11.0937 53.3735
118.199 30.7316 37.288 11.0873 53.3345
118.299 30.6818 37.3269 11.0809 53.2956
118.399 30.632 37.3658 11.0745 53.2567
118.499 30.5821 37.4046 11.068 53.2178
118.599 30.5323 37.4435 11.0614 53.179
118.699 30.4824 37.4822 11.0548 53.1402
118.799 30.4326 37.521 11.0482 53.1015
118.899 30.3828 37.5597 11.0416 53.0628
118.999 30.3329 37.5984 11.0348 53.0241
119.099 30.2831 37.637 11.0281 52.9855
119.199 30.2333 37.6756 11.0213 52.9469
119.299 30.1834 37.7142 11.0145 52.9083
119.399 30.1336 37.7527 11.0076 52.8698
119.499 30.0838 37.7912 11.0007 52.8313
119.599 30.0339 37.8296 10.9938 52.7929
119.699 29.9841 37.868 10.9868 52.7544
119.799 29.9343 37.9064 10.9797 52.7161
119.899 29.8844 37.9447 10.9726 52.6777
119.999 29.8346 37.983 10.9655 52.6394
120.099 29.7848 38.0213 10.9584 52.6012
120.199 29.7349 38.0595 10.9512 52.563
120.299 29.6851 38.0977 10.9439 52.5248
120.399 29.6353 38.1358 10.9366 52.4867
120.499 29.5854 38.1739 10.9293 52.4486
120.599 29.5356 38.212 10.922 52.4105
120.699 29.4858 38.25 10.9145 52.3725
120.799 29.436 38.288 10.9071 52.3345
120.899 29.3861 38.3259 10.8996 52.2966
120.999 29.3363 38.3638 10.8921 52.2586
121.099 29.2865 38.4017 10.8845 52.2208
121.199 29.2367 38.4395 10.8769 52.183
121.299 29.1868 38.4773 10.8692 52.1452
121.399 29.137 38.515 10.8615 52.1074
121.499 29.0872 38.5527 10.8538 52.0697
121.599 29.0374 38.5904 10.846 52.0321
121.699 28.9875 38.628 10.8382 51.9944
121.799 28.9377 38.6656 10.8303 51.9569
121.899 28.8879 38.7032 10.8224 51.9193
121.999 28.8381 38.7407 10.8144 51.8818
122.099 28.7883 38.7781 10.8065 51.8444
122.199 28.7384 38.8155 10.7984 51.8069
122.299 28.6886 38.8529 10.7903 51.7696
122.399 28.6388 38.8903 10.7822 51.7322
122.499 28.589 38.9275 10.7741 51.6949
122.599 28.5392 38.9648 10.7659 51.6577
122.699 28.4893 39.002 10.7576 51.6205
122.799 28.4395 39.0392 10.7493 51.5833
122.899 28.3897 39.0763 10.741 51.5462
122.999 28.3399 39.1134 10.7326 51.5091
123.099 28.2901 39.1504 10.7242 51.472
123.199 28.2403 39.1874 10.7158 51.435
123.299 28.1904 39.2244 10.7073 51.3981
123.399 28.1406 39.2613 10.6987 51.3612
123.499 28.0908 39.2982 10.6902 51.3243
123.599 28.041 39.335 10.6815 51.2875
123.699 27.9912 39.3718 10.6729 51.2507
123.799 27.9414 39.4086 10.6642 51.2139
123.899 27.8916 39.4453 10.6554 51.1772
123.999 27.8417 39.4819 10.6466 51.1405
124.099 27.7919 39.5186 10.6378 51.1039
124.199 27.7421 39.5551 10.6289 51.0674
124.299 27.6923 39.5917 10.62 51.0308
124.399 27.6425 39.6281 10.6111 50.9943
124.499 27.5927 39.6646 10.6021 50.9579
124.599 27.5429 39.701 10.593 50.9215
124.699 27.4931 39.7374 10.5839 50.8851
124.799 27.4433 39.7737 10.5748 50.8488
124.899 27.3935 39.8099 10.5656 50.8125
124.999 27.3437 39.8462 10.5564 50.7763
125.099 27.2939 39.8823 10.5472 50.7401
125.199 27.244 39.9185 10.5379 50.704
125.299 27.1942 39.9546 10.5286 50.6679
125.399 27.1444 39.9906 10.5192 50.6319
125.499 27.0946 40.0266 10.5098 50.5959
125.599 27.0448 40.0626 10.5003 50.5599
125.699 26.995 40.0985 10.4908 50.524
125.799 26.9452 40.1344 10.4812 50.4881
125.899 26.8954 40.1702 10.4716 50.4523
125.999 26.8456 40.206 10.462 50.4165
126.099 26.7958 40.2417 10.4523 50.3808
126.199 26.746 40.2774 10.4426 50.3451
126.299 26.6962 40.313 10.4329 50.3095
126.399 26.6464 40.3486 10.4231 50.2739
126.499 26.5966 40.3842 10.4132 50.2383
126.599 26.5468 40.4197 10.4033 50.2028
126.699 26.497 40.4551 10.3934 50.1674
126.799 26.4472 40.4905 10.3834 50.1319
126.899 26.3974 40.5259 10.3734 50.0966
126.999 26.3476 40.5612 10.3634 50.0613
127.099 26.2978 40.5965 10.3533 50.026
127.199 26.248 40.6317 10.3431 49.9908
127.299 26.1982 40.6669 10.3329 49.9556
127.399 26.1484 40.702 10.3227 49.9204
127.499 26.0986 40.7371 10.3125 49.8854
127.599 26.0488 40.7722 10.3021 49.8503
127.699 25.9991 40.8072 10.2918 49.8153
127.799 25.9493 40.8421 10.2814 49.7804
127.899 25.8995 40.877 10.271 49.7455
127.999 25.8497 40.9119 10.2605 49.7106
128.099 25.7999 40.9467 10.25 49.6758
128.199 25.7501 40.9814 10.2394 49.6411
128.299 25.7003 41.0161 10.2288 49.6064
128.399 25.6505 41.0508 10.2182 49.5717
128.499 25.6007 41.0854 10.2075 49.5371
128.599 25.5509 41.12 10.1967 49.5025
128.699 25.5011 41.1545 10.186 49.468
128.799 25.4513 41.189 10.1751 49.4335
128.899 25.4015 41.2234 10.1643 49.3991
128.999 25.3517 41.2578 10.1534 49.3647
129.099 25.3019 41.2921 10.1424 49.3304
129.199 25.2522 41.3264 10.1314 49.2961
129.299 25.2024 41.3606 10.1204 49.2619
129.399 25.1526 41.3948 10.1093 49.2277
129.499 25.1028 41.4289 10.0982 49.1936
129.599 25.053 41.463 10.0871 49.1595
129.699 25.0032 41.497 10.0759 49.1255
129.799 24.9534 41.531 10.0646 49.0915
129.899 24.9036 41.5649 10.0534 49.0576
129.999 24.8538 41.5988 10.042 49.0237
130.099 24.804 41.6326 10.0307 48.9898
130.199 24.7543 41.6664 10.0193 48.9561
130.299 24.7045 41.7002 10.0078 48.9223
130.399 24.6547 41.7338 9.99631 48.8886
130.499 24.6049 41.7675 9.98477 48.855
130.599 24.5551 41.8011 9.97319 48.8214
130.699 24.5053 41.8346 9.96157 48.7879
130.799 24.4556 41.8681 9.94991 48.7544
130.899 24.4058 41.9015 9.9382 48.721
130.999 24.356 41.9349 9.92645 48.6876
131.099 24.3062 41.9682 9.91466 48.6543
131.199 24.2564 42.0015 9.90283 48.621
131.299 24.2066 42.0347 9.89095 48.5877
131.399 24.1569 42.0679 9.87904 48.5546
131.499 24.1071 42.101 9.86708 48.5214
131.599 24.0573 42.1341 9.85508 48.4884
131.699 24.0075 42.1672 9.84303 48.4553
131.799 23.9577 42.2001 9.83095 48.4224
131.899 23.908 42.2331 9.81882 48.3894
131.999 23.8582 42.2659 9.80665 48.3566
132.099 23.8084 42.2987 9.79443 48.3237
132.199 23.7586 42.3315 9.78218 48.291
132.299 23.7088 42.3642 9.76988 48.2583
132.399 23.6591 42.3969 9.75754 48.2256
132.499 23.6093 42.4295 9.74516 48.193
132.599 23.5595 42.4621 9.73274 48.1604
132.699 23.5097 42.4946 9.72027 48.1279
132.799 23.46 42.527 9.70777 48.0954
132.899 23.4102 42.5594 9.69522 48.063
132.999 23.3604 42.5918 9.68262 48.0307
133.099 23.3106 42.6241 9.66999 47.9984
133.199 23.2609 42.6563 9.65731 47.9661
133.299 23.2111 42.6885 9.6446 47.934
133.399 23.1613 42.7207 9.63184 47.9018
133.499 23.1115 42.7528 9.61903 47.8697
133.599 23.0618 42.7848 9.60619 47.8377
133.699 23.012 42.8168 9.5933 47.8057
133.799 22.9622 42.8487 9.58038 47.7738
133.899 22.9125 42.8806 9.5674 47.7419
133.999 22.8627 42.9124 9.55439 47.7101
134.099 22.8129 42.9442 9.54134 47.6783
134.199 22.7631 42.9759 9.52824 47.6466
134.299 22.7134 43.0075 9.5151 47.6149
134.399 22.6636 43.0391 9.50192 47.5833
134.499 22.6138 43.0707 9.4887 47.5518
134.599 22.5641 43.1022 9.47544 47.5203
134.699 22.5143 43.1336 9.46213 47.4888
134.799 22.4645 43.165 9.44879 47.4575
134.899 22.4148 43.1964 9.4354 47.4261
134.999 22.365 43.2276 9.42197 47.3948
135.099 22.3152 43.2589 9.40849 47.3636
135.199 22.2655 43.29 9.39498 47.3324
135.299 22.2157 43.3212 9.38142 47.3013
135.399 22.1659 43.3522 9.36782 47.2703
135.499 22.1162 43.3832 9.35418 47.2393
135.599 22.0664 43.4142 9.3405 47.2083
135.699 22.0167 43.4451 9.32678 47.1774
135.799 21.9669 43.4759 9.31301 47.1466
135.899 21.9171 43.5067 9.29921 47.1158
135.999 21.8674 43.5374 9.28536 47.085
136.099 21.8176 43.5681 9.27147 47.0544
136.199 21.7678 43.5987 9.25754 47.0237
136.299 21.7181 43.6293 9.24357 46.9932
136.399 21.6683 43.6598 9.22955 46.9627
136.499 21.6186 43.6903 9.2155 46.9322
136.599 21.5688 43.7207 9.2014 46.9018
136.699 21.519 43.751 9.18726 46.8715
136.799 21.4693 43.7813 9.17308 46.8412
136.899 21.4195 43.8115 9.15886 46.811
136.999 21.3698 43.8417 9.14459 46.7808
137.099 21.32 43.8718 9.13029 46.7507
137.199 21.2703 43.9019 9.11594 46.7206
137.299 21.2205 43.9319 9.10156 46.6906
137.399 21.1707 43.9618 9.08713 46.6607
137.499 21.121 43.9917 9.07266 46.6308
137.599 21.0712 44.0215 9.05815 46.601
137.699 21.0215 44.0513 9.0436 46.5712
137.799 20.9717 44.081 9.029 46.5415
137.899 20.922 44.1107 9.01437 46.5118
137.999 20.8722 44.1403 8.99969 46.4822
138.099 20.8225 44.1698 8.98498 46.4527
138.199 20.7727 44.1993 8.97022 46.4232
138.299 20.7229 44.2287 8.95542 46.3937
138.399 20.6732 44.2581 8.94058 46.3644
138.499 20.6234 44.2874 8.9257 46.335
138.599 20.5737 44.3167 8.91078 46.3058
138.699 20.5239 44.3459 8.89581 46.2766
138.799 20.4742 44.375 8.88081 46.2474
138.899 20.4244 44.4041 8.86576 46.2184
138.999 20.3747 44.4332 8.85068 46.1893
139.099 20.3249 44.4621 8.83555 46.1604
139.199 20.2752 44.491 8.82038 46.1315
139.299 20.2254 44.5199 8.80518 46.1026
139.399 20.1757 44.5487 8.78993 46.0738
139.499 20.1259 44.5774 8.77464 46.0451
139.599 20.0762 44.6061 8.75931 46.0164
139.699 20.0264 44.6347 8.74394 45.9878
139.799 19.9767 44.6633 8.72853 45.9592
139.899 19.9269 44.6918 8.71307 45.9307
139.999 19.8772 44.7202 8.69758 45.9023
140.099 19.8275 44.7486 8.68205 45.8739
140.199 19.7777 44.7769 8.66647 45.8456
140.299 19.728 44.8052 8.65086 45.8173
140.399 19.6782 44.8334 8.63521 45.7891
140.499 19.6285 44.8615 8.61951 45.761
140.599 19.5787 44.8896 8.60378 45.7329
140.699 19.529 44.9176 8.588 45.7049
140.799 19.4792 44.9456 8.57219 45.6769
140.899 19.4295 44.9735 8.55633 45.649
140.999 19.3798 45.0013 8.54043 45.6211
141.099 19.33 45.0291 8.5245 45.5934
141.199 19.2803 45.0568 8.50852 45.5656
141.299 19.2305 45.0845 8.4925 45.538
141.399 19.1808 45.1121 8.47645 45.5104
141.499 19.131 45.1397 8.46035 45.4828
141.599 19.0813 45.1671 8.44422 45.4553
141.699 19.0316 45.1946 8.42804 45.4279
141.799 18.9818 45.2219 8.41182 45.4005
141.899 18.9321 45.2492 8.39557 45.3732
141.999 18.8823 45.2765 8.37927 45.346
142.099 18.8326 45.3037 8.36294 45.3188
142.199 18.7829 45.3308 8.34656 45.2917
142.299 18.7331 45.3578 8.33015 45.2646
142.399 18.6834 45.3848 8.31369 45.2376
142.499 18.6337 45.4118 8.2972 45.2107
142.6 18.5839 45.4386 8.28066 45.1838
142.7 18.5342 45.4655 8.26409 45.157
142.8 18.4844 45.4922 8.24748 45.1303
142.9 18.4347 45.5189 8.23083 45.1036
143 18.385 45.5455 8.21413 45.0769
143.1 18.3352 45.5721 8.1974 45.0504
143.2 18.2855 45.5986 8.18063 45.0239
143.3 18.2358 45.6251 8.16382 44.9974
143.4 18.186 45.6514 8.14698 44.971
143.5 18.1363 45.6778 8.13009 44.9447
143.6 18.0866 45.704 8.11316 44.9185
143.7 18.0368 45.7302 8.0962 44.8923
143.8 17.9871 45.7564 8.07919 44.8661
143.9 17.9374 45.7824 8.06215 44.84
144 17.8876 45.8084 8.04506 44.814
144.1 17.8379 45.8344 8.02794 44.7881
144.2 17.7882 45.8603 8.01078 44.7622
144.3 17.7384 45.8861 7.99358 44.7364
144.4 17.6887 45.9119 7.97635 44.7106
144.5 17.639 45.9376 7.95907 44.6849
144.6 17.5892 45.9632 7.94175 44.6593
144.7 17.5395 45.9888 7.9244 44.6337
144.8 17.4898 46.0143 7.90701 44.6082
144.9 17.4401 46.0397 7.88958 44.5828
145 17.3903 46.0651 7.87211 44.5574
145.1 17.3406 46.0904 7.8546 44.5321
145.2 17.2909 46.1157 7.83706 44.5068
145.3 17.2411 46.1409 7.81947 44.4816
145.4 17.1914 46.166 7.80185 44.4565
145.5 17.1417 46.1911 7.78419 44.4314
145.6 17.092 46.2161 7.76649 44.4064
145.7 17.0422 46.241 7.74875 44.3815
145.8 16.9925 46.2659 7.73098 44.3566
145.9 16.9428 46.2907 7.71317 44.3318
146 16.8931 46.3154 7.69532 44.307
146.1 16.8433 46.3401 7.67743 44.2824
146.2 16.7936 46.3647 7.6595 44.2577
146.3 16.7439 46.3893 7.64154 44.2332
146.4 16.6942 46.4138 7.62354 44.2087
146.5 16.6444 46.4382 7.6055 44.1843
146.6 16.5947 46.4626 7.58742 44.1599
146.7 16.545 46.4869 7.56931 44.1356
146.8 16.4953 46.5111 7.55116 44.1114
146.9 16.4455 46.5353 7.53297 44.0872
147 16.3958 46.5594 7.51474 44.0631
147.1 16.3461 46.5834 7.49648 44.039
147.2 16.2964 46.6074 7.47818 44.0151
147.3 16.2466 46.6313 7.45984 43.9912
147.4 16.1969 46.6552 7.44147 43.9673
147.5 16.1472 46.6789 7.42306 43.9435
147.6 16.0975 46.7027 7.40461 43.9198
147.7 16.0478 46.7263 7.38612 43.8962
147.8 15.998 46.7499 7.3676 43.8726
147.9 15.9483 46.7734 7.34904 43.8491
148 15.8986 46.7969 7.33044 43.8256
148.1 15.8489 46.8203 7.31181 43.8022
148.2 15.7992 46.8436 7.29314 43.7789
148.3 15.7495 46.8668 7.27444 43.7556
148.4 15.6997 46.89 7.2557 43.7324
148.5 15.65 46.9132 7.23692 43.7093
148.6 15.6003 46.9362 7.2181 43.6863
148.7 15.5506 46.9592 7.19925 43.6633
148.8 15.5009 46.9821 7.18036 43.6403
148.9 15.4511 47.005 7.16144 43.6175
149 15.4014 47.0278 7.14248 43.5947
149.1 15.3517 47.0505 7.12349 43.5719
149.2 15.302 47.0732 7.10445 43.5493
149.3 15.2523 47.0958 7.08539 43.5267
149.4 15.2026 47.1183 7.06628 43.5042
149.5 15.1529 47.1408 7.04715 43.4817
149.6 15.1031 47.1632 7.02797 43.4593
149.7 15.0534 47.1855 7.00876 43.437
149.8 15.0037 47.2078 6.98952 43.4147
149.9 14.954 47.23 6.97024 43.3925
150 14.9043 47.2521 6.95092 43.3704
150.1 14.8546 47.2742 6.93157 43.3483
150.2 14.8049 47.2962 6.91218 43.3263
150.3 14.7551 47.3181 6.89276 43.3044
150.4 14.7054 47.34 6.8733 43.2825
150.5 14.6557 47.3618 6.85381 43.2607
150.6 14.606 47.3835 6.83428 43.239
150.7 14.5563 47.4052 6.81472 43.2173
150.8 14.5066 47.4268 6.79513 43.1957
150.9 14.4569 47.4483 6.7755 43.1742
151 14.4072 47.4698 6.75583 43.1527
151.1 14.3575 47.4912 6.73613 43.1313
151.2 14.3077 47.5125 6.71639 43.11
151.3 14.258 47.5337 6.69662 43.0887
151.4 14.2083 47.5549 6.67682 43.0675
151.5 14.1586 47.5761 6.65698 43.0464
151.6 14.1089 47.5971 6.63711 43.0254
151.7 14.0592 47.6181 6.6172 43.0044
151.8 14.0095 47.639 6.59726 42.9835
151.9 13.9598 47.6599 6.57729 42.9626
152 13.9101 47.6807 6.55728 42.9418
152.1 13.8604 47.7014 6.53724 42.9211
152.2 13.8107 47.722 6.51716 42.9005
152.3 13.7609 47.7426 6.49705 42.8799
152.4 13.7112 47.7631 6.47691 42.8594
152.5 13.6615 47.7836 6.45673 42.8389
152.6 13.6118 47.8039 6.43652 42.8185
152.7 13.5621 47.8242 6.41628 42.7982
152.8 13.5124 47.8445 6.396 42.778
152.9 13.4627 47.8646 6.37569 42.7578
153 13.413 47.8847 6.35535 42.7377
153.1 13.3633 47.9048 6.33498 42.7177
153.2 13.3136 47.9247 6.31457 42.6977
153.3 13.2639 47.9446 6.29413 42.6778
153.4 13.2142 47.9645 6.27365 42.658
153.5 13.1645 47.9842 6.25314 42.6383
153.6 13.1148 48.0039 6.2326 42.6186
153.7 13.0651 48.0235 6.21203 42.599
153.8 13.0154 48.0431 6.19143 42.5794
153.9 12.9657 48.0625 6.17079 42.5599
154 12.916 48.082 6.15012 42.5405
154.1 12.8663 48.1013 6.12942 42.5212
154.2 12.8166 48.1206 6.10869 42.5019
154.3 12.7669 48.1398 6.08792 42.4827
154.4 12.7172 48.1589 6.06712 42.4636
154.5 12.6675 48.178 6.0463 42.4445
154.6 12.6178 48.197 6.02543 42.4255
154.7 12.5681 48.2159 6.00454 42.4066
154.8 12.5184 48.2347 5.98362 42.3877
154.9 12.4687 48.2535 5.96266 42.369
155 12.419 48.2722 5.94168 42.3503
155.1 12.3693 48.2909 5.92066 42.3316
155.2 12.3196 48.3094 5.89961 42.313
155.3 12.2699 48.328 5.87853 42.2945
155.4 12.2202 48.3464 5.85742 42.2761
155.5 12.1705 48.3647 5.83627 42.2577
155.6 12.1208 48.383 5.8151 42.2394
155.7 12.0711 48.4013 5.7939 42.2212
155.8 12.0214 48.4194 5.77266 42.2031
155.9 11.9717 48.4375 5.7514 42.185
156 11.922 48.4555 5.7301 42.167
156.1 11.8723 48.4735 5.70877 42.149
156.2 11.8226 48.4913 5.68742 42.1312
156.3 11.7729 48.5091 5.66603 42.1134
156.4 11.7232 48.5269 5.64461 42.0956
156.5 11.6735 48.5445 5.62317 42.078
156.6 11.6238 48.5621 5.60169 42.0604
156.7 11.5741 48.5796 5.58018 42.0429
156.8 11.5244 48.5971 5.55865 42.0254
156.9 11.4747 48.6144 5.53708 42.008
157 11.425 48.6317 5.51549 41.9907
157.1 11.3753 48.649 5.49386 41.9735
157.2 11.3256 48.6661 5.47221 41.9563
157.3 11.2759 48.6832 5.45052 41.9392
157.4 11.2262 48.7003 5.42881 41.9222
157.5 11.1765 48.7172 5.40707 41.9053
157.6 11.1268 48.7341 5.3853 41.8884
157.7 11.0771 48.7509 5.3635 41.8716
157.8 11.0275 48.7676 5.34167 41.8549
157.9 10.9778 48.7843 5.31982 41.8382
158 10.9281 48.8009 5.29793 41.8216
158.1 10.8784 48.8174 5.27602 41.8051
158.2 10.8287 48.8339 5.25407 41.7886
158.3 10.779 48.8502 5.2321 41.7722
158.4 10.7293 48.8665 5.21011 41.7559
158.5 10.6796 48.8828 5.18808 41.7397
158.6 10.6299 48.8989 5.16602 41.7235
158.7 10.5802 48.915 5.14394 41.7075
158.8 10.5305 48.931 5.12183 41.6914
158.9 10.4808 48.947 5.09969 41.6755
159.001 10.4311 48.9629 5.07753 41.6596
159.101 10.3815 48.9787 5.05534 41.6438
159.201 10.3318 48.9944 5.03312 41.6281
159.301 10.2821 49.0101 5.01087 41.6124
159.401 10.2324 49.0256 4.9886 41.5968
159.501 10.1827 49.0412 4.96629 41.5813
159.601 10.133 49.0566 4.94397 41.5659
159.701 10.0833 49.072 4.92161 41.5505
159.801 10.0336 49.0873 4.89923 41.5352
159.901 9.98393 49.1025 4.87682 41.52
160.001 9.93424 49.1176 4.85439 41.5048
160.101 9.88456 49.1327 4.83193 41.4898
160.201 9.83487 49.1477 4.80944 41.4747
160.301 9.78518 49.1627 4.78692 41.4598
160.401 9.73549 49.1775 4.76438 41.4449
160.501 9.6858 49.1923 4.74182 41.4302
160.601 9.63611 49.207 4.71923 41.4154
160.701 9.58643 49.2217 4.69661 41.4008
160.801 9.53674 49.2363 4.67397 41.3862
160.901 9.48705 49.2508 4.6513 41.3717
161.001 9.43737 49.2652 4.62861 41.3573
161.101 9.38768 49.2795 4.60589 41.3429
161.201 9.33799 49.2938 4.58314 41.3287
161.301 9.2883 49.308 4.56037 41.3145
161.401 9.23862 49.3222 4.53758 41.3003
161.501 9.18893 49.3362 4.51476 41.2863
161.601 9.13925 49.3502 4.49192 41.2723
161.701 9.08956 49.3641 4.46905 41.2584
161.801 9.03987 49.378 4.44616 41.2445
161.901 8.99019 49.3917 4.42324 41.2308
162.001 8.9405 49.4054 4.4003 41.2171
162.101 8.89082 49.419 4.37733 41.2034
162.201 8.84113 49.4326 4.35434 41.1899
162.301 8.79145 49.4461 4.33133 41.1764
162.401 8.74177 49.4595 4.30829 41.163
162.501 8.69208 49.4728 4.28523 41.1497
162.601 8.6424 49.486 4.26215 41.1364
162.701 8.59271 49.4992 4.23904 41.1233
162.801 8.54303 49.5123 4.21591 41.1102
162.901 8.49334 49.5254 4.19275 41.0971
163.001 8.44366 49.5383 4.16958 41.0842
163.101 8.39398 49.5512 4.14638 41.0713
163.201 8.34429 49.564 4.12315 41.0585
163.301 8.29461 49.5768 4.09991 41.0457
163.401 8.24493 49.5894 4.07664 41.0331
163.501 8.19525 49.602 4.05334 41.0205
163.601 8.14556 49.6145 4.03003 41.008
163.701 8.09588 49.627 4.00669 40.9955
163.801 8.0462 49.6393 3.98334 40.9832
163.901 7.99652 49.6516 3.95995 40.9709
164.001 7.94684 49.6638 3.93655 40.9586
164.101 7.89715 49.676 3.91313 40.9465
164.201 7.84747 49.6881 3.88968 40.9344
164.301 7.79779 49.7001 3.86621 40.9224
164.401 7.74811 49.712 3.84273 40.9105
164.501 7.69843 49.7238 3.81921 40.8987
164.601 7.64875 49.7356 3.79568 40.8869
164.701 7.59907 49.7473 3.77213 40.8752
164.801 7.54939 49.7589 3.74856 40.8636
164.901 7.49971 49.7705 3.72496 40.852
165.001 7.45003 49.7819 3.70135 40.8405
165.101 7.40034 49.7934 3.67771 40.8291
165.201 7.35066 49.8047 3.65405 40.8178
165.301 7.30099 49.8159 3.63038 40.8066
165.401 7.25131 49.8271 3.60668 40.7954
165.501 7.20163 49.8382 3.58296 40.7843
165.601 7.15195 49.8492 3.55923 40.7732
165.701 7.10227 49.8602 3.53547 40.7623
165.801 7.05259 49.8711 3.51169 40.7514
165.901 7.00291 49.8819 3.4879 40.7406
166.001 6.95323 49.8926 3.46408 40.7299
166.101 6.90355 49.9033 3.44025 40.7192
166.201 6.85387 49.9138 3.41639 40.7086
166.301 6.80419 49.9243 3.39252 40.6981
166.401 6.75452 49.9348 3.36862 40.6877
166.501 6.70484 49.9451 3.34471 40.6774
166.601 6.65516 49.9554 3.32078 40.6671
166.701 6.60548 49.9656 3.29683 40.6569
166.801 6.5558 49.9757 3.27287 40.6467
166.901 6.50613 49.9858 3.24888 40.6367
167.001 6.45645 49.9958 3.22488 40.6267
167.101 6.40677 50.0057 3.20086 40.6168
167.201 6.35709 50.0155 3.17682 40.607
167.301 6.30742 50.0253 3.15276 40.5972
167.401 6.25774 50.0349 3.12868 40.5875
167.501 6.20806 50.0445 3.10459 40.5779
167.601 6.15839 50.0541 3.08048 40.5684
167.701 6.10871 50.0635 3.05635 40.559
167.801 6.05903 50.0729 3.03221 40.5496
167.901 6.00936 50.0822 3.00804 40.5403
168.001 5.95968 50.0914 2.98386 40.5311
168.101 5.91 50.1006 2.95967 40.5219
168.201 5.86033 50.1097 2.93546 40.5128
168.301 5.81065 50.1187 2.91123 40.5038
168.401 5.76098 50.1276 2.88698 40.4949
168.501 5.7113 50.1364 2.86272 40.4861
168.601 5.66163 50.1452 2.83844 40.4773
168.701 5.61195 50.1539 2.81415 40.4686
168.801 5.56227 50.1625 2.78984 40.46
168.901 5.5126 50.1711 2.76551 40.4514
169.001 5.46292 50.1795 2.74117 40.4429
169.101 5.41325 50.1879 2.71681 40.4345
169.201 5.36357 50.1963 2.69244 40.4262
169.301 5.3139 50.2045 2.66805 40.418
169.401 5.26422 50.2127 2.64365 40.4098
169.501 5.21455 50.2208 2.61923 40.4017
169.601 5.16488 50.2288 2.5948 40.3937
169.701 5.1152 50.2367 2.57036 40.3858
169.801 5.06553 50.2446 2.54589 40.3779
169.901 5.01585 50.2524 2.52142 40.3701
170.001 4.96618 50.2601 2.49693 40.3624
170.101 4.91651 50.2677 2.47242 40.3548
170.201 4.86683 50.2753 2.4479 40.3472
170.301 4.81716 50.2828 2.42337 40.3397
170.401 4.76748 50.2902 2.39883 40.3323
170.501 4.71781 50.2975 2.37427 40.325
170.601 4.66814 50.3048 2.34969 40.3177
170.701 4.61846 50.3119 2.32511 40.3106
170.801 4.56879 50.319 2.30051 40.3034
170.901 4.51912 50.3261 2.27589 40.2964
171.001 4.46944 50.333 2.25127 40.2895
171.101 4.41977 50.3399 2.22663 40.2826
171.201 4.3701 50.3467 2.20198 40.2758
171.301 4.32043 50.3534 2.17732 40.2691
171.401 4.27075 50.3601 2.15264 40.2624
171.501 4.22108 50.3666 2.12795 40.2559
171.601 4.17141 50.3731 2.10325 40.2494
171.701 4.12173 50.3795 2.07854 40.2429
171.801 4.07206 50.3859 2.05381 40.2366
171.901 4.02239 50.3921 2.02908 40.2303
172.001 3.97272 50.3983 2.00433 40.2241
172.101 3.92305 50.4044 1.97957 40.218
172.201 3.87337 50.4105 1.9548 40.212
172.301 3.8237 50.4164 1.93002 40.206
172.401 3.77403 50.4223 1.90523 40.2002
172.501 3.72436 50.4281 1.88042 40.1944
172.601 3.67469 50.4339 1.85561 40.1886
172.701 3.62501 50.4395 1.83079 40.183
172.801 3.57534 50.4451 1.80595 40.1774
172.901 3.52567 50.4506 1.78111 40.1719
173.001 3.476 50.456 1.75625 40.1665
173.101 3.42633 50.4614 1.73138 40.1611
173.201 3.37666 50.4666 1.70651 40.1559
173.301 3.32699 50.4718 1.68162 40.1507
173.401 3.27731 50.4769 1.65673 40.1455
173.501 3.22764 50.482 1.63182 40.1405
173.601 3.17797 50.4869 1.60691 40.1355
173.701 3.1283 50.4918 1.58199 40.1306
173.801 3.07863 50.4966 1.55706 40.1258
173.901 3.02896 50.5014 1.53212 40.1211
174.001 2.97929 50.506 1.50717 40.1164
174.101 2.92962 50.5106 1.48221 40.1119
174.201 2.87995 50.5151 1.45724 40.1074
174.301 2.83028 50.5195 1.43227 40.1029
174.401 2.78061 50.5239 1.40728 40.0986
174.501 2.73094 50.5282 1.38229 40.0943
174.601 2.68126 50.5324 1.35729 40.0901
174.701 2.63159 50.5365 1.33229 40.086
174.801 2.58192 50.5405 1.30727 40.082
174.901 2.53225 50.5445 1.28225 40.078
175.001 2.48258 50.5484 1.25722 40.0741
175.101 2.43291 50.5522 1.23218 40.0703
175.201 2.38324 50.5559 1.20714 40.0665
175.301 2.33357 50.5596 1.18209 40.0629
175.402 2.2839 50.5632 1.15703 40.0593
175.502 2.23423 50.5667 1.13197 40.0558
175.602 2.18456 50.5701 1.1069 40.0524
175.702 2.13489 50.5735 1.08182 40.049
175.802 2.08522 50.5767 1.05674 40.0457
175.902 2.03555 50.5799 1.03165 40.0426
176.002 1.98588 50.5831 1.00655 40.0394
176.102 1.93621 50.5861 0.981453 40.0364
176.202 1.88654 50.5891 0.956346 40.0334
176.302 1.83687 50.592 0.931234 40.0305
176.402 1.7872 50.5948 0.906117 40.0277
176.502 1.73753 50.5975 0.880995 40.025
176.602 1.68787 50.6002 0.855867 40.0223
176.702 1.6382 50.6027 0.830735 40.0197
176.802 1.58853 50.6052 0.805597 40.0172
176.902 1.53886 50.6077 0.780455 40.0148
177.002 1.48919 50.61 0.755309 40.0125
177.102 1.43952 50.6123 0.730158 40.0102
177.202 1.38985 50.6145 0.705004 40.008
177.302 1.34018 50.6166 0.679845 40.0059
177.402 1.29051 50.6187 0.654682 40.0038
177.502 1.24084 50.6206 0.629515 40.0019
177.602 1.19117 50.6225 0.604345 40
177.702 1.1415 50.6243 0.579171 39.9982
177.802 1.09183 50.6261 0.553994 39.9964
177.902 1.04216 50.6277 0.528814 39.9948
178.002 0.992494 50.6293 0.503631 39.9932
178.102 0.942825 50.6308 0.478445 39.9917
178.202 0.893156 50.6322 0.453256 39.9903
178.302 0.843487 50.6336 0.428064 39.9889
178.402 0.793818 50.6348 0.40287 39.9876
178.502 0.744149 50.636 0.377674 39.9865
178.602 0.69448 50.6371 0.352475 39.9853
178.702 0.644811 50.6382 0.327275 39.9843
178.802 0.595141 50.6391 0.302073 39.9833
178.902 0.545472 50.64 0.276868 39.9824
179.002 0.495803 50.6408 0.251663 39.9816
179.102 0.446134 50.6416 0.226456 39.9809
179.202 0.396465 50.6422 0.201247 39.9803
179.302 0.346796 50.6428 0.176037 39.9797
179.402 0.297127 50.6433 0.150827 39.9792
179.502 0.247458 50.6437 0.125615 39.9788
179.602 0.197789 50.6441 0.100403 39.9784
179.702 0.14812 50.6443 0.0751903 39.9781
179.802 0.0984514 50.6445 0.0499771 39.9779
179.902 0.0487824 50.6446 0.0247636 39.9778
