0 2.35291e-14 0.666388 0 83.7771
0.1 0.335324 0.666418 0.0133796 83.7771
0.2 0.670614 0.666507 0.0267591 83.777
0.3 1.00584 0.666655 0.0401386 83.7768
0.4 1.34095 0.666863 0.0535181 83.7766
0.5 1.67593 0.66713 0.0668974 83.7764
0.6 2.01074 0.667456 0.0802766 83.776
0.7 2.34535 0.667842 0.0936556 83.7756
0.8 2.67971 0.668287 0.107035 83.7752
0.9 3.01381 0.668792 0.120413 83.7747
1 3.34759 0.669355 0.133792 83.7741
1.1 3.68104 0.669978 0.14717 83.7735
1.2 4.01411 0.670661 0.160548 83.7728
1.3 4.34677 0.671403 0.173925 83.7721
1.4 4.679 0.672204 0.187302 83.7713
1.5 5.01075 0.673064 0.200679 83.7704
1.6 5.342 0.673984 0.214056 83.7695
1.7 5.67271 0.674963 0.227432 83.7685
1.8 6.00285 0.676002 0.240808 83.7675
1.9 6.33239 0.677099 0.254183 83.7664
2 6.6613 0.678256 0.267557 83.7652
2.1 6.98955 0.679473 0.280932 83.764
2.2 7.3171 0.680748 0.294305 83.7627
2.3 7.64393 0.682083 0.307678 83.7614
2.4 7.97 0.683477 0.321051 83.76
2.5 8.2953 0.684931 0.334423 83.7585
2.6 8.61978 0.686444 0.347794 83.757
2.7 8.94341 0.688016 0.361164 83.7555
2.8 9.26618 0.689647 0.374534 83.7538
2.9 9.58806 0.691338 0.387903 83.7521
3 9.909 0.693088 0.401272 83.7504
3.1 10.229 0.694897 0.414639 83.7486
3.2 10.548 0.696766 0.428006 83.7467
3.3 10.866 0.698693 0.441372 83.7448
3.4 11.183 0.70068 0.454737 83.7428
3.5 11.4989 0.702727 0.468101 83.7408
3.6 11.8138 0.704832 0.481465 83.7386
3.7 12.1275 0.706997 0.494827 83.7365
3.8 12.4401 0.709221 0.508189 83.7343
3.9 12.7516 0.711504 0.521549 83.732
4 13.0619 0.713846 0.534909 83.7296
4.1 13.371 0.716248 0.548267 83.7272
4.2 13.6789 0.718708 0.561625 83.7248
4.3 13.9855 0.721228 0.574981 83.7223
4.4 14.2909 0.723807 0.588336 83.7197
4.5 14.595 0.726446 0.60169 83.717
4.6 14.8978 0.729143 0.615043 83.7143
4.7 15.1993 0.7319 0.628395 83.7116
4.8 15.4994 0.734715 0.641745 83.7088
4.9 15.7982 0.73759 0.655095 83.7059
5 16.0956 0.740524 0.668443 83.703
5.1 16.3917 0.743517 0.681789 83.7
5.2 16.6863 0.74657 0.695135 83.6969
5.3 16.9795 0.749681 0.708479 83.6938
5.4 17.2713 0.752851 0.721822 83.6906
5.5 17.5616 0.756081 0.735163 83.6874
5.6 17.8504 0.75937 0.748503 83.6841
5.7 18.1378 0.762717 0.761841 83.6808
5.8 18.4237 0.766124 0.775178 83.6774
5.9 18.7081 0.76959 0.788514 83.6739
6 18.9909 0.773114 0.801848 83.6704
6.1 19.2723 0.776698 0.81518 83.6668
6.2 19.5521 0.780341 0.828511 83.6631
6.3 19.8303 0.784043 0.84184 83.6594
6.4 20.107 0.787804 0.855168 83.6557
6.5 20.3821 0.791623 0.868494 83.6519
6.6 20.6557 0.795502 0.881818 83.648
6.7 20.9276 0.79944 0.895141 83.644
6.8 21.198 0.803436 0.908462 83.64
6.9 21.4667 0.807492 0.921781 83.636
7 21.7339 0.811606 0.935098 83.6319
7.1 21.9994 0.81578 0.948414 83.6277
7.2 22.2633 0.820012 0.961728 83.6235
7.3 22.5256 0.824303 0.975039 83.6192
7.4 22.7862 0.828653 0.988349 83.6148
7.5 23.0452 0.833062 1.00166 83.6104
7.6 23.3026 0.83753 1.01496 83.606
7.7 23.5583 0.842056 1.02827 83.6014
7.79999 23.8124 0.846642 1.04157 83.5968
7.89999 24.0648 0.851286 1.05487 83.5922
7.99999 24.3155 0.855989 1.06817 83.5875
8.09999 24.5646 0.860751 1.08146 83.5827
8.2 24.8121 0.865571 1.09476 83.5779
8.3 25.0578 0.87045 1.10805 83.573
8.4 25.302 0.875388 1.12134 83.5681
8.5 25.5444 0.880385 1.13463 83.5631
8.6 25.7852 0.88544 1.14791 83.558
8.7 26.0243 0.890554 1.1612 83.5529
8.8 26.2617 0.895727 1.17448 83.5478
8.9 26.4975 0.900958 1.18776 83.5425
9 26.7316 0.906248 1.20103 83.5372
9.1 26.9641 0.911597 1.21431 83.5319
9.2 27.1948 0.917004 1.22758 83.5265
9.3 27.424 0.92247 1.24085 83.521
9.4 27.6514 0.927994 1.25412 83.5155
9.5 27.8772 0.933577 1.26738 83.5099
9.6 28.1014 0.939218 1.28064 83.5043
9.7 28.3239 0.944918 1.2939 83.4986
9.8 28.5447 0.950677 1.30716 83.4928
9.9 28.7639 0.956494 1.32041 83.487
10 28.9815 0.962369 1.33367 83.4811
10.1 29.1974 0.968303 1.34691 83.4752
10.2 29.4117 0.974295 1.36016 83.4692
10.3 29.6244 0.980346 1.37341 83.4631
10.4 29.8354 0.986455 1.38665 83.457
10.5 30.0448 0.992622 1.39989 83.4509
10.6 30.2526 0.998848 1.41312 83.4446
10.7 30.4588 1.00513 1.42636 83.4383
10.8 30.6634 1.01147 1.43959 83.432
10.9 30.8664 1.01788 1.45281 83.4256
11 31.0678 1.02433 1.46604 83.4191
11.1 31.2676 1.03085 1.47926 83.4126
11.2 31.4658 1.03743 1.49248 83.4061
11.3 31.6625 1.04406 1.5057 83.3994
11.4 31.8575 1.05075 1.51891 83.3927
11.5 32.051 1.0575 1.53212 83.386
11.6 32.243 1.06431 1.54533 83.3792
11.7 32.4334 1.07118 1.55853 83.3723
11.8 32.6222 1.0781 1.57174 83.3654
11.9 32.8096 1.08508 1.58493 83.3584
12 32.9953 1.09212 1.59813 83.3514
12.1 33.1796 1.09922 1.61132 83.3443
12.2 33.3624 1.10638 1.62451 83.3371
12.3 33.5436 1.1136 1.6377 83.3299
12.4 33.7233 1.12087 1.65088 83.3226
12.5 33.9016 1.1282 1.66406 83.3153
12.6 34.0783 1.13559 1.67724 83.3079
12.7 34.2536 1.14303 1.69041 83.3004
12.8 34.4274 1.15054 1.70358 83.2929
12.9 34.5998 1.1581 1.71675 83.2854
13 34.7707 1.16572 1.72991 83.2778
13.1 34.9401 1.1734 1.74307 83.2701
13.2 35.1081 1.18113 1.75623 83.2623
13.3 35.2747 1.18893 1.76938 83.2546
13.4 35.4399 1.19678 1.78253 83.2467
13.5 35.6036 1.20469 1.79568 83.2388
13.6 35.766 1.21266 1.80882 83.2308
13.7 35.9269 1.22068 1.82196 83.2228
13.8 36.0865 1.22876 1.83509 83.2147
13.9 36.2446 1.2369 1.84823 83.2066
14 36.4014 1.2451 1.86136 83.1984
14.1 36.5569 1.25335 1.87448 83.1901
14.2 36.711 1.26167 1.8876 83.1818
14.3 36.8637 1.27004 1.90072 83.1734
14.4 37.0151 1.27846 1.91383 83.165
14.5 37.1652 1.28695 1.92694 83.1565
14.6 37.3139 1.29549 1.94005 83.148
14.7 37.4614 1.30409 1.95315 83.1394
14.8 37.6075 1.31275 1.96625 83.1307
14.9 37.7523 1.32146 1.97935 83.122
15 37.8959 1.33024 1.99244 83.1132
15.1 38.0382 1.33906 2.00553 83.1044
15.2 38.1792 1.34795 2.01861 83.0955
15.3 38.3189 1.3569 2.03169 83.0866
15.4 38.4574 1.3659 2.04476 83.0776
15.5 38.5947 1.37495 2.05784 83.0685
15.6 38.7307 1.38407 2.0709 83.0594
15.7 38.8655 1.39324 2.08397 83.0502
15.8 38.999 1.40247 2.09703 83.041
15.9 39.1314 1.41176 2.11008 83.0317
16 39.2626 1.4211 2.12313 83.0224
16.1 39.3925 1.4305 2.13618 83.013
16.2 39.5213 1.43996 2.14922 83.0035
16.3 39.6489 1.44948 2.16226 82.994
16.4 39.7754 1.45905 2.1753 82.9844
16.5 39.9007 1.46868 2.18833 82.9748
16.6 40.0248 1.47837 2.20135 82.9651
16.7 40.1478 1.48811 2.21437 82.9554
16.8 40.2696 1.49791 2.22739 82.9456
16.9 40.3904 1.50776 2.24041 82.9357
17 40.51 1.51768 2.25341 82.9258
17.1 40.6285 1.52765 2.26642 82.9158
17.2 40.7459 1.53767 2.27942 82.9058
17.3 40.8622 1.54776 2.29241 82.8957
17.4 40.9774 1.5579 2.3054 82.8856
17.5 41.0916 1.56809 2.31839 82.8754
17.6 41.2047 1.57835 2.33137 82.8651
17.7 41.3167 1.58866 2.34435 82.8548
17.8 41.4277 1.59902 2.35732 82.8445
17.9 41.5376 1.60945 2.37029 82.834
18 41.6465 1.61993 2.38325 82.8236
18.1 41.7543 1.63046 2.39621 82.813
18.2 41.8612 1.64105 2.40917 82.8024
18.3 41.967 1.6517 2.42212 82.7918
18.4 42.0718 1.66241 2.43506 82.7811
18.5 42.1757 1.67317 2.448 82.7703
18.6 42.2785 1.68399 2.46094 82.7595
18.7 42.3803 1.69486 2.47387 82.7486
18.8 42.4812 1.70579 2.48679 82.7377
18.9 42.5811 1.71678 2.49971 82.7267
19 42.6801 1.72782 2.51263 82.7157
19.1 42.7781 1.73892 2.52554 82.7046
19.2 42.8751 1.75007 2.53845 82.6934
19.3 42.9712 1.76128 2.55135 82.6822
19.4 43.0664 1.77255 2.56424 82.6709
19.5 43.1607 1.78387 2.57713 82.6596
19.6 43.254 1.79525 2.59002 82.6482
19.7 43.3464 1.80668 2.6029 82.6368
19.8 43.438 1.81817 2.61577 82.6253
19.9 43.5286 1.82972 2.62864 82.6138
20 43.6183 1.84132 2.64151 82.6022
20.1 43.7072 1.85298 2.65437 82.5905
20.2 43.7952 1.86469 2.66722 82.5788
20.3 43.8823 1.87646 2.68007 82.567
20.4 43.9686 1.88829 2.69292 82.5552
20.5 44.054 1.90017 2.70576 82.5433
20.6 44.1386 1.9121 2.71859 82.5314
20.7 44.2223 1.9241 2.73142 82.5194
20.8 44.3052 1.93614 2.74424 82.5073
20.9 44.3872 1.94825 2.75706 82.4952
21 44.4685 1.9604 2.76987 82.4831
21.1 44.5489 1.97262 2.78268 82.4709
21.2 44.6285 1.98489 2.79548 82.4586
21.3 44.7073 1.99721 2.80828 82.4463
21.4 44.7853 2.00959 2.82107 82.4339
21.5 44.8626 2.02202 2.83385 82.4215
21.6 44.939 2.03451 2.84663 82.409
21.7 45.0147 2.04706 2.8594 82.3964
21.8 45.0896 2.05966 2.87217 82.3838
21.9 45.1637 2.07231 2.88493 82.3712
22 45.2371 2.08502 2.89769 82.3585
22.1 45.3097 2.09779 2.91044 82.3457
22.2 45.3816 2.11061 2.92318 82.3329
22.3 45.4527 2.12349 2.93592 82.32
22.4 45.5231 2.13642 2.94866 82.3071
22.5 45.5928 2.1494 2.96138 82.2941
22.6 45.6617 2.16244 2.97411 82.281
22.7001 45.73 2.17554 2.98682 82.2679
22.8001 45.7975 2.18868 2.99953 82.2548
22.9001 45.8643 2.20189 3.01224 82.2416
23.0001 45.9304 2.21515 3.02493 82.2283
23.1001 45.9958 2.22846 3.03763 82.215
23.2001 46.0605 2.24183 3.05031 82.2017
23.3001 46.1246 2.25525 3.06299 82.1882
23.4001 46.1879 2.26873 3.07567 82.1748
23.5001 46.2506 2.28226 3.08833 82.1612
23.6001 46.3126 2.29585 3.101 82.1476
23.7001 46.374 2.30949 3.11365 82.134
23.8001 46.4347 2.32318 3.1263 82.1203
23.9001 46.4947 2.33693 3.13894 82.1066
24.0001 46.5541 2.35073 3.15158 82.0927
24.1001 46.6129 2.36459 3.16421 82.0789
24.2001 46.671 2.3785 3.17684 82.065
24.3001 46.7284 2.39247 3.18945 82.051
24.4001 46.7853 2.40649 3.20207 82.037
24.5001 46.8415 2.42056 3.21467 82.0229
24.6001 46.8971 2.43469 3.22727 82.0088
24.7001 46.9521 2.44887 3.23986 81.9946
24.8001 47.0065 2.46311 3.25245 81.9804
24.9001 47.0603 2.4774 3.26503 81.9661
25.0001 47.1135 2.49174 3.2776 81.9517
25.1001 47.1661 2.50614 3.29017 81.9373
25.2001 47.2181 2.52059 3.30273 81.9229
25.3001 47.2695 2.53509 3.31528 81.9084
25.4001 47.3203 2.54965 3.32783 81.8938
25.5001 47.3706 2.56427 3.34037 81.8792
25.6001 47.4203 2.57893 3.3529 81.8646
25.7001 47.4694 2.59365 3.36543 81.8498
25.8001 47.518 2.60842 3.37795 81.8351
25.9001 47.5659 2.62325 3.39046 81.8202
26.0001 47.6134 2.63813 3.40297 81.8054
26.1001 47.6603 2.65306 3.41547 81.7904
26.2001 47.7066 2.66805 3.42796 81.7754
26.3001 47.7524 2.68309 3.44045 81.7604
26.4001 47.7977 2.69818 3.45293 81.7453
26.5001 47.8424 2.71332 3.4654 81.7302
26.6001 47.8866 2.72852 3.47787 81.715
26.7001 47.9303 2.74377 3.49033 81.6997
26.8001 47.9735 2.75908 3.50278 81.6844
26.9001 48.0161 2.77444 3.51522 81.669
27.0001 48.0582 2.78985 3.52766 81.6536
27.1001 48.0999 2.80531 3.54009 81.6382
27.2001 48.141 2.82083 3.55252 81.6227
27.3001 48.1816 2.8364 3.56493 81.6071
27.4001 48.2217 2.85202 3.57734 81.5915
27.5001 48.2613 2.86769 3.58975 81.5758
27.6001 48.3004 2.88342 3.60214 81.5601
27.7001 48.3391 2.8992 3.61453 81.5443
27.8001 48.3772 2.91503 3.62691 81.5284
27.9001 48.4149 2.93092 3.63928 81.5126
28.0001 48.4521 2.94686 3.65165 81.4966
28.1001 48.4889 2.96285 3.66401 81.4806
28.2001 48.5251 2.97889 3.67636 81.4646
28.3001 48.5609 2.99498 3.6887 81.4485
28.4001 48.5963 3.01113 3.70104 81.4324
28.5001 48.6311 3.02733 3.71337 81.4162
28.6001 48.6656 3.04358 3.72569 81.3999
28.7001 48.6995 3.05988 3.738 81.3836
28.8001 48.7331 3.07624 3.75031 81.3672
28.9001 48.7661 3.09264 3.76261 81.3508
29.0001 48.7988 3.1091 3.7749 81.3344
29.1001 48.831 3.12561 3.78719 81.3179
29.2001 48.8627 3.14218 3.79946 81.3013
29.3001 48.8941 3.15879 3.81173 81.2847
29.4001 48.925 3.17546 3.82399 81.268
29.5001 48.9555 3.19218 3.83625 81.2513
29.6001 48.9855 3.20895 3.84849 81.2345
29.7001 49.0152 3.22577 3.86073 81.2177
29.8001 49.0444 3.24264 3.87296 81.2008
29.9001 49.0732 3.25957 3.88518 81.1839
30.0001 49.1016 3.27654 3.8974 81.1669
30.1001 49.1296 3.29357 3.9096 81.1499
30.2001 49.1572 3.31065 3.9218 81.1328
30.3001 49.1844 3.32778 3.93399 81.1157
30.4001 49.2112 3.34496 3.94618 81.0985
30.5001 49.2376 3.36219 3.95835 81.0813
30.6001 49.2636 3.37948 3.97052 81.064
30.7001 49.2892 3.39681 3.98268 81.0467
30.8001 49.3144 3.4142 3.99483 81.0293
30.9001 49.3393 3.43163 4.00697 81.0118
31.0001 49.3637 3.44912 4.01911 80.9944
31.1001 49.3878 3.46666 4.03123 80.9768
31.2001 49.4115 3.48425 4.04335 80.9592
31.3001 49.4349 3.50189 4.05546 80.9416
31.4001 49.4578 3.51958 4.06756 80.9239
31.5001 49.4804 3.53732 4.07966 80.9062
31.6001 49.5027 3.55511 4.09174 80.8884
31.7001 49.5246 3.57295 4.10382 80.8705
31.8001 49.5461 3.59085 4.11589 80.8526
31.9001 49.5672 3.60879 4.12795 80.8347
32.0001 49.588 3.62678 4.14 80.8167
32.1001 49.6085 3.64483 4.15204 80.7987
32.2001 49.6286 3.66292 4.16408 80.7806
32.3001 49.6484 3.68107 4.17611 80.7624
32.4001 49.6678 3.69926 4.18812 80.7442
32.5001 49.6868 3.71751 4.20013 80.726
32.6001 49.7056 3.7358 4.21214 80.7077
32.7001 49.724 3.75414 4.22413 80.6893
32.8001 49.742 3.77254 4.23611 80.6709
32.9001 49.7598 3.79098 4.24809 80.6525
33.0001 49.7772 3.80948 4.26005 80.634
33.1001 49.7942 3.82802 4.27201 80.6155
33.2001 49.811 3.84662 4.28396 80.5969
33.3001 49.8274 3.86526 4.2959 80.5782
33.4001 49.8435 3.88395 4.30783 80.5595
33.5001 49.8593 3.90269 4.31976 80.5408
33.6001 49.8747 3.92149 4.33167 80.522
33.7001 49.8899 3.94033 4.34358 80.5032
33.8001 49.9047 3.95922 4.35547 80.4843
33.9001 49.9193 3.97816 4.36736 80.4653
34.0001 49.9335 3.99715 4.37924 80.4463
34.1001 49.9474 4.01619 4.39111 80.4273
34.2001 49.961 4.03528 4.40297 80.4082
34.3 49.9743 4.05441 4.41482 80.3891
34.4 49.9873 4.0736 4.42666 80.3699
34.5 50.0001 4.09283 4.4385 80.3506
34.6 50.0125 4.11212 4.45032 80.3314
34.7 50.0246 4.13145 4.46214 80.312
34.8 50.0364 4.15083 4.47394 80.2927
34.9 50.048 4.17026 4.48574 80.2732
35 50.0592 4.18974 4.49753 80.2537
35.1 50.0702 4.20927 4.50931 80.2342
35.2 50.0809 4.22884 4.52108 80.2146
35.3 50.0913 4.24847 4.53284 80.195
35.4 50.1014 4.26814 4.54459 80.1753
35.5 50.1113 4.28786 4.55633 80.1556
35.6 50.1209 4.30763 4.56806 80.1358
35.7 50.1302 4.32745 4.57978 80.116
35.8 50.1392 4.34731 4.5915 80.0962
35.9 50.148 4.36723 4.6032 80.0763
36 50.1565 4.38719 4.6149 80.0563
36.1 50.1647 4.4072 4.62658 80.0363
36.2 50.1727 4.42726 4.63826 80.0162
36.3 50.1804 4.44737 4.64992 79.9961
36.4 50.1878 4.46752 4.66158 79.976
36.5 50.195 4.48772 4.67323 79.9558
36.6 50.2019 4.50797 4.68486 79.9355
36.7 50.2086 4.52827 4.69649 79.9152
36.8 50.215 4.54861 4.70811 79.8949
36.9 50.2211 4.569 4.71972 79.8745
37 50.227 4.58944 4.73131 79.854
37.1 50.2327 4.60993 4.7429 79.8335
37.2 50.2381 4.63047 4.75448 79.813
37.3 50.2433 4.65105 4.76605 79.7924
37.4 50.2482 4.67168 4.77761 79.7718
37.5 50.2528 4.69235 4.78916 79.7511
37.6 50.2573 4.71307 4.8007 79.7304
37.7 50.2615 4.73384 4.81223 79.7096
37.8 50.2654 4.75466 4.82375 79.6888
37.9 50.2692 4.77553 4.83525 79.668
38 50.2726 4.79644 4.84675 79.647
38.1 50.2759 4.81739 4.85824 79.6261
38.2 50.2789 4.8384 4.86972 79.6051
38.3 50.2817 4.85945 4.88119 79.584
38.4 50.2843 4.88055 4.89265 79.5629
38.5 50.2866 4.90169 4.9041 79.5418
38.6 50.2887 4.92288 4.91554 79.5206
38.7 50.2906 4.94412 4.92697 79.4994
38.8 50.2922 4.9654 4.93838 79.4781
38.9 50.2937 4.98673 4.94979 79.4568
39 50.2949 5.0081 4.96119 79.4354
39.1 50.2959 5.02953 4.97258 79.414
39.2 50.2967 5.05099 4.98395 79.3925
39.3 50.2972 5.07251 4.99532 79.371
39.4 50.2976 5.09407 5.00667 79.3494
39.5 50.2977 5.11567 5.01802 79.3278
39.6 50.2976 5.13732 5.02936 79.3062
39.7 50.2973 5.15902 5.04068 79.2845
39.8 50.2969 5.18076 5.05199 79.2627
39.9 50.2961 5.20255 5.0633 79.2409
40 50.2952 5.22438 5.07459 79.2191
40.1 50.2941 5.24626 5.08587 79.1972
40.2 50.2928 5.26819 5.09714 79.1753
40.3 50.2913 5.29016 5.1084 79.1533
40.4 50.2895 5.31217 5.11965 79.1313
40.5 50.2876 5.33423 5.13089 79.1092
40.6 50.2855 5.35634 5.14212 79.0871
40.7 50.2832 5.37849 5.15334 79.065
40.7999 50.2806 5.40069 5.16455 79.0428
40.8999 50.2779 5.42293 5.17574 79.0206
40.9999 50.275 5.44521 5.18693 78.9983
41.0999 50.2719 5.46754 5.1981 78.9759
41.1999 50.2686 5.48992 5.20927 78.9536
41.2999 50.2651 5.51234 5.22042 78.9311
41.3999 50.2615 5.5348 5.23156 78.9087
41.4999 50.2576 5.55731 5.24269 78.8862
41.5999 50.2536 5.57986 5.25381 78.8636
41.6999 50.2493 5.60246 5.26492 78.841
41.7999 50.2449 5.6251 5.27602 78.8184
41.8999 50.2403 5.64779 5.28711 78.7957
41.9999 50.2355 5.67052 5.29818 78.773
42.0999 50.2305 5.69329 5.30925 78.7502
42.1999 50.2254 5.71611 5.3203 78.7274
42.2999 50.2201 5.73897 5.33134 78.7045
42.3999 50.2146 5.76188 5.34237 78.6816
42.4999 50.2089 5.78483 5.35339 78.6587
42.5999 50.203 5.80782 5.3644 78.6357
42.6999 50.197 5.83086 5.37539 78.6126
42.7999 50.1908 5.85394 5.38638 78.5895
42.8999 50.1844 5.87706 5.39735 78.5664
42.9999 50.1778 5.90023 5.40831 78.5432
43.0999 50.1711 5.92344 5.41927 78.52
43.1999 50.1642 5.9467 5.4302 78.4968
43.2999 50.1571 5.97 5.44113 78.4735
43.3999 50.1499 5.99334 5.45205 78.4501
43.4999 50.1425 6.01672 5.46295 78.4268
43.5999 50.135 6.04015 5.47385 78.4033
43.6999 50.1272 6.06362 5.48473 78.3799
43.7999 50.1193 6.08713 5.4956 78.3563
43.8999 50.1113 6.11069 5.50646 78.3328
43.9999 50.1031 6.13429 5.5173 78.3092
44.0999 50.0947 6.15793 5.52814 78.2856
44.1999 50.0861 6.18161 5.53896 78.2619
44.2999 50.0774 6.20534 5.54977 78.2381
44.3999 50.0686 6.22911 5.56057 78.2144
44.4999 50.0596 6.25292 5.57136 78.1906
44.5999 50.0504 6.27677 5.58213 78.1667
44.6999 50.0411 6.30067 5.5929 78.1428
44.7999 50.0316 6.32461 5.60365 78.1189
44.8999 50.022 6.34859 5.61439 78.0949
44.9999 50.0122 6.37261 5.62512 78.0709
45.0999 50.0023 6.39667 5.63583 78.0468
45.1999 49.9922 6.42078 5.64654 78.0227
45.2999 49.9819 6.44493 5.65723 77.9986
45.3999 49.9715 6.46912 5.66791 77.9744
45.4999 49.961 6.49335 5.67858 77.9501
45.5999 49.9503 6.51762 5.68923 77.9259
45.6999 49.9395 6.54194 5.69987 77.9015
45.7999 49.9285 6.56629 5.71051 77.8772
45.8999 49.9174 6.59069 5.72112 77.8528
45.9999 49.9061 6.61513 5.73173 77.8284
46.0999 49.8947 6.63961 5.74232 77.8039
46.1999 49.8832 6.66413 5.75291 77.7793
46.2999 49.8715 6.68869 5.76348 77.7548
46.3999 49.8596 6.7133 5.77403 77.7302
46.4999 49.8477 6.73794 5.78458 77.7055
46.5999 49.8356 6.76263 5.79511 77.6809
46.6999 49.8233 6.78735 5.80563 77.6561
46.7999 49.8109 6.81212 5.81614 77.6314
46.8999 49.7984 6.83693 5.82663 77.6066
46.9999 49.7857 6.86177 5.83711 77.5817
47.0999 49.7729 6.88666 5.84758 77.5568
47.1999 49.76 6.91159 5.85804 77.5319
47.2999 49.7469 6.93656 5.86848 77.5069
47.3998 49.7337 6.96157 5.87891 77.4819
47.4998 49.7204 6.98662 5.88933 77.4569
47.5998 49.707 7.01171 5.89974 77.4318
47.6998 49.6934 7.03684 5.91013 77.4066
47.7998 49.6796 7.062 5.92051 77.3815
47.8998 49.6658 7.08721 5.93088 77.3563
47.9998 49.6518 7.11246 5.94123 77.331
48.0998 49.6377 7.13775 5.95158 77.3057
48.1998 49.6235 7.16308 5.96191 77.2804
48.2998 49.6091 7.18845 5.97222 77.255
48.3998 49.5946 7.21385 5.98253 77.2296
48.4998 49.58 7.2393 5.99282 77.2042
48.5998 49.5653 7.26479 6.00309 77.1787
48.6998 49.5504 7.29031 6.01336 77.1532
48.7998 49.5354 7.31588 6.02361 77.1276
48.8998 49.5203 7.34148 6.03385 77.102
48.9998 49.5051 7.36712 6.04407 77.0764
49.0998 49.4897 7.3928 6.05428 77.0507
49.1998 49.4742 7.41852 6.06448 77.025
49.2998 49.4587 7.44428 6.07467 76.9992
49.3998 49.4429 7.47008 6.08484 76.9734
49.4998 49.4271 7.49592 6.095 76.9476
49.5998 49.4112 7.52179 6.10514 76.9217
49.6998 49.3951 7.54771 6.11527 76.8958
49.7998 49.3789 7.57366 6.12539 76.8698
49.8998 49.3626 7.59965 6.1355 76.8438
49.9998 49.3462 7.62568 6.14559 76.8178
50.0998 49.3297 7.65174 6.15567 76.7917
50.1998 49.313 7.67785 6.16573 76.7656
50.2998 49.2963 7.70399 6.17578 76.7395
50.3998 49.2794 7.73017 6.18582 76.7133
50.4998 49.2624 7.75639 6.19585 76.6871
50.5998 49.2453 7.78265 6.20586 76.6608
50.6998 49.2281 7.80894 6.21585 76.6345
50.7998 49.2108 7.83527 6.22584 76.6082
50.8998 49.1934 7.86164 6.23581 76.5818
50.9998 49.1759 7.88805 6.24576 76.5554
51.0998 49.1582 7.91449 6.2557 76.529
51.1998 49.1405 7.94097 6.26563 76.5025
51.2998 49.1226 7.96749 6.27555 76.476
51.3998 49.1047 7.99404 6.28545 76.4494
51.4998 49.0866 8.02063 6.29533 76.4228
51.5998 49.0684 8.04726 6.30521 76.3962
51.6998 49.0501 8.07393 6.31507 76.3696
51.7998 49.0317 8.10063 6.32491 76.3428
51.8998 49.0133 8.12737 6.33474 76.3161
51.9998 48.9947 8.15415 6.34456 76.2893
52.0998 48.976 8.18096 6.35436 76.2625
52.1998 48.9572 8.20781 6.36415 76.2357
52.2998 48.9383 8.2347 6.37393 76.2088
52.3998 48.9192 8.26162 6.38369 76.1819
52.4998 48.9001 8.28857 6.39344 76.1549
52.5998 48.8809 8.31557 6.40317 76.1279
52.6998 48.8616 8.3426 6.41289 76.1009
52.7998 48.8422 8.36967 6.42259 76.0738
52.8998 48.8227 8.39677 6.43228 76.0467
52.9998 48.8031 8.4239 6.44196 76.0196
53.0998 48.7834 8.45108 6.45162 75.9924
53.1998 48.7636 8.47829 6.46126 75.9652
53.2998 48.7437 8.50553 6.4709 75.9379
53.3998 48.7237 8.53281 6.48052 75.9107
53.4998 48.7036 8.56013 6.49012 75.8834
53.5998 48.6835 8.58748 6.49971 75.856
53.6998 48.6632 8.61486 6.50928 75.8286
53.7998 48.6428 8.64229 6.51884 75.8012
53.8997 48.6223 8.66974 6.52839 75.7737
53.9997 48.6018 8.69723 6.53792 75.7462
54.0997 48.5811 8.72476 6.54744 75.7187
54.1997 48.5604 8.75232 6.55694 75.6912
54.2997 48.5395 8.77992 6.56643 75.6636
54.3997 48.5186 8.80755 6.5759 75.6359
54.4997 48.4976 8.83521 6.58536 75.6083
54.5997 48.4765 8.86291 6.5948 75.5806
54.6997 48.4553 8.89064 6.60423 75.5528
54.7997 48.434 8.91841 6.61364 75.5251
54.8997 48.4126 8.94621 6.62304 75.4973
54.9997 48.3911 8.97405 6.63242 75.4694
55.0997 48.3696 9.00192 6.64179 75.4416
55.1997 48.3479 9.02982 6.65114 75.4137
55.2997 48.3262 9.05776 6.66048 75.3857
55.3997 48.3044 9.08573 6.66981 75.3577
55.4997 48.2825 9.11374 6.67912 75.3297
55.5997 48.2605 9.14178 6.68841 75.3017
55.6997 48.2384 9.16985 6.69769 75.2736
55.7997 48.2162 9.19796 6.70695 75.2455
55.8997 48.194 9.2261 6.7162 75.2174
55.9997 48.1716 9.25427 6.72543 75.1892
56.0997 48.1492 9.28247 6.73465 75.161
56.1997 48.1267 9.31071 6.74385 75.1328
56.2997 48.1041 9.33899 6.75304 75.1045
56.3997 48.0815 9.36729 6.76221 75.0762
56.4997 48.0587 9.39563 6.77137 75.0479
56.5997 48.0359 9.424 6.78051 75.0195
56.6997 48.0129 9.4524 6.78964 74.9911
56.7997 47.9899 9.48084 6.79875 74.9626
56.8997 47.9669 9.50931 6.80784 74.9342
56.9997 47.9437 9.53781 6.81692 74.9057
57.0997 47.9205 9.56634 6.82599 74.8771
57.1997 47.8972 9.59491 6.83504 74.8486
57.2997 47.8738 9.6235 6.84407 74.82
57.3997 47.8503 9.65213 6.85309 74.7913
57.4997 47.8267 9.68079 6.86209 74.7627
57.5997 47.8031 9.70949 6.87108 74.734
57.6997 47.7794 9.73821 6.88005 74.7053
57.7997 47.7556 9.76697 6.889 74.6765
57.8997 47.7317 9.79576 6.89794 74.6477
57.9997 47.7078 9.82458 6.90687 74.6189
58.0997 47.6837 9.85343 6.91577 74.5901
58.1997 47.6597 9.88231 6.92467 74.5612
58.2997 47.6355 9.91123 6.93354 74.5323
58.3997 47.6112 9.94017 6.9424 74.5033
58.4997 47.5869 9.96915 6.95125 74.4743
58.5997 47.5625 9.99815 6.96007 74.4453
58.6997 47.538 10.0272 6.96889 74.4163
58.7997 47.5135 10.0563 6.97768 74.3872
58.8997 47.4889 10.0854 6.98646 74.3581
58.9997 47.4642 10.1145 6.99523 74.329
59.0997 47.4394 10.1437 7.00398 74.2998
59.1997 47.4146 10.1728 7.01271 74.2706
59.2997 47.3897 10.2021 7.02142 74.2414
59.3997 47.3647 10.2313 7.03012 74.2122
59.4997 47.3396 10.2606 7.03881 74.1829
59.5997 47.3145 10.2899 7.04748 74.1536
59.6997 47.2893 10.3193 7.05613 74.1242
59.7997 47.2641 10.3486 7.06476 74.0949
59.8997 47.2387 10.378 7.07338 74.0654
59.9997 47.2133 10.4075 7.08198 74.036
60.0997 47.1879 10.4369 7.09057 74.0066
60.1997 47.1623 10.4664 7.09914 73.9771
60.2997 47.1367 10.4959 7.10769 73.9475
60.3997 47.111 10.5255 7.11623 73.918
60.4996 47.0853 10.5551 7.12475 73.8884
60.5996 47.0595 10.5847 7.13325 73.8588
60.6996 47.0336 10.6143 7.14174 73.8292
60.7996 47.0076 10.644 7.15021 73.7995
60.8996 46.9816 10.6737 7.15866 73.7698
60.9996 46.9555 10.7034 7.1671 73.7401
61.0996 46.9294 10.7332 7.17552 73.7103
61.1996 46.9031 10.7629 7.18392 73.6805
61.2996 46.8769 10.7927 7.19231 73.6507
61.3996 46.8505 10.8226 7.20068 73.6209
61.4996 46.8241 10.8525 7.20903 73.591
61.5996 46.7976 10.8824 7.21737 73.5611
61.6996 46.7711 10.9123 7.22569 73.5312
61.7996 46.7445 10.9422 7.23399 73.5013
61.8996 46.7178 10.9722 7.24228 73.4713
61.9996 46.6911 11.0022 7.25055 73.4413
62.0996 46.6643 11.0323 7.2588 73.4112
62.1996 46.6374 11.0623 7.26703 73.3812
62.2996 46.6105 11.0924 7.27525 73.3511
62.3996 46.5835 11.1225 7.28345 73.321
62.4996 46.5565 11.1527 7.29164 73.2908
62.5996 46.5293 11.1829 7.2998 73.2606
62.6996 46.5022 11.2131 7.30795 73.2304
62.7996 46.4749 11.2433 7.31609 73.2002
62.8996 46.4476 11.2735 7.3242 73.1699
62.9996 46.4203 11.3038 7.3323 73.1397
63.0996 46.3929 11.3341 7.34038 73.1094
63.1996 46.3654 11.3645 7.34844 73.079
63.2996 46.3379 11.3948 7.35649 73.0486
63.3996 46.3103 11.4252 7.36452 73.0183
63.4996 46.2826 11.4556 7.37253 72.9878
63.5996 46.2549 11.4861 7.38052 72.9574
63.6996 46.2271 11.5166 7.3885 72.9269
63.7996 46.1993 11.547 7.39646 72.8964
63.8996 46.1714 11.5776 7.4044 72.8659
63.9996 46.1435 11.6081 7.41232 72.8354
64.0996 46.1155 11.6387 7.42023 72.8048
64.1996 46.0874 11.6693 7.42812 72.7742
64.2996 46.0593 11.6999 7.43599 72.7436
64.3996 46.0311 11.7306 7.44384 72.7129
64.4996 46.0029 11.7612 7.45168 72.6822
64.5996 45.9746 11.7919 7.4595 72.6515
64.6996 45.9462 11.8227 7.4673 72.6208
64.7996 45.9178 11.8534 7.47508 72.59
64.8996 45.8894 11.8842 7.48284 72.5593
64.9996 45.8608 11.915 7.49059 72.5285
65.0996 45.8323 11.9458 7.49832 72.4976
65.1996 45.8036 11.9767 7.50603 72.4668
65.2996 45.775 12.0076 7.51373 72.4359
65.3996 45.7462 12.0385 7.5214 72.405
65.4996 45.7174 12.0694 7.52906 72.3741
65.5996 45.6886 12.1004 7.5367 72.3431
65.6996 45.6597 12.1313 7.54432 72.3121
65.7996 45.6307 12.1623 7.55192 72.2811
65.8996 45.6017 12.1934 7.55951 72.2501
65.9996 45.5727 12.2244 7.56707 72.2191
66.0996 45.5436 12.2555 7.57462 72.188
66.1996 45.5144 12.2866 7.58215 72.1569
66.2996 45.4852 12.3177 7.58966 72.1258
66.3996 45.4559 12.3489 7.59716 72.0946
66.4996 45.4266 12.38 7.60463 72.0634
66.5996 45.3972 12.4112 7.61209 72.0323
66.6996 45.3678 12.4424 7.61953 72.001
66.7996 45.3383 12.4737 7.62695 71.9698
66.8996 45.3088 12.505 7.63435 71.9385
66.9995 45.2792 12.5362 7.64174 71.9072
67.0995 45.2496 12.5676 7.6491 71.8759
67.1995 45.2199 12.5989 7.65645 71.8446
67.2995 45.1902 12.6302 7.66378 71.8132
67.3995 45.1604 12.6616 7.67109 71.7819
67.4995 45.1306 12.693 7.67838 71.7505
67.5995 45.1007 12.7244 7.68565 71.719
67.6995 45.0708 12.7559 7.69291 71.6876
67.7995 45.0408 12.7874 7.70014 71.6561
67.8995 45.0108 12.8189 7.70736 71.6246
67.9995 44.9807 12.8504 7.71456 71.5931
68.0995 44.9506 12.8819 7.72174 71.5616
68.1995 44.9204 12.9135 7.7289 71.53
68.2995 44.8902 12.9451 7.73604 71.4984
68.3995 44.8599 12.9767 7.74316 71.4668
68.4995 44.8296 13.0083 7.75027 71.4352
68.5995 44.7992 13.0399 7.75735 71.4035
68.6995 44.7688 13.0716 7.76442 71.3719
68.7995 44.7384 13.1033 7.77146 71.3402
68.8995 44.7078 13.135 7.77849 71.3085
68.9995 44.6773 13.1667 7.7855 71.2767
69.0995 44.6467 13.1985 7.79249 71.245
69.1995 44.616 13.2303 7.79946 71.2132
69.2995 44.5854 13.2621 7.80641 71.1814
69.3995 44.5546 13.2939 7.81335 71.1496
69.4995 44.5238 13.3257 7.82026 71.1178
69.5995 44.493 13.3576 7.82715 71.0859
69.6995 44.4621 13.3895 7.83403 71.054
69.7995 44.4312 13.4214 7.84088 71.0221
69.8995 44.4002 13.4533 7.84772 70.9902
69.9995 44.3692 13.4852 7.85454 70.9583
70.0995 44.3382 13.5172 7.86134 70.9263
70.1995 44.3071 13.5492 7.86811 70.8943
70.2995 44.2759 13.5812 7.87487 70.8623
70.3995 44.2447 13.6132 7.88161 70.8303
70.4995 44.2135 13.6452 7.88833 70.7982
70.5995 44.1822 13.6773 7.89503 70.7662
70.6995 44.1509 13.7094 7.90171 70.7341
70.7995 44.1195 13.7415 7.90838 70.702
70.8995 44.0881 13.7736 7.91502 70.6699
70.9995 44.0567 13.8057 7.92164 70.6377
71.0995 44.0252 13.8379 7.92824 70.6056
71.1995 43.9937 13.8701 7.93482 70.5734
71.2995 43.9621 13.9023 7.94139 70.5412
71.3995 43.9305 13.9345 7.94793 70.509
71.4995 43.8988 13.9667 7.95445 70.4767
71.5995 43.8671 13.999 7.96096 70.4445
71.6995 43.8354 14.0313 7.96744 70.4122
71.7995 43.8036 14.0636 7.97391 70.3799
71.8995 43.7717 14.0959 7.98035 70.3476
71.9995 43.7399 14.1282 7.98678 70.3153
72.0995 43.708 14.1605 7.99318 70.2829
72.1995 43.676 14.1929 7.99956 70.2506
72.2995 43.644 14.2253 8.00593 70.2182
72.3995 43.612 14.2577 8.01227 70.1858
72.4995 43.5799 14.2901 8.0186 70.1534
72.5995 43.5478 14.3225 8.0249 70.1209
72.6995 43.5156 14.355 8.03119 70.0885
72.7995 43.4834 14.3875 8.03745 70.056
72.8995 43.4512 14.42 8.04369 70.0235
72.9995 43.4189 14.4525 8.04992 69.991
73.0995 43.3866 14.485 8.05612 69.9585
73.1995 43.3542 14.5175 8.0623 69.9259
73.2995 43.3219 14.5501 8.06847 69.8934
73.3995 43.2894 14.5827 8.07461 69.8608
73.4995 43.2569 14.6153 8.08073 69.8282
73.5994 43.2244 14.6479 8.08683 69.7956
73.6994 43.1919 14.6805 8.09291 69.763
73.7994 43.1593 14.7132 8.09897 69.7303
73.8994 43.1267 14.7458 8.10501 69.6977
73.9994 43.094 14.7785 8.11103 69.665
74.0994 43.0613 14.8112 8.11703 69.6323
74.1994 43.0286 14.8439 8.12301 69.5996
74.2994 42.9958 14.8766 8.12897 69.5669
74.3994 42.963 14.9094 8.13491 69.5341
74.4994 42.9301 14.9421 8.14082 69.5014
74.5994 42.8972 14.9749 8.14672 69.4686
74.6994 42.8643 15.0077 8.15259 69.4358
74.7994 42.8313 15.0405 8.15845 69.403
74.8994 42.7983 15.0733 8.16428 69.3702
74.9994 42.7653 15.1062 8.1701 69.3373
75.0994 42.7322 15.139 8.17589 69.3045
75.1994 42.6991 15.1719 8.18166 69.2716
75.2994 42.666 15.2048 8.18741 69.2387
75.3994 42.6328 15.2376 8.19314 69.2058
75.4994 42.5996 15.2706 8.19885 69.1729
75.5994 42.5663 15.3035 8.20453 69.14
75.6994 42.533 15.3364 8.2102 69.1071
75.7994 42.4997 15.3694 8.21585 69.0741
75.8994 42.4663 15.4024 8.22147 69.0411
75.9994 42.4329 15.4353 8.22707 69.0081
76.0994 42.3995 15.4683 8.23265 68.9751
76.1994 42.366 15.5014 8.23822 68.9421
76.2994 42.3325 15.5344 8.24376 68.9091
76.3994 42.299 15.5674 8.24927 68.8761
76.4994 42.2654 15.6005 8.25477 68.843
76.5994 42.2318 15.6336 8.26025 68.8099
76.6994 42.1982 15.6666 8.2657 68.7768
76.7994 42.1645 15.6997 8.27113 68.7437
76.8994 42.1308 15.7328 8.27655 68.7106
76.9994 42.0971 15.766 8.28194 68.6775
77.0994 42.0633 15.7991 8.28731 68.6444
77.1994 42.0295 15.8323 8.29265 68.6112
77.2994 41.9956 15.8654 8.29798 68.5781
77.3994 41.9618 15.8986 8.30328 68.5449
77.4994 41.9278 15.9318 8.30857 68.5117
77.5994 41.8939 15.965 8.31383 68.4785
77.6994 41.8599 15.9982 8.31907 68.4453
77.7994 41.8259 16.0314 8.32429 68.412
77.8994 41.7919 16.0647 8.32948 68.3788
77.9994 41.7578 16.0979 8.33466 68.3456
78.0994 41.7237 16.1312 8.33981 68.3123
78.1994 41.6896 16.1645 8.34494 68.279
78.2994 41.6554 16.1978 8.35005 68.2457
78.3994 41.6212 16.2311 8.35514 68.2124
78.4994 41.5869 16.2644 8.36021 68.1791
78.5994 41.5527 16.2977 8.36525 68.1458
78.6994 41.5184 16.331 8.37027 68.1124
78.7994 41.484 16.3644 8.37527 68.0791
78.8994 41.4497 16.3978 8.38025 68.0457
78.9994 41.4153 16.4311 8.38521 68.0124
79.0994 41.3809 16.4645 8.39014 67.979
79.1994 41.3464 16.4979 8.39505 67.9456
79.2994 41.3119 16.5313 8.39994 67.9122
79.3994 41.2774 16.5647 8.40481 67.8788
79.4994 41.2428 16.5982 8.40966 67.8453
79.5994 41.2083 16.6316 8.41448 67.8119
79.6994 41.1737 16.665 8.41928 67.7784
79.7994 41.139 16.6985 8.42406 67.745
79.8994 41.1043 16.732 8.42882 67.7115
79.9994 41.0696 16.7654 8.43355 67.678
80.0993 41.0349 16.7989 8.43827 67.6445
80.1993 41.0001 16.8324 8.44296 67.611
80.2993 40.9654 16.866 8.44762 67.5775
80.3993 40.9305 16.8995 8.45227 67.544
80.4993 40.8957 16.933 8.45689 67.5105
80.5993 40.8608 16.9665 8.46149 67.4769
80.6993 40.8259 17.0001 8.46607 67.4434
80.7993 40.7909 17.0337 8.47063 67.4098
80.8993 40.756 17.0672 8.47516 67.3763
80.9993 40.721 17.1008 8.47967 67.3427
81.0993 40.6859 17.1344 8.48416 67.3091
81.1993 40.6509 17.168 8.48862 67.2755
81.2993 40.6158 17.2016 8.49307 67.2419
81.3993 40.5807 17.2352 8.49749 67.2083
81.4993 40.5455 17.2688 8.50188 67.1746
81.5993 40.5104 17.3025 8.50626 67.141
81.6993 40.4752 17.3361 8.51061 67.1074
81.7993 40.4399 17.3698 8.51494 67.0737
81.8993 40.4047 17.4034 8.51924 67.0401
81.9993 40.3694 17.4371 8.52353 67.0064
82.0993 40.3341 17.4708 8.52779 66.9727
82.1993 40.2988 17.5045 8.53202 66.939
82.2993 40.2634 17.5381 8.53624 66.9053
82.3993 40.228 17.5718 8.54043 66.8716
82.4993 40.1926 17.6056 8.5446 66.8379
82.5993 40.1571 17.6393 8.54874 66.8042
82.6993 40.1216 17.673 8.55287 66.7705
82.7993 40.0861 17.7067 8.55696 66.7368
82.8993 40.0506 17.7405 8.56104 66.703
82.9993 40.015 17.7742 8.56509 66.6693
83.0993 39.9794 17.808 8.56912 66.6355
83.1993 39.9438 17.8417 8.57313 66.6018
83.2993 39.9082 17.8755 8.57711 66.568
83.3993 39.8725 17.9093 8.58107 66.5342
83.4993 39.8368 17.943 8.58501 66.5004
83.5993 39.8011 17.9768 8.58892 66.4667
83.6993 39.7654 18.0106 8.59281 66.4329
83.7993 39.7296 18.0444 8.59668 66.3991
83.8993 39.6938 18.0782 8.60052 66.3653
83.9993 39.658 18.112 8.60434 66.3314
84.0993 39.6221 18.1459 8.60814 66.2976
84.1993 39.5862 18.1797 8.61191 66.2638
84.2993 39.5503 18.2135 8.61566 66.23
84.3993 39.5144 18.2474 8.61939 66.1961
84.4993 39.4784 18.2812 8.62309 66.1623
84.5993 39.4425 18.315 8.62677 66.1284
84.6993 39.4065 18.3489 8.63043 66.0946
84.7993 39.3704 18.3828 8.63406 66.0607
84.8993 39.3344 18.4166 8.63767 66.0269
84.9993 39.2983 18.4505 8.64125 65.993
85.0993 39.2622 18.4844 8.64481 65.9591
85.1993 39.226 18.5183 8.64835 65.9252
85.2993 39.1899 18.5521 8.65186 65.8913
85.3993 39.1537 18.586 8.65535 65.8575
85.4993 39.1175 18.6199 8.65881 65.8236
85.5993 39.0813 18.6538 8.66226 65.7897
85.6993 39.045 18.6877 8.66567 65.7557
85.7993 39.0087 18.7216 8.66907 65.7218
85.8993 38.9724 18.7556 8.67244 65.6879
85.9993 38.9361 18.7895 8.67578 65.654
86.0993 38.8997 18.8234 8.6791 65.6201
86.1993 38.8634 18.8573 8.6824 65.5862
86.2993 38.827 18.8912 8.68567 65.5522
86.3993 38.7905 18.9252 8.68892 65.5183
86.4993 38.7541 18.9591 8.69215 65.4844
86.5993 38.7176 18.9931 8.69535 65.4504
86.6992 38.6811 19.027 8.69853 65.4165
86.7992 38.6446 19.061 8.70168 65.3825
86.8992 38.6081 19.0949 8.70481 65.3486
86.9992 38.5715 19.1289 8.70791 65.3146
87.0992 38.5349 19.1628 8.71099 65.2807
87.1992 38.4983 19.1968 8.71405 65.2467
87.2992 38.4616 19.2307 8.71708 65.2127
87.3992 38.425 19.2647 8.72008 65.1788
87.4992 38.3883 19.2987 8.72307 65.1448
87.5992 38.3516 19.3326 8.72603 65.1108
87.6992 38.3149 19.3666 8.72896 65.0769
87.7992 38.2781 19.4006 8.73187 65.0429
87.8992 38.2413 19.4346 8.73475 65.0089
87.9992 38.2045 19.4686 8.73761 64.9749
88.0992 38.1677 19.5025 8.74045 64.9409
88.1992 38.1309 19.5365 8.74326 64.907
88.2992 38.094 19.5705 8.74604 64.873
88.3992 38.0571 19.6045 8.74881 64.839
88.4992 38.0202 19.6385 8.75154 64.805
88.5992 37.9833 19.6725 8.75425 64.771
88.6992 37.9463 19.7065 8.75694 64.737
88.7992 37.9093 19.7405 8.7596 64.703
88.8992 37.8723 19.7745 8.76224 64.669
88.9992 37.8353 19.8085 8.76486 64.635
89.0992 37.7983 19.8425 8.76744 64.601
89.1992 37.7612 19.8765 8.77001 64.567
89.2992 37.7241 19.9105 8.77255 64.533
89.3992 37.687 19.9445 8.77506 64.499
89.4992 37.6499 19.9785 8.77755 64.465
89.5992 37.6127 20.0125 8.78001 64.431
89.6992 37.5756 20.0465 8.78245 64.397
89.7992 37.5384 20.0805 8.78486 64.363
89.8992 37.5012 20.1145 8.78725 64.329
89.9992 37.4639 20.1485 8.78962 64.295
90.0992 37.4267 20.1825 8.79195 64.261
90.1992 37.3894 20.2165 8.79427 64.227
90.2992 37.3521 20.2505 8.79655 64.193
90.3992 37.3148 20.2845 8.79882 64.159
90.4992 37.2774 20.3185 8.80106 64.125
90.5992 37.2401 20.3525 8.80327 64.091
90.6992 37.2027 20.3865 8.80545 64.057
90.7992 37.1653 20.4205 8.80762 64.023
90.8992 37.1279 20.4545 8.80975 63.989
90.9992 37.0904 20.4885 8.81186 63.955
91.0992 37.053 20.5225 8.81395 63.921
91.1992 37.0155 20.5565 8.81601 63.887
91.2992 36.978 20.5905 8.81805 63.853
91.3992 36.9405 20.6245 8.82005 63.819
91.4992 36.9029 20.6585 8.82204 63.785
91.5992 36.8653 20.6924 8.824 63.751
91.6992 36.8278 20.7264 8.82593 63.7171
91.7992 36.7902 20.7604 8.82784 63.6831
91.8992 36.7525 20.7944 8.82972 63.6491
91.9992 36.7149 20.8284 8.83158 63.6151
92.0992 36.6772 20.8624 8.83341 63.5811
92.1992 36.6395 20.8963 8.83521 63.5471
92.2992 36.6018 20.9303 8.83699 63.5132
92.3992 36.5641 20.9643 8.83874 63.4792
92.4992 36.5264 20.9983 8.84047 63.4452
92.5992 36.4886 21.0322 8.84217 63.4112
92.6992 36.4508 21.0662 8.84385 63.3773
92.7992 36.413 21.1002 8.8455 63.3433
92.8992 36.3752 21.1341 8.84713 63.3094
92.9992 36.3374 21.1681 8.84872 63.2754
93.0992 36.2995 21.202 8.8503 63.2414
93.1992 36.2617 21.236 8.85184 63.2075
93.2991 36.2238 21.2699 8.85336 63.1735
93.3991 36.1858 21.3039 8.85486 63.1396
93.4991 36.1479 21.3378 8.85633 63.1057
93.5991 36.11 21.3718 8.85777 63.0717
93.6991 36.072 21.4057 8.85919 63.0378
93.7991 36.034 21.4396 8.86058 63.0039
93.8991 35.996 21.4735 8.86194 62.9699
93.9991 35.958 21.5075 8.86328 62.936
94.0991 35.9199 21.5414 8.8646 62.9021
94.1991 35.8819 21.5753 8.86588 62.8682
94.2991 35.8438 21.6092 8.86714 62.8343
94.3991 35.8057 21.6431 8.86838 62.8004
94.4991 35.7676 21.677 8.86958 62.7665
94.5991 35.7294 21.7109 8.87077 62.7326
94.6991 35.6913 21.7448 8.87192 62.6987
94.7991 35.6531 21.7787 8.87305 62.6648
94.8991 35.6149 21.8126 8.87415 62.6309
94.9991 35.5767 21.8464 8.87523 62.597
95.0991 35.5385 21.8803 8.87628 62.5632
95.1991 35.5003 21.9142 8.8773 62.5293
95.2991 35.462 21.948 8.8783 62.4954
95.3991 35.4237 21.9819 8.87927 62.4616
95.4991 35.3854 22.0157 8.88021 62.4277
95.5991 35.3471 22.0496 8.88113 62.3939
95.6991 35.3088 22.0834 8.88202 62.3601
95.7991 35.2705 22.1173 8.88288 62.3262
95.8991 35.2321 22.1511 8.88372 62.2924
95.9991 35.1937 22.1849 8.88453 62.2586
96.0991 35.1553 22.2187 8.88532 62.2248
96.1991 35.1169 22.2525 8.88608 62.191
96.2991 35.0785 22.2863 8.88681 62.1572
96.3991 35.04 22.3201 8.88751 62.1234
96.4991 35.0015 22.3539 8.88819 62.0896
96.5991 34.9631 22.3877 8.88884 62.0558
96.6991 34.9246 22.4215 8.88946 62.022
96.7991 34.886 22.4552 8.89006 61.9883
96.8991 34.8475 22.489 8.89063 61.9545
96.9991 34.809 22.5227 8.89118 61.9207
97.0991 34.7704 22.5565 8.89169 61.887
97.1991 34.7318 22.5902 8.89218 61.8533
97.2991 34.6932 22.624 8.89264 61.8195
97.3991 34.6546 22.6577 8.89308 61.7858
97.4991 34.616 22.6914 8.89349 61.7521
97.5991 34.5773 22.7251 8.89387 61.7184
97.6991 34.5386 22.7588 8.89423 61.6847
97.7991 34.5 22.7925 8.89455 61.651
97.8991 34.4613 22.8262 8.89486 61.6173
97.9991 34.4226 22.8599 8.89513 61.5836
98.0991 34.3838 22.8935 8.89538 61.55
98.1991 34.3451 22.9272 8.8956 61.5163
98.2991 34.3063 22.9608 8.89579 61.4827
98.3991 34.2675 22.9945 8.89595 61.449
98.4991 34.2287 23.0281 8.89609 61.4154
98.5991 34.1899 23.0617 8.8962 61.3818
98.6991 34.1511 23.0953 8.89629 61.3481
98.7991 34.1123 23.129 8.89634 61.3145
98.8991 34.0734 23.1626 8.89637 61.2809
98.9991 34.0345 23.1961 8.89637 61.2473
99.0991 33.9956 23.2297 8.89635 61.2138
99.1991 33.9567 23.2633 8.89629 61.1802
99.2991 33.9178 23.2968 8.89621 61.1466
99.3991 33.8789 23.3304 8.89611 61.1131
99.4991 33.8399 23.3639 8.89597 61.0795
99.5991 33.801 23.3975 8.89581 61.046
99.6991 33.762 23.431 8.89562 61.0125
99.799 33.723 23.4645 8.8954 60.979
99.899 33.684 23.498 8.89515 60.9455
99.999 33.6449 23.5315 8.89488 60.912
100.099 33.6059 23.565 8.89458 60.8785
100.199 33.5668 23.5984 8.89425 60.845
100.299 33.5278 23.6319 8.8939 60.8116
100.399 33.4887 23.6654 8.89352 60.7781
100.499 33.4496 23.6988 8.8931 60.7447
100.599 33.4105 23.7322 8.89267 60.7113
100.699 33.3713 23.7656 8.8922 60.6778
100.799 33.3322 23.799 8.89171 60.6444
100.899 33.293 23.8324 8.89119 60.611
100.999 33.2539 23.8658 8.89064 60.5777
101.099 33.2147 23.8992 8.89006 60.5443
101.199 33.1755 23.9326 8.88945 60.5109
101.299 33.1362 23.9659 8.88882 60.4776
101.399 33.097 23.9992 8.88816 60.4442
101.499 33.0578 24.0326 8.88747 60.4109
101.599 33.0185 24.0659 8.88676 60.3776
101.699 32.9792 24.0992 8.88601 60.3443
101.799 32.9399 24.1325 8.88524 60.311
101.899 32.9006 24.1658 8.88444 60.2777
101.999 32.8613 24.199 8.88361 60.2445
102.099 32.822 24.2323 8.88276 60.2112
102.199 32.7826 24.2655 8.88187 60.178
102.299 32.7433 24.2987 8.88096 60.1447
102.399 32.7039 24.332 8.88002 60.1115
102.499 32.6645 24.3652 8.87905 60.0783
102.599 32.6251 24.3984 8.87806 60.0451
102.699 32.5857 24.4315 8.87703 60.0119
102.799 32.5462 24.4647 8.87598 59.9788
102.899 32.5068 24.4978 8.8749 59.9456
102.999 32.4673 24.531 8.87379 59.9125
103.099 32.4279 24.5641 8.87265 59.8794
103.199 32.3884 24.5972 8.87149 59.8463
103.299 32.3489 24.6303 8.87029 59.8132
103.399 32.3094 24.6634 8.86907 59.7801
103.499 32.2698 24.6965 8.86782 59.747
103.599 32.2303 24.7295 8.86654 59.7139
103.699 32.1907 24.7626 8.86524 59.6809
103.799 32.1512 24.7956 8.8639 59.6479
103.899 32.1116 24.8286 8.86254 59.6149
103.999 32.072 24.8616 8.86115 59.5819
104.099 32.0324 24.8946 8.85973 59.5489
104.199 31.9928 24.9276 8.85828 59.5159
104.299 31.9531 24.9605 8.8568 59.483
104.399 31.9135 24.9935 8.8553 59.45
104.499 31.8738 25.0264 8.85376 59.4171
104.599 31.8342 25.0593 8.8522 59.3842
104.699 31.7945 25.0922 8.85061 59.3513
104.799 31.7548 25.1251 8.84899 59.3184
104.899 31.7151 25.158 8.84735 59.2855
104.999 31.6753 25.1908 8.84567 59.2527
105.099 31.6356 25.2236 8.84396 59.2198
105.199 31.5958 25.2565 8.84223 59.187
105.299 31.5561 25.2893 8.84047 59.1542
105.399 31.5163 25.3221 8.83868 59.1214
105.499 31.4765 25.3548 8.83686 59.0886
105.599 31.4367 25.3876 8.83501 59.0559
105.699 31.3969 25.4203 8.83313 59.0231
105.799 31.3571 25.4531 8.83123 58.9904
105.899 31.3172 25.4858 8.8293 58.9577
105.999 31.2774 25.5185 8.82733 58.925
106.099 31.2375 25.5511 8.82534 58.8923
106.199 31.1976 25.5838 8.82332 58.8597
106.299 31.1577 25.6164 8.82127 58.827
106.399 31.1178 25.6491 8.81919 58.7944
106.499 31.0779 25.6817 8.81709 58.7618
106.599 31.038 25.7143 8.81495 58.7292
106.699 30.9981 25.7469 8.81279 58.6966
106.799 30.9581 25.7794 8.81059 58.6641
106.899 30.9181 25.812 8.80837 58.6315
106.999 30.8782 25.8445 8.80612 58.599
107.099 30.8382 25.877 8.80384 58.5665
107.199 30.7982 25.9095 8.80153 58.534
107.299 30.7582 25.942 8.79919 58.5015
107.399 30.7182 25.9744 8.79683 58.4691
107.499 30.6781 26.0069 8.79443 58.4366
107.599 30.6381 26.0393 8.79201 58.4042
107.699 30.598 26.0717 8.78955 58.3718
107.799 30.5579 26.1041 8.78707 58.3394
107.899 30.5179 26.1364 8.78456 58.3071
107.999 30.4778 26.1688 8.78202 58.2747
108.099 30.4377 26.2011 8.77945 58.2424
108.199 30.3975 26.2334 8.77685 58.2101
108.299 30.3574 26.2657 8.77422 58.1778
108.399 30.3173 26.298 8.77156 58.1455
108.499 30.2771 26.3302 8.76888 58.1132
108.599 30.237 26.3625 8.76616 58.081
108.699 30.1968 26.3947 8.76341 58.0488
108.799 30.1566 26.4269 8.76064 58.0166
108.899 30.1164 26.4591 8.75784 57.9844
108.999 30.0762 26.4912 8.755 57.9523
109.099 30.036 26.5234 8.75214 57.9201
109.199 29.9957 26.5555 8.74925 57.888
109.299 29.9555 26.5876 8.74633 57.8559
109.399 29.9152 26.6197 8.74338 57.8238
109.499 29.875 26.6517 8.7404 57.7917
109.599 29.8347 26.6838 8.73739 57.7597
109.699 29.7944 26.7158 8.73436 57.7277
109.799 29.7541 26.7478 8.73129 57.6957
109.899 29.7138 26.7798 8.72819 57.6637
109.999 29.6735 26.8117 8.72507 57.6317
110.099 29.6331 26.8437 8.72191 57.5998
110.199 29.5928 26.8756 8.71873 57.5679
110.299 29.5524 26.9075 8.71551 57.536
110.399 29.5121 26.9394 8.71227 57.5041
110.499 29.4717 26.9713 8.709 57.4722
110.599 29.4313 27.0031 8.7057 57.4404
110.699 29.3909 27.0349 8.70236 57.4086
110.799 29.3505 27.0667 8.699 57.3768
110.899 29.3101 27.0985 8.69561 57.345
110.999 29.2697 27.1302 8.69219 57.3132
111.099 29.2292 27.162 8.68874 57.2815
111.199 29.1888 27.1937 8.68526 57.2498
111.299 29.1483 27.2254 8.68176 57.2181
111.399 29.1078 27.257 8.67822 57.1864
111.499 29.0673 27.2887 8.67465 57.1548
111.599 29.0269 27.3203 8.67105 57.1232
111.699 28.9863 27.3519 8.66742 57.0916
111.799 28.9458 27.3835 8.66377 57.06
111.899 28.9053 27.4151 8.66008 57.0284
111.999 28.8648 27.4466 8.65637 56.9969
112.099 28.8242 27.4781 8.65262 56.9654
112.199 28.7837 27.5096 8.64884 56.9339
112.299 28.7431 27.5411 8.64504 56.9024
112.399 28.7025 27.5725 8.64121 56.8709
112.499 28.6619 27.604 8.63734 56.8395
112.599 28.6213 27.6354 8.63345 56.8081
112.699 28.5807 27.6667 8.62952 56.7767
112.799 28.5401 27.6981 8.62557 56.7454
112.899 28.4995 27.7294 8.62159 56.714
112.999 28.4589 27.7607 8.61757 56.6827
113.099 28.4182 27.792 8.61353 56.6514
113.199 28.3776 27.8233 8.60946 56.6202
113.299 28.3369 27.8545 8.60536 56.5889
113.399 28.2962 27.8858 8.60122 56.5577
113.499 28.2555 27.917 8.59706 56.5265
113.599 28.2148 27.9481 8.59287 56.4954
113.699 28.1741 27.9793 8.58865 56.4642
113.799 28.1334 28.0104 8.5844 56.4331
113.899 28.0927 28.0415 8.58012 56.402
113.999 28.0519 28.0726 8.57581 56.3709
114.099 28.0112 28.1036 8.57147 56.3399
114.199 27.9704 28.1346 8.56709 56.3088
114.299 27.9297 28.1656 8.56269 56.2778
114.399 27.8889 28.1966 8.55826 56.2469
114.499 27.8481 28.2276 8.5538 56.2159
114.599 27.8073 28.2585 8.54931 56.185
114.699 27.7665 28.2894 8.54479 56.1541
114.799 27.7257 28.3203 8.54024 56.1232
114.899 27.6849 28.3511 8.53566 56.0923
114.999 27.6441 28.382 8.53105 56.0615
115.099 27.6032 28.4128 8.52641 56.0307
115.199 27.5624 28.4436 8.52174 55.9999
115.299 27.5215 28.4743 8.51704 55.9692
115.399 27.4806 28.505 8.51231 55.9384
115.499 27.4398 28.5357 8.50755 55.9077
115.599 27.3989 28.5664 8.50276 55.8771
115.699 27.358 28.5971 8.49794 55.8464
115.799 27.3171 28.6277 8.49309 55.8158
115.899 27.2761 28.6583 8.48821 55.7852
115.999 27.2352 28.6889 8.4833 55.7546
116.099 27.1943 28.7194 8.47836 55.7241
116.199 27.1533 28.7499 8.47339 55.6935
116.299 27.1124 28.7804 8.46839 55.663
116.399 27.0714 28.8109 8.46336 55.6326
116.499 27.0305 28.8414 8.4583 55.6021
116.599 26.9895 28.8718 8.45321 55.5717
116.699 26.9485 28.9022 8.44809 55.5413
116.799 26.9075 28.9325 8.44294 55.5109
116.899 26.8665 28.9629 8.43776 55.4806
116.999 26.8255 28.9932 8.43255 55.4503
117.099 26.7845 29.0235 8.42731 55.42
117.199 26.7434 29.0537 8.42204 55.3898
117.299 26.7024 29.0839 8.41674 55.3595
117.399 26.6613 29.1141 8.41141 55.3293
117.499 26.6203 29.1443 8.40604 55.2992
117.599 26.5792 29.1745 8.40065 55.269
117.699 26.5381 29.2046 8.39523 55.2389
117.799 26.497 29.2347 8.38978 55.2088
117.899 26.456 29.2647 8.3843 55.1787
117.999 26.4148 29.2948 8.37879 55.1487
118.099 26.3737 29.3248 8.37324 55.1187
118.199 26.3326 29.3548 8.36767 55.0887
118.299 26.2915 29.3847 8.36207 55.0588
118.399 26.2504 29.4147 8.35644 55.0288
118.499 26.2092 29.4445 8.35077 54.9989
118.599 26.1681 29.4744 8.34508 54.9691
118.699 26.1269 29.5043 8.33936 54.9392
118.799 26.0857 29.5341 8.3336 54.9094
118.899 26.0445 29.5639 8.32782 54.8796
118.999 26.0034 29.5936 8.32201 54.8499
119.099 25.9622 29.6233 8.31616 54.8202
119.199 25.921 29.653 8.31029 54.7905
119.299 25.8797 29.6827 8.30438 54.7608
119.399 25.8385 29.7123 8.29845 54.7311
119.499 25.7973 29.7419 8.29248 54.7015
119.599 25.7561 29.7715 8.28649 54.672
119.699 25.7148 29.8011 8.28046 54.6424
119.799 25.6736 29.8306 8.27441 54.6129
119.899 25.6323 29.8601 8.26832 54.5834
119.999 25.591 29.8895 8.26221 54.5539
120.099 25.5498 29.919 8.25606 54.5245
120.199 25.5085 29.9484 8.24988 54.4951
120.299 25.4672 29.9778 8.24368 54.4657
120.399 25.4259 30.0071 8.23744 54.4364
120.499 25.3846 30.0364 8.23117 54.4071
120.599 25.3432 30.0657 8.22487 54.3778
120.699 25.3019 30.0949 8.21855 54.3485
120.799 25.2606 30.1242 8.21219 54.3193
120.899 25.2193 30.1534 8.2058 54.2901
120.999 25.1779 30.1825 8.19938 54.261
121.099 25.1365 30.2117 8.19293 54.2318
121.199 25.0952 30.2408 8.18645 54.2027
121.299 25.0538 30.2698 8.17995 54.1737
121.399 25.0124 30.2989 8.17341 54.1446
121.499 24.971 30.3279 8.16684 54.1156
121.599 24.9296 30.3568 8.16024 54.0866
121.699 24.8882 30.3858 8.15361 54.0577
121.799 24.8468 30.4147 8.14695 54.0288
121.899 24.8054 30.4436 8.14025 53.9999
121.999 24.764 30.4724 8.13353 53.971
122.099 24.7226 30.5013 8.12678 53.9422
122.199 24.6811 30.5301 8.12 53.9134
122.299 24.6397 30.5588 8.11319 53.8847
122.399 24.5982 30.5875 8.10635 53.8559
122.499 24.5567 30.6162 8.09948 53.8272
122.599 24.5153 30.6449 8.09257 53.7986
122.699 24.4738 30.6735 8.08564 53.77
122.799 24.4323 30.7021 8.07868 53.7414
122.899 24.3908 30.7307 8.07168 53.7128
122.999 24.3493 30.7592 8.06466 53.6843
123.099 24.3078 30.7877 8.05761 53.6558
123.199 24.2663 30.8162 8.05052 53.6273
123.299 24.2248 30.8446 8.04341 53.5989
123.399 24.1832 30.873 8.03626 53.5704
123.499 24.1417 30.9014 8.02909 53.5421
123.599 24.1001 30.9297 8.02189 53.5137
123.699 24.0586 30.958 8.01465 53.4854
123.799 24.017 30.9863 8.00738 53.4572
123.899 23.9755 31.0146 8.00009 53.4289
123.999 23.9339 31.0428 7.99276 53.4007
124.099 23.8923 31.0709 7.98541 53.3725
124.199 23.8507 31.0991 7.97802 53.3444
124.299 23.8091 31.1272 7.97061 53.3163
124.399 23.7675 31.1553 7.96316 53.2882
124.499 23.7259 31.1833 7.95568 53.2602
124.599 23.6843 31.2113 7.94818 53.2322
124.699 23.6427 31.2393 7.94064 53.2042
124.799 23.6011 31.2672 7.93307 53.1763
124.899 23.5594 31.2951 7.92547 53.1484
124.999 23.5178 31.323 7.91785 53.1205
125.099 23.4761 31.3508 7.91019 53.0927
125.199 23.4345 31.3786 7.9025 53.0649
125.299 23.3928 31.4064 7.89478 53.0371
125.399 23.3511 31.4341 7.88703 53.0093
125.499 23.3094 31.4618 7.87926 52.9816
125.599 23.2678 31.4895 7.87145 52.954
125.699 23.2261 31.5171 7.86361 52.9264
125.799 23.1844 31.5447 7.85574 52.8988
125.899 23.1427 31.5723 7.84784 52.8712
125.999 23.1009 31.5998 7.83991 52.8437
126.099 23.0592 31.6273 7.83195 52.8162
126.199 23.0175 31.6548 7.82396 52.7887
126.299 22.9758 31.6822 7.81594 52.7613
126.399 22.934 31.7096 7.80789 52.7339
126.499 22.8923 31.7369 7.79982 52.7066
126.599 22.8505 31.7642 7.79171 52.6792
126.699 22.8088 31.7915 7.78357 52.652
126.799 22.767 31.8188 7.7754 52.6247
126.899 22.7252 31.846 7.7672 52.5975
126.999 22.6835 31.8731 7.75897 52.5703
127.099 22.6417 31.9003 7.75071 52.5432
127.199 22.5999 31.9274 7.74242 52.5161
127.299 22.5581 31.9545 7.7341 52.489
127.399 22.5163 31.9815 7.72575 52.462
127.499 22.4745 32.0085 7.71737 52.435
127.599 22.4326 32.0354 7.70896 52.408
127.699 22.3908 32.0624 7.70052 52.3811
127.799 22.349 32.0892 7.69205 52.3542
127.899 22.3072 32.1161 7.68355 52.3274
127.999 22.2653 32.1429 7.67502 52.3006
128.099 22.2235 32.1697 7.66646 52.2738
128.199 22.1816 32.1964 7.65787 52.2471
128.299 22.1397 32.2231 7.64925 52.2203
128.399 22.0979 32.2498 7.6406 52.1937
128.499 22.056 32.2764 7.63192 52.167
128.599 22.0141 32.303 7.62321 52.1405
128.699 21.9722 32.3296 7.61447 52.1139
128.799 21.9303 32.3561 7.6057 52.0874
128.899 21.8884 32.3826 7.5969 52.0609
128.999 21.8465 32.409 7.58807 52.0344
129.099 21.8046 32.4354 7.57921 52.008
129.199 21.7627 32.4618 7.57032 51.9817
129.299 21.7207 32.4881 7.56141 51.9553
129.399 21.6788 32.5144 7.55246 51.929
129.499 21.6369 32.5407 7.54348 51.9028
129.599 21.5949 32.5669 7.53447 51.8766
129.699 21.553 32.5931 7.52543 51.8504
129.799 21.511 32.6193 7.51637 51.8242
129.899 21.4691 32.6454 7.50727 51.7981
129.999 21.4271 32.6714 7.49814 51.7721
130.099 21.3851 32.6975 7.48898 51.746
130.199 21.3431 32.7235 7.4798 51.72
130.299 21.3012 32.7494 7.47058 51.6941
130.399 21.2592 32.7753 7.46134 51.6682
130.499 21.2172 32.8012 7.45206 51.6423
130.599 21.1752 32.827 7.44276 51.6164
130.699 21.1331 32.8528 7.43342 51.5906
130.799 21.0911 32.8786 7.42406 51.5649
130.899 21.0491 32.9043 7.41466 51.5392
130.999 21.0071 32.93 7.40524 51.5135
131.099 20.965 32.9557 7.39579 51.4878
131.199 20.923 32.9813 7.3863 51.4622
131.299 20.881 33.0068 7.37679 51.4367
131.399 20.8389 33.0324 7.36725 51.4111
131.499 20.7969 33.0578 7.35768 51.3856
131.599 20.7548 33.0833 7.34808 51.3602
131.699 20.7127 33.1087 7.33845 51.3348
131.799 20.6707 33.1341 7.32879 51.3094
131.899 20.6286 33.1594 7.3191 51.2841
131.999 20.5865 33.1847 7.30938 51.2588
132.099 20.5444 33.2099 7.29963 51.2335
132.199 20.5023 33.2352 7.28986 51.2083
132.299 20.4602 33.2603 7.28005 51.1832
132.399 20.4181 33.2855 7.27021 51.158
132.499 20.376 33.3106 7.26035 51.1329
132.599 20.3339 33.3356 7.25045 51.1079
132.699 20.2918 33.3606 7.24053 51.0829
132.799 20.2496 33.3856 7.23058 51.0579
132.899 20.2075 33.4105 7.2206 51.033
132.999 20.1654 33.4354 7.21058 51.0081
133.099 20.1232 33.4603 7.20054 50.9832
133.199 20.0811 33.4851 7.19047 50.9584
133.299 20.0389 33.5098 7.18037 50.9336
133.399 19.9967 33.5346 7.17025 50.9089
133.499 19.9546 33.5593 7.16009 50.8842
133.599 19.9124 33.5839 7.1499 50.8596
133.699 19.8702 33.6085 7.13969 50.835
133.799 19.8281 33.6331 7.12944 50.8104
133.899 19.7859 33.6576 7.11917 50.7859
133.999 19.7437 33.6821 7.10886 50.7614
134.099 19.7015 33.7065 7.09853 50.737
134.199 19.6593 33.7309 7.08817 50.7126
134.299 19.6171 33.7553 7.07778 50.6882
134.399 19.5749 33.7796 7.06736 50.6639
134.499 19.5326 33.8039 7.05692 50.6396
134.599 19.4904 33.8281 7.04644 50.6154
134.699 19.4482 33.8523 7.03593 50.5912
134.799 19.406 33.8764 7.0254 50.567
134.899 19.3637 33.9005 7.01484 50.5429
134.999 19.3215 33.9246 7.00424 50.5189
135.099 19.2792 33.9486 6.99362 50.4948
135.199 19.237 33.9726 6.98297 50.4709
135.299 19.1947 33.9966 6.97229 50.4469
135.399 19.1524 34.0205 6.96159 50.423
135.499 19.1102 34.0443 6.95085 50.3992
135.599 19.0679 34.0681 6.94009 50.3753
135.699 19.0256 34.0919 6.92929 50.3516
135.799 18.9833 34.1156 6.91847 50.3278
135.899 18.9411 34.1393 6.90762 50.3042
135.999 18.8988 34.163 6.89674 50.2805
136.099 18.8565 34.1866 6.88583 50.2569
136.199 18.8142 34.2101 6.8749 50.2334
136.299 18.7719 34.2336 6.86393 50.2098
136.399 18.7295 34.2571 6.85294 50.1864
136.499 18.6872 34.2805 6.84192 50.1629
136.599 18.6449 34.3039 6.83087 50.1396
136.699 18.6026 34.3273 6.81979 50.1162
136.799 18.5602 34.3506 6.80868 50.0929
136.899 18.5179 34.3738 6.79755 50.0697
136.999 18.4756 34.397 6.78638 50.0464
137.099 18.4332 34.4202 6.77519 50.0233
137.199 18.3909 34.4433 6.76397 50.0001
137.299 18.3485 34.4664 6.75272 49.9771
137.399 18.3062 34.4895 6.74145 49.954
137.499 18.2638 34.5125 6.73014 49.931
137.599 18.2214 34.5354 6.71881 49.9081
137.699 18.179 34.5583 6.70745 49.8852
137.799 18.1367 34.5812 6.69606 49.8623
137.899 18.0943 34.604 6.68464 49.8395
137.999 18.0519 34.6268 6.6732 49.8167
138.099 18.0095 34.6495 6.66172 49.794
138.199 17.9671 34.6722 6.65022 49.7713
138.299 17.9247 34.6948 6.63869 49.7486
138.399 17.8823 34.7174 6.62713 49.726
138.499 17.8399 34.74 6.61555 49.7035
138.599 17.7975 34.7625 6.60394 49.681
138.699 17.7551 34.785 6.5923 49.6585
138.799 17.7126 34.8074 6.58063 49.6361
138.899 17.6702 34.8298 6.56893 49.6137
138.999 17.6278 34.8521 6.55721 49.5914
139.099 17.5853 34.8744 6.54545 49.5691
139.199 17.5429 34.8966 6.53367 49.5468
139.299 17.5004 34.9188 6.52187 49.5247
139.399 17.458 34.941 6.51003 49.5025
139.499 17.4155 34.9631 6.49817 49.4804
139.599 17.3731 34.9852 6.48628 49.4583
139.699 17.3306 35.0072 6.47436 49.4363
139.799 17.2881 35.0291 6.46241 49.4143
139.899 17.2457 35.0511 6.45044 49.3924
139.999 17.2032 35.0729 6.43844 49.3705
140.099 17.1607 35.0948 6.42641 49.3487
140.199 17.1182 35.1166 6.41436 49.3269
140.299 17.0757 35.1383 6.40228 49.3052
140.399 17.0333 35.16 6.39017 49.2835
140.499 16.9908 35.1817 6.37803 49.2618
140.599 16.9483 35.2033 6.36586 49.2402
140.699 16.9057 35.2248 6.35367 49.2186
140.799 16.8632 35.2464 6.34145 49.1971
140.899 16.8207 35.2678 6.32921 49.1757
140.999 16.7782 35.2892 6.31694 49.1542
141.099 16.7357 35.3106 6.30464 49.1329
141.199 16.6932 35.332 6.29231 49.1115
141.299 16.6506 35.3532 6.27995 49.0902
141.399 16.6081 35.3745 6.26757 49.069
141.499 16.5655 35.3957 6.25516 49.0478
141.599 16.523 35.4168 6.24273 49.0267
141.699 16.4805 35.4379 6.23027 49.0056
141.799 16.4379 35.459 6.21778 48.9845
141.899 16.3953 35.48 6.20526 48.9635
141.999 16.3528 35.5009 6.19272 48.9425
142.099 16.3102 35.5218 6.18015 48.9216
142.199 16.2677 35.5427 6.16756 48.9008
142.299 16.2251 35.5635 6.15493 48.8799
142.399 16.1825 35.5843 6.14229 48.8592
142.499 16.1399 35.605 6.12961 48.8385
142.6 16.0973 35.6257 6.11691 48.8178
142.7 16.0548 35.6463 6.10418 48.7971
142.8 16.0122 35.6669 6.09143 48.7766
142.9 15.9696 35.6875 6.07864 48.756
143 15.927 35.7079 6.06584 48.7355
143.1 15.8844 35.7284 6.053 48.7151
143.2 15.8418 35.7488 6.04014 48.6947
143.3 15.7992 35.7691 6.02725 48.6744
143.4 15.7565 35.7894 6.01434 48.6541
143.5 15.7139 35.8097 6.0014 48.6338
143.6 15.6713 35.8299 5.98844 48.6136
143.7 15.6287 35.85 5.97545 48.5934
143.8 15.5861 35.8701 5.96243 48.5733
143.9 15.5434 35.8902 5.94939 48.5533
144 15.5008 35.9102 5.93632 48.5333
144.1 15.4581 35.9302 5.92322 48.5133
144.2 15.4155 35.9501 5.9101 48.4934
144.3 15.3728 35.97 5.89695 48.4735
144.4 15.3302 35.9898 5.88378 48.4537
144.5 15.2875 36.0096 5.87058 48.4339
144.6 15.2449 36.0293 5.85736 48.4142
144.7 15.2022 36.049 5.84411 48.3945
144.8 15.1596 36.0686 5.83083 48.3749
144.9 15.1169 36.0882 5.81753 48.3553
145 15.0742 36.1077 5.8042 48.3358
145.1 15.0315 36.1272 5.79085 48.3163
145.2 14.9889 36.1466 5.77747 48.2969
145.3 14.9462 36.166 5.76407 48.2775
145.4 14.9035 36.1853 5.75064 48.2582
145.5 14.8608 36.2046 5.73719 48.2389
145.6 14.8181 36.2238 5.72371 48.2196
145.7 14.7754 36.243 5.7102 48.2005
145.8 14.7327 36.2622 5.69667 48.1813
145.9 14.69 36.2813 5.68312 48.1622
146 14.6473 36.3003 5.66954 48.1432
146.1 14.6046 36.3193 5.65593 48.1242
146.2 14.5619 36.3382 5.6423 48.1053
146.3 14.5191 36.3571 5.62864 48.0864
146.4 14.4764 36.376 5.61496 48.0675
146.5 14.4337 36.3948 5.60126 48.0487
146.6 14.391 36.4135 5.58753 48.03
146.7 14.3482 36.4322 5.57377 48.0113
146.8 14.3055 36.4508 5.55999 47.9926
146.9 14.2628 36.4694 5.54619 47.974
147 14.22 36.488 5.53236 47.9555
147.1 14.1773 36.5065 5.51851 47.937
147.2 14.1345 36.5249 5.50463 47.9186
147.3 14.0918 36.5433 5.49073 47.9002
147.4 14.049 36.5617 5.4768 47.8818
147.5 14.0062 36.58 5.46285 47.8635
147.6 13.9635 36.5982 5.44887 47.8453
147.7 13.9207 36.6164 5.43487 47.8271
147.8 13.878 36.6345 5.42085 47.8089
147.9 13.8352 36.6526 5.4068 47.7908
148 13.7924 36.6707 5.39272 47.7728
148.1 13.7496 36.6887 5.37863 47.7548
148.2 13.7068 36.7066 5.3645 47.7369
148.3 13.6641 36.7245 5.35036 47.719
148.4 13.6213 36.7424 5.33619 47.7011
148.5 13.5785 36.7602 5.322 47.6833
148.6 13.5357 36.7779 5.30778 47.6656
148.7 13.4929 36.7956 5.29354 47.6479
148.8 13.4501 36.8132 5.27927 47.6302
148.9 13.4073 36.8308 5.26498 47.6127
149 13.3645 36.8484 5.25067 47.5951
149.1 13.3217 36.8658 5.23634 47.5776
149.2 13.2789 36.8833 5.22198 47.5602
149.3 13.236 36.9007 5.20759 47.5428
149.4 13.1932 36.918 5.19319 47.5255
149.5 13.1504 36.9353 5.17876 47.5082
149.6 13.1076 36.9525 5.1643 47.491
149.7 13.0647 36.9697 5.14983 47.4738
149.8 13.0219 36.9868 5.13533 47.4566
149.9 12.9791 37.0039 5.1208 47.4396
150 12.9362 37.0209 5.10626 47.4225
150.1 12.8934 37.0379 5.09169 47.4056
150.2 12.8506 37.0549 5.0771 47.3886
150.3 12.8077 37.0717 5.06248 47.3718
150.4 12.7649 37.0885 5.04784 47.3549
150.5 12.722 37.1053 5.03318 47.3382
150.6 12.6792 37.122 5.0185 47.3214
150.7 12.6363 37.1387 5.00379 47.3048
150.8 12.5934 37.1553 4.98906 47.2882
150.9 12.5506 37.1719 4.97431 47.2716
151 12.5077 37.1884 4.95953 47.2551
151.1 12.4648 37.2049 4.94473 47.2386
151.2 12.422 37.2213 4.92991 47.2222
151.3 12.3791 37.2376 4.91507 47.2059
151.4 12.3362 37.2539 4.9002 47.1896
151.5 12.2933 37.2702 4.88532 47.1733
151.6 12.2505 37.2864 4.87041 47.1571
151.7 12.2076 37.3025 4.85548 47.141
151.8 12.1647 37.3186 4.84052 47.1249
151.9 12.1218 37.3347 4.82554 47.1088
152 12.0789 37.3507 4.81055 47.0928
152.1 12.036 37.3666 4.79553 47.0769
152.2 11.9931 37.3825 4.78048 47.061
152.3 11.9502 37.3983 4.76542 47.0452
152.4 11.9073 37.4141 4.75033 47.0294
152.5 11.8644 37.4298 4.73523 47.0137
152.6 11.8215 37.4455 4.7201 46.998
152.7 11.7786 37.4611 4.70494 46.9824
152.8 11.7356 37.4767 4.68977 46.9668
152.9 11.6927 37.4922 4.67458 46.9513
153 11.6498 37.5077 4.65936 46.9358
153.1 11.6069 37.5231 4.64412 46.9204
153.2 11.564 37.5384 4.62887 46.905
153.3 11.521 37.5537 4.61359 46.8897
153.4 11.4781 37.569 4.59828 46.8745
153.5 11.4352 37.5842 4.58296 46.8593
153.6 11.3922 37.5993 4.56762 46.8441
153.7 11.3493 37.6144 4.55225 46.829
153.8 11.3063 37.6295 4.53687 46.814
153.9 11.2634 37.6445 4.52146 46.799
154 11.2205 37.6594 4.50603 46.7841
154.1 11.1775 37.6743 4.49059 46.7692
154.2 11.1345 37.6891 4.47512 46.7544
154.3 11.0916 37.7039 4.45963 46.7396
154.4 11.0486 37.7186 4.44412 46.7249
154.5 11.0057 37.7333 4.42858 46.7102
154.6 10.9627 37.7479 4.41303 46.6956
154.7 10.9198 37.7624 4.39746 46.681
154.8 10.8768 37.7769 4.38187 46.6665
154.9 10.8338 37.7914 4.36626 46.6521
155 10.7908 37.8058 4.35062 46.6377
155.1 10.7479 37.8201 4.33497 46.6233
155.2 10.7049 37.8344 4.3193 46.6091
155.3 10.6619 37.8487 4.3036 46.5948
155.4 10.6189 37.8628 4.28789 46.5806
155.5 10.576 37.877 4.27216 46.5665
155.6 10.533 37.891 4.2564 46.5524
155.7 10.49 37.9051 4.24063 46.5384
155.8 10.447 37.919 4.22484 46.5244
155.9 10.404 37.9329 4.20902 46.5105
156 10.361 37.9468 4.19319 46.4967
156.1 10.318 37.9606 4.17734 46.4829
156.2 10.275 37.9744 4.16147 46.4691
156.3 10.232 37.9881 4.14558 46.4554
156.4 10.189 38.0017 4.12967 46.4418
156.5 10.146 38.0153 4.11374 46.4282
156.6 10.103 38.0288 4.09779 46.4147
156.7 10.06 38.0423 4.08182 46.4012
156.8 10.017 38.0557 4.06584 46.3878
156.9 9.97395 38.0691 4.04983 46.3744
157 9.93094 38.0824 4.03381 46.3611
157.1 9.88792 38.0957 4.01776 46.3478
157.2 9.84489 38.1089 4.0017 46.3346
157.3 9.80187 38.122 3.98562 46.3215
157.4 9.75885 38.1351 3.96952 46.3084
157.5 9.71582 38.1481 3.9534 46.2953
157.6 9.67279 38.1611 3.93726 46.2824
157.7 9.62976 38.1741 3.92111 46.2694
157.8 9.58672 38.1869 3.90493 46.2565
157.9 9.54369 38.1998 3.88874 46.2437
158 9.50065 38.2125 3.87253 46.231
158.1 9.45761 38.2252 3.8563 46.2182
158.2 9.41456 38.2379 3.84005 46.2056
158.3 9.37152 38.2505 3.82379 46.193
158.4 9.32847 38.263 3.8075 46.1804
158.5 9.28542 38.2755 3.7912 46.168
158.6 9.24237 38.288 3.77488 46.1555
158.7 9.19932 38.3003 3.75855 46.1431
158.8 9.15627 38.3127 3.74219 46.1308
158.9 9.11321 38.3249 3.72582 46.1185
159.001 9.07015 38.3371 3.70943 46.1063
159.101 9.02709 38.3493 3.69302 46.0942
159.201 8.98403 38.3614 3.6766 46.0821
159.301 8.94096 38.3735 3.66015 46.07
159.401 8.8979 38.3854 3.64369 46.058
159.501 8.85483 38.3974 3.62722 46.0461
159.601 8.81176 38.4093 3.61072 46.0342
159.701 8.76869 38.4211 3.59421 46.0224
159.801 8.72561 38.4329 3.57768 46.0106
159.901 8.68254 38.4446 3.56114 45.9989
160.001 8.63946 38.4562 3.54458 45.9872
160.101 8.59638 38.4678 3.528 45.9756
160.201 8.5533 38.4794 3.5114 45.9641
160.301 8.51021 38.4909 3.49479 45.9526
160.401 8.46713 38.5023 3.47816 45.9412
160.501 8.42404 38.5137 3.46152 45.9298
160.601 8.38095 38.525 3.44485 45.9185
160.701 8.33786 38.5363 3.42817 45.9072
160.801 8.29477 38.5475 3.41148 45.896
160.901 8.25167 38.5586 3.39477 45.8848
161.001 8.20858 38.5697 3.37804 45.8737
161.101 8.16548 38.5808 3.3613 45.8627
161.201 8.12238 38.5918 3.34454 45.8517
161.301 8.07928 38.6027 3.32776 45.8408
161.401 8.03618 38.6136 3.31097 45.8299
161.501 7.99307 38.6244 3.29417 45.8191
161.601 7.94996 38.6352 3.27734 45.8083
161.701 7.90686 38.6459 3.26051 45.7976
161.801 7.86375 38.6565 3.24365 45.787
161.901 7.82063 38.6671 3.22678 45.7764
162.001 7.77752 38.6776 3.2099 45.7658
162.101 7.73441 38.6881 3.193 45.7554
162.201 7.69129 38.6985 3.17608 45.7449
162.301 7.64817 38.7089 3.15915 45.7346
162.401 7.60505 38.7192 3.14221 45.7243
162.501 7.56193 38.7295 3.12525 45.714
162.601 7.51881 38.7397 3.10827 45.7038
162.701 7.47568 38.7498 3.09128 45.6937
162.801 7.43256 38.7599 3.07428 45.6836
162.901 7.38943 38.7699 3.05726 45.6736
163.001 7.3463 38.7799 3.04022 45.6636
163.101 7.30317 38.7898 3.02317 45.6537
163.201 7.26003 38.7997 3.00611 45.6438
163.301 7.2169 38.8095 2.98903 45.634
163.401 7.17376 38.8192 2.97194 45.6243
163.501 7.13063 38.8289 2.95483 45.6146
163.601 7.08749 38.8385 2.93771 45.605
163.701 7.04435 38.8481 2.92058 45.5954
163.801 7.00121 38.8576 2.90343 45.5859
163.901 6.95806 38.8671 2.88626 45.5764
164.001 6.91492 38.8765 2.86909 45.567
164.101 6.87177 38.8858 2.8519 45.5577
164.201 6.82862 38.8951 2.83469 45.5484
164.301 6.78547 38.9043 2.81747 45.5392
164.401 6.74232 38.9135 2.80024 45.53
164.501 6.69917 38.9226 2.783 45.5209
164.601 6.65602 38.9317 2.76574 45.5118
164.701 6.61286 38.9407 2.74847 45.5028
164.801 6.56971 38.9496 2.73118 45.4939
164.901 6.52655 38.9585 2.71388 45.485
165.001 6.48339 38.9673 2.69657 45.4762
165.101 6.44023 38.9761 2.67925 45.4674
165.201 6.39707 38.9848 2.66191 45.4587
165.301 6.35391 38.9935 2.64456 45.45
165.401 6.31074 39.0021 2.6272 45.4414
165.501 6.26757 39.0106 2.60982 45.4329
165.601 6.22441 39.0191 2.59243 45.4244
165.701 6.18124 39.0275 2.57503 45.416
165.801 6.13807 39.0359 2.55762 45.4076
165.901 6.0949 39.0442 2.54019 45.3993
166.001 6.05173 39.0525 2.52276 45.391
166.101 6.00855 39.0607 2.50531 45.3828
166.201 5.96538 39.0688 2.48784 45.3747
166.301 5.9222 39.0769 2.47037 45.3666
166.401 5.87902 39.0849 2.45288 45.3586
166.501 5.83585 39.0929 2.43538 45.3506
166.601 5.79267 39.1008 2.41787 45.3427
166.701 5.74948 39.1086 2.40035 45.3348
166.801 5.7063 39.1164 2.38282 45.3271
166.901 5.66312 39.1242 2.36527 45.3193
167.001 5.61993 39.1318 2.34772 45.3116
167.101 5.57675 39.1395 2.33015 45.304
167.201 5.53356 39.147 2.31257 45.2965
167.301 5.49037 39.1545 2.29498 45.289
167.401 5.44718 39.162 2.27738 45.2815
167.501 5.40399 39.1694 2.25977 45.2741
167.601 5.3608 39.1767 2.24214 45.2668
167.701 5.31761 39.184 2.22451 45.2595
167.801 5.27441 39.1912 2.20686 45.2523
167.901 5.23122 39.1983 2.18921 45.2451
168.001 5.18802 39.2054 2.17154 45.238
168.101 5.14483 39.2125 2.15386 45.231
168.201 5.10163 39.2195 2.13618 45.224
168.301 5.05843 39.2264 2.11848 45.2171
168.401 5.01523 39.2332 2.10077 45.2102
168.501 4.97203 39.2401 2.08305 45.2034
168.601 4.92882 39.2468 2.06532 45.1967
168.701 4.88562 39.2535 2.04758 45.19
168.801 4.84242 39.2601 2.02984 45.1833
168.901 4.79921 39.2667 2.01208 45.1768
169.001 4.756 39.2732 1.99431 45.1703
169.101 4.7128 39.2797 1.97653 45.1638
169.201 4.66959 39.2861 1.95874 45.1574
169.301 4.62638 39.2924 1.94095 45.1511
169.401 4.58317 39.2987 1.92314 45.1448
169.501 4.53996 39.3049 1.90532 45.1385
169.601 4.49674 39.3111 1.8875 45.1324
169.701 4.45353 39.3172 1.86966 45.1263
169.801 4.41032 39.3233 1.85182 45.1202
169.901 4.3671 39.3293 1.83397 45.1142
170.001 4.32388 39.3352 1.8161 45.1083
170.101 4.28067 39.3411 1.79823 45.1024
170.201 4.23745 39.3469 1.78035 45.0966
170.301 4.19423 39.3526 1.76246 45.0908
170.401 4.15101 39.3583 1.74457 45.0851
170.501 4.10779 39.364 1.72666 45.0795
170.601 4.06457 39.3696 1.70875 45.0739
170.701 4.02135 39.3751 1.69083 45.0684
170.801 3.97812 39.3805 1.6729 45.0629
170.901 3.9349 39.386 1.65496 45.0575
171.001 3.89167 39.3913 1.63701 45.0522
171.101 3.84845 39.3966 1.61906 45.0469
171.201 3.80522 39.4018 1.60109 45.0417
171.301 3.762 39.407 1.58312 45.0365
171.401 3.71877 39.4121 1.56514 45.0314
171.501 3.67554 39.4172 1.54716 45.0263
171.601 3.63231 39.4222 1.52916 45.0213
171.701 3.58908 39.4271 1.51116 45.0164
171.801 3.54585 39.432 1.49315 45.0115
171.901 3.50262 39.4368 1.47514 45.0067
172.001 3.45938 39.4416 1.45712 45.0019
172.101 3.41615 39.4463 1.43909 44.9972
172.201 3.37292 39.4509 1.42105 44.9926
172.301 3.32968 39.4555 1.403 44.988
172.401 3.28645 39.46 1.38495 44.9835
172.501 3.24321 39.4645 1.3669 44.979
172.601 3.19997 39.4689 1.34883 44.9746
172.701 3.15674 39.4732 1.33076 44.9702
172.801 3.1135 39.4775 1.31268 44.966
172.901 3.07026 39.4818 1.2946 44.9617
173.001 3.02702 39.4859 1.27651 44.9575
173.101 2.98378 39.49 1.25841 44.9534
173.201 2.94054 39.4941 1.24031 44.9494
173.301 2.8973 39.4981 1.2222 44.9454
173.401 2.85406 39.502 1.20408 44.9414
173.501 2.81082 39.5059 1.18596 44.9376
173.601 2.76757 39.5097 1.16784 44.9337
173.701 2.72433 39.5135 1.1497 44.93
173.801 2.68109 39.5172 1.13156 44.9263
173.901 2.63784 39.5208 1.11342 44.9226
174.001 2.5946 39.5244 1.09527 44.9191
174.101 2.55135 39.5279 1.07712 44.9155
174.201 2.5081 39.5314 1.05896 44.9121
174.301 2.46486 39.5348 1.04079 44.9087
174.401 2.42161 39.5382 1.02262 44.9053
174.501 2.37836 39.5415 1.00445 44.902
174.601 2.33511 39.5447 0.986266 44.8988
174.701 2.29187 39.5478 0.968081 44.8956
174.801 2.24862 39.551 0.949891 44.8925
174.901 2.20537 39.554 0.931696 44.8895
175.001 2.16212 39.557 0.913497 44.8865
175.101 2.11887 39.5599 0.895294 44.8835
175.201 2.07561 39.5628 0.877086 44.8807
175.301 2.03236 39.5656 0.858873 44.8779
175.402 1.98911 39.5684 0.840657 44.8751
175.502 1.94586 39.5711 0.822436 44.8724
175.602 1.90261 39.5737 0.804211 44.8698
175.702 1.85935 39.5763 0.785982 44.8672
175.802 1.8161 39.5788 0.76775 44.8647
175.902 1.77285 39.5813 0.749513 44.8622
176.002 1.72959 39.5837 0.731273 44.8598
176.102 1.68634 39.586 0.71303 44.8575
176.202 1.64308 39.5883 0.694782 44.8552
176.302 1.59983 39.5905 0.676532 44.853
176.402 1.55657 39.5927 0.658278 44.8508
176.502 1.51332 39.5948 0.640021 44.8487
176.602 1.47006 39.5968 0.62176 44.8466
176.702 1.4268 39.5988 0.603497 44.8447
176.802 1.38355 39.6007 0.58523 44.8427
176.902 1.34029 39.6026 0.566961 44.8409
177.002 1.29703 39.6044 0.548689 44.8391
177.102 1.25377 39.6062 0.530414 44.8373
177.202 1.21052 39.6079 0.512137 44.8356
177.302 1.16726 39.6095 0.493857 44.834
177.402 1.124 39.6111 0.475574 44.8324
177.502 1.08074 39.6126 0.45729 44.8309
177.602 1.03748 39.614 0.439003 44.8295
177.702 0.994224 39.6154 0.420714 44.8281
177.802 0.950965 39.6168 0.402422 44.8267
177.902 0.907705 39.618 0.384129 44.8254
178.002 0.864446 39.6192 0.365834 44.8242
178.102 0.821186 39.6204 0.347537 44.8231
178.202 0.777926 39.6215 0.329239 44.822
178.302 0.734666 39.6225 0.310938 44.8209
178.402 0.691406 39.6235 0.292637 44.82
178.502 0.648145 39.6244 0.274333 44.819
178.602 0.604885 39.6253 0.256029 44.8182
178.702 0.561624 39.6261 0.237723 44.8174
178.802 0.518363 39.6268 0.219416 44.8166
178.902 0.475102 39.6275 0.201108 44.816
179.002 0.431841 39.6281 0.182799 44.8153
179.102 0.38858 39.6287 0.164489 44.8148
179.202 0.345319 39.6292 0.146178 44.8143
179.302 0.302058 39.6297 0.127866 44.8138
179.402 0.258796 39.63 0.109554 44.8134
179.502 0.215535 39.6304 0.0912415 44.8131
179.602 0.172274 39.6306 0.0729284 44.8129
179.702 0.129012 39.6308 0.0546149 44.8126
179.802 0.0857508 39.631 0.0363011 44.8125
179.902 0.0424893 39.6311 0.0179871 44.8124
