0 6.84946e-15 2.62195 0 152.899
0.1 0.0976161 2.62197 0.00342064 152.899
0.2 0.19523 2.62201 0.00684127 152.899
0.3 0.292841 2.62209 0.0102619 152.899
0.4 0.390447 2.6222 0.0136825 152.899
0.5 0.488046 2.62234 0.017103 152.899
0.6 0.585635 2.62251 0.0205235 152.898
0.7 0.683215 2.62271 0.0239439 152.898
0.8 0.780782 2.62294 0.0273643 152.898
0.9 0.878336 2.6232 0.0307846 152.898
1 0.975873 2.6235 0.0342048 152.897
1.1 1.07339 2.62382 0.037625 152.897
1.2 1.17089 2.62418 0.041045 152.897
1.3 1.26837 2.62456 0.0444649 152.896
1.4 1.36583 2.62498 0.0478847 152.896
1.5 1.46327 2.62543 0.0513043 152.896
1.6 1.56067 2.62591 0.0547238 152.895
1.7 1.65805 2.62642 0.0581432 152.895
1.8 1.7554 2.62696 0.0615624 152.894
1.9 1.85272 2.62753 0.0649815 152.893
2 1.95001 2.62814 0.0684003 152.893
2.1 2.04726 2.62877 0.071819 152.892
2.2 2.14447 2.62944 0.0752375 152.891
2.3 2.24165 2.63013 0.0786557 152.891
2.4 2.33878 2.63086 0.0820738 152.89
2.5 2.43588 2.63162 0.0854916 152.889
2.6 2.53293 2.63241 0.0889092 152.889
2.7 2.62993 2.63323 0.0923265 152.888
2.8 2.72689 2.63408 0.0957436 152.887
2.9 2.82381 2.63496 0.0991605 152.886
3 2.92067 2.63587 0.102577 152.885
3.1 3.01748 2.63681 0.105993 152.884
3.2 3.11423 2.63779 0.109409 152.883
3.3 3.21093 2.63879 0.112825 152.882
3.4 3.30758 2.63983 0.11624 152.881
3.5 3.40416 2.6409 0.119655 152.88
3.6 3.50069 2.64199 0.12307 152.879
3.7 3.59715 2.64312 0.126485 152.878
3.8 3.69355 2.64428 0.129899 152.877
3.9 3.78989 2.64547 0.133312 152.875
4 3.88616 2.64669 0.136726 152.874
4.1 3.98236 2.64795 0.140139 152.873
4.2 4.07849 2.64923 0.143551 152.872
4.3 4.17454 2.65054 0.146963 152.87
4.4 4.27053 2.65189 0.150375 152.869
4.5 4.36644 2.65326 0.153787 152.868
4.6 4.46227 2.65467 0.157197 152.866
4.7 4.55803 2.65611 0.160608 152.865
4.8 4.6537 2.65757 0.164018 152.863
4.9 4.7493 2.65907 0.167428 152.862
5 4.84481 2.6606 0.170837 152.86
5.1 4.94023 2.66216 0.174246 152.859
5.2 5.03557 2.66375 0.177654 152.857
5.3 5.13083 2.66538 0.181062 152.856
5.4 5.22599 2.66703 0.184469 152.854
5.5 5.32106 2.66871 0.187876 152.852
5.6 5.41604 2.67043 0.191282 152.851
5.7 5.51093 2.67217 0.194687 152.849
5.8 5.60572 2.67395 0.198093 152.847
5.9 5.70041 2.67576 0.201497 152.845
6 5.795 2.67759 0.204901 152.843
6.1 5.8895 2.67946 0.208305 152.841
6.2 5.98389 2.68136 0.211708 152.84
6.3 6.07818 2.68329 0.21511 152.838
6.4 6.17236 2.68525 0.218512 152.836
6.5 6.26644 2.68724 0.221913 152.834
6.6 6.36041 2.68927 0.225314 152.832
6.7 6.45427 2.69132 0.228714 152.83
6.8 6.54803 2.6934 0.232113 152.828
6.9 6.64166 2.69552 0.235512 152.825
7 6.73519 2.69766 0.23891 152.823
7.1 6.8286 2.69984 0.242307 152.821
7.2 6.92189 2.70205 0.245704 152.819
7.3 7.01507 2.70428 0.2491 152.817
7.4 7.10812 2.70655 0.252495 152.814
7.5 7.20106 2.70885 0.25589 152.812
7.6 7.29387 2.71118 0.259284 152.81
7.7 7.38656 2.71354 0.262677 152.807
7.79999 7.47913 2.71593 0.26607 152.805
7.89999 7.57156 2.71835 0.269461 152.803
7.99999 7.66388 2.7208 0.272852 152.8
8.09999 7.75606 2.72328 0.276243 152.798
8.2 7.84811 2.7258 0.279632 152.795
8.3 7.94003 2.72834 0.283021 152.793
8.4 8.03181 2.73092 0.286409 152.79
8.5 8.12346 2.73352 0.289796 152.787
8.6 8.21498 2.73616 0.293183 152.785
8.7 8.30636 2.73882 0.296569 152.782
8.8 8.3976 2.74152 0.299953 152.779
8.9 8.4887 2.74425 0.303337 152.777
9 8.57966 2.74701 0.306721 152.774
9.1 8.67047 2.74979 0.310103 152.771
9.2 8.76114 2.75261 0.313485 152.768
9.3 8.85167 2.75546 0.316865 152.765
9.4 8.94205 2.75834 0.320245 152.763
9.5 9.03229 2.76125 0.323624 152.76
9.6 9.12237 2.7642 0.327002 152.757
9.7 9.21231 2.76717 0.330379 152.754
9.8 9.30209 2.77017 0.333755 152.751
9.9 9.39172 2.7732 0.337131 152.748
10 9.4812 2.77627 0.340505 152.745
10.1 9.57052 2.77936 0.343878 152.742
10.2 9.65969 2.78248 0.347251 152.738
10.3 9.7487 2.78564 0.350622 152.735
10.4 9.83755 2.78882 0.353993 152.732
10.5 9.92624 2.79204 0.357363 152.729
10.6 10.0148 2.79529 0.360731 152.726
10.7 10.1031 2.79856 0.364099 152.722
10.8 10.1914 2.80187 0.367465 152.719
10.9 10.2794 2.80521 0.370831 152.716
11 10.3673 2.80857 0.374196 152.712
11.1 10.455 2.81197 0.377559 152.709
11.2 10.5425 2.8154 0.380922 152.706
11.3 10.6299 2.81886 0.384283 152.702
11.4 10.7171 2.82235 0.387644 152.699
11.5 10.8041 2.82587 0.391003 152.695
11.6 10.891 2.82942 0.394362 152.692
11.7 10.9777 2.833 0.397719 152.688
11.8 11.0642 2.83661 0.401075 152.684
11.9 11.1506 2.84025 0.40443 152.681
12 11.2367 2.84392 0.407784 152.677
12.1 11.3227 2.84762 0.411137 152.673
12.2 11.4085 2.85135 0.414488 152.67
12.3 11.4942 2.85511 0.417839 152.666
12.4 11.5796 2.8589 0.421188 152.662
12.5 11.6649 2.86272 0.424537 152.658
12.6 11.75 2.86658 0.427884 152.654
12.7 11.8349 2.87046 0.43123 152.65
12.8 11.9196 2.87437 0.434574 152.647
12.9 12.0042 2.87831 0.437918 152.643
13 12.0885 2.88229 0.44126 152.639
13.1 12.1727 2.88629 0.444601 152.635
13.2 12.2567 2.89032 0.447941 152.631
13.3 12.3405 2.89439 0.45128 152.627
13.4 12.4241 2.89848 0.454617 152.622
13.5 12.5075 2.9026 0.457954 152.618
13.6 12.5908 2.90676 0.461289 152.614
13.7 12.6738 2.91094 0.464622 152.61
13.8 12.7566 2.91516 0.467955 152.606
13.9 12.8393 2.9194 0.471286 152.602
14 12.9218 2.92367 0.474616 152.597
14.1 13.004 2.92798 0.477944 152.593
14.2 13.0861 2.93231 0.481271 152.589
14.3 13.168 2.93667 0.484597 152.584
14.4 13.2497 2.94107 0.487922 152.58
14.5 13.3311 2.94549 0.491245 152.575
14.6 13.4124 2.94995 0.494567 152.571
14.7 13.4935 2.95443 0.497887 152.567
14.8 13.5744 2.95894 0.501206 152.562
14.9 13.6551 2.96349 0.504524 152.557
15 13.7355 2.96806 0.507841 152.553
15.1 13.8158 2.97266 0.511156 152.548
15.2 13.8959 2.9773 0.514469 152.544
15.3 13.9758 2.98196 0.517781 152.539
15.4 14.0554 2.98665 0.521092 152.534
15.5 14.1349 2.99138 0.524401 152.53
15.6 14.2142 2.99613 0.527709 152.525
15.7 14.2932 3.00091 0.531016 152.52
15.8 14.3721 3.00572 0.534321 152.515
15.9 14.4507 3.01057 0.537624 152.51
16 14.5291 3.01544 0.540926 152.505
16.1 14.6074 3.02034 0.544227 152.501
16.2 14.6854 3.02527 0.547526 152.496
16.3 14.7632 3.03023 0.550823 152.491
16.4 14.8408 3.03522 0.554119 152.486
16.5 14.9182 3.04024 0.557414 152.481
16.6 14.9954 3.04529 0.560707 152.476
16.7 15.0723 3.05037 0.563998 152.471
16.8 15.1491 3.05548 0.567288 152.465
16.9 15.2256 3.06062 0.570576 152.46
17 15.3019 3.06579 0.573863 152.455
17.1 15.378 3.07099 0.577148 152.45
17.2 15.4539 3.07621 0.580432 152.445
17.3 15.5296 3.08147 0.583714 152.439
17.4 15.6051 3.08676 0.586994 152.434
17.5 15.6803 3.09207 0.590273 152.429
17.6 15.7554 3.09742 0.59355 152.424
17.7 15.8302 3.10279 0.596825 152.418
17.8 15.9048 3.1082 0.600099 152.413
17.9 15.9792 3.11363 0.603371 152.407
18 16.0534 3.1191 0.606642 152.402
18.1 16.1273 3.12459 0.609911 152.396
18.2 16.201 3.13011 0.613178 152.391
18.3 16.2746 3.13566 0.616444 152.385
18.4 16.3478 3.14125 0.619707 152.38
18.5 16.4209 3.14686 0.62297 152.374
18.6 16.4938 3.1525 0.62623 152.368
18.7 16.5664 3.15817 0.629489 152.363
18.8 16.6388 3.16386 0.632746 152.357
18.9 16.711 3.16959 0.636001 152.351
19 16.783 3.17535 0.639254 152.346
19.1 16.8547 3.18114 0.642506 152.34
19.2 16.9262 3.18695 0.645756 152.334
19.3 16.9975 3.1928 0.649004 152.328
19.4 17.0686 3.19867 0.65225 152.322
19.5 17.1395 3.20457 0.655495 152.316
19.6 17.2101 3.21051 0.658738 152.31
19.7 17.2805 3.21647 0.661979 152.304
19.8 17.3507 3.22246 0.665218 152.298
19.9 17.4207 3.22848 0.668455 152.292
20 17.4904 3.23453 0.67169 152.286
20.1 17.5599 3.24061 0.674924 152.28
20.2 17.6292 3.24671 0.678156 152.274
20.3 17.6983 3.25285 0.681386 152.268
20.4 17.7671 3.25901 0.684614 152.262
20.5 17.8357 3.26521 0.68784 152.256
20.6 17.9041 3.27143 0.691064 152.25
20.7 17.9723 3.27768 0.694286 152.243
20.8 18.0402 3.28396 0.697507 152.237
20.9 18.1079 3.29027 0.700725 152.231
21 18.1754 3.29661 0.703942 152.224
21.1 18.2427 3.30298 0.707156 152.218
21.2 18.3097 3.30938 0.710369 152.212
21.3 18.3765 3.3158 0.71358 152.205
21.4 18.4431 3.32226 0.716788 152.199
21.5 18.5094 3.32874 0.719995 152.192
21.6 18.5755 3.33525 0.7232 152.186
21.7 18.6414 3.34179 0.726403 152.179
21.8 18.7071 3.34836 0.729604 152.173
21.9 18.7725 3.35496 0.732802 152.166
22 18.8377 3.36159 0.735999 152.159
22.1 18.9027 3.36824 0.739194 152.153
22.2 18.9675 3.37493 0.742387 152.146
22.3 19.032 3.38164 0.745577 152.139
22.4 19.0963 3.38838 0.748766 152.133
22.5 19.1604 3.39515 0.751952 152.126
22.6 19.2242 3.40195 0.755137 152.119
22.7001 19.2878 3.40878 0.758319 152.112
22.8001 19.3512 3.41563 0.761499 152.105
22.9001 19.4144 3.42252 0.764677 152.098
23.0001 19.4773 3.42943 0.767853 152.092
23.1001 19.54 3.43637 0.771027 152.085
23.2001 19.6025 3.44334 0.774199 152.078
23.3001 19.6648 3.45034 0.777369 152.071
23.4001 19.7268 3.45736 0.780536 152.064
23.5001 19.7886 3.46442 0.783702 152.057
23.6001 19.8501 3.4715 0.786865 152.049
23.7001 19.9115 3.47861 0.790026 152.042
23.8001 19.9726 3.48575 0.793185 152.035
23.9001 20.0334 3.49292 0.796342 152.028
24.0001 20.0941 3.50012 0.799496 152.021
24.1001 20.1545 3.50734 0.802648 152.014
24.2001 20.2147 3.5146 0.805798 152.006
24.3001 20.2747 3.52188 0.808946 151.999
24.4001 20.3344 3.52919 0.812092 151.992
24.5001 20.3939 3.53653 0.815235 151.984
24.6001 20.4532 3.54389 0.818376 151.977
24.7001 20.5123 3.55129 0.821515 151.97
24.8001 20.5711 3.55871 0.824652 151.962
24.9001 20.6297 3.56616 0.827786 151.955
25.0001 20.6881 3.57364 0.830918 151.947
25.1001 20.7462 3.58114 0.834047 151.94
25.2001 20.8041 3.58868 0.837175 151.932
25.3001 20.8618 3.59624 0.8403 151.925
25.4001 20.9193 3.60383 0.843423 151.917
25.5001 20.9765 3.61145 0.846543 151.909
25.6001 21.0335 3.61909 0.849661 151.902
25.7001 21.0903 3.62677 0.852777 151.894
25.8001 21.1469 3.63447 0.85589 151.886
25.9001 21.2032 3.6422 0.859001 151.879
26.0001 21.2593 3.64996 0.86211 151.871
26.1001 21.3152 3.65774 0.865216 151.863
26.2001 21.3708 3.66556 0.86832 151.855
26.3001 21.4263 3.6734 0.871422 151.848
26.4001 21.4815 3.68127 0.874521 151.84
26.5001 21.5364 3.68916 0.877617 151.832
26.6001 21.5912 3.69709 0.880711 151.824
26.7001 21.6457 3.70504 0.883803 151.816
26.8001 21.7 3.71302 0.886893 151.808
26.9001 21.7541 3.72103 0.889979 151.8
27.0001 21.808 3.72906 0.893064 151.792
27.1001 21.8616 3.73712 0.896146 151.784
27.2001 21.915 3.74521 0.899225 151.776
27.3001 21.9682 3.75333 0.902302 151.768
27.4001 22.0211 3.76148 0.905377 151.759
27.5001 22.0739 3.76965 0.908449 151.751
27.6001 22.1264 3.77785 0.911518 151.743
27.7001 22.1787 3.78607 0.914585 151.735
27.8001 22.2307 3.79433 0.917649 151.727
27.9001 22.2826 3.80261 0.920711 151.718
28.0001 22.3342 3.81092 0.92377 151.71
28.1001 22.3856 3.81926 0.926827 151.702
28.2001 22.4368 3.82762 0.929881 151.693
28.3001 22.4877 3.83601 0.932933 151.685
28.4001 22.5385 3.84443 0.935982 151.677
28.5001 22.589 3.85288 0.939028 151.668
28.6001 22.6393 3.86135 0.942072 151.66
28.7001 22.6893 3.86985 0.945113 151.651
28.8001 22.7392 3.87838 0.948152 151.643
28.9001 22.7888 3.88693 0.951188 151.634
29.0001 22.8382 3.89551 0.954221 151.625
29.1001 22.8874 3.90412 0.957252 151.617
29.2001 22.9364 3.91276 0.96028 151.608
29.3001 22.9851 3.92142 0.963305 151.6
29.4001 23.0337 3.93011 0.966328 151.591
29.5001 23.082 3.93882 0.969348 151.582
29.6001 23.1301 3.94757 0.972365 151.573
29.7001 23.178 3.95634 0.97538 151.565
29.8001 23.2256 3.96513 0.978392 151.556
29.9001 23.2731 3.97396 0.981401 151.547
30.0001 23.3203 3.98281 0.984408 151.538
30.1001 23.3673 3.99169 0.987411 151.529
30.2001 23.4141 4.00059 0.990412 151.52
30.3001 23.4607 4.00952 0.993411 151.511
30.4001 23.5071 4.01848 0.996406 151.502
30.5001 23.5532 4.02746 0.999399 151.493
30.6001 23.5992 4.03648 1.00239 151.484
30.7001 23.6449 4.04551 1.00538 151.475
30.8001 23.6904 4.05458 1.00836 151.466
30.9001 23.7357 4.06367 1.01134 151.457
31.0001 23.7808 4.07279 1.01432 151.448
31.1001 23.8257 4.08193 1.0173 151.439
31.2001 23.8703 4.0911 1.02027 151.43
31.3001 23.9148 4.1003 1.02324 151.421
31.4001 23.959 4.10952 1.02621 151.411
31.5001 24.003 4.11877 1.02917 151.402
31.6001 24.0468 4.12805 1.03213 151.393
31.7001 24.0904 4.13735 1.03509 151.384
31.8001 24.1338 4.14668 1.03805 151.374
31.9001 24.177 4.15603 1.041 151.365
32.0001 24.2199 4.16542 1.04395 151.356
32.1001 24.2627 4.17482 1.0469 151.346
32.2001 24.3052 4.18426 1.04984 151.337
32.3001 24.3476 4.19372 1.05279 151.327
32.4001 24.3897 4.2032 1.05572 151.318
32.5001 24.4316 4.21271 1.05866 151.308
32.6001 24.4733 4.22225 1.06159 151.299
32.7001 24.5148 4.23182 1.06452 151.289
32.8001 24.5561 4.24141 1.06745 151.28
32.9001 24.5972 4.25102 1.07037 151.27
33.0001 24.6381 4.26067 1.07329 151.26
33.1001 24.6788 4.27034 1.07621 151.251
33.2001 24.7192 4.28003 1.07913 151.241
33.3001 24.7595 4.28975 1.08204 151.231
33.4001 24.7996 4.2995 1.08495 151.221
33.5001 24.8394 4.30927 1.08785 151.212
33.6001 24.8791 4.31906 1.09075 151.202
33.7001 24.9185 4.32889 1.09365 151.192
33.8001 24.9578 4.33874 1.09655 151.182
33.9001 24.9968 4.34861 1.09944 151.172
34.0001 25.0357 4.35851 1.10234 151.162
34.1001 25.0743 4.36844 1.10522 151.152
34.2001 25.1127 4.37839 1.10811 151.143
34.3 25.151 4.38837 1.11099 151.133
34.4 25.189 4.39837 1.11387 151.123
34.5 25.2268 4.4084 1.11674 151.113
34.6 25.2645 4.41845 1.11961 151.102
34.7 25.3019 4.42853 1.12248 151.092
34.8 25.3392 4.43864 1.12535 151.082
34.9 25.3762 4.44877 1.12821 151.072
35 25.413 4.45892 1.13107 151.062
35.1 25.4497 4.46911 1.13393 151.052
35.2 25.4861 4.47931 1.13678 151.042
35.3 25.5224 4.48954 1.13963 151.031
35.4 25.5584 4.4998 1.14248 151.021
35.5 25.5943 4.51008 1.14532 151.011
35.6 25.6299 4.52039 1.14816 151.001
35.7 25.6654 4.53072 1.151 150.99
35.8 25.7006 4.54108 1.15383 150.98
35.9 25.7357 4.55146 1.15666 150.969
36 25.7706 4.56187 1.15949 150.959
36.1 25.8053 4.5723 1.16231 150.949
36.2 25.8398 4.58276 1.16514 150.938
36.3 25.8741 4.59324 1.16795 150.928
36.4 25.9082 4.60375 1.17077 150.917
36.5 25.9421 4.61428 1.17358 150.907
36.6 25.9758 4.62484 1.17639 150.896
36.7 26.0093 4.63542 1.17919 150.886
36.8 26.0427 4.64603 1.18199 150.875
36.9 26.0758 4.65666 1.18479 150.864
37 26.1088 4.66732 1.18759 150.854
37.1 26.1415 4.678 1.19038 150.843
37.2 26.1741 4.68871 1.19317 150.832
37.3 26.2065 4.69944 1.19595 150.821
37.4 26.2387 4.71019 1.19873 150.811
37.5 26.2707 4.72097 1.20151 150.8
37.6 26.3025 4.73178 1.20429 150.789
37.7 26.3342 4.7426 1.20706 150.778
37.8 26.3656 4.75346 1.20983 150.767
37.9 26.3969 4.76434 1.21259 150.757
38 26.428 4.77524 1.21535 150.746
38.1 26.4589 4.78616 1.21811 150.735
38.2 26.4896 4.79712 1.22086 150.724
38.3 26.5201 4.80809 1.22362 150.713
38.4 26.5504 4.81909 1.22636 150.702
38.5 26.5806 4.83011 1.22911 150.691
38.6 26.6106 4.84116 1.23185 150.68
38.7 26.6404 4.85223 1.23459 150.669
38.8 26.67 4.86333 1.23732 150.658
38.9 26.6994 4.87445 1.24005 150.646
39 26.7287 4.8856 1.24278 150.635
39.1 26.7577 4.89676 1.2455 150.624
39.2 26.7866 4.90796 1.24822 150.613
39.3 26.8153 4.91917 1.25094 150.602
39.4 26.8438 4.93041 1.25365 150.591
39.5 26.8722 4.94168 1.25636 150.579
39.6 26.9004 4.95297 1.25907 150.568
39.7 26.9283 4.96428 1.26177 150.557
39.8 26.9562 4.97562 1.26447 150.545
39.9 26.9838 4.98697 1.26716 150.534
40 27.0112 4.99836 1.26985 150.523
40.1 27.0385 5.00977 1.27254 150.511
40.2 27.0656 5.0212 1.27523 150.5
40.3 27.0926 5.03265 1.27791 150.488
40.4 27.1193 5.04413 1.28059 150.477
40.5 27.1459 5.05563 1.28326 150.465
40.6 27.1723 5.06716 1.28593 150.454
40.7 27.1985 5.0787 1.2886 150.442
40.7999 27.2246 5.09028 1.29126 150.431
40.8999 27.2505 5.10187 1.29392 150.419
40.9999 27.2762 5.11349 1.29658 150.407
41.0999 27.3017 5.12513 1.29923 150.396
41.1999 27.3271 5.1368 1.30188 150.384
41.2999 27.3523 5.14849 1.30452 150.372
41.3999 27.3773 5.1602 1.30716 150.361
41.4999 27.4022 5.17193 1.3098 150.349
41.5999 27.4269 5.18369 1.31243 150.337
41.6999 27.4514 5.19548 1.31506 150.325
41.7999 27.4757 5.20728 1.31769 150.314
41.8999 27.4999 5.21911 1.32031 150.302
41.9999 27.5239 5.23096 1.32293 150.29
42.0999 27.5477 5.24283 1.32555 150.278
42.1999 27.5714 5.25473 1.32816 150.266
42.2999 27.5949 5.26665 1.33077 150.254
42.3999 27.6183 5.27859 1.33337 150.242
42.4999 27.6414 5.29056 1.33597 150.23
42.5999 27.6645 5.30254 1.33857 150.218
42.6999 27.6873 5.31456 1.34116 150.206
42.7999 27.71 5.32659 1.34375 150.194
42.8999 27.7325 5.33865 1.34634 150.182
42.9999 27.7548 5.35073 1.34892 150.17
43.0999 27.777 5.36283 1.3515 150.158
43.1999 27.7991 5.37495 1.35407 150.146
43.2999 27.8209 5.3871 1.35664 150.134
43.3999 27.8426 5.39927 1.35921 150.122
43.4999 27.8642 5.41146 1.36177 150.109
43.5999 27.8855 5.42367 1.36433 150.097
43.6999 27.9068 5.43591 1.36688 150.085
43.7999 27.9278 5.44817 1.36943 150.073
43.8999 27.9487 5.46045 1.37198 150.06
43.9999 27.9694 5.47275 1.37452 150.048
44.0999 27.99 5.48508 1.37706 150.036
44.1999 28.0104 5.49743 1.3796 150.024
44.2999 28.0307 5.5098 1.38213 150.011
44.3999 28.0508 5.52219 1.38466 149.999
44.4999 28.0707 5.53461 1.38718 149.986
44.5999 28.0905 5.54704 1.3897 149.974
44.6999 28.1102 5.5595 1.39222 149.961
44.7999 28.1296 5.57198 1.39473 149.949
44.8999 28.149 5.58449 1.39724 149.936
44.9999 28.1681 5.59701 1.39974 149.924
45.0999 28.1871 5.60956 1.40224 149.911
45.1999 28.206 5.62212 1.40474 149.899
45.2999 28.2247 5.63472 1.40723 149.886
45.3999 28.2432 5.64733 1.40972 149.874
45.4999 28.2616 5.65996 1.41221 149.861
45.5999 28.2799 5.67262 1.41469 149.848
45.6999 28.298 5.68529 1.41716 149.836
45.7999 28.3159 5.69799 1.41964 149.823
45.8999 28.3337 5.71071 1.4221 149.81
45.9999 28.3513 5.72345 1.42457 149.797
46.0999 28.3688 5.73622 1.42703 149.785
46.1999 28.3862 5.749 1.42949 149.772
46.2999 28.4033 5.76181 1.43194 149.759
46.3999 28.4204 5.77463 1.43439 149.746
46.4999 28.4373 5.78748 1.43683 149.733
46.5999 28.454 5.80035 1.43927 149.721
46.6999 28.4706 5.81324 1.44171 149.708
46.7999 28.487 5.82616 1.44414 149.695
46.8999 28.5033 5.83909 1.44657 149.682
46.9999 28.5195 5.85205 1.44899 149.669
47.0999 28.5355 5.86502 1.45141 149.656
47.1999 28.5513 5.87802 1.45383 149.643
47.2999 28.567 5.89104 1.45624 149.63
47.3998 28.5826 5.90408 1.45865 149.617
47.4998 28.598 5.91714 1.46105 149.604
47.5998 28.6133 5.93022 1.46345 149.591
47.6998 28.6284 5.94332 1.46584 149.578
47.7998 28.6434 5.95644 1.46824 149.564
47.8998 28.6583 5.96958 1.47062 149.551
47.9998 28.673 5.98275 1.473 149.538
48.0998 28.6875 5.99593 1.47538 149.525
48.1998 28.702 6.00914 1.47776 149.512
48.2998 28.7162 6.02236 1.48013 149.499
48.3998 28.7304 6.03561 1.48249 149.485
48.4998 28.7444 6.04888 1.48486 149.472
48.5998 28.7582 6.06217 1.48721 149.459
48.6998 28.7719 6.07547 1.48957 149.445
48.7998 28.7855 6.0888 1.49192 149.432
48.8998 28.7989 6.10215 1.49426 149.419
48.9998 28.8122 6.11552 1.4966 149.405
49.0998 28.8254 6.12891 1.49894 149.392
49.1998 28.8384 6.14232 1.50127 149.379
49.2998 28.8513 6.15575 1.5036 149.365
49.3998 28.864 6.1692 1.50592 149.352
49.4998 28.8767 6.18267 1.50824 149.338
49.5998 28.8891 6.19616 1.51056 149.325
49.6998 28.9015 6.20967 1.51287 149.311
49.7998 28.9137 6.2232 1.51517 149.298
49.8998 28.9257 6.23675 1.51748 149.284
49.9998 28.9377 6.25032 1.51977 149.271
50.0998 28.9495 6.26391 1.52207 149.257
50.1998 28.9611 6.27752 1.52436 149.243
50.2998 28.9727 6.29115 1.52664 149.23
50.3998 28.984 6.3048 1.52892 149.216
50.4998 28.9953 6.31847 1.5312 149.202
50.5998 29.0064 6.33216 1.53347 149.189
50.6998 29.0174 6.34587 1.53574 149.175
50.7998 29.0283 6.3596 1.538 149.161
50.8998 29.039 6.37335 1.54026 149.148
50.9998 29.0496 6.38711 1.54251 149.134
51.0998 29.0601 6.4009 1.54476 149.12
51.1998 29.0705 6.41471 1.54701 149.106
51.2998 29.0807 6.42853 1.54925 149.092
51.3998 29.0908 6.44238 1.55149 149.079
51.4998 29.1007 6.45624 1.55372 149.065
51.5998 29.1105 6.47013 1.55595 149.051
51.6998 29.1202 6.48403 1.55817 149.037
51.7998 29.1298 6.49795 1.56039 149.023
51.8998 29.1393 6.51189 1.56261 149.009
51.9998 29.1486 6.52585 1.56482 148.995
52.0998 29.1578 6.53983 1.56702 148.981
52.1998 29.1668 6.55383 1.56922 148.967
52.2998 29.1758 6.56785 1.57142 148.953
52.3998 29.1846 6.58188 1.57361 148.939
52.4998 29.1933 6.59594 1.5758 148.925
52.5998 29.2018 6.61001 1.57798 148.911
52.6998 29.2102 6.62411 1.58016 148.897
52.7998 29.2186 6.63822 1.58234 148.883
52.8998 29.2267 6.65235 1.58451 148.869
52.9998 29.2348 6.6665 1.58667 148.854
53.0998 29.2428 6.68066 1.58883 148.84
53.1998 29.2506 6.69485 1.59099 148.826
53.2998 29.2583 6.70905 1.59314 148.812
53.3998 29.2658 6.72328 1.59529 148.798
53.4998 29.2733 6.73752 1.59743 148.783
53.5998 29.2806 6.75178 1.59957 148.769
53.6998 29.2878 6.76606 1.6017 148.755
53.7998 29.2949 6.78035 1.60383 148.741
53.8997 29.3019 6.79467 1.60596 148.726
53.9997 29.3087 6.809 1.60808 148.712
54.0997 29.3155 6.82335 1.61019 148.698
54.1997 29.3221 6.83772 1.6123 148.683
54.2997 29.3286 6.85211 1.61441 148.669
54.3997 29.3349 6.86652 1.61651 148.654
54.4997 29.3412 6.88094 1.61861 148.64
54.5997 29.3473 6.89538 1.6207 148.626
54.6997 29.3533 6.90984 1.62279 148.611
54.7997 29.3593 6.92432 1.62487 148.597
54.8997 29.365 6.93881 1.62695 148.582
54.9997 29.3707 6.95333 1.62902 148.568
55.0997 29.3763 6.96786 1.63109 148.553
55.1997 29.3817 6.9824 1.63316 148.539
55.2997 29.387 6.99697 1.63522 148.524
55.3997 29.3922 7.01155 1.63727 148.509
55.4997 29.3973 7.02616 1.63932 148.495
55.5997 29.4023 7.04077 1.64137 148.48
55.6997 29.4072 7.05541 1.64341 148.466
55.7997 29.4119 7.07006 1.64545 148.451
55.8997 29.4165 7.08474 1.64748 148.436
55.9997 29.4211 7.09942 1.6495 148.422
56.0997 29.4255 7.11413 1.65153 148.407
56.1997 29.4298 7.12885 1.65354 148.392
56.2997 29.434 7.14359 1.65556 148.377
56.3997 29.438 7.15835 1.65757 148.363
56.4997 29.442 7.17312 1.65957 148.348
56.5997 29.4458 7.18792 1.66157 148.333
56.6997 29.4496 7.20273 1.66356 148.318
56.7997 29.4532 7.21755 1.66555 148.303
56.8997 29.4567 7.23239 1.66753 148.289
56.9997 29.4602 7.24725 1.66951 148.274
57.0997 29.4635 7.26213 1.67149 148.259
57.1997 29.4667 7.27702 1.67346 148.244
57.2997 29.4697 7.29193 1.67542 148.229
57.3997 29.4727 7.30686 1.67738 148.214
57.4997 29.4756 7.3218 1.67934 148.199
57.5997 29.4783 7.33676 1.68129 148.184
57.6997 29.481 7.35174 1.68323 148.169
57.7997 29.4835 7.36673 1.68518 148.154
57.8997 29.486 7.38174 1.68711 148.139
57.9997 29.4883 7.39677 1.68904 148.124
58.0997 29.4905 7.41181 1.69097 148.109
58.1997 29.4927 7.42687 1.69289 148.094
58.2997 29.4947 7.44194 1.69481 148.079
58.3997 29.4966 7.45703 1.69672 148.064
58.4997 29.4984 7.47214 1.69863 148.049
58.5997 29.5001 7.48726 1.70053 148.034
58.6997 29.5017 7.5024 1.70243 148.019
58.7997 29.5032 7.51756 1.70432 148.003
58.8997 29.5046 7.53273 1.70621 147.988
58.9997 29.5058 7.54792 1.70809 147.973
59.0997 29.507 7.56312 1.70997 147.958
59.1997 29.5081 7.57834 1.71184 147.943
59.2997 29.5091 7.59358 1.71371 147.927
59.3997 29.51 7.60883 1.71557 147.912
59.4997 29.5107 7.6241 1.71743 147.897
59.5997 29.5114 7.63938 1.71928 147.882
59.6997 29.512 7.65468 1.72113 147.866
59.7997 29.5124 7.66999 1.72297 147.851
59.8997 29.5128 7.68532 1.72481 147.836
59.9997 29.5131 7.70067 1.72664 147.82
60.0997 29.5133 7.71603 1.72847 147.805
60.1997 29.5133 7.7314 1.73029 147.79
60.2997 29.5133 7.74679 1.73211 147.774
60.3997 29.5132 7.7622 1.73392 147.759
60.4996 29.5129 7.77762 1.73573 147.743
60.5996 29.5126 7.79306 1.73754 147.728
60.6996 29.5122 7.80851 1.73933 147.712
60.7996 29.5117 7.82398 1.74113 147.697
60.8996 29.511 7.83946 1.74291 147.681
60.9996 29.5103 7.85496 1.7447 147.666
61.0996 29.5095 7.87047 1.74648 147.65
61.1996 29.5086 7.886 1.74825 147.635
61.2996 29.5076 7.90154 1.75002 147.619
61.3996 29.5065 7.9171 1.75178 147.604
61.4996 29.5053 7.93267 1.75354 147.588
61.5996 29.504 7.94826 1.75529 147.573
61.6996 29.5026 7.96386 1.75704 147.557
61.7996 29.5011 7.97948 1.75878 147.541
61.8996 29.4995 7.99511 1.76052 147.526
61.9996 29.4979 8.01075 1.76225 147.51
62.0996 29.4961 8.02642 1.76398 147.495
62.1996 29.4942 8.04209 1.7657 147.479
62.2996 29.4923 8.05778 1.76742 147.463
62.3996 29.4902 8.07348 1.76913 147.447
62.4996 29.4881 8.0892 1.77084 147.432
62.5996 29.4858 8.10493 1.77254 147.416
62.6996 29.4835 8.12068 1.77424 147.4
62.7996 29.4811 8.13644 1.77593 147.384
62.8996 29.4786 8.15221 1.77761 147.369
62.9996 29.476 8.168 1.77929 147.353
63.0996 29.4733 8.1838 1.78097 147.337
63.1996 29.4705 8.19962 1.78264 147.321
63.2996 29.4676 8.21545 1.78431 147.305
63.3996 29.4646 8.2313 1.78597 147.29
63.4996 29.4616 8.24715 1.78762 147.274
63.5996 29.4584 8.26303 1.78927 147.258
63.6996 29.4552 8.27891 1.79092 147.242
63.7996 29.4519 8.29481 1.79256 147.226
63.8996 29.4485 8.31073 1.79419 147.21
63.9996 29.445 8.32665 1.79582 147.194
64.0996 29.4414 8.34259 1.79745 147.178
64.1996 29.4377 8.35855 1.79907 147.162
64.2996 29.4339 8.37451 1.80068 147.146
64.3996 29.43 8.3905 1.80229 147.13
64.4996 29.4261 8.40649 1.80389 147.114
64.5996 29.4221 8.4225 1.80549 147.098
64.6996 29.4179 8.43852 1.80708 147.082
64.7996 29.4137 8.45455 1.80867 147.066
64.8996 29.4094 8.4706 1.81026 147.05
64.9996 29.4051 8.48666 1.81183 147.034
65.0996 29.4006 8.50273 1.8134 147.018
65.1996 29.396 8.51882 1.81497 147.002
65.2996 29.3914 8.53492 1.81653 146.986
65.3996 29.3867 8.55103 1.81809 146.97
65.4996 29.3819 8.56716 1.81964 146.954
65.5996 29.377 8.5833 1.82119 146.938
65.6996 29.372 8.59945 1.82273 146.921
65.7996 29.3669 8.61561 1.82426 146.905
65.8996 29.3618 8.63179 1.82579 146.889
65.9996 29.3566 8.64798 1.82732 146.873
66.0996 29.3512 8.66418 1.82883 146.857
66.1996 29.3459 8.68039 1.83035 146.841
66.2996 29.3404 8.69662 1.83186 146.824
66.3996 29.3348 8.71286 1.83336 146.808
66.4996 29.3292 8.72911 1.83486 146.792
66.5996 29.3234 8.74537 1.83635 146.776
66.6996 29.3176 8.76165 1.83784 146.759
66.7996 29.3117 8.77794 1.83932 146.743
66.8996 29.3058 8.79424 1.8408 146.727
66.9995 29.2997 8.81055 1.84227 146.71
67.0995 29.2936 8.82687 1.84373 146.694
67.1995 29.2874 8.84321 1.84519 146.678
67.2995 29.2811 8.85956 1.84665 146.661
67.3995 29.2747 8.87592 1.8481 146.645
67.4995 29.2682 8.89229 1.84954 146.629
67.5995 29.2617 8.90868 1.85098 146.612
67.6995 29.2551 8.92507 1.85241 146.596
67.7995 29.2484 8.94148 1.85384 146.579
67.8995 29.2416 8.9579 1.85526 146.563
67.9995 29.2347 8.97433 1.85668 146.547
68.0995 29.2278 8.99077 1.85809 146.53
68.1995 29.2208 9.00723 1.8595 146.514
68.2995 29.2137 9.02369 1.8609 146.497
68.3995 29.2065 9.04017 1.8623 146.481
68.4995 29.1993 9.05666 1.86369 146.464
68.5995 29.192 9.07316 1.86507 146.448
68.6995 29.1846 9.08967 1.86645 146.431
68.7995 29.1771 9.10619 1.86782 146.415
68.8995 29.1695 9.12273 1.86919 146.398
68.9995 29.1619 9.13927 1.87055 146.382
69.0995 29.1542 9.15583 1.87191 146.365
69.1995 29.1464 9.1724 1.87326 146.349
69.2995 29.1386 9.18897 1.87461 146.332
69.3995 29.1306 9.20556 1.87595 146.315
69.4995 29.1226 9.22216 1.87729 146.299
69.5995 29.1145 9.23877 1.87862 146.282
69.6995 29.1064 9.2554 1.87994 146.266
69.7995 29.0981 9.27203 1.88126 146.249
69.8995 29.0898 9.28867 1.88257 146.232
69.9995 29.0814 9.30532 1.88388 146.216
70.0995 29.073 9.32199 1.88518 146.199
70.1995 29.0645 9.33866 1.88648 146.182
70.2995 29.0558 9.35535 1.88777 146.166
70.3995 29.0472 9.37204 1.88906 146.149
70.4995 29.0384 9.38875 1.89034 146.132
70.5995 29.0296 9.40547 1.89161 146.115
70.6995 29.0207 9.42219 1.89288 146.099
70.7995 29.0117 9.43893 1.89414 146.082
70.8995 29.0027 9.45568 1.8954 146.065
70.9995 28.9936 9.47243 1.89666 146.048
71.0995 28.9844 9.4892 1.8979 146.032
71.1995 28.9751 9.50598 1.89914 146.015
71.2995 28.9658 9.52276 1.90038 145.998
71.3995 28.9564 9.53956 1.90161 145.981
71.4995 28.9469 9.55637 1.90283 145.965
71.5995 28.9374 9.57318 1.90405 145.948
71.6995 28.9277 9.59001 1.90527 145.931
71.7995 28.9181 9.60685 1.90647 145.914
71.8995 28.9083 9.62369 1.90768 145.897
71.9995 28.8985 9.64055 1.90887 145.88
72.0995 28.8886 9.65741 1.91006 145.864
72.1995 28.8786 9.67429 1.91125 145.847
72.2995 28.8686 9.69117 1.91243 145.83
72.3995 28.8585 9.70807 1.9136 145.813
72.4995 28.8483 9.72497 1.91477 145.796
72.5995 28.838 9.74188 1.91594 145.779
72.6995 28.8277 9.7588 1.91709 145.762
72.7995 28.8174 9.77573 1.91825 145.745
72.8995 28.8069 9.79267 1.91939 145.728
72.9995 28.7964 9.80962 1.92053 145.711
73.0995 28.7858 9.82658 1.92167 145.694
73.1995 28.7752 9.84355 1.9228 145.677
73.2995 28.7644 9.86052 1.92392 145.66
73.3995 28.7537 9.87751 1.92504 145.643
73.4995 28.7428 9.8945 1.92615 145.626
73.5994 28.7319 9.9115 1.92726 145.609
73.6994 28.7209 9.92851 1.92836 145.592
73.7994 28.7098 9.94553 1.92945 145.575
73.8994 28.6987 9.96256 1.93054 145.558
73.9994 28.6875 9.9796 1.93162 145.541
74.0994 28.6763 9.99664 1.9327 145.524
74.1994 28.665 10.0137 1.93377 145.507
74.2994 28.6536 10.0308 1.93484 145.49
74.3994 28.6421 10.0478 1.9359 145.473
74.4994 28.6306 10.0649 1.93696 145.456
74.5994 28.619 10.082 1.93801 145.439
74.6994 28.6074 10.0991 1.93905 145.422
74.7994 28.5957 10.1162 1.94009 145.405
74.8994 28.5839 10.1333 1.94112 145.388
74.9994 28.5721 10.1504 1.94215 145.371
75.0994 28.5602 10.1676 1.94317 145.353
75.1994 28.5482 10.1847 1.94418 145.336
75.2994 28.5362 10.2018 1.94519 145.319
75.3994 28.5241 10.219 1.9462 145.302
75.4994 28.5119 10.2361 1.94719 145.285
75.5994 28.4997 10.2533 1.94819 145.268
75.6994 28.4874 10.2705 1.94917 145.25
75.7994 28.4751 10.2877 1.95015 145.233
75.8994 28.4627 10.3049 1.95113 145.216
75.9994 28.4502 10.3221 1.9521 145.199
76.0994 28.4377 10.3393 1.95306 145.182
76.1994 28.4251 10.3565 1.95402 145.164
76.2994 28.4124 10.3737 1.95497 145.147
76.3994 28.3997 10.3909 1.95592 145.13
76.4994 28.387 10.4082 1.95686 145.113
76.5994 28.3741 10.4254 1.95779 145.096
76.6994 28.3612 10.4426 1.95872 145.078
76.7994 28.3483 10.4599 1.95964 145.061
76.8994 28.3352 10.4772 1.96056 145.044
76.9994 28.3222 10.4944 1.96147 145.026
77.0994 28.309 10.5117 1.96237 145.009
77.1994 28.2958 10.529 1.96327 144.992
77.2994 28.2825 10.5463 1.96417 144.975
77.3994 28.2692 10.5636 1.96505 144.957
77.4994 28.2558 10.5809 1.96594 144.94
77.5994 28.2424 10.5982 1.96681 144.923
77.6994 28.2289 10.6155 1.96768 144.905
77.7994 28.2153 10.6328 1.96855 144.888
77.8994 28.2017 10.6502 1.96941 144.871
77.9994 28.1881 10.6675 1.97026 144.853
78.0994 28.1743 10.6849 1.97111 144.836
78.1994 28.1605 10.7022 1.97195 144.819
78.2994 28.1467 10.7196 1.97278 144.801
78.3994 28.1328 10.7369 1.97361 144.784
78.4994 28.1188 10.7543 1.97444 144.767
78.5994 28.1048 10.7717 1.97525 144.749
78.6994 28.0907 10.789 1.97606 144.732
78.7994 28.0765 10.8064 1.97687 144.714
78.8994 28.0623 10.8238 1.97767 144.697
78.9994 28.0481 10.8412 1.97846 144.68
79.0994 28.0338 10.8586 1.97925 144.662
79.1994 28.0194 10.876 1.98004 144.645
79.2994 28.005 10.8935 1.98081 144.627
79.3994 27.9905 10.9109 1.98158 144.61
79.4994 27.976 10.9283 1.98235 144.593
79.5994 27.9614 10.9457 1.98311 144.575
79.6994 27.9467 10.9632 1.98386 144.558
79.7994 27.932 10.9806 1.98461 144.54
79.8994 27.9172 10.9981 1.98535 144.523
79.9994 27.9024 11.0155 1.98608 144.505
80.0993 27.8875 11.033 1.98681 144.488
80.1993 27.8726 11.0505 1.98753 144.47
80.2993 27.8576 11.0679 1.98825 144.453
80.3993 27.8426 11.0854 1.98896 144.436
80.4993 27.8275 11.1029 1.98967 144.418
80.5993 27.8124 11.1204 1.99037 144.401
80.6993 27.7972 11.1379 1.99106 144.383
80.7993 27.7819 11.1554 1.99175 144.366
80.8993 27.7666 11.1729 1.99243 144.348
80.9993 27.7512 11.1904 1.99311 144.331
81.0993 27.7358 11.2079 1.99378 144.313
81.1993 27.7203 11.2254 1.99444 144.296
81.2993 27.7048 11.2429 1.9951 144.278
81.3993 27.6892 11.2605 1.99575 144.26
81.4993 27.6736 11.278 1.9964 144.243
81.5993 27.6579 11.2955 1.99704 144.225
81.6993 27.6422 11.3131 1.99767 144.208
81.7993 27.6264 11.3306 1.9983 144.19
81.8993 27.6105 11.3482 1.99892 144.173
81.9993 27.5947 11.3657 1.99954 144.155
82.0993 27.5787 11.3833 2.00015 144.138
82.1993 27.5627 11.4008 2.00075 144.12
82.2993 27.5467 11.4184 2.00135 144.103
82.3993 27.5306 11.436 2.00194 144.085
82.4993 27.5144 11.4535 2.00253 144.067
82.5993 27.4982 11.4711 2.00311 144.05
82.6993 27.4819 11.4887 2.00368 144.032
82.7993 27.4656 11.5063 2.00425 144.015
82.8993 27.4493 11.5239 2.00481 143.997
82.9993 27.4329 11.5415 2.00537 143.979
83.0993 27.4164 11.5591 2.00592 143.962
83.1993 27.3999 11.5767 2.00646 143.944
83.2993 27.3833 11.5943 2.007 143.927
83.3993 27.3667 11.6119 2.00753 143.909
83.4993 27.3501 11.6295 2.00806 143.891
83.5993 27.3333 11.6471 2.00858 143.874
83.6993 27.3166 11.6647 2.0091 143.856
83.7993 27.2998 11.6824 2.0096 143.839
83.8993 27.2829 11.7 2.01011 143.821
83.9993 27.266 11.7176 2.0106 143.803
84.0993 27.249 11.7352 2.01109 143.786
84.1993 27.232 11.7529 2.01158 143.768
84.2993 27.215 11.7705 2.01205 143.75
84.3993 27.1979 11.7882 2.01252 143.733
84.4993 27.1807 11.8058 2.01299 143.715
84.5993 27.1635 11.8235 2.01345 143.697
84.6993 27.1462 11.8411 2.0139 143.68
84.7993 27.1289 11.8588 2.01435 143.662
84.8993 27.1116 11.8764 2.01479 143.645
84.9993 27.0942 11.8941 2.01523 143.627
85.0993 27.0767 11.9117 2.01566 143.609
85.1993 27.0592 11.9294 2.01608 143.592
85.2993 27.0417 11.9471 2.0165 143.574
85.3993 27.0241 11.9647 2.01691 143.556
85.4993 27.0065 11.9824 2.01732 143.539
85.5993 26.9888 12.0001 2.01771 143.521
85.6993 26.9711 12.0178 2.01811 143.503
85.7993 26.9533 12.0354 2.01849 143.485
85.8993 26.9355 12.0531 2.01888 143.468
85.9993 26.9176 12.0708 2.01925 143.45
86.0993 26.8997 12.0885 2.01962 143.432
86.1993 26.8817 12.1062 2.01998 143.415
86.2993 26.8637 12.1239 2.02034 143.397
86.3993 26.8456 12.1416 2.02069 143.379
86.4993 26.8275 12.1593 2.02103 143.362
86.5993 26.8094 12.1769 2.02137 143.344
86.6992 26.7912 12.1946 2.0217 143.326
86.7992 26.773 12.2123 2.02203 143.309
86.8992 26.7547 12.23 2.02235 143.291
86.9992 26.7363 12.2478 2.02266 143.273
87.0992 26.718 12.2655 2.02297 143.255
87.1992 26.6995 12.2832 2.02327 143.238
87.2992 26.6811 12.3009 2.02357 143.22
87.3992 26.6626 12.3186 2.02386 143.202
87.4992 26.644 12.3363 2.02414 143.185
87.5992 26.6254 12.354 2.02442 143.167
87.6992 26.6068 12.3717 2.02469 143.149
87.7992 26.5881 12.3894 2.02495 143.132
87.8992 26.5693 12.4071 2.02521 143.114
87.9992 26.5505 12.4249 2.02547 143.096
88.0992 26.5317 12.4426 2.02571 143.078
88.1992 26.5129 12.4603 2.02595 143.061
88.2992 26.4939 12.478 2.02619 143.043
88.3992 26.475 12.4957 2.02642 143.025
88.4992 26.456 12.5135 2.02664 143.007
88.5992 26.437 12.5312 2.02685 142.99
88.6992 26.4179 12.5489 2.02706 142.972
88.7992 26.3987 12.5666 2.02727 142.954
88.8992 26.3796 12.5844 2.02747 142.937
88.9992 26.3604 12.6021 2.02766 142.919
89.0992 26.3411 12.6198 2.02784 142.901
89.1992 26.3218 12.6375 2.02802 142.883
89.2992 26.3025 12.6553 2.02819 142.866
89.3992 26.2831 12.673 2.02836 142.848
89.4992 26.2637 12.6907 2.02852 142.83
89.5992 26.2442 12.7084 2.02868 142.812
89.6992 26.2247 12.7262 2.02882 142.795
89.7992 26.2051 12.7439 2.02897 142.777
89.8992 26.1855 12.7616 2.0291 142.759
89.9992 26.1659 12.7793 2.02923 142.742
90.0992 26.1462 12.7971 2.02936 142.724
90.1992 26.1265 12.8148 2.02947 142.706
90.2992 26.1067 12.8325 2.02959 142.688
90.3992 26.0869 12.8503 2.02969 142.671
90.4992 26.0671 12.868 2.02979 142.653
90.5992 26.0472 12.8857 2.02988 142.635
90.6992 26.0273 12.9034 2.02997 142.617
90.7992 26.0073 12.9212 2.03005 142.6
90.8992 25.9873 12.9389 2.03012 142.582
90.9992 25.9673 12.9566 2.03019 142.564
91.0992 25.9472 12.9743 2.03025 142.547
91.1992 25.927 12.9921 2.03031 142.529
91.2992 25.9069 13.0098 2.03036 142.511
91.3992 25.8867 13.0275 2.0304 142.493
91.4992 25.8664 13.0452 2.03044 142.476
91.5992 25.8461 13.063 2.03047 142.458
91.6992 25.8258 13.0807 2.0305 142.44
91.7992 25.8054 13.0984 2.03052 142.423
91.8992 25.785 13.1161 2.03053 142.405
91.9992 25.7646 13.1338 2.03053 142.387
92.0992 25.7441 13.1516 2.03053 142.369
92.1992 25.7236 13.1693 2.03053 142.352
92.2992 25.703 13.187 2.03052 142.334
92.3992 25.6824 13.2047 2.0305 142.316
92.4992 25.6618 13.2224 2.03047 142.299
92.5992 25.6411 13.2401 2.03044 142.281
92.6992 25.6203 13.2578 2.03041 142.263
92.7992 25.5996 13.2755 2.03036 142.245
92.8992 25.5788 13.2932 2.03031 142.228
92.9992 25.558 13.3109 2.03026 142.21
93.0992 25.5371 13.3286 2.0302 142.192
93.1992 25.5162 13.3463 2.03013 142.175
93.2991 25.4952 13.364 2.03005 142.157
93.3991 25.4742 13.3817 2.02997 142.139
93.4991 25.4532 13.3994 2.02989 142.121
93.5991 25.4321 13.4171 2.02979 142.104
93.6991 25.411 13.4348 2.0297 142.086
93.7991 25.3899 13.4525 2.02959 142.068
93.8991 25.3687 13.4702 2.02948 142.051
93.9991 25.3475 13.4879 2.02936 142.033
94.0991 25.3263 13.5056 2.02924 142.015
94.1991 25.305 13.5233 2.02911 141.998
94.2991 25.2836 13.5409 2.02897 141.98
94.3991 25.2623 13.5586 2.02883 141.962
94.4991 25.2409 13.5763 2.02868 141.945
94.5991 25.2195 13.594 2.02853 141.927
94.6991 25.198 13.6116 2.02837 141.909
94.7991 25.1765 13.6293 2.0282 141.892
94.8991 25.1549 13.647 2.02802 141.874
94.9991 25.1333 13.6646 2.02784 141.856
95.0991 25.1117 13.6823 2.02766 141.839
95.1991 25.0901 13.6999 2.02747 141.821
95.2991 25.0684 13.7176 2.02727 141.803
95.3991 25.0467 13.7352 2.02706 141.786
95.4991 25.0249 13.7529 2.02685 141.768
95.5991 25.0031 13.7705 2.02664 141.75
95.6991 24.9813 13.7882 2.02641 141.733
95.7991 24.9594 13.8058 2.02618 141.715
95.8991 24.9375 13.8235 2.02595 141.697
95.9991 24.9156 13.8411 2.02571 141.68
96.0991 24.8936 13.8587 2.02546 141.662
96.1991 24.8716 13.8763 2.0252 141.645
96.2991 24.8495 13.894 2.02494 141.627
96.3991 24.8275 13.9116 2.02468 141.609
96.4991 24.8053 13.9292 2.0244 141.592
96.5991 24.7832 13.9468 2.02413 141.574
96.6991 24.761 13.9644 2.02384 141.557
96.7991 24.7388 13.982 2.02355 141.539
96.8991 24.7165 13.9996 2.02325 141.521
96.9991 24.6942 14.0172 2.02295 141.504
97.0991 24.6719 14.0348 2.02264 141.486
97.1991 24.6496 14.0524 2.02232 141.469
97.2991 24.6272 14.07 2.022 141.451
97.3991 24.6048 14.0876 2.02167 141.433
97.4991 24.5823 14.1052 2.02133 141.416
97.5991 24.5598 14.1227 2.02099 141.398
97.6991 24.5373 14.1403 2.02064 141.381
97.7991 24.5147 14.1579 2.02029 141.363
97.8991 24.4921 14.1754 2.01993 141.346
97.9991 24.4695 14.193 2.01956 141.328
98.0991 24.4469 14.2105 2.01919 141.31
98.1991 24.4242 14.2281 2.01881 141.293
98.2991 24.4014 14.2456 2.01843 141.275
98.3991 24.3787 14.2632 2.01804 141.258
98.4991 24.3559 14.2807 2.01764 141.24
98.5991 24.3331 14.2982 2.01724 141.223
98.6991 24.3102 14.3158 2.01683 141.205
98.7991 24.2873 14.3333 2.01641 141.188
98.8991 24.2644 14.3508 2.01599 141.17
98.9991 24.2414 14.3683 2.01556 141.153
99.0991 24.2185 14.3858 2.01512 141.135
99.1991 24.1954 14.4033 2.01468 141.118
99.2991 24.1724 14.4208 2.01424 141.1
99.3991 24.1493 14.4383 2.01378 141.083
99.4991 24.1262 14.4558 2.01332 141.065
99.5991 24.103 14.4733 2.01286 141.048
99.6991 24.0799 14.4908 2.01239 141.03
99.799 24.0566 14.5082 2.01191 141.013
99.899 24.0334 14.5257 2.01142 140.995
99.999 24.0101 14.5432 2.01093 140.978
100.099 23.9868 14.5606 2.01044 140.96
100.199 23.9635 14.5781 2.00993 140.943
100.299 23.9401 14.5955 2.00942 140.925
100.399 23.9167 14.613 2.00891 140.908
100.499 23.8933 14.6304 2.00839 140.891
100.599 23.8698 14.6478 2.00786 140.873
100.699 23.8463 14.6652 2.00732 140.856
100.799 23.8228 14.6827 2.00678 140.838
100.899 23.7993 14.7001 2.00624 140.821
100.999 23.7757 14.7175 2.00568 140.803
101.099 23.752 14.7349 2.00512 140.786
101.199 23.7284 14.7523 2.00456 140.769
101.299 23.7047 14.7697 2.00399 140.751
101.399 23.681 14.787 2.00341 140.734
101.499 23.6573 14.8044 2.00283 140.717
101.599 23.6335 14.8218 2.00224 140.699
101.699 23.6097 14.8391 2.00164 140.682
101.799 23.5859 14.8565 2.00104 140.664
101.899 23.562 14.8738 2.00043 140.647
101.999 23.5381 14.8912 1.99981 140.63
102.099 23.5142 14.9085 1.99919 140.612
102.199 23.4903 14.9259 1.99856 140.595
102.299 23.4663 14.9432 1.99793 140.578
102.399 23.4423 14.9605 1.99729 140.56
102.499 23.4182 14.9778 1.99664 140.543
102.599 23.3942 14.9951 1.99599 140.526
102.699 23.3701 15.0124 1.99533 140.509
102.799 23.3459 15.0297 1.99467 140.491
102.899 23.3218 15.047 1.994 140.474
102.999 23.2976 15.0643 1.99332 140.457
103.099 23.2734 15.0815 1.99264 140.439
103.199 23.2491 15.0988 1.99195 140.422
103.299 23.2249 15.1161 1.99125 140.405
103.399 23.2006 15.1333 1.99055 140.388
103.499 23.1762 15.1505 1.98984 140.37
103.599 23.1519 15.1678 1.98913 140.353
103.699 23.1275 15.185 1.98841 140.336
103.799 23.1031 15.2022 1.98768 140.319
103.899 23.0786 15.2194 1.98695 140.301
103.999 23.0542 15.2366 1.98621 140.284
104.099 23.0297 15.2538 1.98546 140.267
104.199 23.0051 15.271 1.98471 140.25
104.299 22.9806 15.2882 1.98396 140.233
104.399 22.956 15.3054 1.98319 140.216
104.499 22.9314 15.3226 1.98242 140.198
104.599 22.9068 15.3397 1.98165 140.181
104.699 22.8821 15.3569 1.98086 140.164
104.799 22.8574 15.374 1.98007 140.147
104.899 22.8327 15.3911 1.97928 140.13
104.999 22.8079 15.4083 1.97848 140.113
105.099 22.7831 15.4254 1.97767 140.096
105.199 22.7583 15.4425 1.97686 140.078
105.299 22.7335 15.4596 1.97604 140.061
105.399 22.7086 15.4767 1.97521 140.044
105.499 22.6838 15.4938 1.97438 140.027
105.599 22.6588 15.5109 1.97354 140.01
105.699 22.6339 15.5279 1.9727 139.993
105.799 22.6089 15.545 1.97185 139.976
105.899 22.5839 15.5621 1.97099 139.959
105.999 22.5589 15.5791 1.97013 139.942
106.099 22.5339 15.5961 1.96926 139.925
106.199 22.5088 15.6132 1.96839 139.908
106.299 22.4837 15.6302 1.96751 139.891
106.399 22.4586 15.6472 1.96662 139.874
106.499 22.4334 15.6642 1.96573 139.857
106.599 22.4082 15.6812 1.96483 139.84
106.699 22.383 15.6982 1.96392 139.823
106.799 22.3578 15.7152 1.96301 139.806
106.899 22.3325 15.7321 1.96209 139.789
106.999 22.3072 15.7491 1.96117 139.772
107.099 22.2819 15.766 1.96024 139.755
107.199 22.2566 15.783 1.9593 139.738
107.299 22.2312 15.7999 1.95836 139.721
107.399 22.2058 15.8168 1.95741 139.704
107.499 22.1804 15.8337 1.95645 139.687
107.599 22.155 15.8506 1.95549 139.67
107.699 22.1295 15.8675 1.95453 139.653
107.799 22.104 15.8844 1.95355 139.637
107.899 22.0785 15.9013 1.95257 139.62
107.999 22.0529 15.9182 1.95159 139.603
108.099 22.0274 15.935 1.9506 139.586
108.199 22.0018 15.9519 1.9496 139.569
108.299 21.9761 15.9687 1.94859 139.552
108.399 21.9505 15.9855 1.94758 139.535
108.499 21.9248 16.0023 1.94657 139.519
108.599 21.8991 16.0191 1.94555 139.502
108.699 21.8734 16.0359 1.94452 139.485
108.799 21.8477 16.0527 1.94348 139.468
108.899 21.8219 16.0695 1.94244 139.451
108.999 21.7961 16.0863 1.9414 139.435
109.099 21.7703 16.103 1.94034 139.418
109.199 21.7444 16.1198 1.93928 139.401
109.299 21.7186 16.1365 1.93822 139.384
109.399 21.6927 16.1532 1.93715 139.368
109.499 21.6668 16.17 1.93607 139.351
109.599 21.6408 16.1867 1.93499 139.334
109.699 21.6149 16.2034 1.9339 139.318
109.799 21.5889 16.22 1.9328 139.301
109.899 21.5629 16.2367 1.9317 139.284
109.999 21.5368 16.2534 1.93059 139.268
110.099 21.5108 16.27 1.92948 139.251
110.199 21.4847 16.2867 1.92836 139.234
110.299 21.4586 16.3033 1.92724 139.218
110.399 21.4324 16.3199 1.9261 139.201
110.499 21.4063 16.3365 1.92497 139.184
110.599 21.3801 16.3531 1.92382 139.168
110.699 21.3539 16.3697 1.92267 139.151
110.799 21.3276 16.3863 1.92151 139.135
110.899 21.3014 16.4029 1.92035 139.118
110.999 21.2751 16.4194 1.91918 139.101
111.099 21.2488 16.436 1.91801 139.085
111.199 21.2225 16.4525 1.91683 139.068
111.299 21.1961 16.469 1.91564 139.052
111.399 21.1698 16.4856 1.91445 139.035
111.499 21.1434 16.5021 1.91325 139.019
111.599 21.117 16.5185 1.91205 139.002
111.699 21.0905 16.535 1.91084 138.986
111.799 21.0641 16.5515 1.90962 138.969
111.899 21.0376 16.5679 1.9084 138.953
111.999 21.0111 16.5844 1.90717 138.937
112.099 20.9846 16.6008 1.90593 138.92
112.199 20.958 16.6172 1.90469 138.904
112.299 20.9314 16.6336 1.90345 138.887
112.399 20.9048 16.65 1.90219 138.871
112.499 20.8782 16.6664 1.90093 138.855
112.599 20.8516 16.6828 1.89967 138.838
112.699 20.8249 16.6992 1.8984 138.822
112.799 20.7982 16.7155 1.89712 138.805
112.899 20.7715 16.7318 1.89584 138.789
112.999 20.7448 16.7482 1.89455 138.773
113.099 20.718 16.7645 1.89325 138.756
113.199 20.6912 16.7808 1.89195 138.74
113.299 20.6644 16.7971 1.89065 138.724
113.399 20.6376 16.8133 1.88933 138.708
113.499 20.6108 16.8296 1.88801 138.691
113.599 20.5839 16.8459 1.88669 138.675
113.699 20.557 16.8621 1.88536 138.659
113.799 20.5301 16.8783 1.88402 138.643
113.899 20.5032 16.8945 1.88268 138.626
113.999 20.4763 16.9107 1.88133 138.61
114.099 20.4493 16.9269 1.87998 138.594
114.199 20.4223 16.9431 1.87861 138.578
114.299 20.3953 16.9593 1.87725 138.562
114.399 20.3682 16.9754 1.87588 138.546
114.499 20.3412 16.9916 1.8745 138.529
114.599 20.3141 17.0077 1.87311 138.513
114.699 20.287 17.0238 1.87172 138.497
114.799 20.2599 17.0399 1.87032 138.481
114.899 20.2327 17.056 1.86892 138.465
114.999 20.2056 17.0721 1.86751 138.449
115.099 20.1784 17.0881 1.8661 138.433
115.199 20.1512 17.1042 1.86468 138.417
115.299 20.124 17.1202 1.86325 138.401
115.399 20.0967 17.1362 1.86182 138.385
115.499 20.0695 17.1522 1.86038 138.369
115.599 20.0422 17.1682 1.85894 138.353
115.699 20.0149 17.1842 1.85749 138.337
115.799 19.9875 17.2002 1.85603 138.321
115.899 19.9602 17.2161 1.85457 138.305
115.999 19.9328 17.2321 1.8531 138.289
116.099 19.9054 17.248 1.85163 138.273
116.199 19.878 17.2639 1.85015 138.257
116.299 19.8506 17.2798 1.84867 138.241
116.399 19.8231 17.2957 1.84717 138.225
116.499 19.7957 17.3116 1.84568 138.209
116.599 19.7682 17.3274 1.84417 138.194
116.699 19.7407 17.3433 1.84267 138.178
116.799 19.7131 17.3591 1.84115 138.162
116.899 19.6856 17.3749 1.83963 138.146
116.999 19.658 17.3907 1.8381 138.13
117.099 19.6304 17.4065 1.83657 138.114
117.199 19.6028 17.4223 1.83503 138.099
117.299 19.5752 17.438 1.83349 138.083
117.399 19.5475 17.4538 1.83194 138.067
117.499 19.5199 17.4695 1.83038 138.051
117.599 19.4922 17.4852 1.82882 138.036
117.699 19.4645 17.5009 1.82726 138.02
117.799 19.4367 17.5166 1.82568 138.004
117.899 19.409 17.5323 1.8241 137.989
117.999 19.3812 17.548 1.82252 137.973
118.099 19.3534 17.5636 1.82093 137.957
118.199 19.3256 17.5792 1.81933 137.942
118.299 19.2978 17.5949 1.81773 137.926
118.399 19.27 17.6105 1.81612 137.91
118.499 19.2421 17.6261 1.81451 137.895
118.599 19.2142 17.6416 1.81289 137.879
118.699 19.1863 17.6572 1.81126 137.864
118.799 19.1584 17.6727 1.80963 137.848
118.899 19.1304 17.6883 1.80799 137.833
118.999 19.1025 17.7038 1.80635 137.817
119.099 19.0745 17.7193 1.8047 137.802
119.199 19.0465 17.7348 1.80305 137.786
119.299 19.0185 17.7502 1.80139 137.771
119.399 18.9905 17.7657 1.79972 137.755
119.499 18.9624 17.7811 1.79805 137.74
119.599 18.9344 17.7965 1.79637 137.724
119.699 18.9063 17.8119 1.79469 137.709
119.799 18.8782 17.8273 1.793 137.694
119.899 18.85 17.8427 1.7913 137.678
119.999 18.8219 17.8581 1.7896 137.663
120.099 18.7937 17.8734 1.7879 137.648
120.199 18.7656 17.8887 1.78618 137.632
120.299 18.7374 17.9041 1.78447 137.617
120.399 18.7091 17.9194 1.78274 137.602
120.499 18.6809 17.9346 1.78101 137.586
120.599 18.6527 17.9499 1.77928 137.571
120.699 18.6244 17.9652 1.77754 137.556
120.799 18.5961 17.9804 1.77579 137.541
120.899 18.5678 17.9956 1.77404 137.525
120.999 18.5395 18.0108 1.77228 137.51
121.099 18.5111 18.026 1.77052 137.495
121.199 18.4828 18.0412 1.76875 137.48
121.299 18.4544 18.0563 1.76697 137.465
121.399 18.426 18.0715 1.76519 137.449
121.499 18.3976 18.0866 1.76341 137.434
121.599 18.3692 18.1017 1.76162 137.419
121.699 18.3407 18.1168 1.75982 137.404
121.799 18.3122 18.1319 1.75802 137.389
121.899 18.2838 18.1469 1.75621 137.374
121.999 18.2553 18.162 1.75439 137.359
122.099 18.2267 18.177 1.75257 137.344
122.199 18.1982 18.192 1.75075 137.329
122.299 18.1697 18.207 1.74892 137.314
122.399 18.1411 18.222 1.74708 137.299
122.499 18.1125 18.2369 1.74524 137.284
122.599 18.0839 18.2519 1.74339 137.269
122.699 18.0553 18.2668 1.74153 137.254
122.799 18.0267 18.2817 1.73967 137.239
122.899 17.998 18.2966 1.73781 137.224
122.999 17.9693 18.3115 1.73594 137.209
123.099 17.9407 18.3263 1.73406 137.195
123.199 17.9119 18.3412 1.73218 137.18
123.299 17.8832 18.356 1.73029 137.165
123.399 17.8545 18.3708 1.7284 137.15
123.499 17.8257 18.3856 1.7265 137.135
123.599 17.797 18.4004 1.7246 137.121
123.699 17.7682 18.4151 1.72269 137.106
123.799 17.7394 18.4299 1.72077 137.091
123.899 17.7106 18.4446 1.71885 137.076
123.999 17.6817 18.4593 1.71692 137.062
124.099 17.6529 18.474 1.71499 137.047
124.199 17.624 18.4887 1.71306 137.032
124.299 17.5951 18.5033 1.71111 137.018
124.399 17.5662 18.518 1.70916 137.003
124.499 17.5373 18.5326 1.70721 136.988
124.599 17.5084 18.5472 1.70525 136.974
124.699 17.4794 18.5618 1.70329 136.959
124.799 17.4505 18.5763 1.70131 136.945
124.899 17.4215 18.5909 1.69934 136.93
124.999 17.3925 18.6054 1.69736 136.916
125.099 17.3635 18.6199 1.69537 136.901
125.199 17.3344 18.6344 1.69338 136.887
125.299 17.3054 18.6489 1.69138 136.872
125.399 17.2763 18.6634 1.68938 136.858
125.499 17.2473 18.6778 1.68737 136.843
125.599 17.2182 18.6922 1.68535 136.829
125.699 17.1891 18.7066 1.68333 136.814
125.799 17.1599 18.721 1.68131 136.8
125.899 17.1308 18.7354 1.67928 136.786
125.999 17.1017 18.7497 1.67724 136.771
126.099 17.0725 18.7641 1.6752 136.757
126.199 17.0433 18.7784 1.67315 136.743
126.299 17.0141 18.7927 1.6711 136.728
126.399 16.9849 18.807 1.66904 136.714
126.499 16.9557 18.8212 1.66698 136.7
126.599 16.9264 18.8355 1.66491 136.685
126.699 16.8971 18.8497 1.66284 136.671
126.799 16.8679 18.8639 1.66076 136.657
126.899 16.8386 18.8781 1.65867 136.643
126.999 16.8093 18.8923 1.65658 136.629
127.099 16.78 18.9064 1.65449 136.615
127.199 16.7506 18.9205 1.65239 136.6
127.299 16.7213 18.9346 1.65028 136.586
127.399 16.6919 18.9487 1.64817 136.572
127.499 16.6625 18.9628 1.64605 136.558
127.599 16.6331 18.9769 1.64393 136.544
127.699 16.6037 18.9909 1.6418 136.53
127.799 16.5743 19.0049 1.63967 136.516
127.899 16.5448 19.0189 1.63753 136.502
127.999 16.5154 19.0329 1.63538 136.488
128.099 16.4859 19.0469 1.63324 136.474
128.199 16.4564 19.0608 1.63108 136.46
128.299 16.4269 19.0747 1.62892 136.446
128.399 16.3974 19.0886 1.62676 136.432
128.499 16.3679 19.1025 1.62459 136.418
128.599 16.3384 19.1164 1.62241 136.405
128.699 16.3088 19.1302 1.62023 136.391
128.799 16.2792 19.1441 1.61804 136.377
128.899 16.2496 19.1579 1.61585 136.363
128.999 16.22 19.1717 1.61366 136.349
129.099 16.1904 19.1854 1.61145 136.336
129.199 16.1608 19.1992 1.60925 136.322
129.299 16.1312 19.2129 1.60703 136.308
129.399 16.1015 19.2266 1.60482 136.294
129.499 16.0718 19.2403 1.60259 136.281
129.599 16.0421 19.254 1.60037 136.267
129.699 16.0124 19.2676 1.59813 136.253
129.799 15.9827 19.2813 1.59589 136.24
129.899 15.953 19.2949 1.59365 136.226
129.999 15.9233 19.3085 1.5914 136.212
130.099 15.8935 19.322 1.58915 136.199
130.199 15.8637 19.3356 1.58689 136.185
130.299 15.834 19.3491 1.58462 136.172
130.399 15.8042 19.3626 1.58235 136.158
130.499 15.7744 19.3761 1.58008 136.145
130.599 15.7445 19.3896 1.5778 136.131
130.699 15.7147 19.403 1.57551 136.118
130.799 15.6848 19.4165 1.57322 136.104
130.899 15.655 19.4299 1.57093 136.091
130.999 15.6251 19.4433 1.56863 136.078
131.099 15.5952 19.4566 1.56632 136.064
131.199 15.5653 19.47 1.56401 136.051
131.299 15.5354 19.4833 1.5617 136.038
131.399 15.5055 19.4966 1.55938 136.024
131.499 15.4755 19.5099 1.55705 136.011
131.599 15.4456 19.5232 1.55472 135.998
131.699 15.4156 19.5364 1.55238 135.984
131.799 15.3856 19.5497 1.55004 135.971
131.899 15.3556 19.5629 1.54769 135.958
131.999 15.3256 19.5761 1.54534 135.945
132.099 15.2956 19.5892 1.54299 135.932
132.199 15.2656 19.6024 1.54063 135.919
132.299 15.2355 19.6155 1.53826 135.905
132.399 15.2055 19.6286 1.53589 135.892
132.499 15.1754 19.6417 1.53351 135.879
132.599 15.1453 19.6547 1.53113 135.866
132.699 15.1152 19.6678 1.52874 135.853
132.799 15.0851 19.6808 1.52635 135.84
132.899 15.055 19.6938 1.52395 135.827
132.999 15.0248 19.7068 1.52155 135.814
133.099 14.9947 19.7197 1.51915 135.801
133.199 14.9645 19.7327 1.51674 135.788
133.299 14.9343 19.7456 1.51432 135.775
133.399 14.9042 19.7585 1.5119 135.762
133.499 14.874 19.7713 1.50947 135.75
133.599 14.8437 19.7842 1.50704 135.737
133.699 14.8135 19.797 1.5046 135.724
133.799 14.7833 19.8098 1.50216 135.711
133.899 14.753 19.8226 1.49972 135.698
133.999 14.7228 19.8354 1.49727 135.686
134.099 14.6925 19.8481 1.49481 135.673
134.199 14.6622 19.8608 1.49235 135.66
134.299 14.6319 19.8735 1.48988 135.647
134.399 14.6016 19.8862 1.48741 135.635
134.499 14.5713 19.8989 1.48494 135.622
134.599 14.541 19.9115 1.48246 135.609
134.699 14.5106 19.9241 1.47997 135.597
134.799 14.4803 19.9367 1.47748 135.584
134.899 14.4499 19.9493 1.47499 135.572
134.999 14.4195 19.9618 1.47249 135.559
135.099 14.3891 19.9744 1.46998 135.547
135.199 14.3587 19.9869 1.46747 135.534
135.299 14.3283 19.9993 1.46496 135.522
135.399 14.2979 20.0118 1.46244 135.509
135.499 14.2674 20.0242 1.45992 135.497
135.599 14.237 20.0367 1.45739 135.484
135.699 14.2065 20.0491 1.45485 135.472
135.799 14.176 20.0614 1.45232 135.46
135.899 14.1455 20.0738 1.44977 135.447
135.999 14.115 20.0861 1.44722 135.435
136.099 14.0845 20.0984 1.44467 135.423
136.199 14.054 20.1107 1.44212 135.41
136.299 14.0235 20.1229 1.43955 135.398
136.399 13.9929 20.1352 1.43699 135.386
136.499 13.9624 20.1474 1.43442 135.374
136.599 13.9318 20.1596 1.43184 135.361
136.699 13.9012 20.1718 1.42926 135.349
136.799 13.8706 20.1839 1.42667 135.337
136.899 13.84 20.196 1.42408 135.325
136.999 13.8094 20.2081 1.42149 135.313
137.099 13.7788 20.2202 1.41889 135.301
137.199 13.7482 20.2323 1.41628 135.289
137.299 13.7175 20.2443 1.41367 135.277
137.399 13.6869 20.2563 1.41106 135.265
137.499 13.6562 20.2683 1.40844 135.253
137.599 13.6255 20.2803 1.40582 135.241
137.699 13.5948 20.2922 1.40319 135.229
137.799 13.5641 20.3041 1.40056 135.217
137.899 13.5334 20.316 1.39792 135.205
137.999 13.5027 20.3279 1.39528 135.193
138.099 13.472 20.3398 1.39264 135.181
138.199 13.4412 20.3516 1.38999 135.169
138.299 13.4105 20.3634 1.38733 135.158
138.399 13.3797 20.3752 1.38467 135.146
138.499 13.3489 20.3869 1.38201 135.134
138.599 13.3181 20.3987 1.37934 135.122
138.699 13.2873 20.4104 1.37666 135.111
138.799 13.2565 20.4221 1.37399 135.099
138.899 13.2257 20.4338 1.3713 135.087
138.999 13.1949 20.4454 1.36862 135.076
139.099 13.1641 20.457 1.36593 135.064
139.199 13.1332 20.4686 1.36323 135.052
139.299 13.1023 20.4802 1.36053 135.041
139.399 13.0715 20.4917 1.35782 135.029
139.499 13.0406 20.5033 1.35511 135.018
139.599 13.0097 20.5148 1.3524 135.006
139.699 12.9788 20.5262 1.34968 134.995
139.799 12.9479 20.5377 1.34696 134.983
139.899 12.917 20.5491 1.34423 134.972
139.999 12.886 20.5605 1.3415 134.96
140.099 12.8551 20.5719 1.33876 134.949
140.199 12.8241 20.5833 1.33602 134.938
140.299 12.7932 20.5946 1.33328 134.926
140.399 12.7622 20.6059 1.33053 134.915
140.499 12.7312 20.6172 1.32777 134.904
140.599 12.7002 20.6285 1.32502 134.892
140.699 12.6692 20.6397 1.32225 134.881
140.799 12.6382 20.651 1.31949 134.87
140.899 12.6072 20.6621 1.31672 134.859
140.999 12.5762 20.6733 1.31394 134.848
141.099 12.5451 20.6845 1.31116 134.836
141.199 12.5141 20.6956 1.30838 134.825
141.299 12.483 20.7067 1.30559 134.814
141.399 12.4519 20.7178 1.30279 134.803
141.499 12.4208 20.7288 1.3 134.792
141.599 12.3898 20.7398 1.29719 134.781
141.699 12.3587 20.7508 1.29439 134.77
141.799 12.3275 20.7618 1.29158 134.759
141.899 12.2964 20.7728 1.28876 134.748
141.999 12.2653 20.7837 1.28594 134.737
142.099 12.2342 20.7946 1.28312 134.726
142.199 12.203 20.8055 1.28029 134.715
142.299 12.1719 20.8163 1.27746 134.705
142.399 12.1407 20.8271 1.27463 134.694
142.499 12.1095 20.838 1.27179 134.683
142.6 12.0783 20.8487 1.26894 134.672
142.7 12.0471 20.8595 1.26609 134.661
142.8 12.0159 20.8702 1.26324 134.651
142.9 11.9847 20.8809 1.26038 134.64
143 11.9535 20.8916 1.25752 134.629
143.1 11.9223 20.9023 1.25466 134.619
143.2 11.891 20.9129 1.25179 134.608
143.3 11.8598 20.9235 1.24892 134.597
143.4 11.8285 20.9341 1.24604 134.587
143.5 11.7972 20.9447 1.24316 134.576
143.6 11.766 20.9552 1.24027 134.566
143.7 11.7347 20.9657 1.23738 134.555
143.8 11.7034 20.9762 1.23449 134.545
143.9 11.6721 20.9866 1.23159 134.534
144 11.6408 20.9971 1.22869 134.524
144.1 11.6094 21.0075 1.22578 134.513
144.2 11.5781 21.0179 1.22287 134.503
144.3 11.5468 21.0282 1.21995 134.493
144.4 11.5154 21.0386 1.21704 134.482
144.5 11.4841 21.0489 1.21411 134.472
144.6 11.4527 21.0591 1.21119 134.462
144.7 11.4213 21.0694 1.20826 134.452
144.8 11.3899 21.0796 1.20532 134.441
144.9 11.3585 21.0898 1.20238 134.431
145 11.3271 21.1 1.19944 134.421
145.1 11.2957 21.1102 1.19649 134.411
145.2 11.2643 21.1203 1.19354 134.401
145.3 11.2329 21.1304 1.19059 134.391
145.4 11.2014 21.1405 1.18763 134.38
145.5 11.17 21.1506 1.18467 134.37
145.6 11.1386 21.1606 1.1817 134.36
145.7 11.1071 21.1706 1.17873 134.35
145.8 11.0756 21.1806 1.17576 134.34
145.9 11.0441 21.1905 1.17278 134.33
146 11.0127 21.2004 1.1698 134.32
146.1 10.9812 21.2103 1.16681 134.311
146.2 10.9497 21.2202 1.16382 134.301
146.3 10.9182 21.2301 1.16083 134.291
146.4 10.8866 21.2399 1.15783 134.281
146.5 10.8551 21.2497 1.15483 134.271
146.6 10.8236 21.2595 1.15182 134.261
146.7 10.792 21.2692 1.14881 134.252
146.8 10.7605 21.2789 1.1458 134.242
146.9 10.7289 21.2886 1.14278 134.232
147 10.6974 21.2983 1.13976 134.223
147.1 10.6658 21.3079 1.13674 134.213
147.2 10.6342 21.3176 1.13371 134.203
147.3 10.6026 21.3271 1.13068 134.194
147.4 10.571 21.3367 1.12764 134.184
147.5 10.5394 21.3463 1.1246 134.175
147.6 10.5078 21.3558 1.12156 134.165
147.7 10.4762 21.3653 1.11851 134.156
147.8 10.4445 21.3747 1.11546 134.146
147.9 10.4129 21.3841 1.11241 134.137
148 10.3812 21.3936 1.10935 134.127
148.1 10.3496 21.4029 1.10629 134.118
148.2 10.3179 21.4123 1.10322 134.109
148.3 10.2863 21.4216 1.10015 134.099
148.4 10.2546 21.4309 1.09708 134.09
148.5 10.2229 21.4402 1.094 134.081
148.6 10.1912 21.4495 1.09092 134.071
148.7 10.1595 21.4587 1.08784 134.062
148.8 10.1278 21.4679 1.08475 134.053
148.9 10.0961 21.477 1.08166 134.044
149 10.0644 21.4862 1.07856 134.035
149.1 10.0326 21.4953 1.07547 134.026
149.2 10.0009 21.5044 1.07236 134.017
149.3 9.96915 21.5135 1.06926 134.007
149.4 9.9374 21.5225 1.06615 133.998
149.5 9.90564 21.5315 1.06304 133.989
149.6 9.87388 21.5405 1.05992 133.98
149.7 9.8421 21.5495 1.0568 133.971
149.8 9.81032 21.5584 1.05368 133.963
149.9 9.77854 21.5673 1.05055 133.954
150 9.74674 21.5762 1.04742 133.945
150.1 9.71494 21.585 1.04429 133.936
150.2 9.68313 21.5938 1.04115 133.927
150.3 9.65131 21.6026 1.03801 133.918
150.4 9.61949 21.6114 1.03486 133.91
150.5 9.58766 21.6202 1.03172 133.901
150.6 9.55582 21.6289 1.02857 133.892
150.7 9.52398 21.6376 1.02541 133.883
150.8 9.49213 21.6462 1.02225 133.875
150.9 9.46027 21.6549 1.01909 133.866
151 9.4284 21.6635 1.01593 133.857
151.1 9.39653 21.6721 1.01276 133.849
151.2 9.36465 21.6806 1.00959 133.84
151.3 9.33277 21.6891 1.00641 133.832
151.4 9.30087 21.6976 1.00323 133.823
151.5 9.26898 21.7061 1.00005 133.815
151.6 9.23707 21.7146 0.996866 133.806
151.7 9.20516 21.723 0.993678 133.798
151.8 9.17324 21.7314 0.990486 133.79
151.9 9.14131 21.7397 0.987291 133.781
152 9.10938 21.7481 0.984093 133.773
152.1 9.07744 21.7564 0.980891 133.765
152.2 9.04549 21.7647 0.977686 133.756
152.3 9.01354 21.7729 0.974478 133.748
152.4 8.98158 21.7811 0.971266 133.74
152.5 8.94962 21.7893 0.968052 133.732
152.6 8.91764 21.7975 0.964834 133.723
152.7 8.88567 21.8057 0.961612 133.715
152.8 8.85368 21.8138 0.958388 133.707
152.9 8.82169 21.8219 0.95516 133.699
153 8.78969 21.8299 0.951929 133.691
153.1 8.75769 21.838 0.948695 133.683
153.2 8.72568 21.846 0.945458 133.675
153.3 8.69366 21.854 0.942218 133.667
153.4 8.66164 21.8619 0.938974 133.659
153.5 8.62961 21.8698 0.935728 133.651
153.6 8.59758 21.8777 0.932478 133.643
153.7 8.56553 21.8856 0.929225 133.635
153.8 8.53349 21.8934 0.925969 133.627
153.9 8.50143 21.9013 0.922709 133.62
154 8.46937 21.909 0.919447 133.612
154.1 8.43731 21.9168 0.916182 133.604
154.2 8.40524 21.9245 0.912913 133.596
154.3 8.37316 21.9322 0.909642 133.589
154.4 8.34107 21.9399 0.906367 133.581
154.5 8.30898 21.9476 0.90309 133.573
154.6 8.27689 21.9552 0.899809 133.566
154.7 8.24479 21.9628 0.896525 133.558
154.8 8.21268 21.9703 0.893239 133.551
154.9 8.18057 21.9779 0.889949 133.543
155 8.14845 21.9854 0.886656 133.536
155.1 8.11632 21.9928 0.883361 133.528
155.2 8.08419 22.0003 0.880062 133.521
155.3 8.05205 22.0077 0.876761 133.513
155.4 8.01991 22.0151 0.873456 133.506
155.5 7.98776 22.0225 0.870149 133.498
155.6 7.95561 22.0298 0.866838 133.491
155.7 7.92345 22.0371 0.863525 133.484
155.8 7.89128 22.0444 0.860209 133.477
155.9 7.85911 22.0517 0.85689 133.469
156 7.82694 22.0589 0.853568 133.462
156.1 7.79476 22.0661 0.850243 133.455
156.2 7.76257 22.0733 0.846915 133.448
156.3 7.73037 22.0804 0.843585 133.441
156.4 7.69818 22.0875 0.840252 133.433
156.5 7.66597 22.0946 0.836915 133.426
156.6 7.63376 22.1016 0.833576 133.419
156.7 7.60155 22.1087 0.830235 133.412
156.8 7.56933 22.1157 0.82689 133.405
156.9 7.5371 22.1226 0.823543 133.398
157 7.50487 22.1296 0.820193 133.391
157.1 7.47264 22.1365 0.81684 133.384
157.2 7.4404 22.1434 0.813484 133.378
157.3 7.40815 22.1502 0.810126 133.371
157.4 7.3759 22.1571 0.806765 133.364
157.5 7.34364 22.1639 0.803401 133.357
157.6 7.31138 22.1706 0.800034 133.35
157.7 7.27911 22.1774 0.796665 133.344
157.8 7.24684 22.1841 0.793293 133.337
157.9 7.21456 22.1908 0.789919 133.33
158 7.18228 22.1974 0.786541 133.324
158.1 7.14999 22.2041 0.783162 133.317
158.2 7.1177 22.2107 0.779779 133.31
158.3 7.0854 22.2172 0.776394 133.304
158.4 7.0531 22.2238 0.773006 133.297
158.5 7.02079 22.2303 0.769616 133.291
158.6 6.98848 22.2368 0.766223 133.284
158.7 6.95616 22.2432 0.762827 133.278
158.8 6.92384 22.2496 0.759429 133.271
158.9 6.89151 22.256 0.756029 133.265
159.001 6.85918 22.2624 0.752625 133.259
159.101 6.82684 22.2687 0.74922 133.252
159.201 6.7945 22.2751 0.745812 133.246
159.301 6.76215 22.2813 0.742401 133.24
159.401 6.7298 22.2876 0.738988 133.233
159.501 6.69745 22.2938 0.735572 133.227
159.601 6.66508 22.3 0.732154 133.221
159.701 6.63272 22.3062 0.728733 133.215
159.801 6.60035 22.3123 0.72531 133.209
159.901 6.56798 22.3184 0.721884 133.203
160.001 6.5356 22.3245 0.718456 133.196
160.101 6.50321 22.3305 0.715026 133.19
160.201 6.47082 22.3366 0.711593 133.184
160.301 6.43843 22.3425 0.708158 133.178
160.401 6.40604 22.3485 0.70472 133.172
160.501 6.37363 22.3544 0.70128 133.166
160.601 6.34123 22.3603 0.697837 133.161
160.701 6.30882 22.3662 0.694393 133.155
160.801 6.2764 22.3721 0.690946 133.149
160.901 6.24398 22.3779 0.687496 133.143
161.001 6.21156 22.3837 0.684045 133.137
161.101 6.17913 22.3894 0.68059 133.132
161.201 6.1467 22.3952 0.677134 133.126
161.301 6.11426 22.4009 0.673676 133.12
161.401 6.08182 22.4065 0.670215 133.114
161.501 6.04938 22.4122 0.666752 133.109
161.601 6.01693 22.4178 0.663286 133.103
161.701 5.98448 22.4234 0.659818 133.098
161.801 5.95202 22.4289 0.656349 133.092
161.901 5.91956 22.4344 0.652877 133.087
162.001 5.88709 22.4399 0.649402 133.081
162.101 5.85462 22.4454 0.645926 133.076
162.201 5.82215 22.4508 0.642447 133.07
162.301 5.78967 22.4562 0.638966 133.065
162.401 5.75719 22.4616 0.635483 133.059
162.501 5.7247 22.4669 0.631998 133.054
162.601 5.69221 22.4723 0.628511 133.049
162.701 5.65972 22.4775 0.625022 133.043
162.801 5.62722 22.4828 0.62153 133.038
162.901 5.59472 22.488 0.618036 133.033
163.001 5.56222 22.4932 0.614541 133.028
163.101 5.52971 22.4984 0.611043 133.023
163.201 5.49719 22.5035 0.607543 133.017
163.301 5.46468 22.5086 0.604041 133.012
163.401 5.43216 22.5137 0.600537 133.007
163.501 5.39963 22.5188 0.597032 133.002
163.601 5.3671 22.5238 0.593524 132.997
163.701 5.33457 22.5288 0.590014 132.992
163.801 5.30204 22.5337 0.586502 132.987
163.901 5.2695 22.5387 0.582988 132.982
164.001 5.23696 22.5436 0.579472 132.977
164.101 5.20441 22.5485 0.575954 132.972
164.201 5.17186 22.5533 0.572434 132.968
164.301 5.13931 22.5581 0.568912 132.963
164.401 5.10675 22.5629 0.565389 132.958
164.501 5.07419 22.5676 0.561863 132.953
164.601 5.04163 22.5724 0.558336 132.949
164.701 5.00906 22.5771 0.554806 132.944
164.801 4.97649 22.5817 0.551275 132.939
164.901 4.94391 22.5864 0.547742 132.935
165.001 4.91134 22.591 0.544207 132.93
165.101 4.87876 22.5955 0.54067 132.925
165.201 4.84617 22.6001 0.537132 132.921
165.301 4.81358 22.6046 0.533591 132.916
165.401 4.78099 22.6091 0.530049 132.912
165.501 4.7484 22.6135 0.526505 132.907
165.601 4.7158 22.618 0.522959 132.903
165.701 4.6832 22.6223 0.519411 132.899
165.801 4.6506 22.6267 0.515862 132.894
165.901 4.61799 22.631 0.512311 132.89
166.001 4.58538 22.6353 0.508758 132.886
166.101 4.55277 22.6396 0.505204 132.881
166.201 4.52015 22.6439 0.501647 132.877
166.301 4.48753 22.6481 0.49809 132.873
166.401 4.45491 22.6523 0.49453 132.869
166.501 4.42228 22.6564 0.490969 132.865
166.601 4.38965 22.6605 0.487406 132.86
166.701 4.35702 22.6646 0.483841 132.856
166.801 4.32439 22.6687 0.480275 132.852
166.901 4.29175 22.6727 0.476707 132.848
167.001 4.25911 22.6767 0.473137 132.844
167.101 4.22647 22.6807 0.469566 132.84
167.201 4.19382 22.6846 0.465994 132.836
167.301 4.16117 22.6886 0.462419 132.832
167.401 4.12852 22.6924 0.458844 132.828
167.501 4.09587 22.6963 0.455266 132.825
167.601 4.06321 22.7001 0.451687 132.821
167.701 4.03055 22.7039 0.448107 132.817
167.801 3.99788 22.7077 0.444525 132.813
167.901 3.96522 22.7114 0.440941 132.81
168.001 3.93255 22.7151 0.437356 132.806
168.101 3.89988 22.7188 0.43377 132.802
168.201 3.86721 22.7224 0.430182 132.799
168.301 3.83453 22.726 0.426593 132.795
168.401 3.80185 22.7296 0.423002 132.791
168.501 3.76917 22.7332 0.41941 132.788
168.601 3.73648 22.7367 0.415816 132.784
168.701 3.7038 22.7402 0.412221 132.781
168.801 3.67111 22.7436 0.408624 132.777
168.901 3.63842 22.747 0.405027 132.774
169.001 3.60572 22.7504 0.401427 132.77
169.101 3.57303 22.7538 0.397827 132.767
169.201 3.54033 22.7571 0.394225 132.764
169.301 3.50763 22.7605 0.390622 132.76
169.401 3.47492 22.7637 0.387017 132.757
169.501 3.44222 22.767 0.383411 132.754
169.601 3.40951 22.7702 0.379804 132.751
169.701 3.3768 22.7734 0.376195 132.748
169.801 3.34408 22.7765 0.372586 132.744
169.901 3.31137 22.7797 0.368975 132.741
170.001 3.27865 22.7827 0.365362 132.738
170.101 3.24593 22.7858 0.361749 132.735
170.201 3.21321 22.7888 0.358134 132.732
170.301 3.18049 22.7918 0.354518 132.729
170.401 3.14776 22.7948 0.350901 132.726
170.501 3.11503 22.7978 0.347283 132.723
170.601 3.0823 22.8007 0.343663 132.72
170.701 3.04957 22.8036 0.340042 132.717
170.801 3.01683 22.8064 0.336421 132.715
170.901 2.9841 22.8092 0.332798 132.712
171.001 2.95136 22.812 0.329174 132.709
171.101 2.91862 22.8148 0.325548 132.706
171.201 2.88587 22.8175 0.321922 132.703
171.301 2.85313 22.8202 0.318295 132.701
171.401 2.82038 22.8229 0.314666 132.698
171.501 2.78763 22.8255 0.311037 132.695
171.601 2.75488 22.8281 0.307406 132.693
171.701 2.72213 22.8307 0.303774 132.69
171.801 2.68938 22.8332 0.300142 132.688
171.901 2.65662 22.8357 0.296508 132.685
172.001 2.62386 22.8382 0.292873 132.683
172.101 2.5911 22.8407 0.289237 132.68
172.201 2.55834 22.8431 0.285601 132.678
172.301 2.52558 22.8455 0.281963 132.675
172.401 2.49282 22.8478 0.278324 132.673
172.501 2.46005 22.8502 0.274685 132.671
172.601 2.42728 22.8525 0.271044 132.668
172.701 2.39451 22.8547 0.267403 132.666
172.801 2.36174 22.857 0.263761 132.664
172.901 2.32897 22.8592 0.260118 132.662
173.001 2.29619 22.8613 0.256473 132.66
173.101 2.26342 22.8635 0.252829 132.657
173.201 2.23064 22.8656 0.249183 132.655
173.301 2.19786 22.8677 0.245536 132.653
173.401 2.16508 22.8697 0.241889 132.651
173.501 2.1323 22.8718 0.23824 132.649
173.601 2.09952 22.8738 0.234591 132.647
173.701 2.06673 22.8757 0.230941 132.645
173.801 2.03395 22.8776 0.227291 132.643
173.901 2.00116 22.8795 0.223639 132.641
174.001 1.96837 22.8814 0.219987 132.64
174.101 1.93558 22.8832 0.216334 132.638
174.201 1.90279 22.8851 0.21268 132.636
174.301 1.86999 22.8868 0.209026 132.634
174.401 1.8372 22.8886 0.205371 132.632
174.501 1.80441 22.8903 0.201715 132.631
174.601 1.77161 22.892 0.198058 132.629
174.701 1.73881 22.8936 0.194401 132.627
174.801 1.70601 22.8952 0.190743 132.626
174.901 1.67321 22.8968 0.187085 132.624
175.001 1.64041 22.8984 0.183426 132.623
175.101 1.60761 22.8999 0.179766 132.621
175.201 1.57481 22.9014 0.176105 132.62
175.301 1.542 22.9029 0.172444 132.618
175.402 1.5092 22.9043 0.168783 132.617
175.502 1.47639 22.9057 0.165121 132.615
175.602 1.44358 22.9071 0.161458 132.614
175.702 1.41077 22.9085 0.157795 132.612
175.802 1.37797 22.9098 0.154131 132.611
175.902 1.34516 22.9111 0.150467 132.61
176.002 1.31234 22.9123 0.146802 132.609
176.102 1.27953 22.9135 0.143137 132.607
176.202 1.24672 22.9147 0.139471 132.606
176.302 1.21391 22.9159 0.135805 132.605
176.402 1.18109 22.917 0.132138 132.604
176.502 1.14828 22.9181 0.128471 132.603
176.602 1.11546 22.9192 0.124803 132.602
176.702 1.08264 22.9202 0.121135 132.601
176.802 1.04983 22.9212 0.117467 132.6
176.902 1.01701 22.9222 0.113798 132.599
177.002 0.984189 22.9231 0.110129 132.598
177.102 0.951369 22.924 0.106459 132.597
177.202 0.918549 22.9249 0.102789 132.596
177.302 0.885728 22.9258 0.0991189 132.595
177.402 0.852907 22.9266 0.0954483 132.594
177.502 0.820085 22.9274 0.0917773 132.594
177.602 0.787262 22.9281 0.088106 132.593
177.702 0.754439 22.9289 0.0844344 132.592
177.802 0.721616 22.9296 0.0807626 132.591
177.902 0.688792 22.9302 0.0770905 132.591
178.002 0.655967 22.9309 0.0734181 132.59
178.102 0.623142 22.9315 0.0697454 132.589
178.202 0.590317 22.932 0.0660725 132.589
178.302 0.557491 22.9326 0.0623994 132.588
178.402 0.524665 22.9331 0.0587261 132.588
178.502 0.491838 22.9336 0.0550526 132.587
178.602 0.459012 22.934 0.0513789 132.587
178.702 0.426184 22.9344 0.047705 132.587
178.802 0.393357 22.9348 0.044031 132.586
178.902 0.360529 22.9352 0.0403568 132.586
179.002 0.327701 22.9355 0.0366825 132.585
179.102 0.294873 22.9358 0.033008 132.585
179.202 0.262045 22.936 0.0293334 132.585
179.302 0.229217 22.9363 0.0256588 132.585
179.402 0.196388 22.9365 0.021984 132.584
179.502 0.163559 22.9366 0.0183092 132.584
179.602 0.13073 22.9368 0.0146343 132.584
179.702 0.0979013 22.9369 0.0109594 132.584
179.802 0.0650722 22.937 0.00728441 132.584
179.902 0.0322431 22.937 0.00360941 132.584
