0.009363	895.502	895.502	948.075	948.075
0.018727	1437.85	1437.85	1656.31	1656.31
0.02809	1847.85	1847.85	2278.65	2278.65
0.037453	2199.55	2199.55	2833.34	2833.34
0.046816	2523.4	2523.4	3341.76	3341.76
0.05618	2834.78	2834.78	3821.52	3821.52
0.065543	3143.14	3143.14	4281.95	4281.95
0.074906	3454.39	3454.39	4733.53	4733.53
0.08427	3772.18	3772.18	5179.33	5179.33
0.093633	4099.4	4099.4	5623.12	5623.12
0.102996	4440.56	4440.56	6068.63	6068.63
0.11236	4796.14	4796.14	6517.82	6517.82
0.121723	5157.59	5157.59	6969.54	6969.54
0.131086	5545.15	5545.15	7432.43	7432.43
0.140449	5934.36	5934.36	7896.24	7896.24
0.149813	6356.37	6356.37	8378.4	8378.4
0.159176	6778.38	6778.38	8860.57	8860.57
0.168539	7232.78	7232.78	9363.89	9363.89
0.177903	7690.31	7690.31	9869.25	9869.25
0.187266	8175.61	8175.61	10394.8	10394.8
0.196629	8668.93	8668.93	10926.2	10926.2
0.205993	9201.91	9201.91	11490	11490
0.215356	9757.2	9757.2	12071.9	12071.9
0.224719	10312.5	10312.5	12653.8	12653.8
0.234082	10867.8	10867.8	13235.8	13235.8
0.243446	11423.1	11423.1	13817.7	13817.7
0.252809	12004.1	12004.1	14423	14423
0.262172	12645.4	12645.4	15082.7	15082.7
0.271536	13286.7	13286.7	15742.4	15742.4
0.280899	13928	13928	16402.1	16402.1
0.290262	14569.3	14569.3	17061.8	17061.8
0.299625	15210.5	15210.5	17721.5	17721.5
0.308989	15931.1	15931.1	18459.1	18459.1
0.318352	16654.9	16654.9	19200	19200
0.327715	17378.7	17378.7	19940.9	19940.9
0.337079	18102.5	18102.5	20681.7	20681.7
0.346442	18826.3	18826.3	21422.6	21422.6
0.355805	19599.4	19599.4	22214.3	22214.3
0.365169	20402.7	20402.7	23037.2	23037.2
0.374532	21206	21206	23860.1	23860.1
0.383895	22009.3	22009.3	24682.9	24682.9
0.393258	22812.6	22812.6	25505.8	25505.8
0.402622	23637.5	23637.5	26351.6	26351.6
0.411985	24517.8	24517.8	27256	27256
0.421348	25398	25398	28160.5	28160.5
0.430712	26278.3	26278.3	29065	29065
0.440075	27158.6	27158.6	29969.4	29969.4
0.449438	28038.8	28038.8	30873.9	30873.9
0.458801	28989.5	28989.5	31854	31854
0.468165	29944.7	29944.7	32838.9	32838.9
0.477528	30899.9	30899.9	33823.9	33823.9
0.486891	31855.1	31855.1	34808.8	34808.8
0.496255	32810.3	32810.3	35793.7	35793.7
0.505618	33831	33831	36849.3	36849.3
0.514981	34895.3	34895.3	37952	37952
0.524345	35959.7	35959.7	39054.7	39054.7
0.533708	37024	37024	40157.4	40157.4
0.543071	38088.4	38088.4	41260.1	41260.1
0.552434	39152.8	39152.8	42362.8	42362.8
0.561798	40217.1	40217.1	43465.5	43465.5
0.571161	41281.5	41281.5	44568.2	44568.2
0.580524	42345.8	42345.8	45670.9	45670.9
0.589888	43410.2	43410.2	46773.6	46773.6
0.599251	44474.5	44474.5	47876.3	47876.3
0.608614	45669	45669	49118.8	49118.8
0.617978	46874.7	46874.7	50373.5	50373.5
0.627341	48080.5	48080.5	51628.2	51628.2
0.636704	49286.2	49286.2	52882.9	52882.9
0.646067	50492	50492	54137.6	54137.6
0.655431	51697.8	51697.8	55392.3	55392.3
0.664794	52903.5	52903.5	56647	56647
0.674157	54109.3	54109.3	57901.7	57901.7
0.683521	55315	55315	59156.5	59156.5
0.692884	56520.8	56520.8	60411.2	60411.2
0.702247	57759.6	57759.6	61701	61701
0.71161	59102.9	59102.9	63102.2	63102.2
0.720974	60446.2	60446.2	64503.4	64503.4
0.730337	61789.5	61789.5	65904.6	65904.6
0.7397	63132.8	63132.8	67305.8	67305.8
0.749064	64476.1	64476.1	68706.9	68706.9
0.758427	65819.5	65819.5	70108.1	70108.1
0.76779	67162.8	67162.8	71509.3	71509.3
0.777154	68506.1	68506.1	72910.5	72910.5
0.786517	69849.4	69849.4	74311.7	74311.7
0.79588	71192.7	71192.7	75712.9	75712.9
0.805243	72611.4	72611.4	77193.5	77193.5
0.814607	74089.3	74089.3	78736.4	78736.4
0.82397	75567.1	75567.1	80279.4	80279.4
0.833333	77045	77045	81822.3	81822.3
0.842697	78522.9	78522.9	83365.3	83365.3
0.85206	80000.7	80000.7	84908.3	84908.3
0.861423	81478.6	81478.6	86451.2	86451.2
0.870787	82956.5	82956.5	87994.2	87994.2
0.88015	84434.4	84434.4	89537.2	89537.2
0.889513	85912.2	85912.2	91080.1	91080.1
0.898876	87390.1	87390.1	92623.1	92623.1
0.90824	88984.3	88984.3	94287.4	94287.4
0.917603	90594.2	90594.2	95968.2	95968.2
0.926966	92204.2	92204.2	97649	97649
0.93633	93814.2	93814.2	99329.8	99329.8
0.945693	95424.2	95424.2	101011	101011
0.955056	97034.2	97034.2	102691	102691
0.964419	98644.2	98644.2	104372	104372
0.973783	100254	100254	106053	106053
0.983146	101864	101864	107734	107734
0.992509	103474	103474	109415	109415
1.001873	105129	105129	111142	111142
1.011236	106966	106966	113056	113056
1.020599	108802	108802	114970	114970
1.029963	110638	110638	116884	116884
1.039326	112474	112474	118798	118798
1.048689	114310	114310	120712	120712
1.058052	116146	116146	122626	122626
1.067416	117982	117982	124540	124540
1.076779	119818	119818	126454	126454
1.086142	121654	121654	128368	128368
1.095506	123491	123491	130282	130282
1.104869	125327	125327	132196	132196
1.114232	127163	127163	134110	134110
1.123596	128999	128999	136024	136024
1.132959	130835	130835	137938	137938
1.142322	132671	132671	139852	139852
1.151685	134507	134507	141766	141766
1.161049	136343	136343	143680	143680
1.170412	138180	138180	145594	145594
1.179775	140016	140016	147508	147508
1.189139	141852	141852	149422	149422
1.198502	143688	143688	151336	151336
1.207865	145524	145524	153250	153250
1.217228	147360	147360	155164	155164
1.226592	149196	149196	157078	157078
1.235955	151032	151032	158992	158992
1.245318	152868	152868	160906	160906
1.254682	154862	154862	162980	162980
1.264045	157014	157014	165216	165216
1.273408	159165	159165	167451	167451
1.282772	161317	161317	169686	169686
1.292135	163468	163468	171922	171922
1.301498	165620	165620	174157	174157
1.310861	167771	167771	176393	176393
1.320225	169923	169923	178628	178628
1.329588	172074	172074	180863	180863
1.338951	174226	174226	183099	183099
1.348315	176377	176377	185334	185334
1.357678	178528	178528	187569	187569
1.367041	180680	180680	189805	189805
1.376404	182831	182831	192040	192040
1.385768	184983	184983	194276	194276
1.395131	187134	187134	196511	196511
1.404494	189286	189286	198746	198746
1.413858	191437	191437	200982	200982
1.423221	193589	193589	203217	203217
1.432584	195740	195740	205452	205452
1.441948	197892	197892	207688	207688
1.451311	200043	200043	209923	209923
1.460674	202195	202195	212159	212159
1.470037	204346	204346	214394	214394
1.479401	206498	206498	216629	216629
1.488764	208649	208649	218865	218865
1.498127	210801	210801	221100	221100
1.507491	213198	213198	223584	223584
1.516854	215658	215658	226130	226130
1.526217	218117	218117	228676	228676
1.535581	220576	220576	231222	231222
1.544944	223035	223035	233767	233767
1.554307	225495	225495	236313	236313
1.56367	227954	227954	238859	238859
1.573034	230413	230413	241405	241405
1.582397	232872	232872	243951	243951
1.59176	235332	235332	246497	246497
1.601124	237791	237791	249043	249043
1.610487	240250	240250	251589	251589
1.61985	242709	242709	254134	254134
1.629213	245169	245169	256680	256680
1.638577	247628	247628	259226	259226
1.64794	250087	250087	261772	261772
1.657303	252546	252546	264318	264318
1.666667	255006	255006	266864	266864
1.67603	257465	257465	269410	269410
1.685393	259924	259924	271956	271956
1.694757	262383	262383	274501	274501
1.70412	264843	264843	277047	277047
1.713483	267302	267302	279593	279593
1.722846	269761	269761	282139	282139
1.73221	272220	272220	284685	284685
1.741573	274679	274679	287231	287231
1.750936	277169	277169	289807	289807
1.7603	279930	279930	292655	292655
1.769663	282691	282691	295503	295503
1.779026	285452	285452	298352	298352
1.78839	288213	288213	301200	301200
1.797753	290974	290974	304048	304048
1.807116	293735	293735	306896	306896
1.816479	296496	296496	309744	309744
1.825843	299257	299257	312593	312593
1.835206	302018	302018	315441	315441
1.844569	304779	304779	318289	318289
1.853933	307540	307540	321137	321137
1.863296	310301	310301	323985	323985
1.872659	313062	313062	326834	326834
1.882022	315823	315823	329682	329682
1.891386	318584	318584	332530	332530
1.900749	321345	321345	335378	335378
1.910112	324106	324106	338226	338226
1.919476	326867	326867	341075	341075
1.928839	329628	329628	343923	343923
1.938202	332389	332389	346771	346771
1.947566	335150	335150	349619	349619
1.956929	337911	337911	352467	352467
1.966292	340672	340672	355316	355316
1.975655	343433	343433	358164	358164
1.985019	346194	346194	361012	361012
1.994382	348955	348955	363860	363860
2.003745	351834	351834	366827	366827
2.013109	354892	354892	369971	369971
2.022472	357950	357950	373115	373115
2.031835	361008	361008	376259	376259
2.041199	364065	364065	379403	379403
2.050562	367123	367123	382547	382547
2.059925	370181	370181	385691	385691
2.069288	373239	373239	388836	388836
2.078652	376296	376296	391980	391980
2.088015	379354	379354	395124	395124
2.097378	382412	382412	398268	398268
2.106742	385470	385470	401412	401412
2.116105	388527	388527	404556	404556
2.125468	391585	391585	407700	407700
2.134831	394643	394643	410844	410844
2.144195	397700	397700	413988	413988
2.153558	400758	400758	417132	417132
2.162921	403816	403816	420276	420276
2.172285	406874	406874	423421	423421
2.181648	409931	409931	426565	426565
2.191011	412989	412989	429709	429709
2.200375	416047	416047	432853	432853
2.209738	419105	419105	435997	435997
2.219101	422162	422162	439141	439141
2.228464	425220	425220	442285	442285
2.237828	428278	428278	445429	445429
2.247191	431336	431336	448573	448573
2.256554	434601	434598	451921	451921
2.265918	437955	437948	455356	455356
2.275281	441309	441299	458790	458790
2.284644	444663	444649	462225	462225
2.294007	448017	447999	465660	465660
2.303371	451371	451349	469094	469094
2.312734	454725	454700	472529	472529
2.322097	458079	458050	475964	475964
2.331461	461433	461400	479398	479398
2.340824	464787	464750	482833	482833
2.350187	468141	468101	486268	486268
2.359551	471495	471451	489702	489702
2.368914	474849	474801	493137	493137
2.378277	478203	478152	496572	496572
2.38764	481558	481502	500006	500006
2.397004	484912	484852	503441	503441
2.406367	488266	488202	506876	506876
2.41573	491620	491553	510311	510311
2.425094	494974	494903	513745	513745
2.434457	498328	498253	517180	517180
2.44382	501682	501603	520615	520615
2.453184	505036	504954	524049	524049
2.462547	508390	508304	527484	527484
2.47191	511744	511654	530919	530919
2.481273	515098	515004	534353	534353
2.490637	518452	518355	537788	537788
2.5	521806	521705	541223	541223
2.509363	525702	525487	545085	545085
2.518727	529599	529269	548947	548947
2.52809	533495	533051	552808	552808
2.537453	537391	536833	556670	556670
2.546816	541288	540614	560532	560532
2.55618	545184	544396	564394	564394
2.565543	549080	548178	568256	568256
2.574906	552976	551960	572118	572118
2.58427	556873	555742	575980	575980
2.593633	560769	559524	579842	579842
2.602996	564665	563306	583704	583704
2.61236	568562	567088	587566	587566
2.621723	572458	570870	591428	591428
2.631086	576354	574652	595290	595290
2.640449	580251	578434	599152	599152
2.649813	584147	582215	603014	603014
2.659176	588043	585997	606875	606875
2.668539	591939	589779	610737	610737
2.677903	595836	593561	614599	614599
2.687266	599732	597343	618461	618461
2.696629	603628	601125	622323	622323
2.705993	607525	604907	626185	626185
2.715356	611421	608689	630047	630047
2.724719	615317	612471	633909	633909
2.734082	619213	616253	637771	637771
2.743446	623110	620034	641633	641633
2.752809	627006	623816	645495	645495
2.762172	630902	627598	649357	649357
2.771536	634799	631380	653219	653219
2.780899	638695	635162	657081	657081
2.790262	642591	638944	660942	660942
2.799625	646488	642726	664804	664804
2.808989	650384	646508	668666	668666
2.818352	654280	650290	672528	672528
2.827715	658176	654072	676390	676390
2.837079	662073	657854	680252	680252
2.846442	665969	661635	684114	684114
2.855805	669865	665417	687976	687976
2.865169	673762	669199	691838	691838
2.874532	677658	672981	695700	695700
2.883895	681554	676763	699562	699562
2.893258	685451	680545	703424	703424
2.902622	689347	684327	707286	707286
2.911985	693243	688109	711148	711148
2.921348	697139	691891	715009	715009
2.930712	701036	695673	718871	718871
2.940075	704932	699455	722733	722733
2.949438	708828	703236	726595	726595
2.958801	712725	707018	730457	730457
2.968165	716621	710800	734319	734319
2.977528	720517	714582	738181	738181
2.986891	724413	718364	742043	742043
2.996255	728310	722146	745905	745905
3.005618	732546	726267	750102	750102
3.014981	737009	730615	754521	754521
3.024345	741473	734962	758941	758941
3.033708	745936	739310	763361	763361
3.043071	750399	743657	767781	767781
3.052434	754862	748005	772201	772201
3.061798	759326	752352	776620	776620
3.071161	763789	756700	781040	781040
3.080524	768252	761047	785460	785460
3.089888	772715	765395	789880	789880
3.099251	777179	769742	794300	794300
3.108614	781642	774090	798719	798719
3.117978	786105	778437	803139	803139
3.127341	790568	782785	807559	807559
3.136704	795032	787133	811979	811979
3.146067	799495	791480	816399	816399
3.155431	803958	795828	820819	820819
3.164794	808421	800175	825238	825238
3.174157	812885	804523	829658	829658
3.183521	817348	808870	834078	834078
3.192884	821811	813218	838498	838498
3.202247	826274	817565	842918	842918
3.21161	830738	821913	847337	847337
3.220974	835201	826260	851757	851757
3.230337	839664	830608	856177	856177
3.2397	844127	834955	860597	860597
3.249064	848591	839303	865017	865017
3.258427	853054	843650	869436	869436
3.26779	857517	847998	873856	873856
3.277154	861980	852345	878276	878276
3.286517	866443	856693	882696	882696
3.29588	870907	861040	887116	887116
3.305243	875370	865388	891536	891536
3.314607	879833	869735	895955	895955
3.32397	884296	874083	900375	900375
3.333333	888760	878430	904795	904795
3.342697	893223	882778	909215	909215
3.35206	897686	887125	913635	913635
3.361423	902149	891473	918054	918054
3.370787	906613	895820	922474	922474
3.38015	911076	900168	926894	926894
3.389513	915539	904516	931314	931314
3.398876	920002	908863	935734	935734
3.40824	924466	913211	940153	940153
3.417603	928929	917558	944573	944573
3.426966	933392	921906	948993	948993
3.43633	937855	926253	953413	953413
3.445693	942319	930601	957833	957833
3.455056	946782	934948	962253	962253
3.464419	951245	939296	966672	966672
3.473783	955708	943643	971092	971092
3.483146	960172	947991	975512	975512
3.492509	964635	952338	979932	979932
3.501873	969209	956797	984461	984461
3.511236	974229	961700	989427	989427
3.520599	979250	966603	994393	994393
3.529963	984270	971506	999359	999359
3.539326	989290	976410	1.00E+06	1.00E+06
3.548689	994310	981313	1.01E+06	1.01E+06
3.558052	999330	986216	1.01E+06	1.01E+06
3.567416	1.00E+06	991119	1.02E+06	1.02E+06
3.576779	1.01E+06	996022	1.02E+06	1.02E+06
3.586142	1.01E+06	1.00E+06	1.03E+06	1.03E+06
3.595506	1.02E+06	1.01E+06	1.03E+06	1.03E+06
3.604869	1.02E+06	1.01E+06	1.04E+06	1.04E+06
3.614232	1.03E+06	1.02E+06	1.04E+06	1.04E+06
3.623596	1.03E+06	1.02E+06	1.05E+06	1.05E+06
3.632959	1.04E+06	1.03E+06	1.05E+06	1.05E+06
3.642322	1.04E+06	1.03E+06	1.06E+06	1.06E+06
3.651685	1.05E+06	1.04E+06	1.06E+06	1.06E+06
3.661049	1.05E+06	1.04E+06	1.07E+06	1.07E+06
3.670412	1.06E+06	1.05E+06	1.07E+06	1.07E+06
3.679775	1.06E+06	1.05E+06	1.08E+06	1.08E+06
3.689139	1.07E+06	1.05E+06	1.08E+06	1.08E+06
3.698502	1.07E+06	1.06E+06	1.09E+06	1.09E+06
3.707865	1.08E+06	1.06E+06	1.09E+06	1.09E+06
3.717228	1.08E+06	1.07E+06	1.10E+06	1.10E+06
3.726592	1.09E+06	1.07E+06	1.10E+06	1.10E+06
3.735955	1.09E+06	1.08E+06	1.11E+06	1.11E+06
3.745318	1.10E+06	1.08E+06	1.11E+06	1.11E+06
3.754682	1.10E+06	1.09E+06	1.12E+06	1.12E+06
3.764045	1.11E+06	1.09E+06	1.12E+06	1.12E+06
3.773408	1.11E+06	1.10E+06	1.13E+06	1.13E+06
3.782772	1.12E+06	1.10E+06	1.13E+06	1.13E+06
3.792135	1.12E+06	1.11E+06	1.14E+06	1.14E+06
3.801498	1.13E+06	1.11E+06	1.14E+06	1.14E+06
3.810861	1.13E+06	1.12E+06	1.15E+06	1.15E+06
3.820225	1.14E+06	1.12E+06	1.15E+06	1.15E+06
3.829588	1.14E+06	1.13E+06	1.16E+06	1.16E+06
3.838951	1.15E+06	1.13E+06	1.16E+06	1.16E+06
3.848315	1.15E+06	1.14E+06	1.17E+06	1.17E+06
3.857678	1.16E+06	1.14E+06	1.17E+06	1.17E+06
3.867041	1.16E+06	1.15E+06	1.18E+06	1.18E+06
3.876404	1.17E+06	1.15E+06	1.18E+06	1.18E+06
3.885768	1.18E+06	1.16E+06	1.19E+06	1.19E+06
3.895131	1.18E+06	1.16E+06	1.19E+06	1.19E+06
3.904494	1.19E+06	1.17E+06	1.20E+06	1.20E+06
3.913858	1.19E+06	1.17E+06	1.20E+06	1.20E+06
3.923221	1.20E+06	1.18E+06	1.21E+06	1.21E+06
3.932584	1.20E+06	1.18E+06	1.21E+06	1.21E+06
3.941948	1.21E+06	1.19E+06	1.22E+06	1.22E+06
3.951311	1.21E+06	1.19E+06	1.22E+06	1.22E+06
3.960674	1.22E+06	1.20E+06	1.23E+06	1.23E+06
3.970037	1.22E+06	1.20E+06	1.23E+06	1.23E+06
3.979401	1.23E+06	1.21E+06	1.24E+06	1.24E+06
3.988764	1.23E+06	1.21E+06	1.24E+06	1.24E+06
3.998127	1.24E+06	1.22E+06	1.25E+06	1.25E+06
4.007491	1.24E+06	1.22E+06	1.25E+06	1.25E+06
4.016854	1.25E+06	1.23E+06	1.26E+06	1.26E+06
4.026217	1.25E+06	1.23E+06	1.26E+06	1.26E+06
4.035581	1.26E+06	1.24E+06	1.27E+06	1.27E+06
4.044944	1.26E+06	1.24E+06	1.28E+06	1.28E+06
4.054307	1.27E+06	1.25E+06	1.28E+06	1.28E+06
4.06367	1.27E+06	1.25E+06	1.29E+06	1.29E+06
4.073034	1.28E+06	1.26E+06	1.29E+06	1.29E+06
4.082397	1.29E+06	1.27E+06	1.30E+06	1.30E+06
4.09176	1.29E+06	1.27E+06	1.30E+06	1.30E+06
4.101124	1.30E+06	1.28E+06	1.31E+06	1.31E+06
4.110487	1.30E+06	1.28E+06	1.31E+06	1.31E+06
4.11985	1.31E+06	1.29E+06	1.32E+06	1.32E+06
4.129213	1.31E+06	1.29E+06	1.32E+06	1.32E+06
4.138577	1.32E+06	1.30E+06	1.33E+06	1.33E+06
4.14794	1.32E+06	1.30E+06	1.34E+06	1.34E+06
4.157303	1.33E+06	1.31E+06	1.34E+06	1.34E+06
4.166667	1.34E+06	1.31E+06	1.35E+06	1.35E+06
4.17603	1.34E+06	1.32E+06	1.35E+06	1.35E+06
4.185393	1.35E+06	1.33E+06	1.36E+06	1.36E+06
4.194757	1.35E+06	1.33E+06	1.36E+06	1.36E+06
4.20412	1.36E+06	1.34E+06	1.37E+06	1.37E+06
4.213483	1.36E+06	1.34E+06	1.37E+06	1.37E+06
4.222846	1.37E+06	1.35E+06	1.38E+06	1.38E+06
4.23221	1.37E+06	1.35E+06	1.39E+06	1.39E+06
4.241573	1.38E+06	1.36E+06	1.39E+06	1.39E+06
4.250936	1.39E+06	1.36E+06	1.40E+06	1.40E+06
4.2603	1.39E+06	1.37E+06	1.40E+06	1.40E+06
4.269663	1.40E+06	1.37E+06	1.41E+06	1.41E+06
4.279026	1.40E+06	1.38E+06	1.41E+06	1.41E+06
4.28839	1.41E+06	1.39E+06	1.42E+06	1.42E+06
4.297753	1.41E+06	1.39E+06	1.42E+06	1.42E+06
4.307116	1.42E+06	1.40E+06	1.43E+06	1.43E+06
4.316479	1.42E+06	1.40E+06	1.43E+06	1.43E+06
4.325843	1.43E+06	1.41E+06	1.44E+06	1.44E+06
4.335206	1.44E+06	1.41E+06	1.45E+06	1.45E+06
4.344569	1.44E+06	1.42E+06	1.45E+06	1.45E+06
4.353933	1.45E+06	1.42E+06	1.46E+06	1.46E+06
4.363296	1.45E+06	1.43E+06	1.46E+06	1.46E+06
4.372659	1.46E+06	1.43E+06	1.47E+06	1.47E+06
4.382022	1.46E+06	1.44E+06	1.47E+06	1.47E+06
4.391386	1.47E+06	1.45E+06	1.48E+06	1.48E+06
4.400749	1.47E+06	1.45E+06	1.48E+06	1.48E+06
4.410112	1.48E+06	1.46E+06	1.49E+06	1.49E+06
4.419476	1.49E+06	1.46E+06	1.50E+06	1.50E+06
4.428839	1.49E+06	1.47E+06	1.50E+06	1.50E+06
4.438202	1.50E+06	1.47E+06	1.51E+06	1.51E+06
4.447566	1.50E+06	1.48E+06	1.51E+06	1.51E+06
4.456929	1.51E+06	1.48E+06	1.52E+06	1.52E+06
4.466292	1.51E+06	1.49E+06	1.52E+06	1.52E+06
4.475655	1.52E+06	1.49E+06	1.53E+06	1.53E+06
4.485019	1.52E+06	1.50E+06	1.53E+06	1.53E+06
4.494382	1.53E+06	1.51E+06	1.54E+06	1.54E+06
4.503745	1.54E+06	1.51E+06	1.54E+06	1.54E+06
4.513109	1.54E+06	1.52E+06	1.55E+06	1.55E+06
4.522472	1.55E+06	1.52E+06	1.56E+06	1.56E+06
4.531835	1.55E+06	1.53E+06	1.56E+06	1.56E+06
4.541199	1.56E+06	1.54E+06	1.57E+06	1.57E+06
4.550562	1.57E+06	1.54E+06	1.58E+06	1.58E+06
4.559925	1.57E+06	1.55E+06	1.58E+06	1.58E+06
4.569288	1.58E+06	1.55E+06	1.59E+06	1.59E+06
4.578652	1.58E+06	1.56E+06	1.59E+06	1.59E+06
4.588015	1.59E+06	1.57E+06	1.60E+06	1.60E+06
4.597378	1.60E+06	1.57E+06	1.61E+06	1.61E+06
4.606742	1.60E+06	1.58E+06	1.61E+06	1.61E+06
4.616105	1.61E+06	1.58E+06	1.62E+06	1.62E+06
4.625468	1.62E+06	1.59E+06	1.62E+06	1.62E+06
4.634831	1.62E+06	1.59E+06	1.63E+06	1.63E+06
4.644195	1.63E+06	1.60E+06	1.64E+06	1.64E+06
4.653558	1.63E+06	1.61E+06	1.64E+06	1.64E+06
4.662921	1.64E+06	1.61E+06	1.65E+06	1.65E+06
4.672285	1.65E+06	1.62E+06	1.65E+06	1.65E+06
4.681648	1.65E+06	1.62E+06	1.66E+06	1.66E+06
4.691011	1.66E+06	1.63E+06	1.67E+06	1.67E+06
4.700375	1.66E+06	1.64E+06	1.67E+06	1.67E+06
4.709738	1.67E+06	1.64E+06	1.68E+06	1.68E+06
4.719101	1.68E+06	1.65E+06	1.68E+06	1.68E+06
4.728464	1.68E+06	1.65E+06	1.69E+06	1.69E+06
4.737828	1.69E+06	1.66E+06	1.70E+06	1.70E+06
4.747191	1.69E+06	1.67E+06	1.70E+06	1.70E+06
4.756554	1.70E+06	1.67E+06	1.71E+06	1.71E+06
4.765918	1.71E+06	1.68E+06	1.71E+06	1.71E+06
4.775281	1.71E+06	1.68E+06	1.72E+06	1.72E+06
4.784644	1.72E+06	1.69E+06	1.73E+06	1.73E+06
4.794007	1.73E+06	1.70E+06	1.73E+06	1.73E+06
4.803371	1.73E+06	1.70E+06	1.74E+06	1.74E+06
4.812734	1.74E+06	1.71E+06	1.74E+06	1.74E+06
4.822097	1.74E+06	1.71E+06	1.75E+06	1.75E+06
4.831461	1.75E+06	1.72E+06	1.76E+06	1.76E+06
4.840824	1.76E+06	1.73E+06	1.76E+06	1.76E+06
4.850187	1.76E+06	1.73E+06	1.77E+06	1.77E+06
4.859551	1.77E+06	1.74E+06	1.77E+06	1.77E+06
4.868914	1.77E+06	1.74E+06	1.78E+06	1.78E+06
4.878277	1.78E+06	1.75E+06	1.79E+06	1.79E+06
4.88764	1.79E+06	1.76E+06	1.79E+06	1.79E+06
4.897004	1.79E+06	1.76E+06	1.80E+06	1.80E+06
4.906367	1.80E+06	1.77E+06	1.80E+06	1.80E+06
4.91573	1.80E+06	1.77E+06	1.81E+06	1.81E+06
4.925094	1.81E+06	1.78E+06	1.82E+06	1.82E+06
4.934457	1.82E+06	1.79E+06	1.82E+06	1.82E+06
4.94382	1.82E+06	1.79E+06	1.83E+06	1.83E+06
4.953184	1.83E+06	1.80E+06	1.83E+06	1.83E+06
4.962547	1.84E+06	1.80E+06	1.84E+06	1.84E+06
4.97191	1.84E+06	1.81E+06	1.85E+06	1.85E+06
4.981273	1.85E+06	1.82E+06	1.85E+06	1.85E+06
4.990637	1.85E+06	1.82E+06	1.86E+06	1.86E+06
