0.125 0 0.02715
0.125 0.5 0.02655
0.125 1 0.02504
0.125 1.5 0.0234
0.125 2 0.02261
0.125 2.5 0.02363
0.125 3 0.02701
0.125 3.5 0.0328
0.125 4 0.04048
0.125 4.5 0.04909
0.125 5 0.05746
0.125 5.5 0.0645
0.125 6 0.06935
0.125 6.5 0.07151
0.125 7 0.07092
0.125 7.5 0.06785
0.125 8 0.06279
0.125 8.5 0.05636
0.125 9 0.04917
0.125 9.5 0.04178
0.125 10 0.03461
0.375 0 0.07301
0.375 0.5 0.07146
0.375 1 0.0675
0.375 1.5 0.06304
0.375 2 0.06059
0.375 2.5 0.06253
0.375 3 0.07044
0.375 3.5 0.0846
0.375 4 0.1039
0.375 4.5 0.1261
0.375 5 0.1484
0.375 5.5 0.1678
0.375 6 0.182
0.375 6.5 0.1896
0.375 7 0.19
0.375 7.5 0.1836
0.375 8 0.1716
0.375 8.5 0.1553
0.375 9 0.1366
0.375 9.5 0.1168
0.375 10 0.09725
0.625 0 0.08569
0.625 0.5 0.08394
0.625 1 0.07944
0.625 1.5 0.07418
0.625 2 0.0709
0.625 2.5 0.07225
0.625 3 0.08007
0.625 3.5 0.09492
0.625 4 0.1158
0.625 4.5 0.1406
0.625 5 0.1663
0.625 5.5 0.1896
0.625 6 0.2077
0.625 6.5 0.2186
0.625 7 0.2215
0.625 7.5 0.2164
0.625 8 0.2044
0.625 8.5 0.1869
0.625 9 0.1657
0.625 9.5 0.1428
0.625 10 0.1196
0.875 0 0.08397
0.875 0.5 0.08232
0.875 1 0.07804
0.875 1.5 0.0729
0.875 2 0.06936
0.875 2.5 0.06986
0.875 3 0.07624
0.875 3.5 0.08918
0.875 4 0.1081
0.875 4.5 0.1311
0.875 5 0.1556
0.875 5.5 0.1787
0.875 6 0.1975
0.875 6.5 0.2101
0.875 7 0.2151
0.875 7.5 0.2123
0.875 8 0.2025
0.875 8.5 0.1869
0.875 9 0.1672
0.875 9.5 0.1451
0.875 10 0.1223
1.125 0 0.07801
1.125 0.5 0.07653
1.125 1 0.07267
1.125 1.5 0.06792
1.125 2 0.06438
1.125 2.5 0.0642
1.125 3 0.06906
1.125 3.5 0.07973
1.125 4 0.09588
1.125 4.5 0.1161
1.125 5 0.1383
1.125 5.5 0.1598
1.125 6 0.1781
1.125 6.5 0.1911
1.125 7 0.1975
1.125 7.5 0.1969
1.125 8 0.1896
1.125 8.5 0.1766
1.125 9 0.1592
1.125 9.5 0.1392
1.125 10 0.1181
1.375 0 0.07125
1.375 0.5 0.06996
1.375 1 0.06653
1.375 1.5 0.06223
1.375 2 0.05881
1.375 2.5 0.05814
1.375 3 0.06172
1.375 3.5 0.07034
1.375 4 0.0839
1.375 4.5 0.1014
1.375 5 0.121
1.375 5.5 0.1405
1.375 6 0.1577
1.375 6.5 0.1707
1.375 7 0.1781
1.375 7.5 0.1791
1.375 8 0.174
1.375 8.5 0.1634
1.375 9 0.1485
1.375 9.5 0.1308
1.375 10 0.1117
1.625 0 0.06479
1.625 0.5 0.06366
1.625 1 0.06063
1.625 1.5 0.05676
1.625 2 0.05353
1.625 2.5 0.05252
1.625 3 0.05509
1.625 3.5 0.06201
1.625 4 0.07333
1.625 4.5 0.0883
1.625 5 0.1055
1.625 5.5 0.1231
1.625 6 0.1391
1.625 6.5 0.1517
1.625 7 0.1596
1.625 7.5 0.1619
1.625 8 0.1585
1.625 8.5 0.1501
1.625 9 0.1374
1.625 9.5 0.1219
1.625 10 0.1047
1.875 0 0.05894
1.875 0.5 0.05795
1.875 1 0.05527
1.875 1.5 0.0518
1.875 2 0.04876
1.875 2.5 0.04754
1.875 3 0.04932
1.875 3.5 0.05486
1.875 4 0.06431
1.875 4.5 0.07714
1.875 5 0.09223
1.875 5.5 0.108
1.875 6 0.1227
1.875 6.5 0.1348
1.875 7 0.1428
1.875 7.5 0.146
1.875 8 0.1441
1.875 8.5 0.1374
1.875 9 0.1268
1.875 9.5 0.1132
1.875 10 0.09794
2.125 0 0.05374
2.125 0.5 0.05286
2.125 1 0.05049
2.125 1.5 0.04736
2.125 2 0.04453
2.125 2.5 0.04318
2.125 3 0.04436
2.125 3.5 0.0488
2.125 4 0.05669
2.125 4.5 0.0677
2.125 5 0.08091
2.125 5.5 0.09503
2.125 6 0.1085
2.125 6.5 0.1199
2.125 7 0.1279
2.125 7.5 0.1317
2.125 8 0.1309
2.125 8.5 0.1258
2.125 9 0.1169
2.125 9.5 0.1051
2.125 10 0.09148
2.375 0 0.04913
2.375 0.5 0.04835
2.375 1 0.04624
2.375 1.5 0.04342
2.375 2 0.04079
2.375 2.5 0.03937
2.375 3 0.0401
2.375 3.5 0.04364
2.375 4 0.05026
2.375 4.5 0.05972
2.375 5 0.0713
2.375 5.5 0.08391
2.375 6 0.09623
2.375 6.5 0.1069
2.375 7 0.1148
2.375 7.5 0.1189
2.375 8 0.1191
2.375 8.5 0.1152
2.375 9 0.1077
2.375 9.5 0.0975
2.375 10 0.08543
2.625 0 0.04504
2.625 0.5 0.04435
2.625 1 0.04247
2.625 1.5 0.03992
2.625 2 0.03748
2.625 2.5 0.03604
2.625 3 0.03642
2.625 3.5 0.03925
2.625 4 0.04481
2.625 4.5 0.05296
2.625 5 0.06312
2.625 5.5 0.07439
2.625 6 0.0856
2.625 6.5 0.09556
2.625 7 0.1032
2.625 7.5 0.1076
2.625 8 0.1084
2.625 8.5 0.1055
2.625 9 0.09934
2.625 9.5 0.09049
2.625 10 0.07979
2.875 0 0.04142
2.875 0.5 0.0408
2.875 1 0.03911
2.875 1.5 0.0368
2.875 2 0.03454
2.875 2.5 0.0331
2.875 3 0.03323
2.875 3.5 0.03549
2.875 4 0.04017
2.875 4.5 0.0472
2.875 5 0.05614
2.875 5.5 0.0662
2.875 6 0.07639
2.875 6.5 0.08563
2.875 7 0.09291
2.875 7.5 0.09745
2.875 8 0.09876
2.875 8.5 0.09674
2.875 9 0.09165
2.875 9.5 0.08401
2.875 10 0.07455
3.125 0 0.03819
3.125 0.5 0.03763
3.125 1 0.03611
3.125 1.5 0.03402
3.125 2 0.03192
3.125 2.5 0.03051
3.125 3 0.03044
3.125 3.5 0.03224
3.125 4 0.03619
3.125 4.5 0.04227
3.125 5 0.05014
3.125 5.5 0.05913
3.125 6 0.06839
3.125 6.5 0.07694
3.125 7 0.08386
3.125 7.5 0.0884
3.125 8 0.0901
3.125 8.5 0.08878
3.125 9 0.08461
3.125 9.5 0.07804
3.125 10 0.06968
3.375 0 0.0353
3.375 0.5 0.0348
3.375 1 0.03342
3.375 1.5 0.03151
3.375 2 0.02957
3.375 2.5 0.0282
3.375 3 0.02799
3.375 3.5 0.02941
3.375 4 0.03276
3.375 4.5 0.03804
3.375 5 0.04497
3.375 5.5 0.05301
3.375 6 0.06141
3.375 6.5 0.06929
3.375 7 0.07583
3.375 7.5 0.08032
3.375 8 0.08229
3.375 8.5 0.08153
3.375 9 0.07816
3.375 9.5 0.07251
3.375 10 0.06514
3.625 0 0.0327
3.625 0.5 0.03225
3.625 1 0.031
3.625 1.5 0.02926
3.625 2 0.02746
3.625 2.5 0.02614
3.625 3 0.02582
3.625 3.5 0.02695
3.625 4 0.02978
3.625 4.5 0.03437
3.625 5 0.0405
3.625 5.5 0.04769
3.625 6 0.0553
3.625 6.5 0.06256
3.625 7 0.06871
3.625 7.5 0.07309
3.625 8 0.07524
3.625 8.5 0.07494
3.625 9 0.07224
3.625 9.5 0.06741
3.625 10 0.06092
3.875 0 0.03036
3.875 0.5 0.02995
3.875 1 0.02882
3.875 1.5 0.02722
3.875 2 0.02555
3.875 2.5 0.02429
3.875 3 0.02389
3.875 3.5 0.02478
3.875 4 0.02719
3.875 4.5 0.03119
3.875 5 0.03661
3.875 5.5 0.04304
3.875 6 0.04994
3.875 6.5 0.05661
3.875 7 0.06237
3.875 7.5 0.06661
3.875 8 0.06888
3.875 8.5 0.06895
3.875 9 0.06681
3.875 9.5 0.06269
3.875 10 0.05698
4.125 0 0.02825
4.125 0.5 0.02787
4.125 1 0.02684
4.125 1.5 0.02537
4.125 2 0.02382
4.125 2.5 0.02262
4.125 3 0.02217
4.125 3.5 0.02286
4.125 4 0.02491
4.125 4.5 0.02841
4.125 5 0.0332
4.125 5.5 0.03897
4.125 6 0.04522
4.125 6.5 0.05134
4.125 7 0.05672
4.125 7.5 0.06079
4.125 8 0.06312
4.125 8.5 0.06348
4.125 9 0.06183
4.125 9.5 0.05833
4.125 10 0.05331
4.375 0 0.02633
4.375 0.5 0.02599
4.375 1 0.02504
4.375 1.5 0.02369
4.375 2 0.02225
4.375 2.5 0.0211
4.375 3 0.02062
4.375 3.5 0.02115
4.375 4 0.02291
4.375 4.5 0.02596
4.375 5 0.03022
4.375 5.5 0.03539
4.375 6 0.04105
4.375 6.5 0.04666
4.375 7 0.05167
4.375 7.5 0.05555
4.375 8 0.05791
4.375 8.5 0.0585
4.375 9 0.05725
4.375 9.5 0.05429
4.375 10 0.04989
4.625 0 0.02458
4.625 0.5 0.02427
4.625 1 0.0234
4.625 1.5 0.02215
4.625 2 0.02082
4.625 2.5 0.01972
4.625 3 0.01923
4.625 3.5 0.01962
4.625 4 0.02113
4.625 4.5 0.02381
4.625 5 0.02759
4.625 5.5 0.03224
4.625 6 0.03736
4.625 6.5 0.0425
4.625 7 0.04715
4.625 7.5 0.05084
4.625 8 0.05319
4.625 8.5 0.05395
4.625 9 0.05304
4.625 9.5 0.05055
4.625 10 0.0467
4.875 0 0.02299
4.875 0.5 0.0227
4.875 1 0.0219
4.875 1.5 0.02075
4.875 2 0.0195
4.875 2.5 0.01847
4.875 3 0.01796
4.875 3.5 0.01825
4.875 4 0.01954
4.875 4.5 0.0219
4.875 5 0.02527
4.875 5.5 0.02944
4.875 6 0.03409
4.875 6.5 0.0388
4.875 7 0.04311
4.875 7.5 0.0466
4.875 8 0.0489
4.875 8.5 0.0498
4.875 9 0.04917
4.875 9.5 0.04709
4.875 10 0.04372
5.125 0 0.02153
5.125 0.5 0.02127
5.125 1 0.02053
5.125 1.5 0.01946
5.125 2 0.0183
5.125 2.5 0.01732
5.125 3 0.01681
5.125 3.5 0.01702
5.125 4 0.01812
5.125 4.5 0.02021
5.125 5 0.02321
5.125 5.5 0.02696
5.125 6 0.03118
5.125 6.5 0.03548
5.125 7 0.03948
5.125 7.5 0.04277
5.125 8 0.04502
5.125 8.5 0.046
5.125 9 0.04561
5.125 9.5 0.04388
5.125 10 0.04094
5.375 0 0.0202
5.375 0.5 0.01995
5.375 1 0.01926
5.375 1.5 0.01828
5.375 2 0.01719
5.375 2.5 0.01627
5.375 3 0.01576
5.375 3.5 0.0159
5.375 4 0.01685
5.375 4.5 0.01869
5.375 5 0.02138
5.375 5.5 0.02476
5.375 6 0.02858
5.375 6.5 0.03252
5.375 7 0.03622
5.375 7.5 0.03931
5.375 8 0.04149
5.375 8.5 0.04254
5.375 9 0.04234
5.375 9.5 0.0409
5.375 10 0.03835
5.625 0 0.01897
5.625 0.5 0.01874
5.625 1 0.0181
5.625 1.5 0.01718
5.625 2 0.01617
5.625 2.5 0.0153
5.625 3 0.01479
5.625 3.5 0.01488
5.625 4 0.0157
5.625 4.5 0.01733
5.625 5 0.01974
5.625 5.5 0.02279
5.625 6 0.02626
5.625 6.5 0.02987
5.625 7 0.03328
5.625 7.5 0.03618
5.625 8 0.03828
5.625 8.5 0.03937
5.625 9 0.03933
5.625 9.5 0.03815
5.625 10 0.03592
5.875 0 0.01784
5.875 0.5 0.01763
5.875 1 0.01703
5.875 1.5 0.01618
5.875 2 0.01523
5.875 2.5 0.0144
5.875 3 0.01391
5.875 3.5 0.01395
5.875 4 0.01466
5.875 4.5 0.01611
5.875 5 0.01827
5.875 5.5 0.02102
5.875 6 0.02418
5.875 6.5 0.02748
5.875 7 0.03063
5.875 7.5 0.03335
5.875 8 0.03536
5.875 8.5 0.03647
5.875 9 0.03655
5.875 9.5 0.0356
5.875 10 0.03366
6.125 0 0.01679
6.125 0.5 0.0166
6.125 1 0.01604
6.125 1.5 0.01524
6.125 2 0.01436
6.125 2.5 0.01357
6.125 3 0.0131
6.125 3.5 0.0131
6.125 4 0.01372
6.125 4.5 0.01501
6.125 5 0.01695
6.125 5.5 0.01944
6.125 6 0.02231
6.125 6.5 0.02533
6.125 7 0.02825
6.125 7.5 0.03078
6.125 8 0.0327
6.125 8.5 0.03381
6.125 9 0.034
6.125 9.5 0.03323
6.125 10 0.03156
6.375 0 0.01583
6.375 0.5 0.01564
6.375 1 0.01513
6.375 1.5 0.01438
6.375 2 0.01355
6.375 2.5 0.01281
6.375 3 0.01235
6.375 3.5 0.01232
6.375 4 0.01286
6.375 4.5 0.01401
6.375 5 0.01575
6.375 5.5 0.01801
6.375 6 0.02063
6.375 6.5 0.0234
6.375 7 0.02609
6.375 7.5 0.02846
6.375 8 0.03028
6.375 8.5 0.03138
6.375 9 0.03165
6.375 9.5 0.03104
6.375 10 0.02959
6.625 0 0.01493
6.625 0.5 0.01476
6.625 1 0.01428
6.625 1.5 0.01358
6.625 2 0.0128
6.625 2.5 0.0121
6.625 3 0.01165
6.625 3.5 0.01161
6.625 4 0.01207
6.625 4.5 0.0131
6.625 5 0.01468
6.625 5.5 0.01673
6.625 6 0.01911
6.625 6.5 0.02166
6.625 7 0.02414
6.625 7.5 0.02634
6.625 8 0.02807
6.625 8.5 0.02916
6.625 9 0.02948
6.625 9.5 0.02901
6.625 10 0.02775
6.875 0 0.01411
6.875 0.5 0.01395
6.875 1 0.01349
6.875 1.5 0.01284
6.875 2 0.0121
6.875 2.5 0.01144
6.875 3 0.01101
6.875 3.5 0.01095
6.875 4 0.01135
6.875 4.5 0.01227
6.875 5 0.0137
6.875 5.5 0.01556
6.875 6 0.01774
6.875 6.5 0.02008
6.875 7 0.02237
6.875 7.5 0.02443
6.875 8 0.02606
6.875 8.5 0.02712
6.875 9 0.02749
6.875 9.5 0.02712
6.875 10 0.02604
7.125 0 0.01334
7.125 0.5 0.01319
7.125 1 0.01276
7.125 1.5 0.01215
7.125 2 0.01145
7.125 2.5 0.01083
7.125 3 0.01041
7.125 3.5 0.01034
7.125 4 0.01069
7.125 4.5 0.01152
7.125 5 0.01281
7.125 5.5 0.01451
7.125 6 0.0165
7.125 6.5 0.01865
7.125 7 0.02076
7.125 7.5 0.02268
7.125 8 0.02422
7.125 8.5 0.02524
7.125 9 0.02565
7.125 9.5 0.02538
7.125 10 0.02444
7.375 0 0.01262
7.375 0.5 0.01248
7.375 1 0.01208
7.375 1.5 0.0115
7.375 2 0.01085
7.375 2.5 0.01026
7.375 3 0.009859
7.375 3.5 0.009771
7.375 4 0.01008
7.375 4.5 0.01083
7.375 5 0.012
7.375 5.5 0.01355
7.375 6 0.01538
7.375 6.5 0.01735
7.375 7 0.01931
7.375 7.5 0.02109
7.375 8 0.02254
7.375 8.5 0.02353
7.375 9 0.02395
7.375 9.5 0.02376
7.375 10 0.02295
