0 1.55018e-14 1.04683 0 165.1
0.1 0.220925 1.04685 0.0047048 165.1
0.2 0.441838 1.04692 0.00940959 165.1
0.3 0.662727 1.04704 0.0141144 165.1
0.4 0.883582 1.04719 0.0188191 165.1
0.5 1.10439 1.0474 0.0235238 165.099
0.6 1.32514 1.04765 0.0282284 165.099
0.7 1.54582 1.04794 0.0329329 165.099
0.8 1.76641 1.04828 0.0376374 165.099
0.9 1.98691 1.04867 0.0423417 165.098
1 2.20731 1.0491 0.047046 165.098
1.1 2.42759 1.04958 0.0517501 165.097
1.2 2.64774 1.0501 0.0564541 165.097
1.3 2.86775 1.05066 0.0611579 165.096
1.4 3.08761 1.05128 0.0658616 165.096
1.5 3.30731 1.05193 0.0705651 165.095
1.6 3.52683 1.05264 0.0752685 165.094
1.7 3.74617 1.05338 0.0799716 165.093
1.8 3.96531 1.05418 0.0846745 165.093
1.9 4.18424 1.05502 0.0893772 165.092
2 4.40294 1.0559 0.0940796 165.091
2.1 4.62142 1.05683 0.0987818 165.09
2.2 4.83966 1.05781 0.103484 165.089
2.3 5.05764 1.05883 0.108185 165.088
2.4 5.27536 1.05989 0.112887 165.087
2.5 5.49281 1.061 0.117588 165.086
2.6 5.70997 1.06216 0.122289 165.085
2.7 5.92683 1.06336 0.126989 165.084
2.8 6.14338 1.06461 0.131689 165.082
2.9 6.35962 1.0659 0.136389 165.081
3 6.57552 1.06724 0.141089 165.08
3.1 6.79109 1.06862 0.145788 165.078
3.2 7.00631 1.07005 0.150486 165.077
3.3 7.22117 1.07152 0.155185 165.075
3.4 7.43566 1.07304 0.159882 165.074
3.5 7.64977 1.0746 0.16458 165.072
3.6 7.86349 1.07621 0.169277 165.071
3.7 8.07681 1.07787 0.173973 165.069
3.8 8.28971 1.07957 0.17867 165.067
3.9 8.5022 1.08131 0.183365 165.066
4 8.71426 1.0831 0.18806 165.064
4.1 8.92588 1.08494 0.192755 165.062
4.2 9.13706 1.08682 0.197449 165.06
4.3 9.34777 1.08874 0.202143 165.058
4.4 9.55802 1.09071 0.206836 165.056
4.5 9.76779 1.09273 0.211529 165.054
4.6 9.97708 1.09479 0.216221 165.052
4.7 10.1859 1.0969 0.220912 165.05
4.8 10.3942 1.09905 0.225603 165.048
4.9 10.6019 1.10125 0.230293 165.046
5 10.8092 1.10349 0.234983 165.043
5.1 11.0159 1.10578 0.239672 165.041
5.2 11.2221 1.10811 0.24436 165.039
5.3 11.4278 1.11049 0.249048 165.036
5.4 11.6329 1.11291 0.253735 165.034
5.5 11.8374 1.11538 0.258422 165.031
5.6 12.0414 1.11789 0.263108 165.029
5.7 12.2448 1.12045 0.267793 165.026
5.8 12.4476 1.12305 0.272477 165.024
5.9 12.6498 1.1257 0.277161 165.021
6 12.8514 1.1284 0.281844 165.018
6.1 13.0524 1.13113 0.286526 165.016
6.2 13.2528 1.13392 0.291207 165.013
6.3 13.4526 1.13675 0.295888 165.01
6.4 13.6518 1.13962 0.300568 165.007
6.5 13.8503 1.14254 0.305247 165.004
6.6 14.0482 1.1455 0.309925 165.001
6.7 14.2454 1.14851 0.314603 164.998
6.8 14.442 1.15157 0.31928 164.995
6.9 14.6379 1.15467 0.323955 164.992
7 14.8332 1.15781 0.32863 164.989
7.1 15.0277 1.161 0.333305 164.986
7.2 15.2217 1.16424 0.337978 164.983
7.3 15.4149 1.16752 0.34265 164.979
7.4 15.6074 1.17084 0.347322 164.976
7.5 15.7993 1.17421 0.351992 164.973
7.6 15.9904 1.17762 0.356662 164.969
7.7 16.1809 1.18108 0.36133 164.966
7.79999 16.3706 1.18459 0.365998 164.962
7.89999 16.5596 1.18814 0.370665 164.959
7.99999 16.7479 1.19173 0.375331 164.955
8.09999 16.9355 1.19537 0.379996 164.952
8.2 17.1223 1.19905 0.384659 164.948
8.3 17.3085 1.20278 0.389322 164.944
8.4 17.4938 1.20656 0.393984 164.94
8.5 17.6785 1.21038 0.398645 164.937
8.6 17.8624 1.21424 0.403305 164.933
8.7 18.0455 1.21815 0.407963 164.929
8.8 18.2279 1.2221 0.412621 164.925
8.9 18.4096 1.2261 0.417277 164.921
9 18.5905 1.23014 0.421933 164.917
9.1 18.7706 1.23423 0.426587 164.913
9.2 18.9499 1.23836 0.43124 164.909
9.3 19.1285 1.24254 0.435892 164.904
9.4 19.3063 1.24676 0.440543 164.9
9.5 19.4834 1.25103 0.445193 164.896
9.6 19.6596 1.25534 0.449841 164.892
9.7 19.8351 1.25969 0.454489 164.887
9.8 20.0098 1.2641 0.459135 164.883
9.9 20.1837 1.26854 0.46378 164.878
10 20.3568 1.27303 0.468424 164.874
10.1 20.5291 1.27757 0.473066 164.869
10.2 20.7007 1.28215 0.477708 164.865
10.3 20.8714 1.28677 0.482348 164.86
10.4 21.0414 1.29144 0.486986 164.855
10.5 21.2105 1.29615 0.491624 164.851
10.6 21.3788 1.30091 0.49626 164.846
10.7 21.5464 1.30571 0.500895 164.841
10.8 21.7131 1.31056 0.505529 164.836
10.9 21.8791 1.31545 0.510161 164.831
11 22.0442 1.32039 0.514792 164.826
11.1 22.2085 1.32537 0.519421 164.822
11.2 22.372 1.33039 0.524049 164.816
11.3 22.5347 1.33546 0.528676 164.811
11.4 22.6966 1.34058 0.533302 164.806
11.5 22.8577 1.34574 0.537926 164.801
11.6 23.0179 1.35094 0.542548 164.796
11.7 23.1774 1.35619 0.547169 164.791
11.8 23.336 1.36148 0.551789 164.785
11.9 23.4939 1.36681 0.556407 164.78
12 23.6509 1.3722 0.561024 164.775
12.1 23.8071 1.37762 0.565639 164.769
12.2 23.9624 1.38309 0.570253 164.764
12.3 24.117 1.3886 0.574866 164.758
12.4 24.2708 1.39416 0.579476 164.753
12.5 24.4237 1.39976 0.584086 164.747
12.6 24.5758 1.40541 0.588693 164.741
12.7 24.7271 1.4111 0.5933 164.736
12.8 24.8776 1.41684 0.597904 164.73
12.9 25.0273 1.42262 0.602507 164.724
13 25.1761 1.42844 0.607109 164.718
13.1 25.3242 1.43431 0.611709 164.713
13.2 25.4714 1.44022 0.616307 164.707
13.3 25.6178 1.44618 0.620904 164.701
13.4 25.7635 1.45218 0.625499 164.695
13.5 25.9083 1.45822 0.630092 164.689
13.6 26.0522 1.46431 0.634684 164.683
13.7 26.1954 1.47044 0.639274 164.676
13.8 26.3378 1.47662 0.643862 164.67
13.9 26.4794 1.48284 0.648449 164.664
14 26.6201 1.4891 0.653034 164.658
14.1 26.7601 1.49541 0.657617 164.651
14.2 26.8992 1.50176 0.662198 164.645
14.3 27.0376 1.50816 0.666778 164.639
14.4 27.1751 1.5146 0.671356 164.632
14.5 27.3118 1.52109 0.675932 164.626
14.6 27.4478 1.52762 0.680507 164.619
14.7 27.5829 1.53419 0.685079 164.613
14.8 27.7173 1.5408 0.68965 164.606
14.9 27.8509 1.54746 0.694219 164.599
15 27.9836 1.55417 0.698786 164.593
15.1 28.1156 1.56092 0.703352 164.586
15.2 28.2468 1.56771 0.707915 164.579
15.3 28.3772 1.57454 0.712477 164.572
15.4 28.5068 1.58142 0.717036 164.565
15.5 28.6356 1.58834 0.721594 164.559
15.6 28.7637 1.59531 0.72615 164.552
15.7 28.891 1.60232 0.730704 164.545
15.8 29.0174 1.60937 0.735256 164.538
15.9 29.1432 1.61647 0.739806 164.53
16 29.2681 1.62361 0.744355 164.523
16.1 29.3923 1.6308 0.748901 164.516
16.2 29.5157 1.63803 0.753445 164.509
16.3 29.6383 1.6453 0.757987 164.502
16.4 29.7602 1.65261 0.762528 164.494
16.5 29.8813 1.65997 0.767066 164.487
16.6 30.0016 1.66737 0.771602 164.48
16.7 30.1212 1.67482 0.776136 164.472
16.8 30.2401 1.68231 0.780669 164.465
16.9 30.3581 1.68984 0.785199 164.457
17 30.4755 1.69742 0.789727 164.449
17.1 30.592 1.70504 0.794253 164.442
17.2 30.7079 1.7127 0.798776 164.434
17.3 30.823 1.72041 0.803298 164.426
17.4 30.9373 1.72816 0.807818 164.419
17.5 31.0509 1.73595 0.812335 164.411
17.6 31.1638 1.74378 0.816851 164.403
17.7 31.2759 1.75166 0.821364 164.395
17.8 31.3873 1.75959 0.825875 164.387
17.9 31.498 1.76755 0.830384 164.379
18 31.608 1.77556 0.83489 164.371
18.1 31.7172 1.78361 0.839395 164.363
18.2 31.8257 1.79171 0.843897 164.355
18.3 31.9335 1.79985 0.848397 164.347
18.4 32.0406 1.80803 0.852894 164.339
18.5 32.1469 1.81625 0.85739 164.331
18.6 32.2526 1.82452 0.861883 164.322
18.7 32.3575 1.83283 0.866374 164.314
18.8 32.4618 1.84118 0.870863 164.306
18.9 32.5653 1.84958 0.875349 164.297
19 32.6682 1.85802 0.879833 164.289
19.1 32.7703 1.8665 0.884315 164.28
19.2 32.8718 1.87502 0.888794 164.272
19.3 32.9725 1.88359 0.893271 164.263
19.4 33.0726 1.8922 0.897746 164.255
19.5 33.172 1.90085 0.902218 164.246
19.6 33.2707 1.90955 0.906688 164.237
19.7 33.3687 1.91829 0.911155 164.229
19.8 33.4661 1.92707 0.91562 164.22
19.9 33.5628 1.93589 0.920083 164.211
20 33.6588 1.94476 0.924543 164.202
20.1 33.7541 1.95367 0.929001 164.193
20.2 33.8488 1.96262 0.933456 164.184
20.3 33.9428 1.97162 0.937909 164.175
20.4 34.0362 1.98065 0.94236 164.166
20.5 34.1289 1.98973 0.946807 164.157
20.6 34.2209 1.99885 0.951253 164.148
20.7 34.3123 2.00802 0.955696 164.139
20.8 34.4031 2.01723 0.960136 164.13
20.9 34.4932 2.02647 0.964574 164.12
21 34.5827 2.03577 0.969009 164.111
21.1 34.6715 2.0451 0.973441 164.102
21.2 34.7597 2.05448 0.977872 164.092
21.3 34.8473 2.06389 0.982299 164.083
21.4 34.9342 2.07336 0.986724 164.074
21.5 35.0205 2.08286 0.991146 164.064
21.6 35.1062 2.0924 0.995566 164.054
21.7 35.1913 2.10199 0.999983 164.045
21.8 35.2757 2.11162 1.0044 164.035
21.9 35.3595 2.12129 1.00881 164.026
22 35.4428 2.13101 1.01322 164.016
22.1 35.5254 2.14076 1.01762 164.006
22.2 35.6074 2.15056 1.02203 163.996
22.3 35.6888 2.1604 1.02643 163.986
22.4 35.7696 2.17028 1.03083 163.977
22.5 35.8498 2.1802 1.03522 163.967
22.6 35.9294 2.19017 1.03961 163.957
22.7001 36.0085 2.20018 1.044 163.947
22.8001 36.0869 2.21023 1.04839 163.937
22.9001 36.1647 2.22032 1.05278 163.927
23.0001 36.242 2.23045 1.05716 163.916
23.1001 36.3187 2.24063 1.06154 163.906
23.2001 36.3948 2.25084 1.06591 163.896
23.3001 36.4703 2.2611 1.07029 163.886
23.4001 36.5453 2.2714 1.07466 163.875
23.5001 36.6197 2.28174 1.07902 163.865
23.6001 36.6936 2.29212 1.08339 163.855
23.7001 36.7668 2.30255 1.08775 163.844
23.8001 36.8395 2.31301 1.09211 163.834
23.9001 36.9117 2.32352 1.09646 163.823
24.0001 36.9833 2.33407 1.10082 163.813
24.1001 37.0544 2.34466 1.10517 163.802
24.2001 37.1249 2.35529 1.10952 163.792
24.3001 37.1948 2.36597 1.11386 163.781
24.4001 37.2642 2.37668 1.1182 163.77
24.5001 37.3331 2.38744 1.12254 163.759
24.6001 37.4015 2.39823 1.12687 163.749
24.7001 37.4693 2.40907 1.13121 163.738
24.8001 37.5365 2.41995 1.13554 163.727
24.9001 37.6033 2.43087 1.13986 163.716
25.0001 37.6695 2.44183 1.14419 163.705
25.1001 37.7352 2.45284 1.14851 163.694
25.2001 37.8004 2.46388 1.15282 163.683
25.3001 37.865 2.47497 1.15714 163.672
25.4001 37.9292 2.48609 1.16145 163.661
25.5001 37.9928 2.49726 1.16576 163.65
25.6001 38.056 2.50847 1.17006 163.638
25.7001 38.1186 2.51972 1.17436 163.627
25.8001 38.1807 2.53101 1.17866 163.616
25.9001 38.2423 2.54234 1.18296 163.605
26.0001 38.3034 2.55371 1.18725 163.593
26.1001 38.364 2.56512 1.19154 163.582
26.2001 38.4242 2.57657 1.19582 163.57
26.3001 38.4838 2.58807 1.20011 163.559
26.4001 38.543 2.5996 1.20439 163.547
26.5001 38.6016 2.61118 1.20866 163.536
26.6001 38.6598 2.62279 1.21294 163.524
26.7001 38.7175 2.63445 1.21721 163.512
26.8001 38.7747 2.64614 1.22147 163.501
26.9001 38.8315 2.65788 1.22574 163.489
27.0001 38.8877 2.66966 1.23 163.477
27.1001 38.9435 2.68148 1.23425 163.465
27.2001 38.9989 2.69334 1.23851 163.454
27.3001 39.0538 2.70523 1.24276 163.442
27.4001 39.1082 2.71717 1.247 163.43
27.5001 39.1621 2.72915 1.25125 163.418
27.6001 39.2156 2.74117 1.25549 163.406
27.7001 39.2687 2.75323 1.25973 163.394
27.8001 39.3212 2.76533 1.26396 163.382
27.9001 39.3734 2.77747 1.26819 163.369
28.0001 39.4251 2.78965 1.27242 163.357
28.1001 39.4763 2.80187 1.27664 163.345
28.2001 39.5271 2.81413 1.28086 163.333
28.3001 39.5775 2.82643 1.28508 163.32
28.4001 39.6274 2.83877 1.28929 163.308
28.5001 39.6769 2.85115 1.2935 163.296
28.6001 39.726 2.86357 1.29771 163.283
28.7001 39.7746 2.87603 1.30191 163.271
28.8001 39.8228 2.88853 1.30611 163.258
28.9001 39.8705 2.90107 1.3103 163.246
29.0001 39.9179 2.91365 1.3145 163.233
29.1001 39.9648 2.92626 1.31869 163.221
29.2001 40.0113 2.93892 1.32287 163.208
29.3001 40.0574 2.95162 1.32705 163.195
29.4001 40.1031 2.96436 1.33123 163.183
29.5001 40.1484 2.97713 1.33541 163.17
29.6001 40.1932 2.98995 1.33958 163.157
29.7001 40.2377 3.00281 1.34374 163.144
29.8001 40.2817 3.0157 1.34791 163.131
29.9001 40.3254 3.02864 1.35207 163.118
30.0001 40.3686 3.04161 1.35623 163.105
30.1001 40.4114 3.05462 1.36038 163.092
30.2001 40.4539 3.06767 1.36453 163.079
30.3001 40.4959 3.08077 1.36867 163.066
30.4001 40.5376 3.0939 1.37282 163.053
30.5001 40.5789 3.10707 1.37695 163.04
30.6001 40.6197 3.12027 1.38109 163.027
30.7001 40.6602 3.13352 1.38522 163.013
30.8001 40.7003 3.14681 1.38935 163
30.9001 40.7401 3.16013 1.39347 162.987
31.0001 40.7794 3.1735 1.39759 162.973
31.1001 40.8184 3.1869 1.40171 162.96
31.2001 40.857 3.20035 1.40582 162.947
31.3001 40.8952 3.21383 1.40993 162.933
31.4001 40.9331 3.22735 1.41404 162.92
31.5001 40.9706 3.2409 1.41814 162.906
31.6001 41.0077 3.2545 1.42223 162.892
31.7001 41.0444 3.26814 1.42633 162.879
31.8001 41.0808 3.28181 1.43042 162.865
31.9001 41.1169 3.29553 1.4345 162.851
32.0001 41.1525 3.30928 1.43859 162.838
32.1001 41.1878 3.32307 1.44266 162.824
32.2001 41.2228 3.3369 1.44674 162.81
32.3001 41.2574 3.35076 1.45081 162.796
32.4001 41.2917 3.36467 1.45487 162.782
32.5001 41.3256 3.37861 1.45894 162.768
32.6001 41.3591 3.39259 1.463 162.754
32.7001 41.3924 3.40661 1.46705 162.74
32.8001 41.4252 3.42067 1.4711 162.726
32.9001 41.4578 3.43476 1.47515 162.712
33.0001 41.4899 3.4489 1.47919 162.698
33.1001 41.5218 3.46307 1.48323 162.684
33.2001 41.5533 3.47728 1.48727 162.67
33.3001 41.5845 3.49153 1.4913 162.655
33.4001 41.6154 3.50581 1.49532 162.641
33.5001 41.6459 3.52014 1.49935 162.627
33.6001 41.6761 3.5345 1.50337 162.612
33.7001 41.7059 3.5489 1.50738 162.598
33.8001 41.7355 3.56334 1.51139 162.584
33.9001 41.7647 3.57781 1.5154 162.569
34.0001 41.7936 3.59232 1.5194 162.555
34.1001 41.8222 3.60687 1.5234 162.54
34.2001 41.8504 3.62146 1.52739 162.525
34.3 41.8784 3.63609 1.53138 162.511
34.4 41.906 3.65075 1.53537 162.496
34.5 41.9333 3.66545 1.53935 162.481
34.6 41.9603 3.68019 1.54333 162.467
34.7 41.987 3.69496 1.54731 162.452
34.8 42.0134 3.70977 1.55128 162.437
34.9 42.0395 3.72462 1.55524 162.422
35 42.0653 3.73951 1.5592 162.407
35.1 42.0908 3.75443 1.56316 162.392
35.2 42.116 3.76939 1.56711 162.377
35.3 42.1408 3.78439 1.57106 162.362
35.4 42.1654 3.79943 1.57501 162.347
35.5 42.1897 3.8145 1.57895 162.332
35.6 42.2137 3.82961 1.58288 162.317
35.7 42.2374 3.84475 1.58681 162.302
35.8 42.2608 3.85993 1.59074 162.287
35.9 42.2839 3.87515 1.59467 162.272
36 42.3068 3.89041 1.59858 162.256
36.1 42.3293 3.9057 1.6025 162.241
36.2 42.3516 3.92103 1.60641 162.226
36.3 42.3735 3.9364 1.61032 162.21
36.4 42.3952 3.9518 1.61422 162.195
36.5 42.4167 3.96724 1.61811 162.18
36.6 42.4378 3.98271 1.62201 162.164
36.7 42.4587 3.99822 1.6259 162.149
36.8 42.4792 4.01377 1.62978 162.133
36.9 42.4995 4.02936 1.63366 162.118
37 42.5196 4.04498 1.63754 162.102
37.1 42.5394 4.06063 1.64141 162.086
37.2 42.5589 4.07633 1.64527 162.071
37.3 42.5781 4.09206 1.64914 162.055
37.4 42.597 4.10782 1.65299 162.039
37.5 42.6157 4.12362 1.65685 162.023
37.6 42.6342 4.13946 1.6607 162.007
37.7 42.6523 4.15533 1.66454 161.992
37.8 42.6703 4.17124 1.66838 161.976
37.9 42.6879 4.18719 1.67221 161.96
38 42.7053 4.20317 1.67605 161.944
38.1 42.7224 4.21919 1.67987 161.928
38.2 42.7393 4.23524 1.68369 161.912
38.3 42.7559 4.25133 1.68751 161.896
38.4 42.7723 4.26745 1.69132 161.879
38.5 42.7884 4.28361 1.69513 161.863
38.6 42.8043 4.2998 1.69893 161.847
38.7 42.8199 4.31603 1.70273 161.831
38.8 42.8353 4.3323 1.70653 161.815
38.9 42.8504 4.3486 1.71032 161.798
39 42.8653 4.36493 1.7141 161.782
39.1 42.88 4.38131 1.71788 161.766
39.2 42.8944 4.39771 1.72166 161.749
39.3 42.9085 4.41415 1.72543 161.733
39.4 42.9225 4.43063 1.7292 161.716
39.5 42.9361 4.44714 1.73296 161.7
39.6 42.9496 4.46369 1.73671 161.683
39.7 42.9628 4.48027 1.74047 161.667
39.8 42.9758 4.49689 1.74421 161.65
39.9 42.9885 4.51354 1.74796 161.633
40 43.001 4.53022 1.75169 161.617
40.1 43.0133 4.54694 1.75543 161.6
40.2 43.0254 4.5637 1.75916 161.583
40.3 43.0372 4.58049 1.76288 161.566
40.4 43.0488 4.59732 1.7666 161.55
40.5 43.0601 4.61417 1.77031 161.533
40.6 43.0713 4.63107 1.77402 161.516
40.7 43.0822 4.648 1.77773 161.499
40.7999 43.0929 4.66496 1.78143 161.482
40.8999 43.1034 4.68196 1.78512 161.465
40.9999 43.1136 4.69899 1.78881 161.448
41.0999 43.1237 4.71605 1.7925 161.431
41.1999 43.1335 4.73315 1.79618 161.414
41.2999 43.1431 4.75029 1.79985 161.397
41.3999 43.1525 4.76745 1.80352 161.379
41.4999 43.1617 4.78466 1.80719 161.362
41.5999 43.1706 4.80189 1.81085 161.345
41.6999 43.1794 4.81916 1.81451 161.328
41.7999 43.1879 4.83647 1.81816 161.31
41.8999 43.1962 4.8538 1.8218 161.293
41.9999 43.2044 4.87117 1.82545 161.276
42.0999 43.2123 4.88858 1.82908 161.258
42.1999 43.22 4.90602 1.83271 161.241
42.2999 43.2275 4.92349 1.83634 161.223
42.3999 43.2348 4.941 1.83996 161.206
42.4999 43.2419 4.95853 1.84358 161.188
42.5999 43.2487 4.97611 1.84719 161.171
42.6999 43.2554 4.99371 1.85079 161.153
42.7999 43.2619 5.01135 1.85439 161.136
42.8999 43.2682 5.02902 1.85799 161.118
42.9999 43.2743 5.04673 1.86158 161.1
43.0999 43.2802 5.06447 1.86517 161.082
43.1999 43.2859 5.08224 1.86875 161.065
43.2999 43.2914 5.10005 1.87232 161.047
43.3999 43.2967 5.11789 1.87589 161.029
43.4999 43.3018 5.13576 1.87946 161.011
43.5999 43.3067 5.15366 1.88302 160.993
43.6999 43.3115 5.1716 1.88658 160.975
43.7999 43.316 5.18957 1.89013 160.957
43.8999 43.3204 5.20757 1.89367 160.939
43.9999 43.3245 5.2256 1.89721 160.921
44.0999 43.3285 5.24367 1.90075 160.903
44.1999 43.3323 5.26177 1.90427 160.885
44.2999 43.3359 5.27991 1.9078 160.867
44.3999 43.3393 5.29807 1.91132 160.849
44.4999 43.3426 5.31627 1.91483 160.831
44.5999 43.3456 5.3345 1.91834 160.812
44.6999 43.3485 5.35276 1.92184 160.794
44.7999 43.3512 5.37105 1.92534 160.776
44.8999 43.3537 5.38938 1.92883 160.757
44.9999 43.356 5.40774 1.93232 160.739
45.0999 43.3582 5.42613 1.9358 160.721
45.1999 43.3602 5.44455 1.93928 160.702
45.2999 43.362 5.46301 1.94275 160.684
45.3999 43.3636 5.4815 1.94622 160.665
45.4999 43.365 5.50001 1.94968 160.647
45.5999 43.3663 5.51857 1.95314 160.628
45.6999 43.3674 5.53715 1.95659 160.61
45.7999 43.3684 5.55576 1.96003 160.591
45.8999 43.3691 5.57441 1.96347 160.572
45.9999 43.3697 5.59308 1.96691 160.554
46.0999 43.3701 5.61179 1.97033 160.535
46.1999 43.3704 5.63053 1.97376 160.516
46.2999 43.3705 5.6493 1.97718 160.498
46.3999 43.3704 5.66811 1.98059 160.479
46.4999 43.3702 5.68694 1.984 160.46
46.5999 43.3698 5.70581 1.9874 160.441
46.6999 43.3692 5.7247 1.99079 160.422
46.7999 43.3684 5.74363 1.99419 160.403
46.8999 43.3675 5.76259 1.99757 160.384
46.9999 43.3665 5.78158 2.00095 160.365
47.0999 43.3653 5.8006 2.00433 160.346
47.1999 43.3639 5.81965 2.00769 160.327
47.2999 43.3623 5.83873 2.01106 160.308
47.3998 43.3606 5.85784 2.01442 160.289
47.4998 43.3588 5.87699 2.01777 160.27
47.5998 43.3568 5.89616 2.02112 160.251
47.6998 43.3546 5.91537 2.02446 160.232
47.7998 43.3523 5.9346 2.02779 160.212
47.8998 43.3498 5.95387 2.03112 160.193
47.9998 43.3472 5.97316 2.03445 160.174
48.0998 43.3444 5.99249 2.03777 160.154
48.1998 43.3414 6.01185 2.04108 160.135
48.2998 43.3383 6.03123 2.04439 160.116
48.3998 43.3351 6.05065 2.04769 160.096
48.4998 43.3317 6.0701 2.05099 160.077
48.5998 43.3281 6.08958 2.05428 160.057
48.6998 43.3245 6.10908 2.05756 160.038
48.7998 43.3206 6.12862 2.06084 160.018
48.8998 43.3166 6.14819 2.06412 159.999
48.9998 43.3125 6.16778 2.06739 159.979
49.0998 43.3082 6.18741 2.07065 159.959
49.1998 43.3038 6.20707 2.07391 159.94
49.2998 43.2992 6.22675 2.07716 159.92
49.3998 43.2945 6.24647 2.0804 159.9
49.4998 43.2896 6.26621 2.08364 159.881
49.5998 43.2846 6.28599 2.08688 159.861
49.6998 43.2795 6.30579 2.0901 159.841
49.7998 43.2742 6.32563 2.09333 159.821
49.8998 43.2688 6.34549 2.09654 159.801
49.9998 43.2632 6.36538 2.09975 159.781
50.0998 43.2575 6.3853 2.10296 159.762
50.1998 43.2517 6.40525 2.10616 159.742
50.2998 43.2457 6.42523 2.10935 159.722
50.3998 43.2396 6.44524 2.11254 159.702
50.4998 43.2334 6.46528 2.11572 159.682
50.5998 43.227 6.48534 2.1189 159.662
50.6998 43.2204 6.50544 2.12207 159.641
50.7998 43.2138 6.52556 2.12523 159.621
50.8998 43.207 6.54571 2.12839 159.601
50.9998 43.2001 6.56589 2.13154 159.581
51.0998 43.193 6.5861 2.13469 159.561
51.1998 43.1858 6.60634 2.13783 159.541
51.2998 43.1785 6.62661 2.14097 159.52
51.3998 43.1711 6.6469 2.1441 159.5
51.4998 43.1635 6.66722 2.14722 159.48
51.5998 43.1558 6.68757 2.15034 159.459
51.6998 43.1479 6.70795 2.15345 159.439
51.7998 43.14 6.72836 2.15655 159.419
51.8998 43.1319 6.7488 2.15965 159.398
51.9998 43.1237 6.76926 2.16275 159.378
52.0998 43.1153 6.78975 2.16583 159.357
52.1998 43.1069 6.81027 2.16891 159.337
52.2998 43.0983 6.83082 2.17199 159.316
52.3998 43.0895 6.85139 2.17506 159.295
52.4998 43.0807 6.87199 2.17812 159.275
52.5998 43.0717 6.89262 2.18118 159.254
52.6998 43.0626 6.91328 2.18423 159.234
52.7998 43.0534 6.93397 2.18728 159.213
52.8998 43.0441 6.95468 2.19032 159.192
52.9998 43.0346 6.97542 2.19335 159.171
53.0998 43.025 6.99618 2.19638 159.151
53.1998 43.0153 7.01698 2.1994 159.13
53.2998 43.0055 7.0378 2.20241 159.109
53.3998 42.9956 7.05865 2.20542 159.088
53.4998 42.9855 7.07952 2.20842 159.067
53.5998 42.9754 7.10043 2.21142 159.046
53.6998 42.9651 7.12136 2.21441 159.026
53.7998 42.9547 7.14231 2.21739 159.005
53.8997 42.9441 7.16329 2.22037 158.984
53.9997 42.9335 7.1843 2.22334 158.963
54.0997 42.9228 7.20534 2.22631 158.942
54.1997 42.9119 7.2264 2.22927 158.92
54.2997 42.9009 7.24749 2.23222 158.899
54.3997 42.8898 7.26861 2.23517 158.878
54.4997 42.8786 7.28975 2.23811 158.857
54.5997 42.8673 7.31092 2.24104 158.836
54.6997 42.8558 7.33212 2.24397 158.815
54.7997 42.8443 7.35334 2.24689 158.794
54.8997 42.8326 7.37458 2.24981 158.772
54.9997 42.8209 7.39586 2.25272 158.751
55.0997 42.809 7.41716 2.25562 158.73
55.1997 42.797 7.43848 2.25852 158.708
55.2997 42.7849 7.45983 2.26141 158.687
55.3997 42.7727 7.48121 2.26429 158.666
55.4997 42.7604 7.50261 2.26717 158.644
55.5997 42.748 7.52404 2.27004 158.623
55.6997 42.7355 7.5455 2.27291 158.601
55.7997 42.7228 7.56698 2.27577 158.58
55.8997 42.7101 7.58848 2.27862 158.558
55.9997 42.6972 7.61001 2.28147 158.537
56.0997 42.6843 7.63157 2.28431 158.515
56.1997 42.6712 7.65315 2.28714 158.494
56.2997 42.6581 7.67476 2.28997 158.472
56.3997 42.6448 7.69639 2.29279 158.45
56.4997 42.6315 7.71804 2.29561 158.429
56.5997 42.618 7.73973 2.29841 158.407
56.6997 42.6044 7.76143 2.30122 158.385
56.7997 42.5908 7.78317 2.30401 158.364
56.8997 42.577 7.80492 2.3068 158.342
56.9997 42.5631 7.8267 2.30958 158.32
57.0997 42.5491 7.84851 2.31236 158.298
57.1997 42.5351 7.87034 2.31513 158.277
57.2997 42.5209 7.89219 2.31789 158.255
57.3997 42.5066 7.91407 2.32065 158.233
57.4997 42.4922 7.93598 2.3234 158.211
57.5997 42.4778 7.95791 2.32614 158.189
57.6997 42.4632 7.97986 2.32888 158.167
57.7997 42.4485 8.00184 2.33161 158.145
57.8997 42.4338 8.02384 2.33433 158.123
57.9997 42.4189 8.04586 2.33705 158.101
58.0997 42.404 8.06791 2.33976 158.079
58.1997 42.3889 8.08999 2.34246 158.057
58.2997 42.3738 8.11208 2.34516 158.035
58.3997 42.3585 8.1342 2.34785 158.013
58.4997 42.3432 8.15635 2.35054 157.991
58.5997 42.3278 8.17852 2.35322 157.968
58.6997 42.3122 8.20071 2.35589 157.946
58.7997 42.2966 8.22293 2.35855 157.924
58.8997 42.2809 8.24517 2.36121 157.902
58.9997 42.2651 8.26743 2.36386 157.879
59.0997 42.2492 8.28971 2.36651 157.857
59.1997 42.2332 8.31202 2.36914 157.835
59.2997 42.2172 8.33436 2.37178 157.813
59.3997 42.201 8.35671 2.3744 157.79
59.4997 42.1848 8.37909 2.37702 157.768
59.5997 42.1684 8.40149 2.37963 157.745
59.6997 42.152 8.42392 2.38224 157.723
59.7997 42.1354 8.44636 2.38483 157.701
59.8997 42.1188 8.46883 2.38743 157.678
59.9997 42.1021 8.49133 2.39001 157.656
60.0997 42.0853 8.51384 2.39259 157.633
60.1997 42.0685 8.53638 2.39516 157.61
60.2997 42.0515 8.55894 2.39772 157.588
60.3997 42.0344 8.58153 2.40028 157.565
60.4996 42.0173 8.60413 2.40283 157.543
60.5996 42.0001 8.62676 2.40538 157.52
60.6996 41.9828 8.64941 2.40792 157.497
60.7996 41.9654 8.67208 2.41045 157.475
60.8996 41.9479 8.69478 2.41297 157.452
60.9996 41.9303 8.7175 2.41549 157.429
61.0996 41.9127 8.74023 2.418 157.407
61.1996 41.8949 8.76299 2.4205 157.384
61.2996 41.8771 8.78578 2.423 157.361
61.3996 41.8592 8.80858 2.42549 157.338
61.4996 41.8412 8.83141 2.42797 157.315
61.5996 41.8232 8.85426 2.43045 157.293
61.6996 41.805 8.87713 2.43292 157.27
61.7996 41.7868 8.90002 2.43538 157.247
61.8996 41.7685 8.92293 2.43783 157.224
61.9996 41.7501 8.94586 2.44028 157.201
62.0996 41.7316 8.96882 2.44272 157.178
62.1996 41.7131 8.99179 2.44516 157.155
62.2996 41.6944 9.01479 2.44759 157.132
62.3996 41.6757 9.03781 2.45001 157.109
62.4996 41.6569 9.06085 2.45242 157.086
62.5996 41.638 9.08391 2.45483 157.063
62.6996 41.6191 9.10699 2.45723 157.04
62.7996 41.6001 9.13009 2.45962 157.017
62.8996 41.5809 9.15321 2.46201 156.994
62.9996 41.5618 9.17636 2.46439 156.971
63.0996 41.5425 9.19952 2.46676 156.947
63.1996 41.5232 9.22271 2.46913 156.924
63.2996 41.5037 9.24591 2.47149 156.901
63.3996 41.4842 9.26914 2.47384 156.878
63.4996 41.4647 9.29238 2.47618 156.854
63.5996 41.445 9.31565 2.47852 156.831
63.6996 41.4253 9.33893 2.48085 156.808
63.7996 41.4055 9.36224 2.48317 156.785
63.8996 41.3856 9.38557 2.48549 156.761
63.9996 41.3657 9.40891 2.4878 156.738
64.0996 41.3457 9.43228 2.4901 156.715
64.1996 41.3256 9.45566 2.49239 156.691
64.2996 41.3054 9.47907 2.49468 156.668
64.3996 41.2852 9.50249 2.49696 156.644
64.4996 41.2648 9.52594 2.49924 156.621
64.5996 41.2445 9.5494 2.5015 156.597
64.6996 41.224 9.57289 2.50376 156.574
64.7996 41.2035 9.59639 2.50602 156.55
64.8996 41.1829 9.61991 2.50826 156.527
64.9996 41.1622 9.64345 2.5105 156.503
65.0996 41.1414 9.66702 2.51273 156.48
65.1996 41.1206 9.6906 2.51495 156.456
65.2996 41.0997 9.71419 2.51717 156.433
65.3996 41.0788 9.73781 2.51938 156.409
65.4996 41.0577 9.76145 2.52158 156.385
65.5996 41.0366 9.7851 2.52378 156.362
65.6996 41.0155 9.80878 2.52597 156.338
65.7996 40.9942 9.83247 2.52815 156.314
65.8996 40.9729 9.85618 2.53032 156.291
65.9996 40.9515 9.87991 2.53249 156.267
66.0996 40.9301 9.90366 2.53465 156.243
66.1996 40.9086 9.92743 2.5368 156.219
66.2996 40.887 9.95121 2.53894 156.196
66.3996 40.8654 9.97502 2.54108 156.172
66.4996 40.8436 9.99884 2.54321 156.148
66.5996 40.8219 10.0227 2.54533 156.124
66.6996 40.8 10.0465 2.54745 156.1
66.7996 40.7781 10.0704 2.54956 156.076
66.8996 40.7561 10.0943 2.55166 156.053
66.9995 40.7341 10.1182 2.55375 156.029
67.0995 40.712 10.1421 2.55584 156.005
67.1995 40.6898 10.1661 2.55792 155.981
67.2995 40.6675 10.1901 2.55999 155.957
67.3995 40.6452 10.214 2.56206 155.933
67.4995 40.6228 10.238 2.56411 155.909
67.5995 40.6004 10.2621 2.56616 155.885
67.6995 40.5779 10.2861 2.56821 155.861
67.7995 40.5553 10.3101 2.57024 155.837
67.8995 40.5327 10.3342 2.57227 155.813
67.9995 40.51 10.3583 2.57429 155.789
68.0995 40.4873 10.3824 2.5763 155.764
68.1995 40.4644 10.4065 2.57831 155.74
68.2995 40.4416 10.4307 2.58031 155.716
68.3995 40.4186 10.4548 2.5823 155.692
68.4995 40.3956 10.479 2.58428 155.668
68.5995 40.3725 10.5032 2.58626 155.644
68.6995 40.3494 10.5274 2.58823 155.62
68.7995 40.3262 10.5516 2.59019 155.595
68.8995 40.303 10.5758 2.59214 155.571
68.9995 40.2796 10.6001 2.59409 155.547
69.0995 40.2563 10.6243 2.59603 155.523
69.1995 40.2328 10.6486 2.59796 155.498
69.2995 40.2093 10.6729 2.59988 155.474
69.3995 40.1858 10.6972 2.6018 155.45
69.4995 40.1622 10.7216 2.60371 155.425
69.5995 40.1385 10.7459 2.60561 155.401
69.6995 40.1148 10.7703 2.60751 155.377
69.7995 40.091 10.7947 2.60939 155.352
69.8995 40.0671 10.8191 2.61127 155.328
69.9995 40.0432 10.8435 2.61314 155.303
70.0995 40.0192 10.8679 2.61501 155.279
70.1995 39.9952 10.8923 2.61687 155.255
70.2995 39.9711 10.9168 2.61871 155.23
70.3995 39.947 10.9413 2.62056 155.206
70.4995 39.9228 10.9658 2.62239 155.181
70.5995 39.8985 10.9903 2.62422 155.157
70.6995 39.8742 11.0148 2.62604 155.132
70.7995 39.8498 11.0393 2.62785 155.108
70.8995 39.8254 11.0639 2.62965 155.083
70.9995 39.8009 11.0884 2.63145 155.058
71.0995 39.7764 11.113 2.63324 155.034
71.1995 39.7518 11.1376 2.63502 155.009
71.2995 39.7271 11.1622 2.63679 154.985
71.3995 39.7024 11.1868 2.63856 154.96
71.4995 39.6777 11.2115 2.64031 154.935
71.5995 39.6529 11.2361 2.64206 154.911
71.6995 39.628 11.2608 2.64381 154.886
71.7995 39.6031 11.2854 2.64554 154.861
71.8995 39.5781 11.3101 2.64727 154.837
71.9995 39.553 11.3348 2.64899 154.812
72.0995 39.528 11.3596 2.6507 154.787
72.1995 39.5028 11.3843 2.65241 154.763
72.2995 39.4776 11.4091 2.6541 154.738
72.3995 39.4524 11.4338 2.65579 154.713
72.4995 39.4271 11.4586 2.65747 154.688
72.5995 39.4017 11.4834 2.65915 154.663
72.6995 39.3763 11.5082 2.66082 154.639
72.7995 39.3508 11.533 2.66247 154.614
72.8995 39.3253 11.5578 2.66412 154.589
72.9995 39.2998 11.5827 2.66577 154.564
73.0995 39.2741 11.6075 2.6674 154.539
73.1995 39.2485 11.6324 2.66903 154.514
73.2995 39.2227 11.6573 2.67065 154.49
73.3995 39.197 11.6822 2.67226 154.465
73.4995 39.1712 11.7071 2.67387 154.44
73.5994 39.1453 11.732 2.67546 154.415
73.6994 39.1194 11.757 2.67705 154.39
73.7994 39.0934 11.7819 2.67863 154.365
73.8994 39.0674 11.8069 2.68021 154.34
73.9994 39.0413 11.8318 2.68177 154.315
74.0994 39.0152 11.8568 2.68333 154.29
74.1994 38.989 11.8818 2.68488 154.265
74.2994 38.9627 11.9068 2.68642 154.24
74.3994 38.9365 11.9319 2.68796 154.215
74.4994 38.9101 11.9569 2.68948 154.19
74.5994 38.8838 11.9819 2.691 154.165
74.6994 38.8574 12.007 2.69251 154.14
74.7994 38.8309 12.0321 2.69402 154.115
74.8994 38.8044 12.0571 2.69551 154.09
74.9994 38.7778 12.0822 2.697 154.065
75.0994 38.7512 12.1073 2.69848 154.04
75.1994 38.7245 12.1325 2.69995 154.014
75.2994 38.6978 12.1576 2.70141 153.989
75.3994 38.671 12.1827 2.70287 153.964
75.4994 38.6442 12.2079 2.70432 153.939
75.5994 38.6174 12.2331 2.70576 153.914
75.6994 38.5905 12.2582 2.70719 153.889
75.7994 38.5635 12.2834 2.70861 153.863
75.8994 38.5365 12.3086 2.71003 153.838
75.9994 38.5095 12.3338 2.71144 153.813
76.0994 38.4824 12.359 2.71284 153.788
76.1994 38.4553 12.3843 2.71423 153.763
76.2994 38.4281 12.4095 2.71562 153.737
76.3994 38.4009 12.4348 2.71699 153.712
76.4994 38.3736 12.46 2.71836 153.687
76.5994 38.3463 12.4853 2.71972 153.662
76.6994 38.3189 12.5106 2.72108 153.636
76.7994 38.2915 12.5359 2.72242 153.611
76.8994 38.2641 12.5612 2.72376 153.586
76.9994 38.2366 12.5865 2.72509 153.56
77.0994 38.209 12.6118 2.72641 153.535
77.1994 38.1814 12.6372 2.72772 153.51
77.2994 38.1538 12.6625 2.72903 153.484
77.3994 38.1261 12.6879 2.73032 153.459
77.4994 38.0984 12.7132 2.73161 153.434
77.5994 38.0706 12.7386 2.73289 153.408
77.6994 38.0428 12.764 2.73417 153.383
77.7994 38.015 12.7894 2.73543 153.357
77.8994 37.9871 12.8148 2.73669 153.332
77.9994 37.9591 12.8402 2.73794 153.307
78.0994 37.9312 12.8656 2.73918 153.281
78.1994 37.9031 12.891 2.74041 153.256
78.2994 37.8751 12.9165 2.74164 153.23
78.3994 37.847 12.9419 2.74285 153.205
78.4994 37.8188 12.9674 2.74406 153.179
78.5994 37.7906 12.9929 2.74526 153.154
78.6994 37.7624 13.0183 2.74646 153.129
78.7994 37.7341 13.0438 2.74764 153.103
78.8994 37.7058 13.0693 2.74882 153.078
78.9994 37.6774 13.0948 2.74998 153.052
79.0994 37.649 13.1203 2.75115 153.027
79.1994 37.6206 13.1459 2.7523 153.001
79.2994 37.5921 13.1714 2.75344 152.975
79.3994 37.5635 13.1969 2.75458 152.95
79.4994 37.535 13.2225 2.75571 152.924
79.5994 37.5064 13.248 2.75683 152.899
79.6994 37.4777 13.2736 2.75794 152.873
79.7994 37.449 13.2992 2.75904 152.848
79.8994 37.4203 13.3248 2.76014 152.822
79.9994 37.3915 13.3503 2.76122 152.797
80.0993 37.3627 13.3759 2.7623 152.771
80.1993 37.3339 13.4015 2.76337 152.745
80.2993 37.305 13.4271 2.76444 152.72
80.3993 37.276 13.4528 2.76549 152.694
80.4993 37.2471 13.4784 2.76654 152.668
80.5993 37.2181 13.504 2.76758 152.643
80.6993 37.189 13.5297 2.76861 152.617
80.7993 37.1599 13.5553 2.76963 152.592
80.8993 37.1308 13.581 2.77064 152.566
80.9993 37.1016 13.6066 2.77165 152.54
81.0993 37.0724 13.6323 2.77264 152.515
81.1993 37.0432 13.658 2.77363 152.489
81.2993 37.0139 13.6837 2.77462 152.463
81.3993 36.9846 13.7094 2.77559 152.438
81.4993 36.9552 13.7351 2.77655 152.412
81.5993 36.9258 13.7608 2.77751 152.386
81.6993 36.8964 13.7865 2.77846 152.36
81.7993 36.8669 13.8122 2.7794 152.335
81.8993 36.8374 13.8379 2.78033 152.309
81.9993 36.8079 13.8636 2.78125 152.283
82.0993 36.7783 13.8894 2.78217 152.258
82.1993 36.7487 13.9151 2.78307 152.232
82.2993 36.719 13.9409 2.78397 152.206
82.3993 36.6893 13.9666 2.78486 152.18
82.4993 36.6596 13.9924 2.78575 152.154
82.5993 36.6298 14.0181 2.78662 152.129
82.6993 36.6 14.0439 2.78749 152.103
82.7993 36.5702 14.0697 2.78834 152.077
82.8993 36.5403 14.0955 2.78919 152.051
82.9993 36.5104 14.1213 2.79003 152.026
83.0993 36.4804 14.1471 2.79087 152
83.1993 36.4504 14.1729 2.79169 151.974
83.2993 36.4204 14.1987 2.79251 151.948
83.3993 36.3903 14.2245 2.79331 151.922
83.4993 36.3603 14.2503 2.79411 151.897
83.5993 36.3301 14.2761 2.7949 151.871
83.6993 36.3 14.3019 2.79569 151.845
83.7993 36.2698 14.3278 2.79646 151.819
83.8993 36.2395 14.3536 2.79723 151.793
83.9993 36.2093 14.3795 2.79798 151.767
84.0993 36.179 14.4053 2.79873 151.742
84.1993 36.1486 14.4312 2.79947 151.716
84.2993 36.1182 14.457 2.80021 151.69
84.3993 36.0878 14.4829 2.80093 151.664
84.4993 36.0574 14.5087 2.80165 151.638
84.5993 36.0269 14.5346 2.80235 151.612
84.6993 35.9964 14.5605 2.80305 151.586
84.7993 35.9659 14.5864 2.80375 151.561
84.8993 35.9353 14.6122 2.80443 151.535
84.9993 35.9047 14.6381 2.8051 151.509
85.0993 35.874 14.664 2.80577 151.483
85.1993 35.8433 14.6899 2.80642 151.457
85.2993 35.8126 14.7158 2.80707 151.431
85.3993 35.7819 14.7417 2.80771 151.405
85.4993 35.7511 14.7676 2.80835 151.379
85.5993 35.7203 14.7935 2.80897 151.353
85.6993 35.6894 14.8194 2.80959 151.327
85.7993 35.6586 14.8453 2.81019 151.302
85.8993 35.6277 14.8713 2.81079 151.276
85.9993 35.5967 14.8972 2.81138 151.25
86.0993 35.5657 14.9231 2.81196 151.224
86.1993 35.5347 14.949 2.81254 151.198
86.2993 35.5037 14.975 2.8131 151.172
86.3993 35.4726 15.0009 2.81366 151.146
86.4993 35.4415 15.0268 2.81421 151.12
86.5993 35.4104 15.0528 2.81475 151.094
86.6992 35.3792 15.0787 2.81528 151.068
86.7992 35.348 15.1046 2.8158 151.042
86.8992 35.3168 15.1306 2.81631 151.016
86.9992 35.2855 15.1565 2.81682 150.99
87.0992 35.2542 15.1825 2.81732 150.964
87.1992 35.2229 15.2085 2.81781 150.938
87.2992 35.1915 15.2344 2.81829 150.912
87.3992 35.1601 15.2604 2.81876 150.887
87.4992 35.1287 15.2863 2.81922 150.861
87.5992 35.0973 15.3123 2.81968 150.835
87.6992 35.0658 15.3383 2.82012 150.809
87.7992 35.0343 15.3642 2.82056 150.783
87.8992 35.0027 15.3902 2.82099 150.757
87.9992 34.9712 15.4162 2.82141 150.731
88.0992 34.9396 15.4421 2.82182 150.705
88.1992 34.9079 15.4681 2.82223 150.679
88.2992 34.8763 15.4941 2.82262 150.653
88.3992 34.8446 15.52 2.82301 150.627
88.4992 34.8129 15.546 2.82339 150.601
88.5992 34.7811 15.572 2.82376 150.575
88.6992 34.7493 15.598 2.82412 150.549
88.7992 34.7175 15.624 2.82447 150.523
88.8992 34.6857 15.6499 2.82482 150.497
88.9992 34.6538 15.6759 2.82515 150.471
89.0992 34.6219 15.7019 2.82548 150.445
89.1992 34.59 15.7279 2.8258 150.419
89.2992 34.558 15.7539 2.82611 150.393
89.3992 34.526 15.7799 2.82641 150.367
89.4992 34.494 15.8058 2.82671 150.341
89.5992 34.462 15.8318 2.82699 150.315
89.6992 34.4299 15.8578 2.82727 150.289
89.7992 34.3978 15.8838 2.82754 150.263
89.8992 34.3656 15.9098 2.82779 150.237
89.9992 34.3335 15.9358 2.82804 150.211
90.0992 34.3013 15.9618 2.82829 150.185
90.1992 34.2691 15.9877 2.82852 150.159
90.2992 34.2368 16.0137 2.82875 150.133
90.3992 34.2046 16.0397 2.82896 150.107
90.4992 34.1723 16.0657 2.82917 150.081
90.5992 34.1399 16.0917 2.82937 150.055
90.6992 34.1076 16.1177 2.82956 150.029
90.7992 34.0752 16.1437 2.82974 150.003
90.8992 34.0428 16.1696 2.82991 149.977
90.9992 34.0103 16.1956 2.83008 149.951
91.0992 33.9779 16.2216 2.83024 149.925
91.1992 33.9454 16.2476 2.83038 149.899
91.2992 33.9128 16.2736 2.83052 149.873
91.3992 33.8803 16.2995 2.83065 149.847
91.4992 33.8477 16.3255 2.83077 149.821
91.5992 33.8151 16.3515 2.83089 149.795
91.6992 33.7825 16.3775 2.83099 149.769
91.7992 33.7498 16.4034 2.83109 149.743
91.8992 33.7171 16.4294 2.83118 149.717
91.9992 33.6844 16.4554 2.83126 149.691
92.0992 33.6517 16.4814 2.83133 149.666
92.1992 33.6189 16.5073 2.83139 149.64
92.2992 33.5861 16.5333 2.83144 149.614
92.3992 33.5533 16.5593 2.83148 149.588
92.4992 33.5205 16.5852 2.83152 149.562
92.5992 33.4876 16.6112 2.83155 149.536
92.6992 33.4547 16.6371 2.83157 149.51
92.7992 33.4218 16.6631 2.83158 149.484
92.8992 33.3889 16.689 2.83158 149.458
92.9992 33.3559 16.715 2.83157 149.432
93.0992 33.3229 16.7409 2.83155 149.406
93.1992 33.2899 16.7669 2.83153 149.38
93.2991 33.2568 16.7928 2.8315 149.354
93.3991 33.2237 16.8188 2.83145 149.328
93.4991 33.1906 16.8447 2.8314 149.302
93.5991 33.1575 16.8707 2.83134 149.276
93.6991 33.1244 16.8966 2.83128 149.25
93.7991 33.0912 16.9225 2.8312 149.224
93.8991 33.058 16.9484 2.83112 149.198
93.9991 33.0248 16.9744 2.83102 149.173
94.0991 32.9915 17.0003 2.83092 149.147
94.1991 32.9582 17.0262 2.83081 149.121
94.2991 32.9249 17.0521 2.83069 149.095
94.3991 32.8916 17.078 2.83056 149.069
94.4991 32.8583 17.1039 2.83042 149.043
94.5991 32.8249 17.1298 2.83028 149.017
94.6991 32.7915 17.1557 2.83012 148.991
94.7991 32.7581 17.1816 2.82996 148.965
94.8991 32.7246 17.2075 2.82979 148.939
94.9991 32.6912 17.2334 2.82961 148.913
95.0991 32.6577 17.2593 2.82942 148.888
95.1991 32.6241 17.2852 2.82922 148.862
95.2991 32.5906 17.3111 2.82901 148.836
95.3991 32.557 17.3369 2.8288 148.81
95.4991 32.5234 17.3628 2.82857 148.784
95.5991 32.4898 17.3887 2.82834 148.758
95.6991 32.4562 17.4145 2.8281 148.732
95.7991 32.4225 17.4404 2.82785 148.706
95.8991 32.3888 17.4662 2.82759 148.681
95.9991 32.3551 17.4921 2.82732 148.655
96.0991 32.3214 17.5179 2.82705 148.629
96.1991 32.2877 17.5438 2.82676 148.603
96.2991 32.2539 17.5696 2.82647 148.577
96.3991 32.2201 17.5954 2.82617 148.551
96.4991 32.1863 17.6212 2.82586 148.526
96.5991 32.1524 17.6471 2.82554 148.5
96.6991 32.1185 17.6729 2.82521 148.474
96.7991 32.0846 17.6987 2.82487 148.448
96.8991 32.0507 17.7245 2.82453 148.422
96.9991 32.0168 17.7503 2.82417 148.397
97.0991 31.9828 17.7761 2.82381 148.371
97.1991 31.9489 17.8018 2.82344 148.345
97.2991 31.9148 17.8276 2.82306 148.319
97.3991 31.8808 17.8534 2.82267 148.293
97.4991 31.8468 17.8792 2.82227 148.268
97.5991 31.8127 17.9049 2.82187 148.242
97.6991 31.7786 17.9307 2.82145 148.216
97.7991 31.7445 17.9564 2.82103 148.19
97.8991 31.7104 17.9822 2.82059 148.165
97.9991 31.6762 18.0079 2.82015 148.139
98.0991 31.642 18.0336 2.8197 148.113
98.1991 31.6078 18.0594 2.81924 148.088
98.2991 31.5736 18.0851 2.81878 148.062
98.3991 31.5393 18.1108 2.8183 148.036
98.4991 31.5051 18.1365 2.81781 148.01
98.5991 31.4708 18.1622 2.81732 147.985
98.6991 31.4365 18.1879 2.81682 147.959
98.7991 31.4021 18.2136 2.81631 147.933
98.8991 31.3678 18.2392 2.81579 147.908
98.9991 31.3334 18.2649 2.81526 147.882
99.0991 31.299 18.2906 2.81472 147.856
99.1991 31.2646 18.3162 2.81418 147.831
99.2991 31.2301 18.3419 2.81362 147.805
99.3991 31.1957 18.3675 2.81306 147.779
99.4991 31.1612 18.3932 2.81249 147.754
99.5991 31.1267 18.4188 2.81191 147.728
99.6991 31.0922 18.4444 2.81132 147.702
99.799 31.0576 18.47 2.81072 147.677
99.899 31.0231 18.4956 2.81011 147.651
99.999 30.9885 18.5212 2.80949 147.626
100.099 30.9539 18.5468 2.80887 147.6
100.199 30.9193 18.5724 2.80824 147.575
100.299 30.8846 18.5979 2.80759 147.549
100.399 30.85 18.6235 2.80694 147.523
100.499 30.8153 18.6491 2.80628 147.498
100.599 30.7806 18.6746 2.80562 147.472
100.699 30.7458 18.7002 2.80494 147.447
100.799 30.7111 18.7257 2.80425 147.421
100.899 30.6763 18.7512 2.80356 147.396
100.999 30.6415 18.7767 2.80286 147.37
101.099 30.6067 18.8022 2.80215 147.345
101.199 30.5719 18.8277 2.80142 147.319
101.299 30.5371 18.8532 2.8007 147.294
101.399 30.5022 18.8787 2.79996 147.268
101.499 30.4673 18.9041 2.79921 147.243
101.599 30.4324 18.9296 2.79846 147.217
101.699 30.3975 18.9551 2.79769 147.192
101.799 30.3625 18.9805 2.79692 147.166
101.899 30.3276 19.0059 2.79614 147.141
101.999 30.2926 19.0314 2.79535 147.116
102.099 30.2576 19.0568 2.79455 147.09
102.199 30.2226 19.0822 2.79374 147.065
102.299 30.1875 19.1076 2.79292 147.039
102.399 30.1525 19.133 2.7921 147.014
102.499 30.1174 19.1583 2.79126 146.989
102.599 30.0823 19.1837 2.79042 146.963
102.699 30.0472 19.209 2.78957 146.938
102.799 30.012 19.2344 2.78871 146.912
102.899 29.9769 19.2597 2.78784 146.887
102.999 29.9417 19.2851 2.78696 146.862
103.099 29.9065 19.3104 2.78608 146.837
103.199 29.8713 19.3357 2.78518 146.811
103.299 29.8361 19.361 2.78428 146.786
103.399 29.8008 19.3863 2.78337 146.761
103.499 29.7656 19.4115 2.78244 146.735
103.599 29.7303 19.4368 2.78151 146.71
103.699 29.695 19.462 2.78058 146.685
103.799 29.6597 19.4873 2.77963 146.66
103.899 29.6243 19.5125 2.77867 146.634
103.999 29.589 19.5377 2.77771 146.609
104.099 29.5536 19.5629 2.77673 146.584
104.199 29.5182 19.5881 2.77575 146.559
104.299 29.4828 19.6133 2.77476 146.534
104.399 29.4474 19.6385 2.77376 146.508
104.499 29.4119 19.6637 2.77275 146.483
104.599 29.3765 19.6888 2.77173 146.458
104.699 29.341 19.714 2.77071 146.433
104.799 29.3055 19.7391 2.76967 146.408
104.899 29.27 19.7642 2.76863 146.383
104.999 29.2344 19.7893 2.76758 146.358
105.099 29.1989 19.8144 2.76652 146.332
105.199 29.1633 19.8395 2.76545 146.307
105.299 29.1277 19.8646 2.76437 146.282
105.399 29.0921 19.8896 2.76328 146.257
105.499 29.0565 19.9147 2.76219 146.232
105.599 29.0208 19.9397 2.76108 146.207
105.699 28.9852 19.9647 2.75997 146.182
105.799 28.9495 19.9897 2.75885 146.157
105.899 28.9138 20.0147 2.75772 146.132
105.999 28.8781 20.0397 2.75658 146.107
106.099 28.8424 20.0647 2.75543 146.082
106.199 28.8066 20.0897 2.75428 146.057
106.299 28.7709 20.1146 2.75311 146.032
106.399 28.7351 20.1395 2.75194 146.007
106.499 28.6993 20.1645 2.75075 145.982
106.599 28.6635 20.1894 2.74956 145.958
106.699 28.6277 20.2143 2.74836 145.933
106.799 28.5918 20.2392 2.74715 145.908
106.899 28.556 20.264 2.74594 145.883
106.999 28.5201 20.2889 2.74471 145.858
107.099 28.4842 20.3137 2.74348 145.833
107.199 28.4483 20.3386 2.74223 145.808
107.299 28.4124 20.3634 2.74098 145.784
107.399 28.3764 20.3882 2.73972 145.759
107.499 28.3405 20.413 2.73845 145.734
107.599 28.3045 20.4377 2.73717 145.709
107.699 28.2685 20.4625 2.73589 145.684
107.799 28.2325 20.4873 2.73459 145.66
107.899 28.1965 20.512 2.73329 145.635
107.999 28.1604 20.5367 2.73198 145.61
108.099 28.1244 20.5614 2.73065 145.585
108.199 28.0883 20.5861 2.72932 145.561
108.299 28.0522 20.6108 2.72799 145.536
108.399 28.0161 20.6355 2.72664 145.511
108.499 27.98 20.6601 2.72528 145.487
108.599 27.9439 20.6847 2.72392 145.462
108.699 27.9077 20.7094 2.72254 145.438
108.799 27.8716 20.734 2.72116 145.413
108.899 27.8354 20.7586 2.71977 145.388
108.999 27.7992 20.7831 2.71837 145.364
109.099 27.763 20.8077 2.71696 145.339
109.199 27.7268 20.8323 2.71555 145.315
109.299 27.6905 20.8568 2.71412 145.29
109.399 27.6543 20.8813 2.71269 145.266
109.499 27.618 20.9058 2.71125 145.241
109.599 27.5817 20.9303 2.7098 145.217
109.699 27.5454 20.9548 2.70834 145.192
109.799 27.5091 20.9792 2.70687 145.168
109.899 27.4727 21.0037 2.70539 145.143
109.999 27.4364 21.0281 2.7039 145.119
110.099 27.4 21.0525 2.70241 145.094
110.199 27.3636 21.0769 2.70091 145.07
110.299 27.3272 21.1013 2.6994 145.046
110.399 27.2908 21.1256 2.69788 145.021
110.499 27.2544 21.15 2.69635 144.997
110.599 27.218 21.1743 2.69481 144.973
110.699 27.1815 21.1986 2.69326 144.948
110.799 27.1451 21.2229 2.69171 144.924
110.899 27.1086 21.2472 2.69015 144.9
110.999 27.0721 21.2715 2.68858 144.875
111.099 27.0356 21.2958 2.687 144.851
111.199 26.999 21.32 2.68541 144.827
111.299 26.9625 21.3442 2.68381 144.803
111.399 26.9259 21.3684 2.6822 144.778
111.499 26.8894 21.3926 2.68059 144.754
111.599 26.8528 21.4168 2.67897 144.73
111.699 26.8162 21.4409 2.67733 144.706
111.799 26.7796 21.4651 2.67569 144.682
111.899 26.7429 21.4892 2.67404 144.658
111.999 26.7063 21.5133 2.67239 144.634
112.099 26.6696 21.5374 2.67072 144.61
112.199 26.633 21.5614 2.66905 144.585
112.299 26.5963 21.5855 2.66736 144.561
112.399 26.5596 21.6095 2.66567 144.537
112.499 26.5229 21.6335 2.66397 144.513
112.599 26.4862 21.6575 2.66226 144.489
112.699 26.4494 21.6815 2.66055 144.465
112.799 26.4127 21.7055 2.65882 144.441
112.899 26.3759 21.7294 2.65709 144.417
112.999 26.3391 21.7534 2.65534 144.394
113.099 26.3023 21.7773 2.65359 144.37
113.199 26.2655 21.8012 2.65183 144.346
113.299 26.2287 21.825 2.65006 144.322
113.399 26.1919 21.8489 2.64829 144.298
113.499 26.155 21.8727 2.6465 144.274
113.599 26.1181 21.8966 2.64471 144.25
113.699 26.0813 21.9204 2.6429 144.227
113.799 26.0444 21.9441 2.64109 144.203
113.899 26.0075 21.9679 2.63927 144.179
113.999 25.9706 21.9917 2.63744 144.155
114.099 25.9336 22.0154 2.63561 144.131
114.199 25.8967 22.0391 2.63376 144.108
114.299 25.8597 22.0628 2.63191 144.084
114.399 25.8228 22.0865 2.63005 144.06
114.499 25.7858 22.1101 2.62818 144.037
114.599 25.7488 22.1338 2.6263 144.013
114.699 25.7118 22.1574 2.62441 143.989
114.799 25.6747 22.181 2.62252 143.966
114.899 25.6377 22.2046 2.62061 143.942
114.999 25.6007 22.2281 2.6187 143.919
115.099 25.5636 22.2517 2.61678 143.895
115.199 25.5265 22.2752 2.61485 143.872
115.299 25.4894 22.2987 2.61291 143.848
115.399 25.4523 22.3222 2.61096 143.825
115.499 25.4152 22.3456 2.60901 143.801
115.599 25.3781 22.3691 2.60704 143.778
115.699 25.341 22.3925 2.60507 143.754
115.799 25.3038 22.4159 2.60309 143.731
115.899 25.2667 22.4393 2.6011 143.708
115.999 25.2295 22.4627 2.59911 143.684
116.099 25.1923 22.486 2.5971 143.661
116.199 25.1551 22.5093 2.59509 143.638
116.299 25.1179 22.5327 2.59306 143.614
116.399 25.0807 22.5559 2.59103 143.591
116.499 25.0434 22.5792 2.58899 143.568
116.599 25.0062 22.6024 2.58695 143.544
116.699 24.9689 22.6257 2.58489 143.521
116.799 24.9316 22.6489 2.58283 143.498
116.899 24.8943 22.6721 2.58075 143.475
116.999 24.857 22.6952 2.57867 143.452
117.099 24.8197 22.7184 2.57658 143.429
117.199 24.7824 22.7415 2.57449 143.405
117.299 24.7451 22.7646 2.57238 143.382
117.399 24.7077 22.7877 2.57027 143.359
117.499 24.6704 22.8107 2.56814 143.336
117.599 24.633 22.8338 2.56601 143.313
117.699 24.5956 22.8568 2.56387 143.29
117.799 24.5582 22.8798 2.56172 143.267
117.899 24.5208 22.9028 2.55957 143.244
117.999 24.4834 22.9257 2.5574 143.221
118.099 24.446 22.9487 2.55523 143.198
118.199 24.4085 22.9716 2.55305 143.175
118.299 24.3711 22.9945 2.55086 143.152
118.399 24.3336 23.0173 2.54866 143.13
118.499 24.2961 23.0402 2.54646 143.107
118.599 24.2586 23.063 2.54424 143.084
118.699 24.2211 23.0858 2.54202 143.061
118.799 24.1836 23.1086 2.53979 143.038
118.899 24.1461 23.1314 2.53755 143.016
118.999 24.1086 23.1541 2.5353 142.993
119.099 24.071 23.1768 2.53305 142.97
119.199 24.0334 23.1995 2.53078 142.947
119.299 23.9959 23.2222 2.52851 142.925
119.399 23.9583 23.2448 2.52623 142.902
119.499 23.9207 23.2675 2.52394 142.879
119.599 23.8831 23.2901 2.52165 142.857
119.699 23.8455 23.3127 2.51934 142.834
119.799 23.8079 23.3352 2.51703 142.812
119.899 23.7702 23.3578 2.51471 142.789
119.999 23.7326 23.3803 2.51238 142.767
120.099 23.6949 23.4028 2.51004 142.744
120.199 23.6572 23.4252 2.50769 142.722
120.299 23.6196 23.4477 2.50534 142.699
120.399 23.5819 23.4701 2.50297 142.677
120.499 23.5442 23.4925 2.5006 142.654
120.599 23.5065 23.5149 2.49822 142.632
120.699 23.4687 23.5372 2.49584 142.61
120.799 23.431 23.5596 2.49344 142.587
120.899 23.3932 23.5819 2.49104 142.565
120.999 23.3555 23.6042 2.48863 142.543
121.099 23.3177 23.6264 2.48621 142.52
121.199 23.2799 23.6487 2.48378 142.498
121.299 23.2421 23.6709 2.48134 142.476
121.399 23.2043 23.6931 2.4789 142.454
121.499 23.1665 23.7153 2.47645 142.432
121.599 23.1287 23.7374 2.47399 142.409
121.699 23.0909 23.7595 2.47152 142.387
121.799 23.053 23.7816 2.46904 142.365
121.899 23.0152 23.8037 2.46656 142.343
121.999 22.9773 23.8257 2.46406 142.321
122.099 22.9394 23.8478 2.46156 142.299
122.199 22.9016 23.8698 2.45905 142.277
122.299 22.8637 23.8917 2.45654 142.255
122.399 22.8258 23.9137 2.45401 142.233
122.499 22.7878 23.9356 2.45148 142.211
122.599 22.7499 23.9575 2.44894 142.189
122.699 22.712 23.9794 2.44639 142.167
122.799 22.674 24.0013 2.44383 142.146
122.899 22.6361 24.0231 2.44127 142.124
122.999 22.5981 24.0449 2.43869 142.102
123.099 22.5601 24.0667 2.43611 142.08
123.199 22.5221 24.0884 2.43352 142.058
123.299 22.4841 24.1102 2.43092 142.037
123.399 22.4461 24.1319 2.42832 142.015
123.499 22.4081 24.1536 2.4257 141.993
123.599 22.3701 24.1752 2.42308 141.972
123.699 22.3321 24.1969 2.42045 141.95
123.799 22.294 24.2185 2.41782 141.928
123.899 22.256 24.24 2.41517 141.907
123.999 22.2179 24.2616 2.41252 141.885
124.099 22.1798 24.2831 2.40986 141.864
124.199 22.1417 24.3046 2.40719 141.842
124.299 22.1036 24.3261 2.40451 141.821
124.399 22.0655 24.3476 2.40182 141.799
124.499 22.0274 24.369 2.39913 141.778
124.599 21.9893 24.3904 2.39643 141.756
124.699 21.9511 24.4118 2.39372 141.735
124.799 21.913 24.4331 2.391 141.714
124.899 21.8748 24.4545 2.38828 141.692
124.999 21.8367 24.4758 2.38555 141.671
125.099 21.7985 24.497 2.38281 141.65
125.199 21.7603 24.5183 2.38006 141.629
125.299 21.7221 24.5395 2.3773 141.607
125.399 21.6839 24.5607 2.37454 141.586
125.499 21.6457 24.5819 2.37177 141.565
125.599 21.6075 24.603 2.36899 141.544
125.699 21.5693 24.6241 2.3662 141.523
125.799 21.531 24.6452 2.3634 141.502
125.899 21.4928 24.6663 2.3606 141.481
125.999 21.4545 24.6873 2.35779 141.46
126.099 21.4162 24.7083 2.35497 141.439
126.199 21.378 24.7293 2.35214 141.418
126.299 21.3397 24.7503 2.34931 141.397
126.399 21.3014 24.7712 2.34647 141.376
126.499 21.2631 24.7921 2.34362 141.355
126.599 21.2248 24.813 2.34076 141.334
126.699 21.1865 24.8338 2.33789 141.313
126.799 21.1481 24.8546 2.33502 141.292
126.899 21.1098 24.8754 2.33214 141.271
126.999 21.0714 24.8962 2.32925 141.251
127.099 21.0331 24.9169 2.32635 141.23
127.199 20.9947 24.9377 2.32345 141.209
127.299 20.9563 24.9583 2.32054 141.189
127.399 20.9179 24.979 2.31762 141.168
127.499 20.8795 24.9996 2.31469 141.147
127.599 20.8411 25.0202 2.31175 141.127
127.699 20.8027 25.0408 2.30881 141.106
127.799 20.7643 25.0614 2.30586 141.086
127.899 20.7259 25.0819 2.3029 141.065
127.999 20.6874 25.1024 2.29994 141.045
128.099 20.649 25.1228 2.29696 141.024
128.199 20.6105 25.1433 2.29398 141.004
128.299 20.5721 25.1637 2.29099 140.983
128.399 20.5336 25.1841 2.28799 140.963
128.499 20.4951 25.2044 2.28499 140.942
128.599 20.4566 25.2247 2.28198 140.922
128.699 20.4181 25.245 2.27896 140.902
128.799 20.3796 25.2653 2.27593 140.882
128.899 20.3411 25.2855 2.2729 140.861
128.999 20.3026 25.3058 2.26985 140.841
129.099 20.264 25.3259 2.26681 140.821
129.199 20.2255 25.3461 2.26375 140.801
129.299 20.1869 25.3662 2.26068 140.781
129.399 20.1484 25.3863 2.25761 140.761
129.499 20.1098 25.4064 2.25453 140.74
129.599 20.0712 25.4264 2.25144 140.72
129.699 20.0326 25.4464 2.24835 140.7
129.799 19.9941 25.4664 2.24524 140.68
129.899 19.9555 25.4864 2.24213 140.661
129.999 19.9168 25.5063 2.23902 140.641
130.099 19.8782 25.5262 2.23589 140.621
130.199 19.8396 25.546 2.23276 140.601
130.299 19.801 25.5659 2.22962 140.581
130.399 19.7623 25.5857 2.22647 140.561
130.499 19.7237 25.6055 2.22332 140.541
130.599 19.685 25.6252 2.22015 140.522
130.699 19.6463 25.6449 2.21698 140.502
130.799 19.6077 25.6646 2.21381 140.482
130.899 19.569 25.6843 2.21062 140.463
130.999 19.5303 25.7039 2.20743 140.443
131.099 19.4916 25.7235 2.20423 140.423
131.199 19.4529 25.7431 2.20102 140.404
131.299 19.4142 25.7626 2.19781 140.384
131.399 19.3755 25.7821 2.19459 140.365
131.499 19.3367 25.8016 2.19136 140.345
131.599 19.298 25.821 2.18812 140.326
131.699 19.2592 25.8405 2.18488 140.306
131.799 19.2205 25.8599 2.18163 140.287
131.899 19.1817 25.8792 2.17837 140.268
131.999 19.143 25.8985 2.1751 140.248
132.099 19.1042 25.9178 2.17183 140.229
132.199 19.0654 25.9371 2.16855 140.21
132.299 19.0266 25.9563 2.16526 140.191
132.399 18.9878 25.9756 2.16197 140.171
132.499 18.949 25.9947 2.15867 140.152
132.599 18.9102 26.0139 2.15536 140.133
132.699 18.8714 26.033 2.15204 140.114
132.799 18.8325 26.0521 2.14872 140.095
132.899 18.7937 26.0711 2.14539 140.076
132.999 18.7549 26.0901 2.14205 140.057
133.099 18.716 26.1091 2.1387 140.038
133.199 18.6772 26.1281 2.13535 140.019
133.299 18.6383 26.147 2.13199 140
133.399 18.5994 26.1659 2.12862 139.981
133.499 18.5605 26.1848 2.12525 139.962
133.599 18.5216 26.2036 2.12187 139.943
133.699 18.4828 26.2224 2.11848 139.924
133.799 18.4438 26.2412 2.11508 139.906
133.899 18.4049 26.2599 2.11168 139.887
133.999 18.366 26.2787 2.10827 139.868
134.099 18.3271 26.2973 2.10485 139.85
134.199 18.2882 26.316 2.10143 139.831
134.299 18.2492 26.3346 2.098 139.812
134.399 18.2103 26.3532 2.09456 139.794
134.499 18.1713 26.3717 2.09112 139.775
134.599 18.1324 26.3903 2.08766 139.757
134.699 18.0934 26.4087 2.0842 139.738
134.799 18.0544 26.4272 2.08074 139.72
134.899 18.0154 26.4456 2.07726 139.701
134.999 17.9765 26.464 2.07378 139.683
135.099 17.9375 26.4824 2.0703 139.664
135.199 17.8985 26.5007 2.0668 139.646
135.299 17.8594 26.519 2.0633 139.628
135.399 17.8204 26.5373 2.05979 139.61
135.499 17.7814 26.5555 2.05628 139.591
135.599 17.7424 26.5737 2.05276 139.573
135.699 17.7033 26.5919 2.04923 139.555
135.799 17.6643 26.61 2.04569 139.537
135.899 17.6252 26.6281 2.04215 139.519
135.999 17.5862 26.6462 2.0386 139.501
136.099 17.5471 26.6642 2.03504 139.483
136.199 17.5081 26.6822 2.03148 139.465
136.299 17.469 26.7002 2.02791 139.447
136.399 17.4299 26.7181 2.02433 139.429
136.499 17.3908 26.736 2.02074 139.411
136.599 17.3517 26.7539 2.01715 139.393
136.699 17.3126 26.7717 2.01355 139.375
136.799 17.2735 26.7895 2.00995 139.357
136.899 17.2344 26.8073 2.00634 139.34
136.999 17.1953 26.8251 2.00272 139.322
137.099 17.1561 26.8428 1.99909 139.304
137.199 17.117 26.8604 1.99546 139.286
137.299 17.0778 26.8781 1.99182 139.269
137.399 17.0387 26.8957 1.98818 139.251
137.499 16.9995 26.9133 1.98453 139.234
137.599 16.9604 26.9308 1.98087 139.216
137.699 16.9212 26.9483 1.9772 139.199
137.799 16.882 26.9658 1.97353 139.181
137.899 16.8429 26.9832 1.96985 139.164
137.999 16.8037 27.0006 1.96616 139.146
138.099 16.7645 27.018 1.96247 139.129
138.199 16.7253 27.0353 1.95877 139.112
138.299 16.6861 27.0527 1.95506 139.094
138.399 16.6468 27.0699 1.95135 139.077
138.499 16.6076 27.0872 1.94763 139.06
138.599 16.5684 27.1044 1.94391 139.043
138.699 16.5292 27.1215 1.94018 139.025
138.799 16.4899 27.1387 1.93644 139.008
138.899 16.4507 27.1558 1.93269 138.991
138.999 16.4114 27.1728 1.92894 138.974
139.099 16.3722 27.1899 1.92518 138.957
139.199 16.3329 27.2069 1.92141 138.94
139.299 16.2937 27.2238 1.91764 138.923
139.399 16.2544 27.2408 1.91386 138.906
139.499 16.2151 27.2577 1.91008 138.889
139.599 16.1758 27.2745 1.90629 138.872
139.699 16.1365 27.2913 1.90249 138.856
139.799 16.0972 27.3081 1.89869 138.839
139.899 16.0579 27.3249 1.89487 138.822
139.999 16.0186 27.3416 1.89106 138.805
140.099 15.9793 27.3583 1.88723 138.789
140.199 15.94 27.375 1.8834 138.772
140.299 15.9006 27.3916 1.87957 138.755
140.399 15.8613 27.4082 1.87572 138.739
140.499 15.822 27.4247 1.87187 138.722
140.599 15.7826 27.4412 1.86802 138.706
140.699 15.7433 27.4577 1.86416 138.689
140.799 15.7039 27.4741 1.86029 138.673
140.899 15.6645 27.4906 1.85641 138.656
140.999 15.6252 27.5069 1.85253 138.64
141.099 15.5858 27.5233 1.84864 138.624
141.199 15.5464 27.5396 1.84475 138.607
141.299 15.507 27.5558 1.84085 138.591
141.399 15.4676 27.5721 1.83694 138.575
141.499 15.4283 27.5883 1.83303 138.559
141.599 15.3888 27.6044 1.82911 138.542
141.699 15.3494 27.6205 1.82519 138.526
141.799 15.31 27.6366 1.82125 138.51
141.899 15.2706 27.6527 1.81732 138.494
141.999 15.2312 27.6687 1.81337 138.478
142.099 15.1918 27.6847 1.80942 138.462
142.199 15.1523 27.7006 1.80547 138.446
142.299 15.1129 27.7165 1.8015 138.43
142.399 15.0734 27.7324 1.79753 138.414
142.499 15.034 27.7483 1.79356 138.399
142.6 14.9945 27.7641 1.78958 138.383
142.7 14.9551 27.7798 1.78559 138.367
142.8 14.9156 27.7956 1.7816 138.351
142.9 14.8761 27.8112 1.7776 138.336
143 14.8366 27.8269 1.77359 138.32
143.1 14.7971 27.8425 1.76958 138.304
143.2 14.7577 27.8581 1.76556 138.289
143.3 14.7182 27.8737 1.76154 138.273
143.4 14.6787 27.8892 1.75751 138.258
143.5 14.6392 27.9047 1.75347 138.242
143.6 14.5996 27.9201 1.74943 138.227
143.7 14.5601 27.9355 1.74539 138.211
143.8 14.5206 27.9509 1.74133 138.196
143.9 14.4811 27.9662 1.73727 138.181
144 14.4415 27.9815 1.73321 138.165
144.1 14.402 27.9967 1.72913 138.15
144.2 14.3625 28.012 1.72506 138.135
144.3 14.3229 28.0272 1.72097 138.12
144.4 14.2834 28.0423 1.71688 138.105
144.5 14.2438 28.0574 1.71279 138.089
144.6 14.2043 28.0725 1.70869 138.074
144.7 14.1647 28.0875 1.70458 138.059
144.8 14.1251 28.1025 1.70047 138.044
144.9 14.0855 28.1175 1.69635 138.029
145 14.046 28.1324 1.69222 138.014
145.1 14.0064 28.1473 1.68809 138
145.2 13.9668 28.1621 1.68396 137.985
145.3 13.9272 28.177 1.67982 137.97
145.4 13.8876 28.1917 1.67567 137.955
145.5 13.848 28.2065 1.67151 137.94
145.6 13.8084 28.2212 1.66735 137.926
145.7 13.7687 28.2358 1.66319 137.911
145.8 13.7291 28.2505 1.65902 137.896
145.9 13.6895 28.265 1.65484 137.882
146 13.6499 28.2796 1.65066 137.867
146.1 13.6102 28.2941 1.64647 137.853
146.2 13.5706 28.3086 1.64228 137.838
146.3 13.5309 28.323 1.63808 137.824
146.4 13.4913 28.3374 1.63387 137.809
146.5 13.4516 28.3518 1.62966 137.795
146.6 13.412 28.3661 1.62545 137.781
146.7 13.3723 28.3804 1.62123 137.766
146.8 13.3326 28.3947 1.617 137.752
146.9 13.293 28.4089 1.61276 137.738
147 13.2533 28.423 1.60853 137.724
147.1 13.2136 28.4372 1.60428 137.71
147.2 13.1739 28.4513 1.60003 137.696
147.3 13.1342 28.4653 1.59578 137.682
147.4 13.0945 28.4793 1.59152 137.668
147.5 13.0548 28.4933 1.58725 137.654
147.6 13.0151 28.5073 1.58298 137.64
147.7 12.9754 28.5212 1.5787 137.626
147.8 12.9357 28.535 1.57442 137.612
147.9 12.896 28.5489 1.57013 137.598
148 12.8563 28.5627 1.56584 137.584
148.1 12.8165 28.5764 1.56154 137.57
148.2 12.7768 28.5901 1.55724 137.557
148.3 12.7371 28.6038 1.55293 137.543
148.4 12.6973 28.6174 1.54861 137.529
148.5 12.6576 28.631 1.54429 137.516
148.6 12.6178 28.6446 1.53997 137.502
148.7 12.5781 28.6581 1.53563 137.489
148.8 12.5383 28.6716 1.5313 137.475
148.9 12.4985 28.6851 1.52696 137.462
149 12.4588 28.6985 1.52261 137.448
149.1 12.419 28.7118 1.51826 137.435
149.2 12.3792 28.7251 1.5139 137.422
149.3 12.3395 28.7384 1.50954 137.408
149.4 12.2997 28.7517 1.50517 137.395
149.5 12.2599 28.7649 1.5008 137.382
149.6 12.2201 28.7781 1.49642 137.369
149.7 12.1803 28.7912 1.49203 137.356
149.8 12.1405 28.8043 1.48765 137.343
149.9 12.1007 28.8173 1.48325 137.33
150 12.0609 28.8304 1.47885 137.317
150.1 12.0211 28.8433 1.47445 137.304
150.2 11.9812 28.8563 1.47004 137.291
150.3 11.9414 28.8692 1.46563 137.278
150.4 11.9016 28.882 1.46121 137.265
150.5 11.8618 28.8948 1.45678 137.252
150.6 11.8219 28.9076 1.45235 137.239
150.7 11.7821 28.9203 1.44792 137.227
150.8 11.7423 28.933 1.44348 137.214
150.9 11.7024 28.9457 1.43903 137.201
151 11.6626 28.9583 1.43458 137.189
151.1 11.6227 28.9709 1.43013 137.176
151.2 11.5829 28.9834 1.42567 137.163
151.3 11.543 28.9959 1.42121 137.151
151.4 11.5031 29.0084 1.41674 137.138
151.5 11.4633 29.0208 1.41226 137.126
151.6 11.4234 29.0332 1.40778 137.114
151.7 11.3835 29.0455 1.4033 137.101
151.8 11.3436 29.0578 1.39881 137.089
151.9 11.3037 29.0701 1.39432 137.077
152 11.2639 29.0823 1.38982 137.065
152.1 11.224 29.0945 1.38531 137.052
152.2 11.1841 29.1066 1.38081 137.04
152.3 11.1442 29.1187 1.37629 137.028
152.4 11.1043 29.1308 1.37178 137.016
152.5 11.0644 29.1428 1.36725 137.004
152.6 11.0245 29.1548 1.36273 136.992
152.7 10.9845 29.1667 1.35819 136.98
152.8 10.9446 29.1786 1.35366 136.968
152.9 10.9047 29.1905 1.34911 136.956
153 10.8648 29.2023 1.34457 136.945
153.1 10.8248 29.2141 1.34002 136.933
153.2 10.7849 29.2258 1.33546 136.921
153.3 10.745 29.2375 1.3309 136.909
153.4 10.705 29.2492 1.32634 136.898
153.5 10.6651 29.2608 1.32177 136.886
153.6 10.6252 29.2724 1.31719 136.874
153.7 10.5852 29.2839 1.31261 136.863
153.8 10.5452 29.2954 1.30803 136.851
153.9 10.5053 29.3069 1.30344 136.84
154 10.4653 29.3183 1.29885 136.829
154.1 10.4254 29.3297 1.29425 136.817
154.2 10.3854 29.341 1.28965 136.806
154.3 10.3454 29.3523 1.28505 136.795
154.4 10.3055 29.3635 1.28044 136.783
154.5 10.2655 29.3747 1.27582 136.772
154.6 10.2255 29.3859 1.2712 136.761
154.7 10.1855 29.397 1.26658 136.75
154.8 10.1455 29.4081 1.26195 136.739
154.9 10.1055 29.4192 1.25732 136.728
155 10.0655 29.4302 1.25268 136.717
155.1 10.0255 29.4411 1.24804 136.706
155.2 9.98554 29.452 1.24339 136.695
155.3 9.94553 29.4629 1.23874 136.684
155.4 9.90552 29.4738 1.23409 136.673
155.5 9.86551 29.4846 1.22943 136.662
155.6 9.8255 29.4953 1.22477 136.652
155.7 9.78548 29.506 1.2201 136.641
155.8 9.74546 29.5167 1.21543 136.63
155.9 9.70544 29.5273 1.21075 136.62
156 9.66541 29.5379 1.20607 136.609
156.1 9.62538 29.5485 1.20139 136.598
156.2 9.58535 29.559 1.1967 136.588
156.3 9.54531 29.5695 1.19201 136.577
156.4 9.50527 29.5799 1.18731 136.567
156.5 9.46523 29.5903 1.18261 136.557
156.6 9.42518 29.6006 1.17791 136.546
156.7 9.38513 29.6109 1.1732 136.536
156.8 9.34508 29.6212 1.16848 136.526
156.9 9.30503 29.6314 1.16377 136.516
157 9.26497 29.6416 1.15905 136.505
157.1 9.22491 29.6517 1.15432 136.495
157.2 9.18484 29.6618 1.14959 136.485
157.3 9.14478 29.6718 1.14486 136.475
157.4 9.10471 29.6818 1.14012 136.465
157.5 9.06463 29.6918 1.13538 136.455
157.6 9.02456 29.7017 1.13063 136.445
157.7 8.98448 29.7116 1.12588 136.435
157.8 8.9444 29.7214 1.12113 136.425
157.9 8.90431 29.7312 1.11637 136.416
158 8.86422 29.741 1.11161 136.406
158.1 8.82413 29.7507 1.10685 136.396
158.2 8.78404 29.7604 1.10208 136.386
158.3 8.74394 29.77 1.0973 136.377
158.4 8.70385 29.7796 1.09253 136.367
158.5 8.66374 29.7891 1.08775 136.358
158.6 8.62364 29.7987 1.08296 136.348
158.7 8.58353 29.8081 1.07818 136.339
158.8 8.54342 29.8175 1.07338 136.329
158.9 8.50331 29.8269 1.06859 136.32
159.001 8.46319 29.8362 1.06379 136.311
159.101 8.42308 29.8455 1.05899 136.301
159.201 8.38295 29.8548 1.05418 136.292
159.301 8.34283 29.864 1.04937 136.283
159.401 8.3027 29.8732 1.04455 136.274
159.501 8.26257 29.8823 1.03974 136.265
159.601 8.22244 29.8914 1.03491 136.256
159.701 8.18231 29.9004 1.03009 136.246
159.801 8.14217 29.9094 1.02526 136.237
159.901 8.10203 29.9183 1.02043 136.229
160.001 8.06189 29.9273 1.01559 136.22
160.101 8.02174 29.9361 1.01075 136.211
160.201 7.9816 29.9449 1.00591 136.202
160.301 7.94145 29.9537 1.00106 136.193
160.401 7.90129 29.9625 0.996214 136.184
160.501 7.86114 29.9712 0.99136 136.176
160.601 7.82098 29.9798 0.986503 136.167
160.701 7.78082 29.9884 0.981643 136.158
160.801 7.74066 29.997 0.976779 136.15
160.901 7.70049 30.0055 0.971911 136.141
161.001 7.66033 30.014 0.967041 136.133
161.101 7.62016 30.0224 0.962166 136.124
161.201 7.57998 30.0308 0.957289 136.116
161.301 7.53981 30.0392 0.952408 136.108
161.401 7.49963 30.0475 0.947524 136.099
161.501 7.45945 30.0558 0.942636 136.091
161.601 7.41927 30.064 0.937745 136.083
161.701 7.37909 30.0722 0.932851 136.075
161.801 7.3389 30.0803 0.927954 136.067
161.901 7.29871 30.0884 0.923053 136.058
162.001 7.25852 30.0965 0.918149 136.05
162.101 7.21833 30.1045 0.913242 136.042
162.201 7.17813 30.1124 0.908331 136.034
162.301 7.13793 30.1204 0.903418 136.027
162.401 7.09773 30.1282 0.898501 136.019
162.501 7.05753 30.1361 0.893581 136.011
162.601 7.01732 30.1439 0.888658 136.003
162.701 6.97712 30.1516 0.883732 135.995
162.801 6.93691 30.1593 0.878802 135.988
162.901 6.89669 30.167 0.87387 135.98
163.001 6.85648 30.1746 0.868935 135.972
163.101 6.81627 30.1822 0.863996 135.965
163.201 6.77605 30.1897 0.859054 135.957
163.301 6.73583 30.1972 0.85411 135.95
163.401 6.6956 30.2046 0.849162 135.942
163.501 6.65538 30.212 0.844212 135.935
163.601 6.61515 30.2194 0.839258 135.927
163.701 6.57492 30.2267 0.834302 135.92
163.801 6.53469 30.234 0.829342 135.913
163.901 6.49446 30.2412 0.82438 135.906
164.001 6.45423 30.2484 0.819414 135.898
164.101 6.41399 30.2555 0.814446 135.891
164.201 6.37375 30.2626 0.809475 135.884
164.301 6.33351 30.2697 0.804501 135.877
164.401 6.29327 30.2767 0.799525 135.87
164.501 6.25302 30.2837 0.794545 135.863
164.601 6.21277 30.2906 0.789563 135.856
164.701 6.17252 30.2975 0.784578 135.849
164.801 6.13227 30.3043 0.77959 135.843
164.901 6.09202 30.3111 0.774599 135.836
165.001 6.05177 30.3178 0.769606 135.829
165.101 6.01151 30.3246 0.76461 135.822
165.201 5.97125 30.3312 0.759611 135.816
165.301 5.93099 30.3378 0.75461 135.809
165.401 5.89073 30.3444 0.749606 135.802
165.501 5.85046 30.3509 0.744599 135.796
165.601 5.8102 30.3574 0.739589 135.789
165.701 5.76993 30.3639 0.734577 135.783
165.801 5.72966 30.3703 0.729563 135.777
165.901 5.68939 30.3766 0.724546 135.77
166.001 5.64912 30.3829 0.719526 135.764
166.101 5.60884 30.3892 0.714504 135.758
166.201 5.56856 30.3954 0.709479 135.751
166.301 5.52829 30.4016 0.704452 135.745
166.401 5.48801 30.4077 0.699422 135.739
166.501 5.44772 30.4138 0.69439 135.733
166.601 5.40744 30.4198 0.689355 135.727
166.701 5.36716 30.4258 0.684318 135.721
166.801 5.32687 30.4318 0.679279 135.715
166.901 5.28658 30.4377 0.674237 135.709
167.001 5.24629 30.4436 0.669193 135.703
167.101 5.206 30.4494 0.664146 135.697
167.201 5.1657 30.4552 0.659097 135.692
167.301 5.12541 30.4609 0.654046 135.686
167.401 5.08511 30.4666 0.648992 135.68
167.501 5.04481 30.4723 0.643936 135.675
167.601 5.00451 30.4779 0.638878 135.669
167.701 4.96421 30.4834 0.633818 135.663
167.801 4.92391 30.4889 0.628755 135.658
167.901 4.8836 30.4944 0.62369 135.652
168.001 4.8433 30.4998 0.618623 135.647
168.101 4.80299 30.5052 0.613554 135.642
168.201 4.76268 30.5105 0.608482 135.636
168.301 4.72237 30.5158 0.603409 135.631
168.401 4.68206 30.5211 0.598333 135.626
168.501 4.64175 30.5263 0.593255 135.621
168.601 4.60143 30.5314 0.588175 135.615
168.701 4.56111 30.5366 0.583093 135.61
168.801 4.5208 30.5416 0.578009 135.605
168.901 4.48048 30.5466 0.572923 135.6
169.001 4.44016 30.5516 0.567835 135.595
169.101 4.39983 30.5566 0.562745 135.59
169.201 4.35951 30.5615 0.557653 135.585
169.301 4.31919 30.5663 0.552559 135.581
169.401 4.27886 30.5711 0.547463 135.576
169.501 4.23853 30.5759 0.542365 135.571
169.601 4.1982 30.5806 0.537265 135.566
169.701 4.15787 30.5852 0.532163 135.562
169.801 4.11754 30.5899 0.527059 135.557
169.901 4.07721 30.5944 0.521954 135.552
170.001 4.03688 30.599 0.516846 135.548
170.101 3.99654 30.6035 0.511737 135.543
170.201 3.95621 30.6079 0.506626 135.539
170.301 3.91587 30.6123 0.501513 135.535
170.401 3.87553 30.6167 0.496399 135.53
170.501 3.83519 30.621 0.491282 135.526
170.601 3.79485 30.6252 0.486164 135.522
170.701 3.75451 30.6295 0.481045 135.517
170.801 3.71416 30.6336 0.475923 135.513
170.901 3.67382 30.6378 0.4708 135.509
171.001 3.63347 30.6419 0.465675 135.505
171.101 3.59313 30.6459 0.460549 135.501
171.201 3.55278 30.6499 0.455421 135.497
171.301 3.51243 30.6539 0.450291 135.493
171.401 3.47208 30.6578 0.445159 135.489
171.501 3.43173 30.6616 0.440027 135.485
171.601 3.39137 30.6654 0.434892 135.481
171.701 3.35102 30.6692 0.429756 135.478
171.801 3.31067 30.673 0.424619 135.474
171.901 3.27031 30.6766 0.41948 135.47
172.001 3.22995 30.6803 0.414339 135.467
172.101 3.1896 30.6839 0.409197 135.463
172.201 3.14924 30.6874 0.404054 135.459
172.301 3.10888 30.6909 0.398909 135.456
172.401 3.06852 30.6944 0.393763 135.452
172.501 3.02816 30.6978 0.388615 135.449
172.601 2.9878 30.7012 0.383466 135.446
172.701 2.94743 30.7045 0.378316 135.442
172.801 2.90707 30.7078 0.373164 135.439
172.901 2.8667 30.711 0.368011 135.436
173.001 2.82634 30.7142 0.362857 135.433
173.101 2.78597 30.7173 0.357701 135.43
173.201 2.7456 30.7204 0.352544 135.426
173.301 2.70523 30.7235 0.347386 135.423
173.401 2.66487 30.7265 0.342227 135.42
173.501 2.6245 30.7295 0.337066 135.417
173.601 2.58412 30.7324 0.331904 135.414
173.701 2.54375 30.7353 0.326741 135.412
173.801 2.50338 30.7381 0.321577 135.409
173.901 2.46301 30.7409 0.316412 135.406
174.001 2.42263 30.7436 0.311246 135.403
174.101 2.38226 30.7463 0.306078 135.401
174.201 2.34188 30.7489 0.30091 135.398
174.301 2.30151 30.7515 0.29574 135.395
174.401 2.26113 30.7541 0.290569 135.393
174.501 2.22075 30.7566 0.285398 135.39
174.601 2.18037 30.7591 0.280225 135.388
174.701 2.14 30.7615 0.275051 135.385
174.801 2.09962 30.7639 0.269877 135.383
174.901 2.05924 30.7662 0.264701 135.381
175.001 2.01885 30.7685 0.259524 135.378
175.101 1.97847 30.7707 0.254347 135.376
175.201 1.93809 30.7729 0.249169 135.374
175.301 1.89771 30.7751 0.243989 135.372
175.402 1.85733 30.7772 0.238809 135.37
175.502 1.81694 30.7793 0.233628 135.368
175.602 1.77656 30.7813 0.228446 135.366
175.702 1.73617 30.7832 0.223264 135.364
175.802 1.69579 30.7852 0.21808 135.362
175.902 1.6554 30.7871 0.212896 135.36
176.002 1.61501 30.7889 0.207711 135.358
176.102 1.57463 30.7907 0.202526 135.356
176.202 1.53424 30.7924 0.197339 135.354
176.302 1.49385 30.7941 0.192152 135.353
176.402 1.45346 30.7958 0.186965 135.351
176.502 1.41307 30.7974 0.181776 135.349
176.602 1.37268 30.7989 0.176587 135.348
176.702 1.3323 30.8005 0.171397 135.346
176.802 1.2919 30.8019 0.166207 135.345
176.902 1.25151 30.8034 0.161016 135.344
177.002 1.21112 30.8047 0.155825 135.342
177.102 1.17073 30.8061 0.150633 135.341
177.202 1.13034 30.8074 0.14544 135.34
177.302 1.08995 30.8086 0.140247 135.338
177.402 1.04956 30.8098 0.135054 135.337
177.502 1.00916 30.811 0.12986 135.336
177.602 0.968771 30.8121 0.124665 135.335
177.702 0.928377 30.8131 0.11947 135.334
177.802 0.887984 30.8142 0.114275 135.333
177.902 0.84759 30.8151 0.109079 135.332
178.002 0.807196 30.8161 0.103883 135.331
178.102 0.766802 30.817 0.0986864 135.33
178.202 0.726407 30.8178 0.0934895 135.329
178.302 0.686012 30.8186 0.0882923 135.328
178.402 0.645617 30.8193 0.0830948 135.328
178.502 0.605222 30.82 0.077897 135.327
178.602 0.564827 30.8207 0.0726989 135.326
178.702 0.524431 30.8213 0.0675006 135.326
178.802 0.484035 30.8219 0.062302 135.325
178.902 0.44364 30.8224 0.0571032 135.324
179.002 0.403244 30.8229 0.0519042 135.324
179.102 0.362847 30.8233 0.0467051 135.324
179.202 0.322451 30.8237 0.0415057 135.323
179.302 0.282055 30.824 0.0363062 135.323
179.402 0.241659 30.8243 0.0311066 135.323
179.502 0.201262 30.8246 0.0259069 135.322
179.602 0.160865 30.8248 0.020707 135.322
179.702 0.120469 30.8249 0.0155071 135.322
179.802 0.0800723 30.825 0.0103072 135.322
179.902 0.0396756 30.8251 0.00510719 135.322
