0 179.781 0 0 172.24
0.1 89.9494 3.30232e-05 0.00670833 172.24
0.2 89.8989 0.000132093 0.0134166 172.24
0.3 89.8483 0.000297208 0.0201249 172.24
0.4 89.7977 0.000528369 0.0268332 172.239
0.5 89.7471 0.000825575 0.0335413 172.239
0.6 89.6966 0.00118882 0.0402494 172.239
0.7 89.646 0.00161812 0.0469574 172.238
0.8 89.5954 0.00211345 0.0536653 172.238
0.9 89.5448 0.00267483 0.060373 172.237
1 89.4943 0.00330224 0.0670806 172.237
1.1 89.4437 0.00399569 0.073788 172.236
1.2 89.3931 0.00475517 0.0804953 172.235
1.3 89.3425 0.00558068 0.0872023 172.234
1.4 89.292 0.00647223 0.0939092 172.233
1.5 89.2414 0.0074298 0.100616 172.232
1.6 89.1908 0.00845339 0.107322 172.231
1.7 89.1402 0.00954301 0.114028 172.23
1.8 89.0897 0.0106986 0.120734 172.229
1.9 89.0391 0.0119203 0.12744 172.228
2 88.9885 0.0132079 0.134145 172.227
2.1 88.9379 0.0145616 0.14085 172.225
2.2 88.8874 0.0159813 0.147554 172.224
2.3 88.8368 0.0174669 0.154258 172.222
2.4 88.7862 0.0190186 0.160962 172.221
2.5 88.7357 0.0206362 0.167665 172.219
2.6 88.6851 0.0223199 0.174368 172.218
2.7 88.6345 0.0240695 0.181071 172.216
2.8 88.5839 0.025885 0.187773 172.214
2.9 88.5334 0.0277666 0.194475 172.212
3 88.4828 0.0297141 0.201176 172.21
3.1 88.4322 0.0317275 0.207877 172.208
3.2 88.3816 0.033807 0.214577 172.206
3.3 88.3311 0.0359523 0.221276 172.204
3.4 88.2805 0.0381636 0.227975 172.202
3.5 88.2299 0.0404408 0.234674 172.199
3.6 88.1793 0.042784 0.241372 172.197
3.7 88.1288 0.045193 0.248069 172.195
3.8 88.0782 0.047668 0.254766 172.192
3.9 88.0276 0.0502089 0.261462 172.19
4 87.9771 0.0528156 0.268158 172.187
4.1 87.9265 0.0554883 0.274853 172.184
4.2 87.8759 0.0582268 0.281547 172.182
4.3 87.8253 0.0610312 0.28824 172.179
4.4 87.7748 0.0639015 0.294933 172.176
4.5 87.7242 0.0668376 0.301625 172.173
4.6 87.6736 0.0698395 0.308316 172.17
4.7 87.623 0.0729073 0.315007 172.167
4.8 87.5725 0.0760409 0.321697 172.164
4.9 87.5219 0.0792403 0.328386 172.161
5 87.4713 0.0825056 0.335074 172.157
5.1 87.4208 0.0858366 0.341761 172.154
5.2 87.3702 0.0892334 0.348448 172.151
5.3 87.3196 0.092696 0.355133 172.147
5.4 87.269 0.0962243 0.361818 172.144
5.5 87.2185 0.0998184 0.368502 172.14
5.6 87.1679 0.103478 0.375185 172.136
5.7 87.1173 0.107204 0.381867 172.133
5.8 87.0668 0.110995 0.388548 172.129
5.9 87.0162 0.114852 0.395228 172.125
6 86.9656 0.118775 0.401907 172.121
6.1 86.915 0.122763 0.408586 172.117
6.2 86.8645 0.126817 0.415263 172.113
6.3 86.8139 0.130937 0.421939 172.109
6.4 86.7633 0.135122 0.428614 172.105
6.5 86.7128 0.139373 0.435288 172.101
6.6 86.6622 0.14369 0.441961 172.096
6.7 86.6116 0.148072 0.448633 172.092
6.8 86.5611 0.15252 0.455304 172.087
6.9 86.5105 0.157033 0.461974 172.083
7 86.4599 0.161612 0.468642 172.078
7.1 86.4093 0.166257 0.47531 172.074
7.2 86.3588 0.170967 0.481976 172.069
7.3 86.3082 0.175743 0.488641 172.064
7.4 86.2576 0.180584 0.495305 172.059
7.5 86.2071 0.18549 0.501968 172.054
7.6 86.1565 0.190462 0.508629 172.049
7.7 86.1059 0.1955 0.515289 172.044
7.79999 86.0554 0.200603 0.521948 172.039
7.89999 86.0048 0.205771 0.528606 172.034
7.99999 85.9542 0.211005 0.535262 172.029
8.09999 85.9037 0.216304 0.541917 172.024
8.2 85.8531 0.221669 0.548571 172.018
8.3 85.8025 0.227099 0.555223 172.013
8.4 85.752 0.232594 0.561874 172.007
8.5 85.7014 0.238155 0.568524 172.002
8.6 85.6508 0.243781 0.575172 171.996
8.7 85.6003 0.249473 0.581819 171.99
8.8 85.5497 0.255229 0.588464 171.985
8.9 85.4991 0.261051 0.595108 171.979
9 85.4485 0.266938 0.601751 171.973
9.1 85.398 0.272891 0.608392 171.967
9.2 85.3474 0.278908 0.615031 171.961
9.3 85.2968 0.284991 0.621669 171.955
9.4 85.2463 0.291139 0.628306 171.949
9.5 85.1957 0.297352 0.634941 171.943
9.6 85.1451 0.303631 0.641574 171.936
9.7 85.0946 0.309974 0.648206 171.93
9.8 85.044 0.316382 0.654836 171.923
9.9 84.9935 0.322856 0.661464 171.917
10 84.9429 0.329395 0.668091 171.91
10.1 84.8923 0.335998 0.674717 171.904
10.2 84.8418 0.342667 0.68134 171.897
10.3 84.7912 0.349401 0.687962 171.89
10.4 84.7406 0.3562 0.694583 171.884
10.5 84.6901 0.363063 0.701201 171.877
10.6 84.6395 0.369992 0.707818 171.87
10.7 84.5889 0.376985 0.714433 171.863
10.8 84.5384 0.384044 0.721046 171.856
10.9 84.4878 0.391167 0.727658 171.849
11 84.4372 0.398355 0.734268 171.842
11.1 84.3867 0.405608 0.740876 171.834
11.2 84.3361 0.412926 0.747482 171.827
11.3 84.2856 0.420309 0.754086 171.82
11.4 84.235 0.427756 0.760688 171.812
11.5 84.1844 0.435268 0.767289 171.805
11.6 84.1339 0.442845 0.773888 171.797
11.7 84.0833 0.450487 0.780484 171.789
11.8 84.0327 0.458193 0.787079 171.782
11.9 83.9822 0.465964 0.793672 171.774
12 83.9316 0.473799 0.800263 171.766
12.1 83.8811 0.481699 0.806852 171.758
12.2 83.8305 0.489664 0.813439 171.75
12.3 83.7799 0.497693 0.820024 171.742
12.4 83.7294 0.505787 0.826607 171.734
12.5 83.6788 0.513945 0.833188 171.726
12.6 83.6282 0.522168 0.839767 171.718
12.7 83.5777 0.530455 0.846344 171.709
12.8 83.5271 0.538807 0.852918 171.701
12.9 83.4766 0.547223 0.859491 171.693
13 83.426 0.555703 0.866061 171.684
13.1 83.3755 0.564248 0.87263 171.676
13.2 83.3249 0.572857 0.879196 171.667
13.3 83.2743 0.58153 0.88576 171.658
13.4 83.2238 0.590268 0.892322 171.65
13.5 83.1732 0.59907 0.898881 171.641
13.6 83.1227 0.607936 0.905439 171.632
13.7 83.0721 0.616867 0.911994 171.623
13.8 83.0215 0.625861 0.918547 171.614
13.9 82.971 0.63492 0.925098 171.605
14 82.9204 0.644042 0.931646 171.596
14.1 82.8699 0.653229 0.938192 171.587
14.2 82.8193 0.66248 0.944736 171.577
14.3 82.7688 0.671795 0.951277 171.568
14.4 82.7182 0.681174 0.957817 171.559
14.5 82.6676 0.690617 0.964353 171.549
14.6 82.6171 0.700124 0.970888 171.54
14.7 82.5665 0.709695 0.97742 171.53
14.8 82.516 0.719329 0.983949 171.521
14.9 82.4654 0.729028 0.990476 171.511
15 82.4149 0.73879 0.997001 171.501
15.1 82.3643 0.748616 1.00352 171.491
15.2 82.3138 0.758506 1.01004 171.481
15.3 82.2632 0.76846 1.01656 171.471
15.4 82.2127 0.778477 1.02307 171.461
15.5 82.1621 0.788558 1.02959 171.451
15.6 82.1116 0.798703 1.0361 171.441
15.7 82.061 0.808911 1.0426 171.431
15.8 82.0104 0.819183 1.04911 171.421
15.9 81.9599 0.829518 1.05561 171.41
16 81.9093 0.839917 1.06211 171.4
16.1 81.8588 0.85038 1.06861 171.389
16.2 81.8082 0.860905 1.0751 171.379
16.3 81.7577 0.871495 1.08159 171.368
16.4 81.7071 0.882147 1.08808 171.358
16.5 81.6566 0.892863 1.09457 171.347
16.6 81.606 0.903643 1.10105 171.336
16.7 81.5555 0.914485 1.10753 171.325
16.8 81.5049 0.925391 1.11401 171.314
16.9 81.4544 0.93636 1.12048 171.304
17 81.4038 0.947393 1.12696 171.292
17.1 81.3533 0.958488 1.13343 171.281
17.2 81.3027 0.969647 1.13989 171.27
17.3 81.2522 0.980869 1.14636 171.259
17.4 81.2016 0.992153 1.15282 171.248
17.5 81.1511 1.0035 1.15928 171.236
17.6 81.1006 1.01491 1.16573 171.225
17.7 81.05 1.02639 1.17218 171.213
17.8 80.9995 1.03792 1.17863 171.202
17.9 80.9489 1.04952 1.18508 171.19
18 80.8984 1.06118 1.19152 171.179
18.1 80.8478 1.07291 1.19796 171.167
18.2 80.7973 1.0847 1.2044 171.155
18.3 80.7467 1.09655 1.21084 171.143
18.4 80.6962 1.10846 1.21727 171.131
18.5 80.6456 1.12044 1.2237 171.119
18.6 80.5951 1.13248 1.23012 171.107
18.7 80.5446 1.14458 1.23655 171.095
18.8 80.494 1.15674 1.24297 171.083
18.9 80.4435 1.16897 1.24938 171.071
19 80.3929 1.18126 1.2558 171.059
19.1 80.3424 1.19361 1.26221 171.046
19.2 80.2918 1.20602 1.26861 171.034
19.3 80.2413 1.2185 1.27502 171.021
19.4 80.1908 1.23104 1.28142 171.009
19.5 80.1402 1.24364 1.28782 170.996
19.6 80.0897 1.2563 1.29421 170.984
19.7 80.0391 1.26903 1.3006 170.971
19.8 79.9886 1.28181 1.30699 170.958
19.9 79.9381 1.29466 1.31338 170.945
20 79.8875 1.30758 1.31976 170.932
20.1 79.837 1.32055 1.32613 170.919
20.2 79.7864 1.33358 1.33251 170.906
20.3 79.7359 1.34668 1.33888 170.893
20.4 79.6854 1.35984 1.34525 170.88
20.5 79.6348 1.37306 1.35162 170.867
20.6 79.5843 1.38635 1.35798 170.854
20.7 79.5338 1.39969 1.36434 170.84
20.8 79.4832 1.4131 1.37069 170.827
20.9 79.4327 1.42657 1.37704 170.813
21 79.3821 1.4401 1.38339 170.8
21.1 79.3316 1.45369 1.38973 170.786
21.2 79.2811 1.46735 1.39608 170.773
21.3 79.2305 1.48106 1.40241 170.759
21.4 79.18 1.49484 1.40875 170.745
21.5 79.1295 1.50868 1.41508 170.731
21.6 79.0789 1.52258 1.42141 170.717
21.7 79.0284 1.53654 1.42773 170.703
21.8 78.9779 1.55056 1.43405 170.689
21.9 78.9273 1.56464 1.44037 170.675
22 78.8768 1.57879 1.44668 170.661
22.1 78.8263 1.593 1.45299 170.647
22.2 78.7757 1.60726 1.4593 170.633
22.3 78.7252 1.62159 1.4656 170.618
22.4 78.6747 1.63598 1.4719 170.604
22.5 78.6242 1.65043 1.47819 170.589
22.6 78.5736 1.66494 1.48448 170.575
22.7001 78.5231 1.67952 1.49077 170.56
22.8001 78.4726 1.69415 1.49705 170.546
22.9001 78.422 1.70885 1.50333 170.531
23.0001 78.3715 1.7236 1.50961 170.516
23.1001 78.321 1.73842 1.51588 170.501
23.2001 78.2705 1.7533 1.52215 170.487
23.3001 78.2199 1.76823 1.52842 170.472
23.4001 78.1694 1.78323 1.53468 170.457
23.5001 78.1189 1.79829 1.54093 170.442
23.6001 78.0683 1.81341 1.54719 170.426
23.7001 78.0178 1.82859 1.55344 170.411
23.8001 77.9673 1.84383 1.55968 170.396
23.9001 77.9168 1.85913 1.56593 170.381
24.0001 77.8663 1.87449 1.57216 170.365
24.1001 77.8157 1.88992 1.5784 170.35
24.2001 77.7652 1.9054 1.58463 170.334
24.3001 77.7147 1.92094 1.59085 170.319
24.4001 77.6642 1.93654 1.59708 170.303
24.5001 77.6136 1.95221 1.60329 170.288
24.6001 77.5631 1.96793 1.60951 170.272
24.7001 77.5126 1.98371 1.61572 170.256
24.8001 77.4621 1.99956 1.62193 170.24
24.9001 77.4116 2.01546 1.62813 170.224
25.0001 77.361 2.03142 1.63433 170.208
25.1001 77.3105 2.04744 1.64052 170.192
25.2001 77.26 2.06353 1.64671 170.176
25.3001 77.2095 2.07967 1.6529 170.16
25.4001 77.159 2.09587 1.65908 170.144
25.5001 77.1084 2.11213 1.66525 170.128
25.6001 77.0579 2.12845 1.67143 170.111
25.7001 77.0074 2.14483 1.6776 170.095
25.8001 76.9569 2.16127 1.68376 170.079
25.9001 76.9064 2.17777 1.68992 170.062
26.0001 76.8559 2.19433 1.69608 170.046
26.1001 76.8053 2.21095 1.70223 170.029
26.2001 76.7548 2.22763 1.70838 170.012
26.3001 76.7043 2.24437 1.71452 169.996
26.4001 76.6538 2.26116 1.72066 169.979
26.5001 76.6033 2.27802 1.7268 169.962
26.6001 76.5528 2.29493 1.73293 169.945
26.7001 76.5023 2.31191 1.73906 169.928
26.8001 76.4518 2.32894 1.74518 169.911
26.9001 76.4012 2.34603 1.75129 169.894
27.0001 76.3507 2.36318 1.75741 169.877
27.1001 76.3002 2.38039 1.76352 169.859
27.2001 76.2497 2.39766 1.76962 169.842
27.3001 76.1992 2.41499 1.77572 169.825
27.4001 76.1487 2.43237 1.78182 169.808
27.5001 76.0982 2.44982 1.78791 169.79
27.6001 76.0477 2.46732 1.794 169.773
27.7001 75.9972 2.48488 1.80008 169.755
27.8001 75.9467 2.5025 1.80616 169.737
27.9001 75.8962 2.52018 1.81223 169.72
28.0001 75.8456 2.53791 1.8183 169.702
28.1001 75.7951 2.55571 1.82436 169.684
28.2001 75.7446 2.57356 1.83042 169.666
28.3001 75.6941 2.59147 1.83648 169.648
28.4001 75.6436 2.60944 1.84253 169.63
28.5001 75.5931 2.62747 1.84857 169.612
28.6001 75.5426 2.64556 1.85461 169.594
28.7001 75.4921 2.6637 1.86065 169.576
28.8001 75.4416 2.6819 1.86668 169.558
28.9001 75.3911 2.70016 1.87271 169.54
29.0001 75.3406 2.71848 1.87873 169.521
29.1001 75.2901 2.73685 1.88475 169.503
29.2001 75.2396 2.75529 1.89076 169.485
29.3001 75.1891 2.77378 1.89677 169.466
29.4001 75.1386 2.79232 1.90277 169.448
29.5001 75.0881 2.81093 1.90877 169.429
29.6001 75.0376 2.82959 1.91476 169.41
29.7001 74.9871 2.84831 1.92075 169.392
29.8001 74.9366 2.86709 1.92674 169.373
29.9001 74.8861 2.88593 1.93272 169.354
30.0001 74.8356 2.90482 1.93869 169.335
30.1001 74.7851 2.92377 1.94466 169.316
30.2001 74.7346 2.94278 1.95063 169.297
30.3001 74.6841 2.96184 1.95659 169.278
30.4001 74.6336 2.98096 1.96254 169.259
30.5001 74.5831 3.00014 1.96849 169.24
30.6001 74.5327 3.01937 1.97443 169.221
30.7001 74.4822 3.03866 1.98037 169.201
30.8001 74.4317 3.05801 1.98631 169.182
30.9001 74.3812 3.07742 1.99224 169.162
31.0001 74.3307 3.09688 1.99816 169.143
31.1001 74.2802 3.1164 2.00408 169.123
31.2001 74.2297 3.13597 2.01 169.104
31.3001 74.1792 3.1556 2.01591 169.084
31.4001 74.1287 3.17529 2.02181 169.065
31.5001 74.0782 3.19504 2.02771 169.045
31.6001 74.0277 3.21484 2.03361 169.025
31.7001 73.9773 3.23469 2.0395 169.005
31.8001 73.9268 3.25461 2.04538 168.985
31.9001 73.8763 3.27458 2.05126 168.965
32.0001 73.8258 3.2946 2.05713 168.945
32.1001 73.7753 3.31468 2.063 168.925
32.2001 73.7248 3.33482 2.06887 168.905
32.3001 73.6744 3.35501 2.07472 168.885
32.4001 73.6239 3.37526 2.08058 168.865
32.5001 73.5734 3.39556 2.08642 168.844
32.6001 73.5229 3.41592 2.09227 168.824
32.7001 73.4724 3.43634 2.0981 168.804
32.8001 73.4219 3.45681 2.10393 168.783
32.9001 73.3715 3.47734 2.10976 168.763
33.0001 73.321 3.49792 2.11558 168.742
33.1001 73.2705 3.51856 2.1214 168.721
33.2001 73.22 3.53925 2.12721 168.701
33.3001 73.1695 3.56 2.13301 168.68
33.4001 73.1191 3.5808 2.13881 168.659
33.5001 73.0686 3.60166 2.14461 168.638
33.6001 73.0181 3.62257 2.1504 168.617
33.7001 72.9676 3.64354 2.15618 168.596
33.8001 72.9172 3.66457 2.16196 168.575
33.9001 72.8667 3.68564 2.16773 168.554
34.0001 72.8162 3.70678 2.1735 168.533
34.1001 72.7657 3.72797 2.17926 168.512
34.2001 72.7153 3.74921 2.18501 168.491
34.3 72.6648 3.7705 2.19076 168.469
34.4 72.6143 3.79186 2.19651 168.448
34.5 72.5639 3.81326 2.20225 168.427
34.6 72.5134 3.83472 2.20798 168.405
34.7 72.4629 3.85624 2.21371 168.384
34.8 72.4124 3.87781 2.21943 168.362
34.9 72.362 3.89943 2.22515 168.34
35 72.3115 3.92111 2.23086 168.319
35.1 72.261 3.94284 2.23656 168.297
35.2 72.2106 3.96463 2.24226 168.275
35.3 72.1601 3.98647 2.24796 168.253
35.4 72.1096 4.00836 2.25364 168.232
35.5 72.0592 4.03031 2.25933 168.21
35.6 72.0087 4.05231 2.265 168.188
35.7 71.9582 4.07437 2.27067 168.166
35.8 71.9078 4.09647 2.27634 168.143
35.9 71.8573 4.11864 2.282 168.121
36 71.8069 4.14085 2.28765 168.099
36.1 71.7564 4.16312 2.2933 168.077
36.2 71.7059 4.18544 2.29894 168.054
36.3 71.6555 4.20782 2.30458 168.032
36.4 71.605 4.23025 2.31021 168.01
36.5 71.5546 4.25273 2.31583 167.987
36.6 71.5041 4.27527 2.32145 167.965
36.7 71.4536 4.29786 2.32706 167.942
36.8 71.4032 4.3205 2.33267 167.919
36.9 71.3527 4.34319 2.33827 167.897
37 71.3023 4.36594 2.34387 167.874
37.1 71.2518 4.38874 2.34946 167.851
37.2 71.2014 4.41159 2.35504 167.828
37.3 71.1509 4.4345 2.36061 167.805
37.4 71.1005 4.45745 2.36619 167.782
37.5 71.05 4.48046 2.37175 167.759
37.6 70.9995 4.50353 2.37731 167.736
37.7 70.9491 4.52664 2.38286 167.713
37.8 70.8986 4.54981 2.38841 167.69
37.9 70.8482 4.57303 2.39395 167.667
38 70.7977 4.5963 2.39948 167.644
38.1 70.7473 4.61962 2.40501 167.62
38.2 70.6968 4.643 2.41053 167.597
38.3 70.6464 4.66642 2.41605 167.573
38.4 70.5959 4.6899 2.42156 167.55
38.5 70.5455 4.71343 2.42706 167.526
38.6 70.4951 4.73702 2.43256 167.503
38.7 70.4446 4.76065 2.43805 167.479
38.8 70.3942 4.78434 2.44353 167.456
38.9 70.3437 4.80807 2.44901 167.432
39 70.2933 4.83186 2.45449 167.408
39.1 70.2428 4.8557 2.45995 167.384
39.2 70.1924 4.87959 2.46541 167.36
39.3 70.1419 4.90354 2.47086 167.336
39.4 70.0915 4.92753 2.47631 167.312
39.5 70.0411 4.95157 2.48175 167.288
39.6 69.9906 4.97567 2.48719 167.264
39.7 69.9402 4.99981 2.49261 167.24
39.8 69.8897 5.02401 2.49804 167.216
39.9 69.8393 5.04826 2.50345 167.192
40 69.7889 5.07256 2.50886 167.167
40.1 69.7384 5.09691 2.51426 167.143
40.2 69.688 5.12131 2.51966 167.119
40.3 69.6376 5.14576 2.52505 167.094
40.4 69.5871 5.17026 2.53043 167.07
40.5 69.5367 5.19481 2.53581 167.045
40.6 69.4863 5.21941 2.54118 167.02
40.7 69.4358 5.24406 2.54654 166.996
40.7999 69.3854 5.26876 2.5519 166.971
40.8999 69.335 5.29351 2.55725 166.946
40.9999 69.2845 5.31831 2.56259 166.922
41.0999 69.2341 5.34317 2.56793 166.897
41.1999 69.1837 5.36807 2.57326 166.872
41.2999 69.1332 5.39302 2.57858 166.847
41.3999 69.0828 5.41802 2.5839 166.822
41.4999 69.0324 5.44307 2.58921 166.797
41.5999 68.982 5.46816 2.59451 166.772
41.6999 68.9315 5.49331 2.59981 166.747
41.7999 68.8811 5.51851 2.6051 166.721
41.8999 68.8307 5.54376 2.61038 166.696
41.9999 68.7803 5.56905 2.61566 166.671
42.0999 68.7298 5.5944 2.62093 166.645
42.1999 68.6794 5.61979 2.6262 166.62
42.2999 68.629 5.64524 2.63145 166.595
42.3999 68.5786 5.67073 2.6367 166.569
42.4999 68.5282 5.69627 2.64195 166.544
42.5999 68.4777 5.72186 2.64718 166.518
42.6999 68.4273 5.7475 2.65241 166.492
42.7999 68.3769 5.77318 2.65763 166.467
42.8999 68.3265 5.79892 2.66285 166.441
42.9999 68.2761 5.8247 2.66806 166.415
43.0999 68.2256 5.85053 2.67326 166.389
43.1999 68.1752 5.87641 2.67846 166.363
43.2999 68.1248 5.90234 2.68365 166.338
43.3999 68.0744 5.92832 2.68883 166.312
43.4999 68.024 5.95434 2.694 166.286
43.5999 67.9736 5.98041 2.69917 166.259
43.6999 67.9232 6.00653 2.70433 166.233
43.7999 67.8727 6.0327 2.70948 166.207
43.8999 67.8223 6.05892 2.71463 166.181
43.9999 67.7719 6.08518 2.71977 166.155
44.0999 67.7215 6.11149 2.7249 166.128
44.1999 67.6711 6.13785 2.73003 166.102
44.2999 67.6207 6.16425 2.73514 166.076
44.3999 67.5703 6.19071 2.74025 166.049
44.4999 67.5199 6.21721 2.74536 166.023
44.5999 67.4695 6.24375 2.75046 165.996
44.6999 67.4191 6.27035 2.75555 165.97
44.7999 67.3687 6.29699 2.76063 165.943
44.8999 67.3183 6.32367 2.7657 165.916
44.9999 67.2679 6.35041 2.77077 165.889
45.0999 67.2175 6.37719 2.77583 165.863
45.1999 67.1671 6.40402 2.78089 165.836
45.2999 67.1167 6.43089 2.78593 165.809
45.3999 67.0663 6.45781 2.79097 165.782
45.4999 67.0159 6.48478 2.796 165.755
45.5999 66.9655 6.51179 2.80103 165.728
45.6999 66.9151 6.53885 2.80605 165.701
45.7999 66.8647 6.56596 2.81106 165.674
45.8999 66.8143 6.59311 2.81606 165.647
45.9999 66.7639 6.62031 2.82106 165.62
46.0999 66.7135 6.64755 2.82604 165.592
46.1999 66.6631 6.67484 2.83103 165.565
46.2999 66.6127 6.70218 2.836 165.538
46.3999 66.5623 6.72956 2.84097 165.51
46.4999 66.5119 6.75698 2.84592 165.483
46.5999 66.4615 6.78445 2.85088 165.455
46.6999 66.4111 6.81197 2.85582 165.428
46.7999 66.3607 6.83953 2.86076 165.4
46.8999 66.3103 6.86714 2.86569 165.373
46.9999 66.2599 6.89479 2.87061 165.345
47.0999 66.2096 6.92249 2.87552 165.317
47.1999 66.1592 6.95023 2.88043 165.29
47.2999 66.1088 6.97802 2.88533 165.262
47.3998 66.0584 7.00585 2.89022 165.234
47.4998 66.008 7.03373 2.8951 165.206
47.5998 65.9576 7.06165 2.89998 165.178
47.6998 65.9072 7.08962 2.90485 165.15
47.7998 65.8569 7.11763 2.90971 165.122
47.8998 65.8065 7.14569 2.91456 165.094
47.9998 65.7561 7.17378 2.91941 165.066
48.0998 65.7057 7.20193 2.92425 165.038
48.1998 65.6553 7.23012 2.92908 165.01
48.2998 65.605 7.25835 2.9339 164.982
48.3998 65.5546 7.28662 2.93872 164.953
48.4998 65.5042 7.31494 2.94352 164.925
48.5998 65.4538 7.34331 2.94832 164.897
48.6998 65.4035 7.37171 2.95312 164.868
48.7998 65.3531 7.40016 2.9579 164.84
48.8998 65.3027 7.42866 2.96268 164.811
48.9998 65.2523 7.45719 2.96745 164.783
49.0998 65.202 7.48578 2.97221 164.754
49.1998 65.1516 7.5144 2.97696 164.725
49.2998 65.1012 7.54307 2.98171 164.697
49.3998 65.0508 7.57178 2.98645 164.668
49.4998 65.0005 7.60053 2.99118 164.639
49.5998 64.9501 7.62933 2.9959 164.611
49.6998 64.8997 7.65816 3.00061 164.582
49.7998 64.8494 7.68705 3.00532 164.553
49.8998 64.799 7.71597 3.01002 164.524
49.9998 64.7486 7.74494 3.01471 164.495
50.0998 64.6983 7.77395 3.01939 164.466
50.1998 64.6479 7.803 3.02406 164.437
50.2998 64.5975 7.83209 3.02873 164.408
50.3998 64.5472 7.86123 3.03339 164.379
50.4998 64.4968 7.89041 3.03804 164.349
50.5998 64.4465 7.91963 3.04268 164.32
50.6998 64.3961 7.94889 3.04732 164.291
50.7998 64.3457 7.97819 3.05195 164.262
50.8998 64.2954 8.00754 3.05656 164.232
50.9998 64.245 8.03692 3.06117 164.203
51.0998 64.1947 8.06635 3.06578 164.174
51.1998 64.1443 8.09582 3.07037 164.144
51.2998 64.094 8.12534 3.07496 164.115
51.3998 64.0436 8.15489 3.07954 164.085
51.4998 63.9932 8.18448 3.08411 164.055
51.5998 63.9429 8.21412 3.08867 164.026
51.6998 63.8925 8.24379 3.09322 163.996
51.7998 63.8422 8.27351 3.09777 163.966
51.8998 63.7918 8.30327 3.10231 163.937
51.9998 63.7415 8.33307 3.10684 163.907
52.0998 63.6911 8.36291 3.11136 163.877
52.1998 63.6408 8.39279 3.11587 163.847
52.2998 63.5904 8.42271 3.12037 163.817
52.3998 63.5401 8.45267 3.12487 163.787
52.4998 63.4897 8.48267 3.12936 163.757
52.5998 63.4394 8.51271 3.13384 163.727
52.6998 63.3891 8.54279 3.13831 163.697
52.7998 63.3387 8.57292 3.14277 163.667
52.8998 63.2884 8.60308 3.14723 163.637
52.9998 63.238 8.63328 3.15168 163.607
53.0998 63.1877 8.66352 3.15611 163.576
53.1998 63.1373 8.6938 3.16054 163.546
53.2998 63.087 8.72412 3.16497 163.516
53.3998 63.0367 8.75448 3.16938 163.485
53.4998 62.9863 8.78488 3.17378 163.455
53.5998 62.936 8.81532 3.17818 163.425
53.6998 62.8857 8.8458 3.18257 163.394
53.7998 62.8353 8.87631 3.18695 163.364
53.8997 62.785 8.90687 3.19132 163.333
53.9997 62.7346 8.93746 3.19568 163.302
54.0997 62.6843 8.9681 3.20003 163.272
54.1997 62.634 8.99877 3.20438 163.241
54.2997 62.5836 9.02948 3.20872 163.21
54.3997 62.5333 9.06023 3.21304 163.18
54.4997 62.483 9.09102 3.21736 163.149
54.5997 62.4327 9.12184 3.22168 163.118
54.6997 62.3823 9.15271 3.22598 163.087
54.7997 62.332 9.18361 3.23027 163.056
54.8997 62.2817 9.21455 3.23456 163.025
54.9997 62.2313 9.24553 3.23883 162.994
55.0997 62.181 9.27655 3.2431 162.963
55.1997 62.1307 9.3076 3.24736 162.932
55.2997 62.0804 9.33869 3.25161 162.901
55.3997 62.0301 9.36982 3.25586 162.87
55.4997 61.9797 9.40099 3.26009 162.839
55.5997 61.9294 9.43219 3.26431 162.808
55.6997 61.8791 9.46344 3.26853 162.776
55.7997 61.8288 9.49471 3.27274 162.745
55.8997 61.7785 9.52603 3.27694 162.714
55.9997 61.7281 9.55738 3.28113 162.682
56.0997 61.6778 9.58877 3.28531 162.651
56.1997 61.6275 9.6202 3.28948 162.62
56.2997 61.5772 9.65166 3.29364 162.588
56.3997 61.5269 9.68317 3.2978 162.557
56.4997 61.4766 9.7147 3.30194 162.525
56.5997 61.4262 9.74628 3.30608 162.494
56.6997 61.3759 9.77789 3.31021 162.462
56.7997 61.3256 9.80953 3.31433 162.43
56.8997 61.2753 9.84121 3.31844 162.399
56.9997 61.225 9.87293 3.32254 162.367
57.0997 61.1747 9.90469 3.32663 162.335
57.1997 61.1244 9.93648 3.33072 162.303
57.2997 61.0741 9.9683 3.33479 162.272
57.3997 61.0238 10.0002 3.33886 162.24
57.4997 60.9735 10.0321 3.34292 162.208
57.5997 60.9232 10.064 3.34696 162.176
57.6997 60.8729 10.096 3.351 162.144
57.7997 60.8226 10.128 3.35503 162.112
57.8997 60.7723 10.16 3.35905 162.08
57.9997 60.722 10.1921 3.36307 162.048
58.0997 60.6717 10.2242 3.36707 162.016
58.1997 60.6214 10.2563 3.37106 161.984
58.2997 60.5711 10.2885 3.37505 161.951
58.3997 60.5208 10.3207 3.37902 161.919
58.4997 60.4705 10.353 3.38299 161.887
58.5997 60.4202 10.3852 3.38695 161.855
58.6997 60.3699 10.4176 3.3909 161.822
58.7997 60.3196 10.4499 3.39483 161.79
58.8997 60.2693 10.4823 3.39876 161.758
58.9997 60.219 10.5147 3.40269 161.725
59.0997 60.1687 10.5472 3.4066 161.693
59.1997 60.1184 10.5797 3.4105 161.66
59.2997 60.0681 10.6122 3.41439 161.628
59.3997 60.0178 10.6447 3.41828 161.595
59.4997 59.9676 10.6773 3.42215 161.563
59.5997 59.9173 10.7099 3.42602 161.53
59.6997 59.867 10.7426 3.42987 161.497
59.7997 59.8167 10.7753 3.43372 161.465
59.8997 59.7664 10.808 3.43756 161.432
59.9997 59.7161 10.8408 3.44139 161.399
60.0997 59.6658 10.8736 3.44521 161.366
60.1997 59.6156 10.9064 3.44902 161.334
60.2997 59.5653 10.9392 3.45282 161.301
60.3997 59.515 10.9721 3.45661 161.268
60.4996 59.4647 11.005 3.46039 161.235
60.5996 59.4144 11.038 3.46416 161.202
60.6996 59.3642 11.071 3.46793 161.169
60.7996 59.3139 11.104 3.47168 161.136
60.8996 59.2636 11.137 3.47542 161.103
60.9996 59.2133 11.1701 3.47916 161.07
61.0996 59.1631 11.2032 3.48288 161.037
61.1996 59.1128 11.2364 3.4866 161.004
61.2996 59.0625 11.2695 3.49031 160.97
61.3996 59.0123 11.3028 3.494 160.937
61.4996 58.962 11.336 3.49769 160.904
61.5996 58.9117 11.3693 3.50137 160.871
61.6996 58.8614 11.4026 3.50504 160.837
61.7996 58.8112 11.4359 3.5087 160.804
61.8996 58.7609 11.4693 3.51235 160.771
61.9996 58.7106 11.5027 3.51599 160.737
62.0996 58.6604 11.5361 3.51962 160.704
62.1996 58.6101 11.5695 3.52324 160.67
62.2996 58.5599 11.603 3.52685 160.637
62.3996 58.5096 11.6366 3.53045 160.603
62.4996 58.4593 11.6701 3.53404 160.57
62.5996 58.4091 11.7037 3.53762 160.536
62.6996 58.3588 11.7373 3.5412 160.503
62.7996 58.3085 11.7709 3.54476 160.469
62.8996 58.2583 11.8046 3.54831 160.435
62.9996 58.208 11.8383 3.55186 160.402
63.0996 58.1578 11.872 3.55539 160.368
63.1996 58.1075 11.9058 3.55891 160.334
63.2996 58.0573 11.9396 3.56243 160.3
63.3996 58.007 11.9734 3.56593 160.266
63.4996 57.9568 12.0073 3.56943 160.233
63.5996 57.9065 12.0412 3.57291 160.199
63.6996 57.8563 12.0751 3.57639 160.165
63.7996 57.806 12.109 3.57985 160.131
63.8996 57.7558 12.143 3.58331 160.097
63.9996 57.7055 12.177 3.58676 160.063
64.0996 57.6553 12.211 3.59019 160.029
64.1996 57.605 12.245 3.59362 159.995
64.2996 57.5548 12.2791 3.59704 159.961
64.3996 57.5045 12.3132 3.60044 159.927
64.4996 57.4543 12.3474 3.60384 159.892
64.5996 57.404 12.3815 3.60723 159.858
64.6996 57.3538 12.4157 3.6106 159.824
64.7996 57.3036 12.45 3.61397 159.79
64.8996 57.2533 12.4842 3.61733 159.756
64.9996 57.2031 12.5185 3.62067 159.721
65.0996 57.1528 12.5528 3.62401 159.687
65.1996 57.1026 12.5872 3.62734 159.653
65.2996 57.0524 12.6215 3.63066 159.618
65.3996 57.0021 12.6559 3.63396 159.584
65.4996 56.9519 12.6903 3.63726 159.55
65.5996 56.9017 12.7248 3.64055 159.515
65.6996 56.8514 12.7593 3.64383 159.481
65.7996 56.8012 12.7938 3.64709 159.446
65.8996 56.751 12.8283 3.65035 159.412
65.9996 56.7007 12.8628 3.6536 159.377
66.0996 56.6505 12.8974 3.65684 159.342
66.1996 56.6003 12.932 3.66006 159.308
66.2996 56.5501 12.9667 3.66328 159.273
66.3996 56.4998 13.0013 3.66649 159.239
66.4996 56.4496 13.036 3.66968 159.204
66.5996 56.3994 13.0707 3.67287 159.169
66.6996 56.3492 13.1055 3.67605 159.134
66.7996 56.2989 13.1402 3.67921 159.1
66.8996 56.2487 13.175 3.68237 159.065
66.9995 56.1985 13.2099 3.68551 159.03
67.0995 56.1483 13.2447 3.68865 158.995
67.1995 56.0981 13.2796 3.69178 158.96
67.2995 56.0478 13.3145 3.69489 158.925
67.3995 55.9976 13.3494 3.698 158.89
67.4995 55.9474 13.3843 3.70109 158.856
67.5995 55.8972 13.4193 3.70418 158.821
67.6995 55.847 13.4543 3.70725 158.786
67.7995 55.7968 13.4893 3.71031 158.751
67.8995 55.7466 13.5244 3.71337 158.715
67.9995 55.6963 13.5595 3.71641 158.68
68.0995 55.6461 13.5946 3.71944 158.645
68.1995 55.5959 13.6297 3.72247 158.61
68.2995 55.5457 13.6648 3.72548 158.575
68.3995 55.4955 13.7 3.72848 158.54
68.4995 55.4453 13.7352 3.73147 158.505
68.5995 55.3951 13.7704 3.73445 158.469
68.6995 55.3449 13.8057 3.73743 158.434
68.7995 55.2947 13.8409 3.74039 158.399
68.8995 55.2445 13.8762 3.74334 158.364
68.9995 55.1943 13.9115 3.74628 158.328
69.0995 55.1441 13.9469 3.74921 158.293
69.1995 55.0939 13.9822 3.75212 158.258
69.2995 55.0437 14.0176 3.75503 158.222
69.3995 54.9935 14.053 3.75793 158.187
69.4995 54.9433 14.0885 3.76082 158.151
69.5995 54.8931 14.1239 3.7637 158.116
69.6995 54.8429 14.1594 3.76656 158.08
69.7995 54.7927 14.1949 3.76942 158.045
69.8995 54.7425 14.2304 3.77226 158.009
69.9995 54.6923 14.266 3.7751 157.974
70.0995 54.6421 14.3016 3.77792 157.938
70.1995 54.5919 14.3371 3.78074 157.903
70.2995 54.5417 14.3728 3.78354 157.867
70.3995 54.4916 14.4084 3.78633 157.831
70.4995 54.4414 14.4441 3.78911 157.796
70.5995 54.3912 14.4797 3.79189 157.76
70.6995 54.341 14.5154 3.79465 157.724
70.7995 54.2908 14.5512 3.7974 157.689
70.8995 54.2406 14.5869 3.80014 157.653
70.9995 54.1904 14.6227 3.80287 157.617
71.0995 54.1403 14.6585 3.80558 157.581
71.1995 54.0901 14.6943 3.80829 157.546
71.2995 54.0399 14.7301 3.81099 157.51
71.3995 53.9897 14.766 3.81367 157.474
71.4995 53.9395 14.8018 3.81635 157.438
71.5995 53.8894 14.8377 3.81902 157.402
71.6995 53.8392 14.8737 3.82167 157.366
71.7995 53.789 14.9096 3.82431 157.33
71.8995 53.7388 14.9456 3.82695 157.294
71.9995 53.6887 14.9815 3.82957 157.258
72.0995 53.6385 15.0175 3.83218 157.222
72.1995 53.5883 15.0536 3.83478 157.186
72.2995 53.5382 15.0896 3.83737 157.15
72.3995 53.488 15.1257 3.83995 157.114
72.4995 53.4378 15.1617 3.84251 157.078
72.5995 53.3876 15.1978 3.84507 157.042
72.6995 53.3375 15.234 3.84762 157.006
72.7995 53.2873 15.2701 3.85015 156.97
72.8995 53.2372 15.3063 3.85268 156.934
72.9995 53.187 15.3424 3.85519 156.897
73.0995 53.1368 15.3786 3.85769 156.861
73.1995 53.0867 15.4148 3.86019 156.825
73.2995 53.0365 15.4511 3.86267 156.789
73.3995 52.9863 15.4873 3.86514 156.753
73.4995 52.9362 15.5236 3.8676 156.716
73.5994 52.886 15.5599 3.87004 156.68
73.6994 52.8359 15.5962 3.87248 156.644
73.7994 52.7857 15.6325 3.87491 156.607
73.8994 52.7356 15.6689 3.87732 156.571
73.9994 52.6854 15.7053 3.87973 156.535
74.0994 52.6352 15.7416 3.88212 156.498
74.1994 52.5851 15.778 3.8845 156.462
74.2994 52.5349 15.8145 3.88687 156.425
74.3994 52.4848 15.8509 3.88924 156.389
74.4994 52.4346 15.8874 3.89158 156.353
74.5994 52.3845 15.9238 3.89392 156.316
74.6994 52.3343 15.9603 3.89625 156.28
74.7994 52.2842 15.9968 3.89857 156.243
74.8994 52.2341 16.0334 3.90087 156.207
74.9994 52.1839 16.0699 3.90317 156.17
75.0994 52.1338 16.1065 3.90545 156.133
75.1994 52.0836 16.143 3.90772 156.097
75.2994 52.0335 16.1796 3.90998 156.06
75.3994 51.9833 16.2162 3.91223 156.024
75.4994 51.9332 16.2529 3.91447 155.987
75.5994 51.8831 16.2895 3.9167 155.95
75.6994 51.8329 16.3262 3.91891 155.914
75.7994 51.7828 16.3628 3.92112 155.877
75.8994 51.7327 16.3995 3.92331 155.84
75.9994 51.6825 16.4362 3.92549 155.804
76.0994 51.6324 16.473 3.92766 155.767
76.1994 51.5823 16.5097 3.92982 155.73
76.2994 51.5321 16.5465 3.93197 155.693
76.3994 51.482 16.5832 3.93411 155.657
76.4994 51.4319 16.62 3.93624 155.62
76.5994 51.3817 16.6568 3.93835 155.583
76.6994 51.3316 16.6937 3.94046 155.546
76.7994 51.2815 16.7305 3.94255 155.509
76.8994 51.2313 16.7673 3.94463 155.473
76.9994 51.1812 16.8042 3.9467 155.436
77.0994 51.1311 16.8411 3.94876 155.399
77.1994 51.081 16.878 3.95081 155.362
77.2994 51.0309 16.9149 3.95284 155.325
77.3994 50.9807 16.9518 3.95487 155.288
77.4994 50.9306 16.9887 3.95688 155.251
77.5994 50.8805 17.0257 3.95888 155.214
77.6994 50.8304 17.0627 3.96087 155.177
77.7994 50.7803 17.0996 3.96285 155.14
77.8994 50.7301 17.1366 3.96482 155.103
77.9994 50.68 17.1736 3.96678 155.066
78.0994 50.6299 17.2107 3.96872 155.029
78.1994 50.5798 17.2477 3.97066 154.992
78.2994 50.5297 17.2847 3.97258 154.955
78.3994 50.4796 17.3218 3.97449 154.918
78.4994 50.4295 17.3589 3.97639 154.881
78.5994 50.3794 17.396 3.97828 154.844
78.6994 50.3292 17.4331 3.98016 154.807
78.7994 50.2791 17.4702 3.98202 154.77
78.8994 50.229 17.5073 3.98388 154.733
78.9994 50.1789 17.5444 3.98572 154.695
79.0994 50.1288 17.5816 3.98755 154.658
79.1994 50.0787 17.6188 3.98937 154.621
79.2994 50.0286 17.6559 3.99118 154.584
79.3994 49.9785 17.6931 3.99297 154.547
79.4994 49.9284 17.7303 3.99476 154.51
79.5994 49.8783 17.7675 3.99653 154.472
79.6994 49.8282 17.8048 3.99829 154.435
79.7994 49.7781 17.842 4.00004 154.398
79.8994 49.728 17.8793 4.00178 154.361
79.9994 49.6779 17.9165 4.00351 154.323
80.0993 49.6278 17.9538 4.00522 154.286
80.1993 49.5777 17.9911 4.00693 154.249
80.2993 49.5276 18.0284 4.00862 154.212
80.3993 49.4776 18.0657 4.0103 154.174
80.4993 49.4275 18.103 4.01197 154.137
80.5993 49.3774 18.1403 4.01363 154.1
80.6993 49.3273 18.1777 4.01527 154.062
80.7993 49.2772 18.215 4.01691 154.025
80.8993 49.2271 18.2524 4.01853 153.988
80.9993 49.177 18.2897 4.02014 153.95
81.0993 49.1269 18.3271 4.02174 153.913
81.1993 49.0769 18.3645 4.02332 153.875
81.2993 49.0268 18.4019 4.0249 153.838
81.3993 48.9767 18.4393 4.02646 153.801
81.4993 48.9266 18.4767 4.02802 153.763
81.5993 48.8765 18.5142 4.02956 153.726
81.6993 48.8264 18.5516 4.03109 153.688
81.7993 48.7764 18.5891 4.0326 153.651
81.8993 48.7263 18.6265 4.03411 153.613
81.9993 48.6762 18.664 4.0356 153.576
82.0993 48.6261 18.7015 4.03708 153.538
82.1993 48.5761 18.7389 4.03855 153.501
82.2993 48.526 18.7764 4.04001 153.463
82.3993 48.4759 18.8139 4.04146 153.426
82.4993 48.4258 18.8515 4.04289 153.388
82.5993 48.3758 18.889 4.04432 153.351
82.6993 48.3257 18.9265 4.04573 153.313
82.7993 48.2756 18.9641 4.04713 153.276
82.8993 48.2256 19.0016 4.04851 153.238
82.9993 48.1755 19.0392 4.04989 153.201
83.0993 48.1254 19.0767 4.05125 153.163
83.1993 48.0754 19.1143 4.0526 153.126
83.2993 48.0253 19.1519 4.05394 153.088
83.3993 47.9753 19.1895 4.05527 153.05
83.4993 47.9252 19.227 4.05659 153.013
83.5993 47.8751 19.2647 4.05789 152.975
83.6993 47.8251 19.3023 4.05918 152.938
83.7993 47.775 19.3399 4.06047 152.9
83.8993 47.725 19.3775 4.06173 152.862
83.9993 47.6749 19.4151 4.06299 152.825
84.0993 47.6248 19.4528 4.06423 152.787
84.1993 47.5748 19.4904 4.06547 152.749
84.2993 47.5247 19.5281 4.06669 152.712
84.3993 47.4747 19.5657 4.0679 152.674
84.4993 47.4246 19.6034 4.06909 152.636
84.5993 47.3746 19.6411 4.07028 152.599
84.6993 47.3245 19.6787 4.07145 152.561
84.7993 47.2745 19.7164 4.07261 152.523
84.8993 47.2244 19.7541 4.07376 152.486
84.9993 47.1744 19.7918 4.0749 152.448
85.0993 47.1243 19.8295 4.07602 152.41
85.1993 47.0743 19.8672 4.07714 152.373
85.2993 47.0243 19.9049 4.07824 152.335
85.3993 46.9742 19.9426 4.07933 152.297
85.4993 46.9242 19.9803 4.0804 152.26
85.5993 46.8741 20.0181 4.08147 152.222
85.6993 46.8241 20.0558 4.08252 152.184
85.7993 46.7741 20.0935 4.08356 152.146
85.8993 46.724 20.1313 4.08459 152.109
85.9993 46.674 20.169 4.08561 152.071
86.0993 46.624 20.2068 4.08661 152.033
86.1993 46.5739 20.2445 4.0876 151.995
86.2993 46.5239 20.2823 4.08858 151.958
86.3993 46.4739 20.3201 4.08955 151.92
86.4993 46.4238 20.3578 4.09051 151.882
86.5993 46.3738 20.3956 4.09145 151.844
86.6992 46.3238 20.4334 4.09238 151.806
86.7992 46.2737 20.4712 4.0933 151.769
86.8992 46.2237 20.5089 4.09421 151.731
86.9992 46.1737 20.5467 4.09511 151.693
87.0992 46.1237 20.5845 4.09599 151.655
87.1992 46.0736 20.6223 4.09686 151.618
87.2992 46.0236 20.6601 4.09772 151.58
87.3992 45.9736 20.6979 4.09857 151.542
87.4992 45.9236 20.7357 4.0994 151.504
87.5992 45.8735 20.7735 4.10022 151.466
87.6992 45.8235 20.8113 4.10103 151.429
87.7992 45.7735 20.8492 4.10183 151.391
87.8992 45.7235 20.887 4.10262 151.353
87.9992 45.6735 20.9248 4.10339 151.315
88.0992 45.6235 20.9626 4.10415 151.277
88.1992 45.5734 21.0004 4.1049 151.239
88.2992 45.5234 21.0382 4.10564 151.202
88.3992 45.4734 21.0761 4.10636 151.164
88.4992 45.4234 21.1139 4.10707 151.126
88.5992 45.3734 21.1517 4.10777 151.088
88.6992 45.3234 21.1896 4.10846 151.05
88.7992 45.2734 21.2274 4.10913 151.012
88.8992 45.2234 21.2652 4.1098 150.975
88.9992 45.1734 21.3031 4.11045 150.937
89.0992 45.1234 21.3409 4.11109 150.899
89.1992 45.0733 21.3787 4.11171 150.861
89.2992 45.0233 21.4166 4.11233 150.823
89.3992 44.9733 21.4544 4.11293 150.785
89.4992 44.9233 21.4923 4.11352 150.748
89.5992 44.8733 21.5301 4.11409 150.71
89.6992 44.8233 21.5679 4.11466 150.672
89.7992 44.7733 21.6058 4.11521 150.634
89.8992 44.7233 21.6436 4.11575 150.596
89.9992 44.6733 21.6815 4.11628 150.558
90.0992 44.6234 21.7193 4.11679 150.521
90.1992 44.5734 21.7571 4.1173 150.483
90.2992 44.5234 21.795 4.11779 150.445
90.3992 44.4734 21.8328 4.11826 150.407
90.4992 44.4234 21.8707 4.11873 150.369
90.5992 44.3734 21.9085 4.11918 150.331
90.6992 44.3234 21.9463 4.11962 150.294
90.7992 44.2734 21.9842 4.12005 150.256
90.8992 44.2234 22.022 4.12047 150.218
90.9992 44.1734 22.0598 4.12087 150.18
91.0992 44.1235 22.0977 4.12126 150.142
91.1992 44.0735 22.1355 4.12164 150.104
91.2992 44.0235 22.1733 4.12201 150.067
91.3992 43.9735 22.2112 4.12236 150.029
91.4992 43.9235 22.249 4.1227 149.991
91.5992 43.8735 22.2868 4.12303 149.953
91.6992 43.8236 22.3247 4.12335 149.915
91.7992 43.7736 22.3625 4.12365 149.877
91.8992 43.7236 22.4003 4.12394 149.84
91.9992 43.6736 22.4381 4.12422 149.802
92.0992 43.6237 22.4759 4.12449 149.764
92.1992 43.5737 22.5138 4.12474 149.726
92.2992 43.5237 22.5516 4.12498 149.688
92.3992 43.4737 22.5894 4.12521 149.65
92.4992 43.4238 22.6272 4.12543 149.613
92.5992 43.3738 22.665 4.12563 149.575
92.6992 43.3238 22.7028 4.12583 149.537
92.7992 43.2739 22.7406 4.126 149.499
92.8992 43.2239 22.7784 4.12617 149.461
92.9992 43.1739 22.8162 4.12632 149.424
93.0992 43.124 22.854 4.12647 149.386
93.1992 43.074 22.8917 4.1266 149.348
93.2991 43.024 22.9295 4.12671 149.31
93.3991 42.9741 22.9673 4.12682 149.273
93.4991 42.9241 23.0051 4.12691 149.235
93.5991 42.8741 23.0428 4.12699 149.197
93.6991 42.8242 23.0806 4.12705 149.159
93.7991 42.7742 23.1184 4.1271 149.122
93.8991 42.7243 23.1561 4.12715 149.084
93.9991 42.6743 23.1939 4.12717 149.046
94.0991 42.6244 23.2316 4.12719 149.008
94.1991 42.5744 23.2694 4.12719 148.971
94.2991 42.5244 23.3071 4.12718 148.933
94.3991 42.4745 23.3448 4.12716 148.895
94.4991 42.4245 23.3826 4.12713 148.857
94.5991 42.3746 23.4203 4.12708 148.82
94.6991 42.3246 23.458 4.12702 148.782
94.7991 42.2747 23.4957 4.12695 148.744
94.8991 42.2247 23.5334 4.12686 148.706
94.9991 42.1748 23.5711 4.12676 148.669
95.0991 42.1248 23.6088 4.12665 148.631
95.1991 42.0749 23.6465 4.12653 148.593
95.2991 42.025 23.6842 4.1264 148.556
95.3991 41.975 23.7219 4.12625 148.518
95.4991 41.9251 23.7595 4.12609 148.48
95.5991 41.8751 23.7972 4.12591 148.443
95.6991 41.8252 23.8348 4.12573 148.405
95.7991 41.7753 23.8725 4.12553 148.367
95.8991 41.7253 23.9101 4.12532 148.33
95.9991 41.6754 23.9478 4.12509 148.292
96.0991 41.6254 23.9854 4.12485 148.254
96.1991 41.5755 24.023 4.12461 148.217
96.2991 41.5256 24.0607 4.12434 148.179
96.3991 41.4756 24.0983 4.12407 148.142
96.4991 41.4257 24.1359 4.12378 148.104
96.5991 41.3758 24.1735 4.12348 148.066
96.6991 41.3259 24.211 4.12317 148.029
96.7991 41.2759 24.2486 4.12284 147.991
96.8991 41.226 24.2862 4.1225 147.954
96.9991 41.1761 24.3238 4.12215 147.916
97.0991 41.1261 24.3613 4.12179 147.879
97.1991 41.0762 24.3989 4.12141 147.841
97.2991 41.0263 24.4364 4.12102 147.803
97.3991 40.9764 24.4739 4.12062 147.766
97.4991 40.9264 24.5115 4.1202 147.728
97.5991 40.8765 24.549 4.11978 147.691
97.6991 40.8266 24.5865 4.11934 147.653
97.7991 40.7767 24.624 4.11888 147.616
97.8991 40.7268 24.6615 4.11842 147.578
97.9991 40.6769 24.6989 4.11794 147.541
98.0991 40.6269 24.7364 4.11745 147.503
98.1991 40.577 24.7739 4.11694 147.466
98.2991 40.5271 24.8113 4.11643 147.429
98.3991 40.4772 24.8487 4.1159 147.391
98.4991 40.4273 24.8862 4.11536 147.354
98.5991 40.3774 24.9236 4.1148 147.316
98.6991 40.3275 24.961 4.11423 147.279
98.7991 40.2775 24.9984 4.11365 147.241
98.8991 40.2276 25.0358 4.11306 147.204
98.9991 40.1777 25.0732 4.11245 147.167
99.0991 40.1278 25.1106 4.11183 147.129
99.1991 40.0779 25.1479 4.1112 147.092
99.2991 40.028 25.1853 4.11056 147.055
99.3991 39.9781 25.2226 4.1099 147.017
99.4991 39.9282 25.2599 4.10923 146.98
99.5991 39.8783 25.2972 4.10855 146.943
99.6991 39.8284 25.3345 4.10785 146.905
99.799 39.7785 25.3718 4.10714 146.868
99.899 39.7286 25.4091 4.10642 146.831
99.999 39.6787 25.4464 4.10569 146.793
100.099 39.6288 25.4837 4.10494 146.756
100.199 39.5789 25.5209 4.10418 146.719
100.299 39.529 25.5581 4.10341 146.682
100.399 39.4791 25.5954 4.10262 146.645
100.499 39.4292 25.6326 4.10182 146.607
100.599 39.3793 25.6698 4.10101 146.57
100.699 39.3295 25.707 4.10019 146.533
100.799 39.2796 25.7442 4.09935 146.496
100.899 39.2297 25.7813 4.0985 146.459
100.999 39.1798 25.8185 4.09764 146.421
101.099 39.1299 25.8556 4.09676 146.384
101.199 39.08 25.8927 4.09588 146.347
101.299 39.0301 25.9299 4.09498 146.31
101.399 38.9802 25.967 4.09406 146.273
101.499 38.9304 26.004 4.09314 146.236
101.599 38.8805 26.0411 4.0922 146.199
101.699 38.8306 26.0782 4.09124 146.162
101.799 38.7807 26.1152 4.09028 146.125
101.899 38.7308 26.1523 4.0893 146.088
101.999 38.681 26.1893 4.08831 146.051
102.099 38.6311 26.2263 4.08731 146.014
102.199 38.5812 26.2633 4.08629 145.977
102.299 38.5313 26.3003 4.08526 145.94
102.399 38.4815 26.3372 4.08422 145.903
102.499 38.4316 26.3742 4.08316 145.866
102.599 38.3817 26.4111 4.08209 145.829
102.699 38.3318 26.448 4.08101 145.792
102.799 38.282 26.485 4.07992 145.755
102.899 38.2321 26.5218 4.07881 145.718
102.999 38.1822 26.5587 4.07769 145.681
103.099 38.1324 26.5956 4.07656 145.644
103.199 38.0825 26.6324 4.07542 145.607
103.299 38.0326 26.6693 4.07426 145.571
103.399 37.9828 26.7061 4.07309 145.534
103.499 37.9329 26.7429 4.0719 145.497
103.599 37.883 26.7797 4.07071 145.46
103.699 37.8332 26.8165 4.0695 145.423
103.799 37.7833 26.8532 4.06827 145.387
103.899 37.7335 26.89 4.06704 145.35
103.999 37.6836 26.9267 4.06579 145.313
104.099 37.6337 26.9634 4.06453 145.276
104.199 37.5839 27.0001 4.06326 145.24
104.299 37.534 27.0368 4.06197 145.203
104.399 37.4842 27.0734 4.06067 145.166
104.499 37.4343 27.1101 4.05936 145.13
104.599 37.3845 27.1467 4.05803 145.093
104.699 37.3346 27.1833 4.05669 145.057
104.799 37.2848 27.2199 4.05534 145.02
104.899 37.2349 27.2565 4.05398 144.983
104.999 37.1851 27.293 4.0526 144.947
105.099 37.1352 27.3296 4.05121 144.91
105.199 37.0854 27.3661 4.04981 144.874
105.299 37.0355 27.4026 4.04839 144.837
105.399 36.9857 27.4391 4.04696 144.801
105.499 36.9358 27.4756 4.04552 144.764
105.599 36.886 27.512 4.04407 144.728
105.699 36.8362 27.5485 4.0426 144.691
105.799 36.7863 27.5849 4.04112 144.655
105.899 36.7365 27.6213 4.03963 144.619
105.999 36.6866 27.6577 4.03812 144.582
106.099 36.6368 27.694 4.0366 144.546
106.199 36.587 27.7304 4.03507 144.509
106.299 36.5371 27.7667 4.03352 144.473
106.399 36.4873 27.803 4.03197 144.437
106.499 36.4374 27.8393 4.0304 144.401
106.599 36.3876 27.8756 4.02881 144.364
106.699 36.3378 27.9119 4.02722 144.328
106.799 36.288 27.9481 4.02561 144.292
106.899 36.2381 27.9843 4.02398 144.256
106.999 36.1883 28.0205 4.02235 144.219
107.099 36.1385 28.0567 4.0207 144.183
107.199 36.0886 28.0928 4.01904 144.147
107.299 36.0388 28.129 4.01737 144.111
107.399 35.989 28.1651 4.01568 144.075
107.499 35.9392 28.2012 4.01398 144.039
107.599 35.8893 28.2373 4.01227 144.003
107.699 35.8395 28.2733 4.01054 143.967
107.799 35.7897 28.3094 4.00881 143.93
107.899 35.7399 28.3454 4.00705 143.894
107.999 35.69 28.3814 4.00529 143.858
108.099 35.6402 28.4174 4.00351 143.822
108.199 35.5904 28.4533 4.00172 143.787
108.299 35.5406 28.4893 3.99992 143.751
108.399 35.4908 28.5252 3.99811 143.715
108.499 35.441 28.5611 3.99628 143.679
108.599 35.3911 28.597 3.99444 143.643
108.699 35.3413 28.6328 3.99258 143.607
108.799 35.2915 28.6687 3.99072 143.571
108.899 35.2417 28.7045 3.98884 143.535
108.999 35.1919 28.7403 3.98694 143.5
109.099 35.1421 28.776 3.98504 143.464
109.199 35.0923 28.8118 3.98312 143.428
109.299 35.0425 28.8475 3.98119 143.392
109.399 34.9926 28.8832 3.97924 143.357
109.499 34.9428 28.9189 3.97729 143.321
109.599 34.893 28.9545 3.97532 143.285
109.699 34.8432 28.9902 3.97333 143.25
109.799 34.7934 29.0258 3.97134 143.214
109.899 34.7436 29.0614 3.96933 143.178
109.999 34.6938 29.097 3.96731 143.143
110.099 34.644 29.1325 3.96527 143.107
110.199 34.5942 29.168 3.96323 143.072
110.299 34.5444 29.2035 3.96117 143.036
110.399 34.4946 29.239 3.95909 143.001
110.499 34.4448 29.2745 3.95701 142.965
110.599 34.395 29.3099 3.95491 142.93
110.699 34.3452 29.3453 3.9528 142.895
110.799 34.2954 29.3807 3.95067 142.859
110.899 34.2456 29.4161 3.94854 142.824
110.999 34.1959 29.4514 3.94639 142.788
111.099 34.1461 29.4867 3.94422 142.753
111.199 34.0963 29.522 3.94205 142.718
111.299 34.0465 29.5573 3.93986 142.683
111.399 33.9967 29.5925 3.93766 142.647
111.499 33.9469 29.6278 3.93545 142.612
111.599 33.8971 29.6629 3.93322 142.577
111.699 33.8473 29.6981 3.93098 142.542
111.799 33.7975 29.7333 3.92873 142.507
111.899 33.7478 29.7684 3.92646 142.471
111.999 33.698 29.8035 3.92418 142.436
112.099 33.6482 29.8386 3.92189 142.401
112.199 33.5984 29.8736 3.91959 142.366
112.299 33.5486 29.9086 3.91727 142.331
112.399 33.4989 29.9436 3.91494 142.296
112.499 33.4491 29.9786 3.9126 142.261
112.599 33.3993 30.0136 3.91024 142.226
112.699 33.3495 30.0485 3.90788 142.191
112.799 33.2997 30.0834 3.9055 142.157
112.899 33.25 30.1182 3.9031 142.122
112.999 33.2002 30.1531 3.9007 142.087
113.099 33.1504 30.1879 3.89828 142.052
113.199 33.1006 30.2227 3.89585 142.017
113.299 33.0509 30.2575 3.8934 141.982
113.399 33.0011 30.2922 3.89094 141.948
113.499 32.9513 30.3269 3.88847 141.913
113.599 32.9016 30.3616 3.88599 141.878
113.699 32.8518 30.3963 3.8835 141.844
113.799 32.802 30.4309 3.88099 141.809
113.899 32.7523 30.4655 3.87847 141.774
113.999 32.7025 30.5001 3.87593 141.74
114.099 32.6527 30.5347 3.87338 141.705
114.199 32.603 30.5692 3.87083 141.671
114.299 32.5532 30.6037 3.86825 141.636
114.399 32.5034 30.6382 3.86567 141.602
114.499 32.4537 30.6726 3.86307 141.567
114.599 32.4039 30.7071 3.86046 141.533
114.699 32.3542 30.7414 3.85784 141.498
114.799 32.3044 30.7758 3.8552 141.464
114.899 32.2546 30.8101 3.85255 141.43
114.999 32.2049 30.8445 3.84989 141.395
115.099 32.1551 30.8787 3.84722 141.361
115.199 32.1054 30.913 3.84453 141.327
115.299 32.0556 30.9472 3.84183 141.293
115.399 32.0059 30.9814 3.83912 141.258
115.499 31.9561 31.0156 3.83639 141.224
115.599 31.9064 31.0497 3.83366 141.19
115.699 31.8566 31.0838 3.83091 141.156
115.799 31.8069 31.1179 3.82814 141.122
115.899 31.7571 31.152 3.82537 141.088
115.999 31.7074 31.186 3.82258 141.054
116.099 31.6576 31.22 3.81978 141.02
116.199 31.6079 31.254 3.81697 140.986
116.299 31.5581 31.2879 3.81414 140.952
116.399 31.5084 31.3218 3.8113 140.918
116.499 31.4587 31.3557 3.80845 140.884
116.599 31.4089 31.3896 3.80558 140.85
116.699 31.3592 31.4234 3.80271 140.817
116.799 31.3094 31.4572 3.79982 140.783
116.899 31.2597 31.4909 3.79692 140.749
116.999 31.21 31.5247 3.794 140.715
117.099 31.1602 31.5584 3.79107 140.682
117.199 31.1105 31.592 3.78813 140.648
117.299 31.0607 31.6257 3.78518 140.614
117.399 31.011 31.6593 3.78222 140.581
117.499 30.9613 31.6929 3.77924 140.547
117.599 30.9115 31.7264 3.77625 140.513
117.699 30.8618 31.7599 3.77325 140.48
117.799 30.8121 31.7934 3.77023 140.446
117.899 30.7623 31.8269 3.7672 140.413
117.999 30.7126 31.8603 3.76416 140.38
118.099 30.6629 31.8937 3.76111 140.346
118.199 30.6132 31.9271 3.75804 140.313
118.299 30.5634 31.9604 3.75496 140.279
118.399 30.5137 31.9937 3.75187 140.246
118.499 30.464 32.027 3.74877 140.213
118.599 30.4143 32.0602 3.74565 140.18
118.699 30.3645 32.0934 3.74252 140.146
118.799 30.3148 32.1266 3.73938 140.113
118.899 30.2651 32.1598 3.73623 140.08
118.999 30.2154 32.1929 3.73306 140.047
119.099 30.1656 32.226 3.72989 140.014
119.199 30.1159 32.259 3.72669 139.981
119.299 30.0662 32.292 3.72349 139.948
119.399 30.0165 32.325 3.72027 139.915
119.499 29.9668 32.358 3.71705 139.882
119.599 29.9171 32.3909 3.71381 139.849
119.699 29.8673 32.4238 3.71055 139.816
119.799 29.8176 32.4566 3.70729 139.783
119.899 29.7679 32.4894 3.70401 139.75
119.999 29.7182 32.5222 3.70072 139.718
120.099 29.6685 32.555 3.69741 139.685
120.199 29.6188 32.5877 3.6941 139.652
120.299 29.5691 32.6204 3.69077 139.619
120.399 29.5194 32.653 3.68743 139.587
120.499 29.4696 32.6857 3.68408 139.554
120.599 29.4199 32.7183 3.68071 139.522
120.699 29.3702 32.7508 3.67733 139.489
120.799 29.3205 32.7833 3.67394 139.457
120.899 29.2708 32.8158 3.67054 139.424
120.999 29.2211 32.8483 3.66712 139.392
121.099 29.1714 32.8807 3.6637 139.359
121.199 29.1217 32.9131 3.66026 139.327
121.299 29.072 32.9454 3.65681 139.294
121.399 29.0223 32.9777 3.65334 139.262
121.499 28.9726 33.01 3.64986 139.23
121.599 28.9229 33.0423 3.64637 139.198
121.699 28.8732 33.0745 3.64287 139.165
121.799 28.8235 33.1067 3.63936 139.133
121.899 28.7738 33.1388 3.63583 139.101
121.999 28.7241 33.1709 3.63229 139.069
122.099 28.6744 33.203 3.62874 139.037
122.199 28.6247 33.235 3.62518 139.005
122.299 28.575 33.267 3.62161 138.973
122.399 28.5253 33.299 3.61802 138.941
122.499 28.4757 33.3309 3.61442 138.909
122.599 28.426 33.3628 3.61081 138.877
122.699 28.3763 33.3947 3.60718 138.845
122.799 28.3266 33.4265 3.60355 138.813
122.899 28.2769 33.4583 3.5999 138.782
122.999 28.2272 33.4901 3.59624 138.75
123.099 28.1775 33.5218 3.59256 138.718
123.199 28.1278 33.5535 3.58888 138.686
123.299 28.0782 33.5851 3.58518 138.655
123.399 28.0285 33.6167 3.58147 138.623
123.499 27.9788 33.6483 3.57775 138.592
123.599 27.9291 33.6798 3.57401 138.56
123.699 27.8794 33.7113 3.57027 138.529
123.799 27.8297 33.7428 3.56651 138.497
123.899 27.7801 33.7742 3.56274 138.466
123.999 27.7304 33.8056 3.55895 138.434
124.099 27.6807 33.837 3.55516 138.403
124.199 27.631 33.8683 3.55135 138.372
124.299 27.5813 33.8996 3.54753 138.34
124.399 27.5317 33.9308 3.5437 138.309
124.499 27.482 33.962 3.53986 138.278
124.599 27.4323 33.9932 3.536 138.247
124.699 27.3826 34.0243 3.53213 138.216
124.799 27.333 34.0554 3.52826 138.184
124.899 27.2833 34.0865 3.52436 138.153
124.999 27.2336 34.1175 3.52046 138.122
125.099 27.184 34.1485 3.51654 138.091
125.199 27.1343 34.1794 3.51262 138.06
125.299 27.0846 34.2103 3.50868 138.03
125.399 27.035 34.2412 3.50472 137.999
125.499 26.9853 34.272 3.50076 137.968
125.599 26.9356 34.3028 3.49678 137.937
125.699 26.886 34.3335 3.4928 137.906
125.799 26.8363 34.3643 3.4888 137.876
125.899 26.7866 34.3949 3.48478 137.845
125.999 26.737 34.4256 3.48076 137.814
126.099 26.6873 34.4562 3.47672 137.784
126.199 26.6376 34.4867 3.47268 137.753
126.299 26.588 34.5172 3.46862 137.723
126.399 26.5383 34.5477 3.46455 137.692
126.499 26.4887 34.5781 3.46046 137.662
126.599 26.439 34.6085 3.45637 137.631
126.699 26.3893 34.6389 3.45226 137.601
126.799 26.3397 34.6692 3.44814 137.571
126.899 26.29 34.6995 3.44401 137.54
126.999 26.2404 34.7298 3.43987 137.51
127.099 26.1907 34.76 3.43571 137.48
127.199 26.1411 34.7901 3.43155 137.45
127.299 26.0914 34.8202 3.42737 137.42
127.399 26.0418 34.8503 3.42318 137.39
127.499 25.9921 34.8804 3.41897 137.36
127.599 25.9425 34.9104 3.41476 137.33
127.699 25.8928 34.9403 3.41053 137.3
127.799 25.8432 34.9702 3.4063 137.27
127.899 25.7935 35.0001 3.40205 137.24
127.999 25.7439 35.03 3.39779 137.21
128.099 25.6942 35.0598 3.39351 137.18
128.199 25.6446 35.0895 3.38923 137.15
128.299 25.5949 35.1192 3.38493 137.121
128.399 25.5453 35.1489 3.38063 137.091
128.499 25.4956 35.1786 3.37631 137.061
128.599 25.446 35.2082 3.37197 137.032
128.699 25.3963 35.2377 3.36763 137.002
128.799 25.3467 35.2672 3.36328 136.973
128.899 25.297 35.2967 3.35891 136.943
128.999 25.2474 35.3261 3.35453 136.914
129.099 25.1978 35.3555 3.35014 136.884
129.199 25.1481 35.3849 3.34574 136.855
129.299 25.0985 35.4142 3.34133 136.826
129.399 25.0488 35.4434 3.3369 136.796
129.499 24.9992 35.4727 3.33247 136.767
129.599 24.9496 35.5019 3.32802 136.738
129.699 24.8999 35.531 3.32356 136.709
129.799 24.8503 35.5601 3.31909 136.68
129.899 24.8006 35.5891 3.31461 136.651
129.999 24.751 35.6182 3.31011 136.622
130.099 24.7014 35.6471 3.30561 136.593
130.199 24.6517 35.6761 3.30109 136.564
130.299 24.6021 35.7049 3.29656 136.535
130.399 24.5525 35.7338 3.29202 136.506
130.499 24.5028 35.7626 3.28747 136.477
130.599 24.4532 35.7913 3.28291 136.449
130.699 24.4036 35.82 3.27833 136.42
130.799 24.3539 35.8487 3.27375 136.391
130.899 24.3043 35.8773 3.26915 136.363
130.999 24.2547 35.9059 3.26454 136.334
131.099 24.2051 35.9345 3.25992 136.305
131.199 24.1554 35.963 3.25529 136.277
131.299 24.1058 35.9914 3.25065 136.248
131.399 24.0562 36.0198 3.24599 136.22
131.499 24.0066 36.0482 3.24133 136.192
131.599 23.9569 36.0765 3.23665 136.163
131.699 23.9073 36.1048 3.23196 136.135
131.799 23.8577 36.133 3.22726 136.107
131.899 23.8081 36.1612 3.22255 136.079
131.999 23.7584 36.1894 3.21783 136.051
132.099 23.7088 36.2175 3.2131 136.022
132.199 23.6592 36.2455 3.20835 135.994
132.299 23.6096 36.2735 3.2036 135.966
132.399 23.56 36.3015 3.19883 135.938
132.499 23.5104 36.3294 3.19405 135.91
132.599 23.4607 36.3573 3.18926 135.883
132.699 23.4111 36.3851 3.18446 135.855
132.799 23.3615 36.4129 3.17965 135.827
132.899 23.3119 36.4407 3.17483 135.799
132.999 23.2623 36.4684 3.16999 135.771
133.099 23.2127 36.496 3.16515 135.744
133.199 23.163 36.5236 3.16029 135.716
133.299 23.1134 36.5512 3.15542 135.689
133.399 23.0638 36.5787 3.15055 135.661
133.499 23.0142 36.6062 3.14566 135.634
133.599 22.9646 36.6336 3.14076 135.606
133.699 22.915 36.661 3.13584 135.579
133.799 22.8654 36.6884 3.13092 135.552
133.899 22.8158 36.7156 3.12599 135.524
133.999 22.7662 36.7429 3.12104 135.497
134.099 22.7166 36.7701 3.11609 135.47
134.199 22.667 36.7972 3.11112 135.443
134.299 22.6174 36.8244 3.10614 135.416
134.399 22.5678 36.8514 3.10115 135.388
134.499 22.5182 36.8784 3.09616 135.361
134.599 22.4685 36.9054 3.09114 135.334
134.699 22.4189 36.9323 3.08612 135.308
134.799 22.3693 36.9592 3.08109 135.281
134.899 22.3197 36.986 3.07605 135.254
134.999 22.2701 37.0128 3.07099 135.227
135.099 22.2205 37.0396 3.06593 135.2
135.199 22.1709 37.0662 3.06085 135.174
135.299 22.1214 37.0929 3.05577 135.147
135.399 22.0718 37.1195 3.05067 135.12
135.499 22.0222 37.146 3.04556 135.094
135.599 21.9726 37.1725 3.04044 135.067
135.699 21.923 37.199 3.03531 135.041
135.799 21.8734 37.2254 3.03017 135.014
135.899 21.8238 37.2518 3.02502 134.988
135.999 21.7742 37.2781 3.01986 134.962
136.099 21.7246 37.3043 3.01469 134.936
136.199 21.675 37.3306 3.0095 134.909
136.299 21.6254 37.3567 3.00431 134.883
136.399 21.5758 37.3828 2.9991 134.857
136.499 21.5262 37.4089 2.99389 134.831
136.599 21.4766 37.4349 2.98866 134.805
136.699 21.4271 37.4609 2.98343 134.779
136.799 21.3775 37.4869 2.97818 134.753
136.899 21.3279 37.5127 2.97292 134.727
136.999 21.2783 37.5386 2.96765 134.701
137.099 21.2287 37.5644 2.96238 134.676
137.199 21.1791 37.5901 2.95709 134.65
137.299 21.1295 37.6158 2.95179 134.624
137.399 21.08 37.6414 2.94648 134.598
137.499 21.0304 37.667 2.94116 134.573
137.599 20.9808 37.6926 2.93582 134.547
137.699 20.9312 37.7181 2.93048 134.522
137.799 20.8816 37.7435 2.92513 134.496
137.899 20.832 37.7689 2.91977 134.471
137.999 20.7825 37.7942 2.91439 134.446
138.099 20.7329 37.8195 2.90901 134.42
138.199 20.6833 37.8448 2.90362 134.395
138.299 20.6337 37.87 2.89821 134.37
138.399 20.5842 37.8951 2.8928 134.345
138.499 20.5346 37.9202 2.88737 134.32
138.599 20.485 37.9453 2.88194 134.295
138.699 20.4354 37.9703 2.87649 134.27
138.799 20.3859 37.9953 2.87104 134.245
138.899 20.3363 38.0202 2.86557 134.22
138.999 20.2867 38.045 2.8601 134.195
139.099 20.2371 38.0698 2.85461 134.17
139.199 20.1876 38.0946 2.84911 134.145
139.299 20.138 38.1193 2.84361 134.121
139.399 20.0884 38.1439 2.83809 134.096
139.499 20.0389 38.1685 2.83256 134.071
139.599 19.9893 38.1931 2.82703 134.047
139.699 19.9397 38.2176 2.82148 134.022
139.799 19.8901 38.242 2.81592 133.998
139.899 19.8406 38.2664 2.81035 133.973
139.999 19.791 38.2908 2.80478 133.949
140.099 19.7414 38.3151 2.79919 133.925
140.199 19.6919 38.3393 2.79359 133.901
140.299 19.6423 38.3635 2.78798 133.876
140.399 19.5928 38.3877 2.78236 133.852
140.499 19.5432 38.4118 2.77674 133.828
140.599 19.4936 38.4358 2.7711 133.804
140.699 19.4441 38.4598 2.76545 133.78
140.799 19.3945 38.4838 2.75979 133.756
140.899 19.3449 38.5077 2.75413 133.732
140.999 19.2954 38.5315 2.74845 133.708
141.099 19.2458 38.5553 2.74276 133.685
141.199 19.1963 38.579 2.73706 133.661
141.299 19.1467 38.6027 2.73136 133.637
141.399 19.0971 38.6264 2.72564 133.614
141.499 19.0476 38.6499 2.71991 133.59
141.599 18.998 38.6735 2.71418 133.566
141.699 18.9485 38.697 2.70843 133.543
141.799 18.8989 38.7204 2.70268 133.519
141.899 18.8494 38.7438 2.69691 133.496
141.999 18.7998 38.7671 2.69114 133.473
142.099 18.7503 38.7904 2.68535 133.45
142.199 18.7007 38.8136 2.67956 133.426
142.299 18.6512 38.8368 2.67375 133.403
142.399 18.6016 38.8599 2.66794 133.38
142.499 18.552 38.8829 2.66211 133.357
142.6 18.5025 38.9059 2.65628 133.334
142.7 18.4529 38.9289 2.65044 133.311
142.8 18.4034 38.9518 2.64458 133.288
142.9 18.3539 38.9747 2.63872 133.265
143 18.3043 38.9975 2.63285 133.242
143.1 18.2548 39.0202 2.62697 133.22
143.2 18.2052 39.0429 2.62108 133.197
143.3 18.1557 39.0656 2.61518 133.174
143.4 18.1061 39.0881 2.60927 133.152
143.5 18.0566 39.1107 2.60335 133.129
143.6 18.007 39.1332 2.59742 133.107
143.7 17.9575 39.1556 2.59149 133.084
143.8 17.9079 39.178 2.58554 133.062
143.9 17.8584 39.2003 2.57958 133.04
144 17.8089 39.2226 2.57362 133.017
144.1 17.7593 39.2448 2.56764 132.995
144.2 17.7098 39.267 2.56166 132.973
144.3 17.6602 39.2891 2.55566 132.951
144.4 17.6107 39.3111 2.54966 132.929
144.5 17.5611 39.3331 2.54365 132.907
144.6 17.5116 39.3551 2.53763 132.885
144.7 17.4621 39.377 2.5316 132.863
144.8 17.4125 39.3988 2.52556 132.841
144.9 17.363 39.4206 2.51951 132.819
145 17.3135 39.4423 2.51345 132.798
145.1 17.2639 39.464 2.50738 132.776
145.2 17.2144 39.4856 2.5013 132.754
145.3 17.1648 39.5072 2.49522 132.733
145.4 17.1153 39.5287 2.48912 132.711
145.5 17.0658 39.5502 2.48302 132.69
145.6 17.0162 39.5716 2.47691 132.668
145.7 16.9667 39.593 2.47079 132.647
145.8 16.9172 39.6143 2.46466 132.626
145.9 16.8677 39.6355 2.45852 132.604
146 16.8181 39.6567 2.45237 132.583
146.1 16.7686 39.6778 2.44621 132.562
146.2 16.7191 39.6989 2.44004 132.541
146.3 16.6695 39.7199 2.43387 132.52
146.4 16.62 39.7409 2.42768 132.499
146.5 16.5705 39.7618 2.42149 132.478
146.6 16.5209 39.7827 2.41529 132.457
146.7 16.4714 39.8035 2.40908 132.436
146.8 16.4219 39.8242 2.40286 132.416
146.9 16.3724 39.8449 2.39663 132.395
147 16.3228 39.8656 2.39039 132.374
147.1 16.2733 39.8861 2.38415 132.354
147.2 16.2238 39.9067 2.37789 132.333
147.3 16.1743 39.9271 2.37163 132.313
147.4 16.1247 39.9476 2.36536 132.292
147.5 16.0752 39.9679 2.35908 132.272
147.6 16.0257 39.9882 2.35279 132.252
147.7 15.9762 40.0085 2.34649 132.231
147.8 15.9266 40.0287 2.34019 132.211
147.9 15.8771 40.0488 2.33387 132.191
148 15.8276 40.0689 2.32755 132.171
148.1 15.7781 40.0889 2.32122 132.151
148.2 15.7286 40.1089 2.31488 132.131
148.3 15.679 40.1288 2.30853 132.111
148.4 15.6295 40.1487 2.30217 132.091
148.5 15.58 40.1685 2.29581 132.071
148.6 15.5305 40.1882 2.28943 132.052
148.7 15.481 40.2079 2.28305 132.032
148.8 15.4315 40.2275 2.27666 132.012
148.9 15.3819 40.2471 2.27026 131.993
149 15.3324 40.2666 2.26385 131.973
149.1 15.2829 40.2861 2.25744 131.954
149.2 15.2334 40.3055 2.25101 131.934
149.3 15.1839 40.3248 2.24458 131.915
149.4 15.1344 40.3441 2.23814 131.896
149.5 15.0849 40.3634 2.23169 131.876
149.6 15.0353 40.3826 2.22523 131.857
149.7 14.9858 40.4017 2.21877 131.838
149.8 14.9363 40.4207 2.2123 131.819
149.9 14.8868 40.4398 2.20582 131.8
150 14.8373 40.4587 2.19933 131.781
150.1 14.7878 40.4776 2.19283 131.762
150.2 14.7383 40.4964 2.18632 131.743
150.3 14.6888 40.5152 2.17981 131.725
150.4 14.6393 40.5339 2.17329 131.706
150.5 14.5898 40.5526 2.16676 131.687
150.6 14.5402 40.5712 2.16022 131.669
150.7 14.4907 40.5898 2.15367 131.65
150.8 14.4412 40.6082 2.14712 131.632
150.9 14.3917 40.6267 2.14056 131.613
151 14.3422 40.6451 2.13399 131.595
151.1 14.2927 40.6634 2.12741 131.577
151.2 14.2432 40.6816 2.12083 131.558
151.3 14.1937 40.6998 2.11424 131.54
151.4 14.1442 40.718 2.10764 131.522
151.5 14.0947 40.7361 2.10103 131.504
151.6 14.0452 40.7541 2.09441 131.486
151.7 13.9957 40.7721 2.08779 131.468
151.8 13.9462 40.79 2.08116 131.45
151.9 13.8967 40.8078 2.07452 131.432
152 13.8472 40.8256 2.06787 131.414
152.1 13.7977 40.8434 2.06122 131.397
152.2 13.7482 40.861 2.05455 131.379
152.3 13.6987 40.8787 2.04788 131.361
152.4 13.6492 40.8962 2.04121 131.344
152.5 13.5997 40.9137 2.03452 131.326
152.6 13.5502 40.9312 2.02783 131.309
152.7 13.5007 40.9486 2.02113 131.291
152.8 13.4512 40.9659 2.01442 131.274
152.9 13.4017 40.9832 2.00771 131.257
153 13.3522 41.0004 2.00099 131.24
153.1 13.3027 41.0175 1.99426 131.222
153.2 13.2532 41.0346 1.98752 131.205
153.3 13.2037 41.0516 1.98078 131.188
153.4 13.1542 41.0686 1.97402 131.171
153.5 13.1047 41.0855 1.96727 131.154
153.6 13.0552 41.1024 1.9605 131.137
153.7 13.0057 41.1192 1.95373 131.121
153.8 12.9562 41.1359 1.94695 131.104
153.9 12.9068 41.1526 1.94016 131.087
154 12.8573 41.1692 1.93336 131.071
154.1 12.8078 41.1858 1.92656 131.054
154.2 12.7583 41.2023 1.91975 131.038
154.3 12.7088 41.2187 1.91294 131.021
154.4 12.6593 41.2351 1.90611 131.005
154.5 12.6098 41.2514 1.89928 130.988
154.6 12.5603 41.2677 1.89244 130.972
154.7 12.5108 41.2839 1.8856 130.956
154.8 12.4613 41.3 1.87875 130.94
154.9 12.4119 41.3161 1.87189 130.924
155 12.3624 41.3321 1.86502 130.908
155.1 12.3129 41.3481 1.85815 130.892
155.2 12.2634 41.364 1.85127 130.876
155.3 12.2139 41.3799 1.84439 130.86
155.4 12.1644 41.3956 1.83749 130.844
155.5 12.1149 41.4114 1.83059 130.829
155.6 12.0654 41.427 1.82369 130.813
155.7 12.016 41.4426 1.81677 130.797
155.8 11.9665 41.4582 1.80985 130.782
155.9 11.917 41.4737 1.80293 130.766
156 11.8675 41.4891 1.79599 130.751
156.1 11.818 41.5044 1.78905 130.735
156.2 11.7685 41.5197 1.7821 130.72
156.3 11.7191 41.535 1.77515 130.705
156.4 11.6696 41.5502 1.76819 130.69
156.5 11.6201 41.5653 1.76122 130.675
156.6 11.5706 41.5803 1.75425 130.66
156.7 11.5211 41.5953 1.74727 130.645
156.8 11.4716 41.6103 1.74028 130.63
156.9 11.4222 41.6252 1.73329 130.615
157 11.3727 41.64 1.72629 130.6
157.1 11.3232 41.6547 1.71929 130.585
157.2 11.2737 41.6694 1.71227 130.57
157.3 11.2243 41.6841 1.70526 130.556
157.4 11.1748 41.6986 1.69823 130.541
157.5 11.1253 41.7131 1.6912 130.527
157.6 11.0758 41.7276 1.68416 130.512
157.7 11.0263 41.742 1.67712 130.498
157.8 10.9769 41.7563 1.67007 130.484
157.9 10.9274 41.7706 1.66301 130.469
158 10.8779 41.7848 1.65595 130.455
158.1 10.8284 41.7989 1.64888 130.441
158.2 10.779 41.813 1.64181 130.427
158.3 10.7295 41.827 1.63472 130.413
158.4 10.68 41.841 1.62764 130.399
158.5 10.6305 41.8549 1.62054 130.385
158.6 10.5811 41.8687 1.61345 130.371
158.7 10.5316 41.8825 1.60634 130.357
158.8 10.4821 41.8962 1.59923 130.344
158.9 10.4326 41.9099 1.59211 130.33
159.001 10.3832 41.9235 1.58499 130.316
159.101 10.3337 41.937 1.57786 130.303
159.201 10.2842 41.9505 1.57072 130.289
159.301 10.2348 41.9639 1.56358 130.276
159.401 10.1853 41.9772 1.55644 130.263
159.501 10.1358 41.9905 1.54928 130.249
159.601 10.0863 42.0037 1.54213 130.236
159.701 10.0369 42.0169 1.53496 130.223
159.801 9.9874 42.03 1.52779 130.21
159.901 9.93793 42.043 1.52062 130.197
160.001 9.88846 42.056 1.51344 130.184
160.101 9.83899 42.0689 1.50625 130.171
160.201 9.78952 42.0818 1.49906 130.158
160.301 9.74005 42.0946 1.49186 130.145
160.401 9.69058 42.1073 1.48465 130.133
160.501 9.64112 42.12 1.47745 130.12
160.601 9.59165 42.1326 1.47023 130.107
160.701 9.54218 42.1451 1.46301 130.095
160.801 9.49272 42.1576 1.45578 130.082
160.901 9.44325 42.17 1.44855 130.07
161.001 9.39378 42.1823 1.44132 130.058
161.101 9.34432 42.1946 1.43407 130.045
161.201 9.29485 42.2069 1.42683 130.033
161.301 9.24539 42.219 1.41957 130.021
161.401 9.19592 42.2311 1.41232 130.009
161.501 9.14646 42.2432 1.40505 129.997
161.601 9.09699 42.2551 1.39778 129.985
161.701 9.04753 42.267 1.39051 129.973
161.801 8.99807 42.2789 1.38323 129.961
161.901 8.9486 42.2907 1.37595 129.949
162.001 8.89914 42.3024 1.36866 129.937
162.101 8.84968 42.3141 1.36136 129.926
162.201 8.80022 42.3257 1.35406 129.914
162.301 8.75075 42.3372 1.34676 129.903
162.401 8.70129 42.3487 1.33945 129.891
162.501 8.65183 42.3601 1.33213 129.88
162.601 8.60237 42.3714 1.32481 129.868
162.701 8.55291 42.3827 1.31749 129.857
162.801 8.50345 42.394 1.31016 129.846
162.901 8.45399 42.4051 1.30282 129.835
163.001 8.40453 42.4162 1.29548 129.824
163.101 8.35507 42.4272 1.28814 129.813
163.201 8.30561 42.4382 1.28079 129.802
163.301 8.25615 42.4491 1.27344 129.791
163.401 8.20669 42.46 1.26608 129.78
163.501 8.15723 42.4707 1.25871 129.769
163.601 8.10777 42.4815 1.25134 129.758
163.701 8.05832 42.4921 1.24397 129.748
163.801 8.00886 42.5027 1.23659 129.737
163.901 7.9594 42.5132 1.22921 129.727
164.001 7.90994 42.5237 1.22182 129.716
164.101 7.86049 42.5341 1.21443 129.706
164.201 7.81103 42.5444 1.20704 129.695
164.301 7.76157 42.5547 1.19963 129.685
164.401 7.71212 42.5649 1.19223 129.675
164.501 7.66266 42.575 1.18482 129.665
164.601 7.61321 42.5851 1.17741 129.655
164.701 7.56375 42.5951 1.16999 129.645
164.801 7.5143 42.6051 1.16256 129.635
164.901 7.46484 42.615 1.15514 129.625
165.001 7.41539 42.6248 1.1477 129.615
165.101 7.36593 42.6346 1.14027 129.605
165.201 7.31648 42.6443 1.13283 129.596
165.301 7.26702 42.6539 1.12538 129.586
165.401 7.21757 42.6635 1.11793 129.576
165.501 7.16812 42.673 1.11048 129.567
165.601 7.11866 42.6824 1.10302 129.557
165.701 7.06921 42.6918 1.09556 129.548
165.801 7.01976 42.7011 1.0881 129.539
165.901 6.97031 42.7104 1.08063 129.53
166.001 6.92085 42.7196 1.07315 129.52
166.101 6.8714 42.7287 1.06567 129.511
166.201 6.82195 42.7377 1.05819 129.502
166.301 6.7725 42.7467 1.05071 129.493
166.401 6.72305 42.7557 1.04322 129.484
166.501 6.6736 42.7645 1.03572 129.475
166.601 6.62415 42.7733 1.02822 129.467
166.701 6.5747 42.7821 1.02072 129.458
166.801 6.52525 42.7907 1.01322 129.449
166.901 6.4758 42.7994 1.00571 129.441
167.001 6.42635 42.8079 0.998194 129.432
167.101 6.3769 42.8164 0.990677 129.423
167.201 6.32745 42.8248 0.983157 129.415
167.301 6.278 42.8331 0.975632 129.407
167.401 6.22855 42.8414 0.968104 129.398
167.501 6.1791 42.8497 0.960573 129.39
167.601 6.12965 42.8578 0.953037 129.382
167.701 6.0802 42.8659 0.945498 129.374
167.801 6.03075 42.8739 0.937956 129.366
167.901 5.98131 42.8819 0.93041 129.358
168.001 5.93186 42.8898 0.92286 129.35
168.101 5.88241 42.8976 0.915307 129.342
168.201 5.83296 42.9054 0.907751 129.334
168.301 5.78352 42.9131 0.900191 129.327
168.401 5.73407 42.9208 0.892627 129.319
168.501 5.68462 42.9283 0.885061 129.312
168.601 5.63518 42.9358 0.877491 129.304
168.701 5.58573 42.9433 0.869917 129.297
168.801 5.53628 42.9507 0.86234 129.289
168.901 5.48684 42.958 0.854761 129.282
169.001 5.43739 42.9652 0.847177 129.275
169.101 5.38795 42.9724 0.839591 129.267
169.201 5.3385 42.9796 0.832001 129.26
169.301 5.28906 42.9866 0.824409 129.253
169.401 5.23961 42.9936 0.816813 129.246
169.501 5.19017 43.0005 0.809214 129.239
169.601 5.14072 43.0074 0.801612 129.232
169.701 5.09128 43.0142 0.794007 129.226
169.801 5.04183 43.0209 0.786399 129.219
169.901 4.99239 43.0276 0.778788 129.212
170.001 4.94294 43.0342 0.771174 129.206
170.101 4.8935 43.0407 0.763557 129.199
170.201 4.84406 43.0472 0.755937 129.193
170.301 4.79461 43.0536 0.748315 129.186
170.401 4.74517 43.06 0.740689 129.18
170.501 4.69573 43.0662 0.733061 129.174
170.601 4.64628 43.0725 0.72543 129.167
170.701 4.59684 43.0786 0.717796 129.161
170.801 4.5474 43.0847 0.71016 129.155
170.901 4.49796 43.0907 0.702521 129.149
171.001 4.44851 43.0966 0.694879 129.143
171.101 4.39907 43.1025 0.687234 129.137
171.201 4.34963 43.1084 0.679587 129.132
171.301 4.30019 43.1141 0.671937 129.126
171.401 4.25075 43.1198 0.664285 129.12
171.501 4.2013 43.1254 0.65663 129.114
171.601 4.15186 43.131 0.648973 129.109
171.701 4.10242 43.1365 0.641314 129.103
171.801 4.05298 43.1419 0.633651 129.098
171.901 4.00354 43.1473 0.625987 129.093
172.001 3.9541 43.1526 0.61832 129.087
172.101 3.90466 43.1578 0.610651 129.082
172.201 3.85522 43.163 0.602979 129.077
172.301 3.80578 43.1681 0.595305 129.072
172.401 3.75634 43.1731 0.587629 129.067
172.501 3.70689 43.1781 0.579951 129.062
172.601 3.65745 43.183 0.572271 129.057
172.701 3.60801 43.1878 0.564588 129.052
172.801 3.55857 43.1926 0.556903 129.047
172.901 3.50914 43.1973 0.549216 129.043
173.001 3.4597 43.202 0.541527 129.038
173.101 3.41026 43.2065 0.533836 129.033
173.201 3.36082 43.2111 0.526143 129.029
173.301 3.31138 43.2155 0.518448 129.024
173.401 3.26194 43.2199 0.510751 129.02
173.501 3.2125 43.2242 0.503052 129.016
173.601 3.16306 43.2285 0.495351 129.011
173.701 3.11362 43.2326 0.487648 129.007
173.801 3.06418 43.2368 0.479943 129.003
173.901 3.01474 43.2408 0.472237 128.999
174.001 2.96531 43.2448 0.464529 128.995
174.101 2.91587 43.2487 0.456819 128.991
174.201 2.86643 43.2526 0.449107 128.987
174.301 2.81699 43.2564 0.441393 128.984
174.401 2.76755 43.2601 0.433678 128.98
174.501 2.71811 43.2637 0.425961 128.976
174.601 2.66868 43.2673 0.418243 128.973
174.701 2.61924 43.2709 0.410523 128.969
174.801 2.5698 43.2743 0.402802 128.966
174.901 2.52036 43.2777 0.395078 128.962
175.001 2.47092 43.2811 0.387354 128.959
175.101 2.42149 43.2843 0.379628 128.956
175.201 2.37205 43.2875 0.3719 128.952
175.301 2.32261 43.2907 0.364171 128.949
175.402 2.27318 43.2937 0.356441 128.946
175.502 2.22374 43.2967 0.34871 128.943
175.602 2.1743 43.2997 0.340977 128.94
175.702 2.12486 43.3025 0.333242 128.937
175.802 2.07543 43.3053 0.325507 128.935
175.902 2.02599 43.3081 0.31777 128.932
176.002 1.97655 43.3107 0.310032 128.929
176.102 1.92712 43.3133 0.302293 128.927
176.202 1.87768 43.3159 0.294553 128.924
176.302 1.82824 43.3184 0.286811 128.922
176.402 1.77881 43.3208 0.279069 128.919
176.502 1.72937 43.3231 0.271325 128.917
176.602 1.67993 43.3254 0.263581 128.914
176.702 1.6305 43.3276 0.255835 128.912
176.802 1.58106 43.3297 0.248088 128.91
176.902 1.53162 43.3318 0.240341 128.908
177.002 1.48219 43.3338 0.232593 128.906
177.102 1.43275 43.3358 0.224843 128.904
177.202 1.38332 43.3377 0.217093 128.902
177.302 1.33388 43.3395 0.209342 128.9
177.402 1.28444 43.3412 0.20159 128.899
177.502 1.23501 43.3429 0.193838 128.897
177.602 1.18557 43.3445 0.186084 128.895
177.702 1.13614 43.3461 0.178331 128.894
177.802 1.0867 43.3476 0.170576 128.892
177.902 1.03726 43.349 0.162821 128.891
178.002 0.987829 43.3503 0.155065 128.89
178.102 0.938393 43.3516 0.147308 128.888
178.202 0.888957 43.3528 0.139551 128.887
178.302 0.839521 43.354 0.131793 128.886
178.402 0.790086 43.3551 0.124035 128.885
178.502 0.74065 43.3561 0.116277 128.884
178.602 0.691215 43.3571 0.108518 128.883
178.702 0.641779 43.3579 0.100758 128.882
178.802 0.592343 43.3588 0.0929984 128.881
178.902 0.542908 43.3595 0.0852382 128.88
179.002 0.493472 43.3602 0.0774777 128.88
179.102 0.444037 43.3609 0.069717 128.879
179.202 0.394601 43.3614 0.0619559 128.878
179.302 0.345166 43.3619 0.0541946 128.878
179.402 0.29573 43.3623 0.0464331 128.878
179.502 0.246295 43.3627 0.0386714 128.877
179.602 0.196859 43.363 0.0309096 128.877
179.702 0.147424 43.3632 0.0231477 128.877
179.802 0.0979885 43.3634 0.0153856 128.876
179.902 0.048553 43.3635 0.00762356 128.876
