0 8.3949e-14 0.0665738 0 198.351
0.1 1.19622 0.0666053 0.00548015 198.351
0.2 2.39126 0.0666997 0.0109603 198.351
0.3 3.58395 0.0668572 0.0164404 198.351
0.4 4.77314 0.0670775 0.0219205 198.351
0.5 5.95768 0.0673609 0.0274005 198.35
0.6 7.13646 0.0677072 0.0328804 198.35
0.7 8.30841 0.0681164 0.0383603 198.35
0.8 9.47247 0.0685886 0.04384 198.349
0.9 10.6277 0.0691238 0.0493197 198.349
1 11.773 0.069722 0.0547992 198.348
1.1 12.9076 0.0703831 0.0602786 198.347
1.2 14.0306 0.0711071 0.0657578 198.347
1.3 15.1412 0.0718941 0.0712369 198.346
1.4 16.2386 0.072744 0.0767157 198.345
1.5 17.3222 0.0736569 0.0821944 198.344
1.6 18.3914 0.0746328 0.0876729 198.343
1.7 19.4456 0.0756715 0.0931511 198.342
1.8 20.4843 0.0767732 0.0986291 198.341
1.9 21.507 0.0779379 0.104107 198.34
2 22.5133 0.0791654 0.109584 198.339
2.1 23.503 0.0804559 0.115062 198.337
2.2 24.4758 0.0818094 0.120538 198.336
2.3 25.4313 0.0832257 0.126015 198.335
2.4 26.3696 0.084705 0.131491 198.333
2.5 27.2903 0.0862471 0.136967 198.332
2.6 28.1935 0.0878522 0.142443 198.33
2.7 29.0791 0.0895201 0.147918 198.328
2.8 29.9471 0.091251 0.153393 198.327
2.9 30.7975 0.0930447 0.158867 198.325
3 31.6304 0.0949014 0.164341 198.323
3.1 32.4459 0.0968209 0.169815 198.321
3.2 33.2442 0.0988033 0.175288 198.319
3.3 34.0253 0.100849 0.180761 198.317
3.4 34.7895 0.102957 0.186233 198.315
3.5 35.5369 0.105128 0.191705 198.313
3.6 36.2678 0.107361 0.197176 198.31
3.7 36.9824 0.109658 0.202647 198.308
3.8 37.6808 0.112018 0.208118 198.306
3.9 38.3635 0.11444 0.213587 198.303
4 39.0306 0.116925 0.219057 198.301
4.1 39.6825 0.119473 0.224525 198.298
4.2 40.3193 0.122084 0.229993 198.296
4.3 40.9415 0.124757 0.235461 198.293
4.4 41.5492 0.127494 0.240928 198.29
4.5 42.1427 0.130293 0.246394 198.287
4.6 42.7225 0.133154 0.25186 198.285
4.7 43.2886 0.136079 0.257325 198.282
4.8 43.8416 0.139067 0.262789 198.279
4.9 44.3815 0.142117 0.268253 198.276
5 44.9088 0.14523 0.273716 198.273
5.1 45.4238 0.148405 0.279178 198.269
5.2 45.9266 0.151643 0.284639 198.266
5.3 46.4176 0.154944 0.2901 198.263
5.4 46.8972 0.158308 0.29556 198.259
5.5 47.3654 0.161735 0.30102 198.256
5.6 47.8227 0.165224 0.306478 198.253
5.7 48.2693 0.168775 0.311936 198.249
5.8 48.7054 0.17239 0.317393 198.245
5.9 49.1314 0.176067 0.322849 198.242
6 49.5474 0.179806 0.328304 198.238
6.1 49.9538 0.183609 0.333759 198.234
6.2 50.3507 0.187474 0.339213 198.23
6.3 50.7384 0.191401 0.344665 198.226
6.4 51.1171 0.195391 0.350117 198.222
6.5 51.4871 0.199444 0.355568 198.218
6.6 51.8486 0.203559 0.361018 198.214
6.7 52.2017 0.207737 0.366468 198.21
6.8 52.5468 0.211977 0.371916 198.206
6.9 52.884 0.21628 0.377363 198.201
7 53.2134 0.220645 0.382809 198.197
7.1 53.5354 0.225073 0.388255 198.193
7.2 53.8501 0.229563 0.393699 198.188
7.3 54.1576 0.234116 0.399142 198.184
7.4 54.4582 0.238731 0.404585 198.179
7.5 54.7521 0.243409 0.410026 198.174
7.6 55.0393 0.248149 0.415466 198.17
7.7 55.3201 0.252951 0.420905 198.165
7.79999 55.5946 0.257816 0.426343 198.16
7.89999 55.8631 0.262743 0.43178 198.155
7.99999 56.1255 0.267733 0.437216 198.15
8.09999 56.3822 0.272785 0.442651 198.145
8.2 56.6331 0.277899 0.448085 198.14
8.3 56.8786 0.283076 0.453517 198.135
8.4 57.1186 0.288315 0.458949 198.129
8.5 57.3534 0.293616 0.464379 198.124
8.6 57.583 0.29898 0.469808 198.119
8.7 57.8077 0.304406 0.475235 198.113
8.8 58.0274 0.309894 0.480662 198.108
8.9 58.2424 0.315444 0.486087 198.102
9 58.4527 0.321056 0.491511 198.097
9.1 58.6585 0.326731 0.496934 198.091
9.2 58.8598 0.332468 0.502356 198.085
9.3 59.0568 0.338267 0.507776 198.079
9.4 59.2496 0.344128 0.513195 198.074
9.5 59.4383 0.350051 0.518613 198.068
9.6 59.6229 0.356036 0.524029 198.062
9.7 59.8035 0.362084 0.529444 198.056
9.8 59.9804 0.368193 0.534858 198.05
9.9 60.1534 0.374365 0.54027 198.043
10 60.3228 0.380598 0.545681 198.037
10.1 60.4886 0.386894 0.55109 198.031
10.2 60.6509 0.393252 0.556498 198.025
10.3 60.8098 0.399671 0.561905 198.018
10.4 60.9653 0.406153 0.56731 198.012
10.5 61.1175 0.412696 0.572714 198.005
10.6 61.2665 0.419301 0.578116 197.998
10.7 61.4124 0.425968 0.583517 197.992
10.8 61.5552 0.432698 0.588916 197.985
10.9 61.6951 0.439488 0.594314 197.978
11 61.832 0.446341 0.59971 197.971
11.1 61.966 0.453256 0.605105 197.965
11.2 62.0972 0.460232 0.610498 197.958
11.3 62.2257 0.46727 0.615889 197.95
11.4 62.3515 0.47437 0.621279 197.943
11.5 62.4746 0.481532 0.626668 197.936
11.6 62.5952 0.488755 0.632055 197.929
11.7 62.7133 0.49604 0.63744 197.922
11.8 62.8289 0.503387 0.642823 197.914
11.9 62.9421 0.510795 0.648205 197.907
12 63.0529 0.518265 0.653585 197.899
12.1 63.1614 0.525796 0.658964 197.892
12.2 63.2676 0.533389 0.664341 197.884
12.3 63.3716 0.541044 0.669716 197.877
12.4 63.4734 0.54876 0.675089 197.869
12.5 63.5731 0.556537 0.680461 197.861
12.6 63.6707 0.564376 0.685831 197.853
12.7 63.7662 0.572277 0.691199 197.845
12.8 63.8597 0.580239 0.696566 197.838
12.9 63.9513 0.588262 0.70193 197.83
13 64.0409 0.596347 0.707293 197.821
13.1 64.1287 0.604493 0.712654 197.813
13.2 64.2145 0.6127 0.718013 197.805
13.3 64.2986 0.620969 0.723371 197.797
13.4 64.3809 0.629299 0.728726 197.788
13.5 64.4614 0.63769 0.73408 197.78
13.6 64.5402 0.646143 0.739431 197.772
13.7 64.6173 0.654656 0.744781 197.763
13.8 64.6927 0.663231 0.750129 197.755
13.9 64.7666 0.671867 0.755475 197.746
14 64.8388 0.680564 0.760819 197.737
14.1 64.9095 0.689322 0.766161 197.728
14.2 64.9786 0.698141 0.771501 197.72
14.3 65.0462 0.707022 0.776839 197.711
14.4 65.1124 0.715963 0.782176 197.702
14.5 65.1771 0.724965 0.78751 197.693
14.6 65.2404 0.734029 0.792842 197.684
14.7 65.3022 0.743153 0.798172 197.675
14.8 65.3627 0.752338 0.8035 197.665
14.9 65.4219 0.761584 0.808826 197.656
15 65.4797 0.770891 0.81415 197.647
15.1 65.5362 0.780258 0.819471 197.638
15.2 65.5914 0.789687 0.824791 197.628
15.3 65.6454 0.799176 0.830109 197.619
15.4 65.6981 0.808726 0.835424 197.609
15.5 65.7496 0.818336 0.840737 197.599
15.6 65.8 0.828008 0.846048 197.59
15.7 65.8491 0.837739 0.851357 197.58
15.8 65.8971 0.847532 0.856664 197.57
15.9 65.944 0.857385 0.861969 197.56
16 65.9897 0.867299 0.867271 197.55
16.1 66.0343 0.877273 0.872571 197.54
16.2 66.0779 0.887308 0.877869 197.53
16.3 66.1204 0.897403 0.883164 197.52
16.4 66.1619 0.907559 0.888458 197.51
16.5 66.2023 0.917775 0.893749 197.5
16.6 66.2417 0.928051 0.899037 197.49
16.7 66.2802 0.938388 0.904324 197.479
16.8 66.3176 0.948785 0.909608 197.469
16.9 66.3541 0.959242 0.91489 197.459
17 66.3897 0.96976 0.920169 197.448
17.1 66.4243 0.980337 0.925446 197.437
17.2 66.458 0.990975 0.930721 197.427
17.3 66.4908 1.00167 0.935993 197.416
17.4 66.5227 1.01243 0.941263 197.405
17.5 66.5537 1.02325 0.94653 197.395
17.6 66.5839 1.03413 0.951795 197.384
17.7 66.6133 1.04507 0.957057 197.373
17.8 66.6418 1.05607 0.962317 197.362
17.9 66.6694 1.06712 0.967575 197.351
18 66.6963 1.07824 0.97283 197.34
18.1 66.7224 1.08942 0.978083 197.328
18.2 66.7477 1.10066 0.983333 197.317
18.3 66.7722 1.11196 0.98858 197.306
18.4 66.796 1.12331 0.993825 197.294
18.5 66.819 1.13473 0.999067 197.283
18.6 66.8412 1.14621 1.00431 197.272
18.7 66.8628 1.15774 1.00954 197.26
18.8 66.8836 1.16934 1.01478 197.248
18.9 66.9037 1.181 1.02001 197.237
19 66.9232 1.19271 1.02524 197.225
19.1 66.9419 1.20449 1.03047 197.213
19.2 66.96 1.21632 1.03569 197.201
19.3 66.9774 1.22822 1.04091 197.19
19.4 66.9941 1.24017 1.04613 197.178
19.5 67.0102 1.25218 1.05135 197.166
19.6 67.0257 1.26425 1.05656 197.154
19.7 67.0405 1.27639 1.06177 197.141
19.8 67.0547 1.28858 1.06698 197.129
19.9 67.0684 1.30083 1.07218 197.117
20 67.0814 1.31314 1.07739 197.105
20.1 67.0938 1.3255 1.08259 197.092
20.2 67.1056 1.33793 1.08778 197.08
20.3 67.1168 1.35042 1.09298 197.067
20.4 67.1275 1.36296 1.09817 197.055
20.5 67.1376 1.37557 1.10336 197.042
20.6 67.1472 1.38823 1.10854 197.03
20.7 67.1562 1.40095 1.11372 197.017
20.8 67.1647 1.41374 1.1189 197.004
20.9 67.1726 1.42658 1.12408 196.991
21 67.18 1.43948 1.12925 196.978
21.1 67.1869 1.45243 1.13442 196.965
21.2 67.1933 1.46545 1.13959 196.952
21.3 67.1992 1.47853 1.14476 196.939
21.4 67.2046 1.49166 1.14992 196.926
21.5 67.2095 1.50485 1.15508 196.913
21.6 67.2139 1.5181 1.16024 196.9
21.7 67.2179 1.53141 1.16539 196.886
21.8 67.2213 1.54478 1.17054 196.873
21.9 67.2243 1.55821 1.17569 196.86
22 67.2269 1.57169 1.18083 196.846
22.1 67.229 1.58524 1.18597 196.833
22.2 67.2306 1.59884 1.19111 196.819
22.3 67.2318 1.6125 1.19624 196.805
22.4 67.2326 1.62622 1.20138 196.792
22.5 67.2329 1.63999 1.2065 196.778
22.6 67.2328 1.65383 1.21163 196.764
22.7001 67.2323 1.66772 1.21675 196.75
22.8001 67.2313 1.68167 1.22187 196.736
22.9001 67.23 1.69568 1.22699 196.722
23.0001 67.2282 1.70975 1.2321 196.708
23.1001 67.2261 1.72387 1.23721 196.694
23.2001 67.2235 1.73806 1.24232 196.68
23.3001 67.2206 1.7523 1.24742 196.665
23.4001 67.2173 1.7666 1.25252 196.651
23.5001 67.2136 1.78095 1.25762 196.637
23.6001 67.2095 1.79537 1.26271 196.622
23.7001 67.2051 1.80984 1.2678 196.608
23.8001 67.2003 1.82437 1.27289 196.593
23.9001 67.1951 1.83896 1.27797 196.579
24.0001 67.1895 1.8536 1.28305 196.564
24.1001 67.1837 1.8683 1.28813 196.549
24.2001 67.1774 1.88306 1.2932 196.535
24.3001 67.1708 1.89788 1.29827 196.52
24.4001 67.1639 1.91276 1.30334 196.505
24.5001 67.1566 1.92769 1.3084 196.49
24.6001 67.149 1.94268 1.31346 196.475
24.7001 67.1411 1.95772 1.31852 196.46
24.8001 67.1329 1.97283 1.32357 196.445
24.9001 67.1243 1.98799 1.32862 196.43
25.0001 67.1154 2.00321 1.33367 196.415
25.1001 67.1062 2.01848 1.33871 196.399
25.2001 67.0966 2.03381 1.34375 196.384
25.3001 67.0868 2.0492 1.34879 196.369
25.4001 67.0767 2.06465 1.35382 196.353
25.5001 67.0662 2.08015 1.35885 196.338
25.6001 67.0555 2.09571 1.36388 196.322
25.7001 67.0445 2.11133 1.3689 196.306
25.8001 67.0332 2.127 1.37392 196.291
25.9001 67.0216 2.14273 1.37893 196.275
26.0001 67.0097 2.15852 1.38394 196.259
26.1001 66.9975 2.17436 1.38895 196.243
26.2001 66.985 2.19026 1.39395 196.228
26.3001 66.9723 2.20621 1.39895 196.212
26.4001 66.9593 2.22223 1.40395 196.196
26.5001 66.9461 2.2383 1.40894 196.179
26.6001 66.9325 2.25442 1.41393 196.163
26.7001 66.9187 2.2706 1.41892 196.147
26.8001 66.9047 2.28684 1.4239 196.131
26.9001 66.8904 2.30313 1.42888 196.115
27.0001 66.8758 2.31949 1.43385 196.098
27.1001 66.861 2.33589 1.43883 196.082
27.2001 66.8459 2.35235 1.44379 196.065
27.3001 66.8306 2.36887 1.44876 196.049
27.4001 66.815 2.38545 1.45372 196.032
27.5001 66.7992 2.40208 1.45867 196.016
27.6001 66.7832 2.41876 1.46362 195.999
27.7001 66.7669 2.4355 1.46857 195.982
27.8001 66.7504 2.4523 1.47352 195.965
27.9001 66.7336 2.46916 1.47846 195.949
28.0001 66.7166 2.48606 1.48339 195.932
28.1001 66.6994 2.50303 1.48833 195.915
28.2001 66.682 2.52005 1.49326 195.898
28.3001 66.6644 2.53712 1.49818 195.881
28.4001 66.6465 2.55426 1.5031 195.864
28.5001 66.6284 2.57144 1.50802 195.846
28.6001 66.6101 2.58868 1.51293 195.829
28.7001 66.5916 2.60598 1.51784 195.812
28.8001 66.5728 2.62333 1.52275 195.794
28.9001 66.5539 2.64074 1.52765 195.777
29.0001 66.5348 2.6582 1.53255 195.76
29.1001 66.5154 2.67572 1.53744 195.742
29.2001 66.4959 2.69329 1.54233 195.724
29.3001 66.4761 2.71092 1.54722 195.707
29.4001 66.4562 2.7286 1.5521 195.689
29.5001 66.436 2.74634 1.55698 195.671
29.6001 66.4157 2.76413 1.56185 195.654
29.7001 66.3951 2.78198 1.56672 195.636
29.8001 66.3744 2.79988 1.57158 195.618
29.9001 66.3535 2.81784 1.57644 195.6
30.0001 66.3324 2.83585 1.5813 195.582
30.1001 66.3111 2.85391 1.58615 195.564
30.2001 66.2896 2.87203 1.591 195.546
30.3001 66.2679 2.89021 1.59585 195.528
30.4001 66.2461 2.90844 1.60069 195.509
30.5001 66.2241 2.92672 1.60552 195.491
30.6001 66.2019 2.94506 1.61036 195.473
30.7001 66.1795 2.96345 1.61518 195.454
30.8001 66.157 2.98189 1.62001 195.436
30.9001 66.1343 3.00039 1.62483 195.417
31.0001 66.1114 3.01895 1.62964 195.399
31.1001 66.0883 3.03756 1.63445 195.38
31.2001 66.0651 3.05622 1.63926 195.362
31.3001 66.0417 3.07493 1.64406 195.343
31.4001 66.0182 3.0937 1.64886 195.324
31.5001 65.9944 3.11252 1.65365 195.305
31.6001 65.9706 3.1314 1.65844 195.286
31.7001 65.9465 3.15033 1.66323 195.267
31.8001 65.9223 3.16932 1.66801 195.248
31.9001 65.898 3.18835 1.67278 195.229
32.0001 65.8735 3.20744 1.67756 195.21
32.1001 65.8488 3.22659 1.68232 195.191
32.2001 65.824 3.24578 1.68709 195.172
32.3001 65.7991 3.26503 1.69184 195.153
32.4001 65.774 3.28434 1.6966 195.133
32.5001 65.7487 3.30369 1.70135 195.114
32.6001 65.7233 3.3231 1.70609 195.095
32.7001 65.6977 3.34257 1.71083 195.075
32.8001 65.672 3.36208 1.71557 195.056
32.9001 65.6462 3.38165 1.7203 195.036
33.0001 65.6202 3.40127 1.72503 195.016
33.1001 65.5941 3.42095 1.72975 194.997
33.2001 65.5678 3.44068 1.73447 194.977
33.3001 65.5414 3.46046 1.73918 194.957
33.4001 65.5149 3.48029 1.74389 194.937
33.5001 65.4882 3.50017 1.7486 194.918
33.6001 65.4614 3.52011 1.7533 194.898
33.7001 65.4345 3.5401 1.75799 194.878
33.8001 65.4074 3.56014 1.76268 194.858
33.9001 65.3802 3.58024 1.76737 194.838
34.0001 65.3529 3.60039 1.77205 194.817
34.1001 65.3254 3.62059 1.77673 194.797
34.2001 65.2979 3.64084 1.7814 194.777
34.3 65.2701 3.66114 1.78607 194.757
34.4 65.2423 3.6815 1.79073 194.736
34.5 65.2143 3.7019 1.79539 194.716
34.6 65.1863 3.72236 1.80004 194.695
34.7 65.158 3.74287 1.80469 194.675
34.8 65.1297 3.76344 1.80933 194.654
34.9 65.1013 3.78405 1.81397 194.634
35 65.0727 3.80472 1.81861 194.613
35.1 65.044 3.82544 1.82323 194.592
35.2 65.0152 3.8462 1.82786 194.572
35.3 64.9863 3.86703 1.83248 194.551
35.4 64.9573 3.8879 1.83709 194.53
35.5 64.9281 3.90882 1.8417 194.509
35.6 64.8988 3.9298 1.84631 194.488
35.7 64.8695 3.95082 1.85091 194.467
35.8 64.84 3.9719 1.85551 194.446
35.9 64.8104 3.99303 1.8601 194.425
36 64.7807 4.01421 1.86468 194.404
36.1 64.7509 4.03544 1.86926 194.382
36.2 64.7209 4.05672 1.87384 194.361
36.3 64.6909 4.07805 1.87841 194.34
36.4 64.6608 4.09943 1.88298 194.318
36.5 64.6305 4.12087 1.88754 194.297
36.6 64.6002 4.14235 1.89209 194.275
36.7 64.5697 4.16388 1.89664 194.254
36.8 64.5392 4.18547 1.90119 194.232
36.9 64.5085 4.2071 1.90573 194.211
37 64.4778 4.22879 1.91027 194.189
37.1 64.4469 4.25052 1.9148 194.167
37.2 64.416 4.27231 1.91932 194.145
37.3 64.3849 4.29415 1.92384 194.124
37.4 64.3538 4.31603 1.92836 194.102
37.5 64.3225 4.33797 1.93287 194.08
37.6 64.2912 4.35996 1.93738 194.058
37.7 64.2597 4.38199 1.94188 194.036
37.8 64.2282 4.40408 1.94637 194.014
37.9 64.1966 4.42621 1.95086 193.992
38 64.1649 4.4484 1.95535 193.969
38.1 64.1331 4.47064 1.95983 193.947
38.2 64.1011 4.49292 1.9643 193.925
38.3 64.0691 4.51525 1.96877 193.903
38.4 64.0371 4.53764 1.97324 193.88
38.5 64.0049 4.56007 1.9777 193.858
38.6 63.9726 4.58255 1.98215 193.835
38.7 63.9403 4.60508 1.9866 193.813
38.8 63.9078 4.62766 1.99104 193.79
38.9 63.8753 4.65029 1.99548 193.767
39 63.8427 4.67297 1.99991 193.745
39.1 63.81 4.6957 2.00434 193.722
39.2 63.7772 4.71848 2.00876 193.699
39.3 63.7443 4.7413 2.01318 193.676
39.4 63.7114 4.76418 2.01759 193.654
39.5 63.6783 4.7871 2.022 193.631
39.6 63.6452 4.81007 2.0264 193.608
39.7 63.612 4.83309 2.03079 193.585
39.8 63.5787 4.85616 2.03518 193.562
39.9 63.5454 4.87927 2.03957 193.538
40 63.5119 4.90244 2.04395 193.515
40.1 63.4784 4.92565 2.04832 193.492
40.2 63.4448 4.94891 2.05269 193.469
40.3 63.4111 4.97222 2.05705 193.446
40.4 63.3774 4.99558 2.06141 193.422
40.5 63.3435 5.01898 2.06576 193.399
40.6 63.3096 5.04244 2.07011 193.375
40.7 63.2756 5.06594 2.07445 193.352
40.7999 63.2416 5.08949 2.07878 193.328
40.8999 63.2074 5.11308 2.08311 193.305
40.9999 63.1732 5.13673 2.08744 193.281
41.0999 63.1389 5.16042 2.09176 193.257
41.1999 63.1046 5.18416 2.09607 193.234
41.2999 63.0701 5.20794 2.10038 193.21
41.3999 63.0356 5.23178 2.10468 193.186
41.4999 63.001 5.25566 2.10897 193.162
41.5999 62.9664 5.27958 2.11327 193.138
41.6999 62.9317 5.30356 2.11755 193.114
41.7999 62.8969 5.32758 2.12183 193.09
41.8999 62.862 5.35165 2.1261 193.066
41.9999 62.8271 5.37577 2.13037 193.042
42.0999 62.7921 5.39993 2.13464 193.018
42.1999 62.757 5.42414 2.13889 192.994
42.2999 62.7219 5.44839 2.14314 192.969
42.3999 62.6867 5.4727 2.14739 192.945
42.4999 62.6514 5.49705 2.15163 192.921
42.5999 62.6161 5.52144 2.15586 192.896
42.6999 62.5807 5.54588 2.16009 192.872
42.7999 62.5453 5.57037 2.16431 192.847
42.8999 62.5097 5.5949 2.16853 192.823
42.9999 62.4741 5.61948 2.17274 192.798
43.0999 62.4385 5.64411 2.17695 192.774
43.1999 62.4028 5.66878 2.18115 192.749
43.2999 62.367 5.6935 2.18534 192.724
43.3999 62.3311 5.71827 2.18953 192.699
43.4999 62.2952 5.74308 2.19371 192.675
43.5999 62.2592 5.76793 2.19788 192.65
43.6999 62.2232 5.79283 2.20206 192.625
43.7999 62.1871 5.81778 2.20622 192.6
43.8999 62.151 5.84277 2.21038 192.575
43.9999 62.1147 5.86781 2.21453 192.55
44.0999 62.0785 5.89289 2.21868 192.525
44.1999 62.0421 5.91802 2.22282 192.5
44.2999 62.0058 5.94319 2.22695 192.475
44.3999 61.9693 5.96841 2.23108 192.449
44.4999 61.9328 5.99367 2.2352 192.424
44.5999 61.8962 6.01898 2.23932 192.399
44.6999 61.8596 6.04433 2.24343 192.373
44.7999 61.8229 6.06973 2.24754 192.348
44.8999 61.7862 6.09517 2.25163 192.323
44.9999 61.7494 6.12066 2.25573 192.297
45.0999 61.7125 6.14619 2.25981 192.272
45.1999 61.6756 6.17177 2.26389 192.246
45.2999 61.6387 6.19739 2.26797 192.22
45.3999 61.6017 6.22305 2.27204 192.195
45.4999 61.5646 6.24876 2.2761 192.169
45.5999 61.5275 6.27451 2.28016 192.143
45.6999 61.4903 6.30031 2.28421 192.117
45.7999 61.4531 6.32615 2.28825 192.092
45.8999 61.4158 6.35204 2.29229 192.066
45.9999 61.3784 6.37797 2.29632 192.04
46.0999 61.3411 6.40394 2.30034 192.014
46.1999 61.3036 6.42995 2.30436 191.988
46.2999 61.2661 6.45601 2.30838 191.962
46.3999 61.2286 6.48212 2.31238 191.936
46.4999 61.191 6.50826 2.31638 191.909
46.5999 61.1533 6.53445 2.32038 191.883
46.6999 61.1157 6.56069 2.32437 191.857
46.7999 61.0779 6.58696 2.32835 191.831
46.8999 61.0401 6.61328 2.33232 191.804
46.9999 61.0023 6.63964 2.33629 191.778
47.0999 60.9644 6.66605 2.34026 191.752
47.1999 60.9264 6.6925 2.34421 191.725
47.2999 60.8885 6.71899 2.34816 191.699
47.3998 60.8504 6.74552 2.35211 191.672
47.4998 60.8123 6.7721 2.35605 191.646
47.5998 60.7742 6.79872 2.35998 191.619
47.6998 60.736 6.82538 2.3639 191.592
47.7998 60.6978 6.85208 2.36782 191.566
47.8998 60.6595 6.87883 2.37173 191.539
47.9998 60.6212 6.90562 2.37564 191.512
48.0998 60.5828 6.93245 2.37954 191.485
48.1998 60.5444 6.95932 2.38343 191.458
48.2998 60.506 6.98623 2.38732 191.432
48.3998 60.4675 7.01319 2.3912 191.405
48.4998 60.4289 7.04019 2.39508 191.378
48.5998 60.3903 7.06723 2.39894 191.351
48.6998 60.3517 7.09431 2.4028 191.323
48.7998 60.313 7.12143 2.40666 191.296
48.8998 60.2743 7.1486 2.41051 191.269
48.9998 60.2355 7.1758 2.41435 191.242
49.0998 60.1967 7.20305 2.41818 191.215
49.1998 60.1579 7.23034 2.42201 191.187
49.2998 60.119 7.25767 2.42583 191.16
49.3998 60.08 7.28504 2.42965 191.133
49.4998 60.0411 7.31245 2.43346 191.105
49.5998 60.002 7.3399 2.43726 191.078
49.6998 59.963 7.36739 2.44105 191.05
49.7998 59.9239 7.39493 2.44484 191.023
49.8998 59.8847 7.4225 2.44863 190.995
49.9998 59.8455 7.45012 2.4524 190.968
50.0998 59.8063 7.47777 2.45617 190.94
50.1998 59.767 7.50547 2.45993 190.912
50.2998 59.7277 7.53321 2.46369 190.885
50.3998 59.6884 7.56098 2.46744 190.857
50.4998 59.649 7.5888 2.47118 190.829
50.5998 59.6096 7.61666 2.47492 190.801
50.6998 59.5701 7.64455 2.47864 190.773
50.7998 59.5306 7.67249 2.48237 190.745
50.8998 59.4911 7.70047 2.48608 190.717
50.9998 59.4515 7.72848 2.48979 190.689
51.0998 59.4119 7.75654 2.49349 190.661
51.1998 59.3722 7.78463 2.49719 190.633
51.2998 59.3325 7.81277 2.50088 190.605
51.3998 59.2928 7.84094 2.50456 190.577
51.4998 59.253 7.86915 2.50823 190.549
51.5998 59.2132 7.89741 2.5119 190.52
51.6998 59.1734 7.9257 2.51556 190.492
51.7998 59.1335 7.95403 2.51922 190.464
51.8998 59.0936 7.9824 2.52287 190.435
51.9998 59.0536 8.01081 2.52651 190.407
52.0998 59.0136 8.03925 2.53014 190.379
52.1998 58.9736 8.06774 2.53377 190.35
52.2998 58.9335 8.09626 2.53739 190.321
52.3998 58.8934 8.12483 2.541 190.293
52.4998 58.8533 8.15343 2.54461 190.264
52.5998 58.8132 8.18207 2.54821 190.236
52.6998 58.773 8.21075 2.5518 190.207
52.7998 58.7327 8.23946 2.55538 190.178
52.8998 58.6924 8.26822 2.55896 190.15
52.9998 58.6521 8.29701 2.56253 190.121
53.0998 58.6118 8.32584 2.5661 190.092
53.1998 58.5714 8.35471 2.56966 190.063
53.2998 58.531 8.38361 2.57321 190.034
53.3998 58.4906 8.41255 2.57675 190.005
53.4998 58.4501 8.44154 2.58029 189.976
53.5998 58.4096 8.47055 2.58382 189.947
53.6998 58.3691 8.49961 2.58734 189.918
53.7998 58.3285 8.5287 2.59085 189.889
53.8997 58.2879 8.55783 2.59436 189.86
53.9997 58.2473 8.587 2.59786 189.831
54.0997 58.2066 8.6162 2.60136 189.802
54.1997 58.1659 8.64544 2.60484 189.772
54.2997 58.1252 8.67472 2.60832 189.743
54.3997 58.0844 8.70404 2.6118 189.714
54.4997 58.0436 8.73339 2.61526 189.684
54.5997 58.0028 8.76278 2.61872 189.655
54.6997 57.9619 8.7922 2.62217 189.626
54.7997 57.921 8.82166 2.62561 189.596
54.8997 57.8801 8.85116 2.62905 189.567
54.9997 57.8392 8.88069 2.63248 189.537
55.0997 57.7982 8.91026 2.6359 189.508
55.1997 57.7572 8.93986 2.63932 189.478
55.2997 57.7162 8.96951 2.64273 189.448
55.3997 57.6751 8.99918 2.64613 189.419
55.4997 57.634 9.0289 2.64952 189.389
55.5997 57.5929 9.05864 2.65291 189.359
55.6997 57.5517 9.08843 2.65629 189.329
55.7997 57.5105 9.11825 2.65966 189.3
55.8997 57.4693 9.1481 2.66302 189.27
55.9997 57.4281 9.17799 2.66638 189.24
56.0997 57.3868 9.20792 2.66973 189.21
56.1997 57.3455 9.23788 2.67307 189.18
56.2997 57.3042 9.26787 2.67641 189.15
56.3997 57.2628 9.29791 2.67973 189.12
56.4997 57.2214 9.32797 2.68305 189.09
56.5997 57.18 9.35807 2.68637 189.06
56.6997 57.1386 9.38821 2.68967 189.03
56.7997 57.0971 9.41837 2.69297 188.999
56.8997 57.0556 9.44858 2.69626 188.969
56.9997 57.0141 9.47882 2.69955 188.939
57.0997 56.9725 9.50909 2.70282 188.909
57.1997 56.931 9.5394 2.70609 188.878
57.2997 56.8894 9.56974 2.70935 188.848
57.3997 56.8477 9.60011 2.7126 188.818
57.4997 56.8061 9.63052 2.71585 188.787
57.5997 56.7644 9.66096 2.71909 188.757
57.6997 56.7227 9.69144 2.72232 188.726
57.7997 56.6809 9.72195 2.72554 188.696
57.8997 56.6392 9.75249 2.72876 188.665
57.9997 56.5974 9.78307 2.73197 188.635
58.0997 56.5556 9.81368 2.73517 188.604
58.1997 56.5137 9.84432 2.73836 188.573
58.2997 56.4719 9.875 2.74155 188.543
58.3997 56.43 9.90571 2.74473 188.512
58.4997 56.3881 9.93645 2.7479 188.481
58.5997 56.3461 9.96723 2.75106 188.451
58.6997 56.3042 9.99804 2.75422 188.42
58.7997 56.2622 10.0289 2.75737 188.389
58.8997 56.2201 10.0598 2.76051 188.358
58.9997 56.1781 10.0907 2.76364 188.327
59.0997 56.136 10.1216 2.76676 188.296
59.1997 56.094 10.1526 2.76988 188.265
59.2997 56.0518 10.1836 2.77299 188.234
59.3997 56.0097 10.2146 2.77609 188.203
59.4997 55.9676 10.2457 2.77919 188.172
59.5997 55.9254 10.2768 2.78227 188.141
59.6997 55.8832 10.3079 2.78535 188.11
59.7997 55.8409 10.3391 2.78843 188.079
59.8997 55.7987 10.3703 2.79149 188.047
59.9997 55.7564 10.4015 2.79454 188.016
60.0997 55.7141 10.4327 2.79759 187.985
60.1997 55.6718 10.464 2.80063 187.954
60.2997 55.6294 10.4954 2.80367 187.922
60.3997 55.5871 10.5267 2.80669 187.891
60.4996 55.5447 10.5581 2.80971 187.86
60.5996 55.5023 10.5895 2.81272 187.828
60.6996 55.4598 10.621 2.81572 187.797
60.7996 55.4174 10.6524 2.81871 187.765
60.8996 55.3749 10.6839 2.8217 187.734
60.9996 55.3324 10.7155 2.82468 187.702
61.0996 55.2898 10.747 2.82765 187.671
61.1996 55.2473 10.7786 2.83061 187.639
61.2996 55.2047 10.8103 2.83356 187.607
61.3996 55.1621 10.8419 2.83651 187.576
61.4996 55.1195 10.8736 2.83945 187.544
61.5996 55.0769 10.9053 2.84238 187.512
61.6996 55.0342 10.9371 2.8453 187.481
61.7996 54.9916 10.9689 2.84822 187.449
61.8996 54.9489 11.0007 2.85112 187.417
61.9996 54.9061 11.0325 2.85402 187.385
62.0996 54.8634 11.0644 2.85691 187.353
62.1996 54.8206 11.0963 2.8598 187.321
62.2996 54.7779 11.1282 2.86267 187.29
62.3996 54.7351 11.1601 2.86554 187.258
62.4996 54.6922 11.1921 2.8684 187.226
62.5996 54.6494 11.2241 2.87125 187.194
62.6996 54.6065 11.2562 2.87409 187.162
62.7996 54.5637 11.2883 2.87693 187.13
62.8996 54.5208 11.3204 2.87975 187.097
62.9996 54.4778 11.3525 2.88257 187.065
63.0996 54.4349 11.3846 2.88538 187.033
63.1996 54.3919 11.4168 2.88819 187.001
63.2996 54.3489 11.449 2.89098 186.969
63.3996 54.3059 11.4813 2.89377 186.936
63.4996 54.2629 11.5136 2.89655 186.904
63.5996 54.2199 11.5459 2.89932 186.872
63.6996 54.1768 11.5782 2.90208 186.84
63.7996 54.1337 11.6105 2.90483 186.807
63.8996 54.0906 11.6429 2.90758 186.775
63.9996 54.0475 11.6753 2.91032 186.742
64.0996 54.0044 11.7078 2.91305 186.71
64.1996 53.9612 11.7402 2.91577 186.678
64.2996 53.9181 11.7727 2.91848 186.645
64.3996 53.8749 11.8053 2.92119 186.613
64.4996 53.8317 11.8378 2.92389 186.58
64.5996 53.7884 11.8704 2.92658 186.547
64.6996 53.7452 11.903 2.92926 186.515
64.7996 53.7019 11.9356 2.93193 186.482
64.8996 53.6586 11.9683 2.93459 186.449
64.9996 53.6153 12.0009 2.93725 186.417
65.0996 53.572 12.0337 2.9399 186.384
65.1996 53.5287 12.0664 2.94254 186.351
65.2996 53.4853 12.0992 2.94517 186.319
65.3996 53.442 12.1319 2.94779 186.286
65.4996 53.3986 12.1648 2.95041 186.253
65.5996 53.3552 12.1976 2.95301 186.22
65.6996 53.3117 12.2305 2.95561 186.187
65.7996 53.2683 12.2634 2.9582 186.154
65.8996 53.2248 12.2963 2.96078 186.121
65.9996 53.1814 12.3292 2.96336 186.089
66.0996 53.1379 12.3622 2.96592 186.056
66.1996 53.0944 12.3952 2.96848 186.023
66.2996 53.0508 12.4282 2.97103 185.99
66.3996 53.0073 12.4612 2.97357 185.957
66.4996 52.9637 12.4943 2.9761 185.923
66.5996 52.9201 12.5274 2.97862 185.89
66.6996 52.8765 12.5605 2.98114 185.857
66.7996 52.8329 12.5937 2.98364 185.824
66.8996 52.7893 12.6268 2.98614 185.791
66.9995 52.7457 12.66 2.98863 185.758
67.0995 52.702 12.6933 2.99111 185.725
67.1995 52.6583 12.7265 2.99358 185.691
67.2995 52.6146 12.7598 2.99605 185.658
67.3995 52.5709 12.7931 2.9985 185.625
67.4995 52.5272 12.8264 3.00095 185.591
67.5995 52.4835 12.8597 3.00339 185.558
67.6995 52.4397 12.8931 3.00582 185.525
67.7995 52.3959 12.9265 3.00824 185.491
67.8995 52.3521 12.9599 3.01065 185.458
67.9995 52.3083 12.9933 3.01306 185.424
68.0995 52.2645 13.0268 3.01545 185.391
68.1995 52.2207 13.0603 3.01784 185.357
68.2995 52.1768 13.0938 3.02022 185.324
68.3995 52.133 13.1273 3.02259 185.29
68.4995 52.0891 13.1609 3.02495 185.257
68.5995 52.0452 13.1944 3.02731 185.223
68.6995 52.0013 13.228 3.02965 185.19
68.7995 51.9573 13.2617 3.03199 185.156
68.8995 51.9134 13.2953 3.03431 185.122
68.9995 51.8694 13.329 3.03663 185.089
69.0995 51.8255 13.3627 3.03894 185.055
69.1995 51.7815 13.3964 3.04124 185.021
69.2995 51.7375 13.4301 3.04354 184.988
69.3995 51.6935 13.4639 3.04582 184.954
69.4995 51.6494 13.4977 3.0481 184.92
69.5995 51.6054 13.5315 3.05036 184.886
69.6995 51.5613 13.5653 3.05262 184.852
69.7995 51.5173 13.5991 3.05487 184.819
69.8995 51.4732 13.633 3.05711 184.785
69.9995 51.4291 13.6669 3.05935 184.751
70.0995 51.385 13.7008 3.06157 184.717
70.1995 51.3408 13.7347 3.06378 184.683
70.2995 51.2967 13.7687 3.06599 184.649
70.3995 51.2525 13.8027 3.06819 184.615
70.4995 51.2084 13.8366 3.07038 184.581
70.5995 51.1642 13.8707 3.07256 184.547
70.6995 51.12 13.9047 3.07473 184.513
70.7995 51.0758 13.9388 3.07689 184.479
70.8995 51.0315 13.9728 3.07904 184.445
70.9995 50.9873 14.0069 3.08119 184.411
71.0995 50.943 14.0411 3.08333 184.377
71.1995 50.8988 14.0752 3.08545 184.343
71.2995 50.8545 14.1094 3.08757 184.308
71.3995 50.8102 14.1435 3.08968 184.274
71.4995 50.7659 14.1777 3.09178 184.24
71.5995 50.7216 14.212 3.09387 184.206
71.6995 50.6772 14.2462 3.09596 184.172
71.7995 50.6329 14.2805 3.09803 184.137
71.8995 50.5885 14.3147 3.1001 184.103
71.9995 50.5441 14.349 3.10215 184.069
72.0995 50.4998 14.3834 3.1042 184.034
72.1995 50.4554 14.4177 3.10624 184
72.2995 50.4109 14.4521 3.10827 183.966
72.3995 50.3665 14.4864 3.11029 183.931
72.4995 50.3221 14.5208 3.1123 183.897
72.5995 50.2776 14.5552 3.11431 183.863
72.6995 50.2332 14.5897 3.1163 183.828
72.7995 50.1887 14.6241 3.11829 183.794
72.8995 50.1442 14.6586 3.12026 183.759
72.9995 50.0997 14.6931 3.12223 183.725
73.0995 50.0552 14.7276 3.12419 183.69
73.1995 50.0107 14.7621 3.12614 183.656
73.2995 49.9661 14.7967 3.12808 183.621
73.3995 49.9216 14.8312 3.13001 183.587
73.4995 49.877 14.8658 3.13193 183.552
73.5994 49.8325 14.9004 3.13385 183.517
73.6994 49.7879 14.935 3.13575 183.483
73.7994 49.7433 14.9697 3.13765 183.448
73.8994 49.6987 15.0043 3.13953 183.413
73.9994 49.654 15.039 3.14141 183.379
74.0994 49.6094 15.0737 3.14328 183.344
74.1994 49.5648 15.1084 3.14514 183.309
74.2994 49.5201 15.1431 3.14699 183.275
74.3994 49.4754 15.1778 3.14883 183.24
74.4994 49.4308 15.2126 3.15066 183.205
74.5994 49.3861 15.2474 3.15248 183.17
74.6994 49.3414 15.2822 3.1543 183.136
74.7994 49.2967 15.317 3.1561 183.101
74.8994 49.2519 15.3518 3.1579 183.066
74.9994 49.2072 15.3866 3.15968 183.031
75.0994 49.1624 15.4215 3.16146 182.996
75.1994 49.1177 15.4563 3.16323 182.961
75.2994 49.0729 15.4912 3.16499 182.927
75.3994 49.0281 15.5261 3.16674 182.892
75.4994 48.9833 15.5611 3.16848 182.857
75.5994 48.9385 15.596 3.17021 182.822
75.6994 48.8937 15.6309 3.17194 182.787
75.7994 48.8489 15.6659 3.17365 182.752
75.8994 48.8041 15.7009 3.17535 182.717
75.9994 48.7592 15.7359 3.17705 182.682
76.0994 48.7143 15.7709 3.17873 182.647
76.1994 48.6695 15.8059 3.18041 182.612
76.2994 48.6246 15.841 3.18208 182.577
76.3994 48.5797 15.876 3.18374 182.542
76.4994 48.5348 15.9111 3.18539 182.507
76.5994 48.4899 15.9462 3.18703 182.472
76.6994 48.445 15.9813 3.18866 182.436
76.7994 48.4 16.0164 3.19028 182.401
76.8994 48.3551 16.0515 3.19189 182.366
76.9994 48.3101 16.0867 3.19349 182.331
77.0994 48.2652 16.1218 3.19509 182.296
77.1994 48.2202 16.157 3.19667 182.261
77.2994 48.1752 16.1922 3.19825 182.226
77.3994 48.1302 16.2274 3.19981 182.19
77.4994 48.0852 16.2626 3.20137 182.155
77.5994 48.0402 16.2978 3.20291 182.12
77.6994 47.9952 16.3331 3.20445 182.085
77.7994 47.9502 16.3683 3.20598 182.049
77.8994 47.9051 16.4036 3.2075 182.014
77.9994 47.8601 16.4389 3.20901 181.979
78.0994 47.815 16.4742 3.21051 181.944
78.1994 47.7699 16.5095 3.212 181.908
78.2994 47.7248 16.5448 3.21348 181.873
78.3994 47.6797 16.5801 3.21496 181.838
78.4994 47.6346 16.6155 3.21642 181.802
78.5994 47.5895 16.6508 3.21787 181.767
78.6994 47.5444 16.6862 3.21932 181.732
78.7994 47.4993 16.7216 3.22075 181.696
78.8994 47.4541 16.757 3.22218 181.661
78.9994 47.409 16.7924 3.22359 181.625
79.0994 47.3638 16.8278 3.225 181.59
79.1994 47.3186 16.8632 3.2264 181.555
79.2994 47.2735 16.8987 3.22778 181.519
79.3994 47.2283 16.9341 3.22916 181.484
79.4994 47.1831 16.9696 3.23053 181.448
79.5994 47.1379 17.0051 3.23189 181.413
79.6994 47.0926 17.0405 3.23324 181.377
79.7994 47.0474 17.076 3.23458 181.342
79.8994 47.0022 17.1116 3.23591 181.306
79.9994 46.9569 17.1471 3.23723 181.271
80.0993 46.9117 17.1826 3.23855 181.235
80.1993 46.8664 17.2182 3.23985 181.2
80.2993 46.8211 17.2537 3.24114 181.164
80.3993 46.7759 17.2893 3.24243 181.128
80.4993 46.7306 17.3248 3.2437 181.093
80.5993 46.6853 17.3604 3.24496 181.057
80.6993 46.64 17.396 3.24622 181.022
80.7993 46.5946 17.4316 3.24747 180.986
80.8993 46.5493 17.4673 3.2487 180.951
80.9993 46.504 17.5029 3.24993 180.915
81.0993 46.4586 17.5385 3.25114 180.879
81.1993 46.4133 17.5742 3.25235 180.844
81.2993 46.3679 17.6098 3.25355 180.808
81.3993 46.3226 17.6455 3.25474 180.772
81.4993 46.2772 17.6812 3.25592 180.737
81.5993 46.2318 17.7168 3.25709 180.701
81.6993 46.1864 17.7525 3.25825 180.665
81.7993 46.141 17.7882 3.2594 180.63
81.8993 46.0956 17.8239 3.26054 180.594
81.9993 46.0502 17.8597 3.26167 180.558
82.0993 46.0047 17.8954 3.26279 180.522
82.1993 45.9593 17.9311 3.2639 180.487
82.2993 45.9139 17.9669 3.265 180.451
82.3993 45.8684 18.0026 3.26609 180.415
82.4993 45.8229 18.0384 3.26718 180.379
82.5993 45.7775 18.0742 3.26825 180.344
82.6993 45.732 18.1099 3.26931 180.308
82.7993 45.6865 18.1457 3.27037 180.272
82.8993 45.641 18.1815 3.27141 180.236
82.9993 45.5955 18.2173 3.27244 180.2
83.0993 45.55 18.2531 3.27347 180.165
83.1993 45.5045 18.289 3.27448 180.129
83.2993 45.459 18.3248 3.27549 180.093
83.3993 45.4134 18.3606 3.27649 180.057
83.4993 45.3679 18.3965 3.27747 180.021
83.5993 45.3223 18.4323 3.27845 179.985
83.6993 45.2768 18.4682 3.27941 179.95
83.7993 45.2312 18.504 3.28037 179.914
83.8993 45.1856 18.5399 3.28132 179.878
83.9993 45.1401 18.5758 3.28226 179.842
84.0993 45.0945 18.6116 3.28318 179.806
84.1993 45.0489 18.6475 3.2841 179.77
84.2993 45.0033 18.6834 3.28501 179.734
84.3993 44.9577 18.7193 3.28591 179.698
84.4993 44.912 18.7552 3.2868 179.663
84.5993 44.8664 18.7911 3.28768 179.627
84.6993 44.8208 18.8271 3.28854 179.591
84.7993 44.7751 18.863 3.2894 179.555
84.8993 44.7295 18.8989 3.29025 179.519
84.9993 44.6838 18.9348 3.29109 179.483
85.0993 44.6382 18.9708 3.29192 179.447
85.1993 44.5925 19.0067 3.29274 179.411
85.2993 44.5468 19.0427 3.29355 179.375
85.3993 44.5011 19.0786 3.29435 179.339
85.4993 44.4554 19.1146 3.29515 179.303
85.5993 44.4097 19.1506 3.29593 179.267
85.6993 44.364 19.1865 3.2967 179.231
85.7993 44.3183 19.2225 3.29746 179.195
85.8993 44.2726 19.2585 3.29821 179.159
85.9993 44.2269 19.2945 3.29895 179.123
86.0993 44.1811 19.3305 3.29969 179.087
86.1993 44.1354 19.3665 3.30041 179.051
86.2993 44.0897 19.4025 3.30112 179.015
86.3993 44.0439 19.4385 3.30182 178.979
86.4993 43.9981 19.4745 3.30251 178.943
86.5993 43.9524 19.5105 3.3032 178.907
86.6992 43.9066 19.5465 3.30387 178.871
86.7992 43.8608 19.5825 3.30453 178.835
86.8992 43.815 19.6185 3.30519 178.799
86.9992 43.7692 19.6546 3.30583 178.763
87.0992 43.7234 19.6906 3.30646 178.727
87.1992 43.6776 19.7266 3.30709 178.691
87.2992 43.6318 19.7627 3.3077 178.655
87.3992 43.586 19.7987 3.3083 178.619
87.4992 43.5401 19.8347 3.3089 178.583
87.5992 43.4943 19.8708 3.30948 178.547
87.6992 43.4484 19.9068 3.31005 178.511
87.7992 43.4026 19.9429 3.31062 178.475
87.8992 43.3567 19.9789 3.31117 178.439
87.9992 43.3109 20.015 3.31172 178.403
88.0992 43.265 20.051 3.31225 178.367
88.1992 43.2191 20.0871 3.31277 178.331
88.2992 43.1732 20.1231 3.31329 178.295
88.3992 43.1273 20.1592 3.31379 178.259
88.4992 43.0814 20.1953 3.31429 178.223
88.5992 43.0355 20.2313 3.31477 178.186
88.6992 42.9896 20.2674 3.31525 178.15
88.7992 42.9437 20.3035 3.31571 178.114
88.8992 42.8978 20.3395 3.31617 178.078
88.9992 42.8519 20.3756 3.31661 178.042
89.0992 42.8059 20.4117 3.31704 178.006
89.1992 42.76 20.4477 3.31747 177.97
89.2992 42.714 20.4838 3.31788 177.934
89.3992 42.6681 20.5199 3.31829 177.898
89.4992 42.6221 20.556 3.31868 177.862
89.5992 42.5762 20.592 3.31907 177.826
89.6992 42.5302 20.6281 3.31944 177.79
89.7992 42.4842 20.6642 3.31981 177.754
89.8992 42.4382 20.7003 3.32016 177.718
89.9992 42.3922 20.7363 3.32051 177.681
90.0992 42.3462 20.7724 3.32084 177.645
90.1992 42.3002 20.8085 3.32117 177.609
90.2992 42.2542 20.8446 3.32148 177.573
90.3992 42.2082 20.8806 3.32178 177.537
90.4992 42.1622 20.9167 3.32208 177.501
90.5992 42.1162 20.9528 3.32236 177.465
90.6992 42.0701 20.9889 3.32264 177.429
90.7992 42.0241 21.0249 3.3229 177.393
90.8992 41.9781 21.061 3.32316 177.357
90.9992 41.932 21.0971 3.3234 177.321
91.0992 41.886 21.1331 3.32363 177.285
91.1992 41.8399 21.1692 3.32386 177.249
91.2992 41.7938 21.2053 3.32407 177.212
91.3992 41.7478 21.2413 3.32428 177.176
91.4992 41.7017 21.2774 3.32447 177.14
91.5992 41.6556 21.3135 3.32465 177.104
91.6992 41.6095 21.3495 3.32483 177.068
91.7992 41.5634 21.3856 3.32499 177.032
91.8992 41.5173 21.4216 3.32514 176.996
91.9992 41.4712 21.4577 3.32529 176.96
92.0992 41.4251 21.4937 3.32542 176.924
92.1992 41.379 21.5298 3.32554 176.888
92.2992 41.3329 21.5658 3.32566 176.852
92.3992 41.2867 21.6019 3.32576 176.816
92.4992 41.2406 21.6379 3.32585 176.78
92.5992 41.1945 21.674 3.32594 176.744
92.6992 41.1483 21.71 3.32601 176.708
92.7992 41.1022 21.746 3.32607 176.672
92.8992 41.056 21.7821 3.32612 176.636
92.9992 41.0098 21.8181 3.32617 176.6
93.0992 40.9637 21.8541 3.3262 176.564
93.1992 40.9175 21.8901 3.32622 176.528
93.2991 40.8713 21.9262 3.32623 176.492
93.3991 40.8252 21.9622 3.32623 176.456
93.4991 40.779 21.9982 3.32622 176.42
93.5991 40.7328 22.0342 3.32621 176.384
93.6991 40.6866 22.0702 3.32618 176.348
93.7991 40.6404 22.1062 3.32614 176.312
93.8991 40.5942 22.1422 3.32609 176.276
93.9991 40.548 22.1782 3.32603 176.24
94.0991 40.5017 22.2142 3.32596 176.204
94.1991 40.4555 22.2501 3.32588 176.168
94.2991 40.4093 22.2861 3.32579 176.132
94.3991 40.3631 22.3221 3.32569 176.096
94.4991 40.3168 22.3581 3.32558 176.06
94.5991 40.2706 22.394 3.32546 176.024
94.6991 40.2243 22.43 3.32533 175.988
94.7991 40.1781 22.4659 3.32519 175.952
94.8991 40.1318 22.5019 3.32504 175.916
94.9991 40.0856 22.5378 3.32488 175.88
95.0991 40.0393 22.5738 3.32471 175.844
95.1991 39.993 22.6097 3.32452 175.808
95.2991 39.9467 22.6456 3.32433 175.772
95.3991 39.9004 22.6815 3.32413 175.736
95.4991 39.8542 22.7174 3.32392 175.7
95.5991 39.8079 22.7533 3.3237 175.664
95.6991 39.7616 22.7892 3.32346 175.629
95.7991 39.7153 22.8251 3.32322 175.593
95.8991 39.669 22.861 3.32297 175.557
95.9991 39.6227 22.8969 3.32271 175.521
96.0991 39.5763 22.9328 3.32243 175.485
96.1991 39.53 22.9687 3.32215 175.449
96.2991 39.4837 23.0045 3.32186 175.413
96.3991 39.4374 23.0404 3.32155 175.377
96.4991 39.391 23.0762 3.32124 175.342
96.5991 39.3447 23.1121 3.32091 175.306
96.6991 39.2983 23.1479 3.32058 175.27
96.7991 39.252 23.1837 3.32023 175.234
96.8991 39.2056 23.2195 3.31988 175.198
96.9991 39.1593 23.2553 3.31951 175.162
97.0991 39.1129 23.2911 3.31914 175.127
97.1991 39.0665 23.3269 3.31875 175.091
97.2991 39.0202 23.3627 3.31836 175.055
97.3991 38.9738 23.3985 3.31795 175.019
97.4991 38.9274 23.4343 3.31753 174.983
97.5991 38.881 23.47 3.31711 174.948
97.6991 38.8346 23.5058 3.31667 174.912
97.7991 38.7883 23.5415 3.31622 174.876
97.8991 38.7419 23.5773 3.31577 174.84
97.9991 38.6955 23.613 3.3153 174.805
98.0991 38.649 23.6487 3.31482 174.769
98.1991 38.6026 23.6844 3.31433 174.733
98.2991 38.5562 23.7201 3.31383 174.698
98.3991 38.5098 23.7558 3.31332 174.662
98.4991 38.4634 23.7915 3.3128 174.626
98.5991 38.4169 23.8272 3.31228 174.591
98.6991 38.3705 23.8629 3.31174 174.555
98.7991 38.3241 23.8985 3.31119 174.519
98.8991 38.2776 23.9342 3.31063 174.484
98.9991 38.2312 23.9698 3.31006 174.448
99.0991 38.1847 24.0054 3.30947 174.412
99.1991 38.1383 24.041 3.30888 174.377
99.2991 38.0918 24.0766 3.30828 174.341
99.3991 38.0454 24.1122 3.30767 174.306
99.4991 37.9989 24.1478 3.30705 174.27
99.5991 37.9524 24.1834 3.30642 174.234
99.6991 37.9059 24.219 3.30578 174.199
99.799 37.8595 24.2545 3.30512 174.163
99.899 37.813 24.2901 3.30446 174.128
99.999 37.7665 24.3256 3.30379 174.092
100.099 37.72 24.3611 3.3031 174.057
100.199 37.6735 24.3966 3.30241 174.021
100.299 37.627 24.4321 3.30171 173.986
100.399 37.5805 24.4676 3.30099 173.95
100.499 37.534 24.5031 3.30027 173.915
100.599 37.4875 24.5386 3.29953 173.879
100.699 37.441 24.574 3.29879 173.844
100.799 37.3945 24.6095 3.29803 173.808
100.899 37.3479 24.6449 3.29727 173.773
100.999 37.3014 24.6803 3.29649 173.737
101.099 37.2549 24.7157 3.2957 173.702
101.199 37.2083 24.7511 3.29491 173.667
101.299 37.1618 24.7865 3.2941 173.631
101.399 37.1153 24.8219 3.29328 173.596
101.499 37.0687 24.8572 3.29245 173.561
101.599 37.0222 24.8926 3.29162 173.525
101.699 36.9756 24.9279 3.29077 173.49
101.799 36.929 24.9632 3.28991 173.455
101.899 36.8825 24.9985 3.28904 173.419
101.999 36.8359 25.0338 3.28816 173.384
102.099 36.7894 25.0691 3.28727 173.349
102.199 36.7428 25.1044 3.28637 173.313
102.299 36.6962 25.1396 3.28546 173.278
102.399 36.6496 25.1749 3.28454 173.243
102.499 36.603 25.2101 3.28361 173.208
102.599 36.5564 25.2453 3.28267 173.172
102.699 36.5099 25.2805 3.28172 173.137
102.799 36.4633 25.3157 3.28076 173.102
102.899 36.4167 25.3509 3.27979 173.067
102.999 36.3701 25.386 3.27881 173.032
103.099 36.3235 25.4212 3.27781 172.997
103.199 36.2768 25.4563 3.27681 172.961
103.299 36.2302 25.4914 3.2758 172.926
103.399 36.1836 25.5265 3.27477 172.891
103.499 36.137 25.5616 3.27374 172.856
103.599 36.0904 25.5967 3.2727 172.821
103.699 36.0437 25.6317 3.27164 172.786
103.799 35.9971 25.6668 3.27058 172.751
103.899 35.9505 25.7018 3.2695 172.716
103.999 35.9038 25.7368 3.26842 172.681
104.099 35.8572 25.7718 3.26732 172.646
104.199 35.8106 25.8068 3.26622 172.611
104.299 35.7639 25.8417 3.2651 172.576
104.399 35.7173 25.8767 3.26398 172.541
104.499 35.6706 25.9116 3.26284 172.506
104.599 35.6239 25.9465 3.26169 172.471
104.699 35.5773 25.9815 3.26054 172.436
104.799 35.5306 26.0163 3.25937 172.401
104.899 35.4839 26.0512 3.25819 172.367
104.999 35.4373 26.0861 3.257 172.332
105.099 35.3906 26.1209 3.2558 172.297
105.199 35.3439 26.1557 3.2546 172.262
105.299 35.2972 26.1905 3.25338 172.227
105.399 35.2506 26.2253 3.25215 172.192
105.499 35.2039 26.2601 3.25091 172.158
105.599 35.1572 26.2948 3.24966 172.123
105.699 35.1105 26.3296 3.2484 172.088
105.799 35.0638 26.3643 3.24713 172.053
105.899 35.0171 26.399 3.24585 172.019
105.999 34.9704 26.4337 3.24456 171.984
106.099 34.9237 26.4684 3.24326 171.949
106.199 34.877 26.503 3.24194 171.915
106.299 34.8302 26.5377 3.24062 171.88
106.399 34.7835 26.5723 3.23929 171.845
106.499 34.7368 26.6069 3.23795 171.811
106.599 34.6901 26.6414 3.2366 171.776
106.699 34.6434 26.676 3.23523 171.742
106.799 34.5966 26.7106 3.23386 171.707
106.899 34.5499 26.7451 3.23248 171.673
106.999 34.5032 26.7796 3.23108 171.638
107.099 34.4564 26.8141 3.22968 171.604
107.199 34.4097 26.8486 3.22826 171.569
107.299 34.3629 26.883 3.22684 171.535
107.399 34.3162 26.9174 3.2254 171.5
107.499 34.2694 26.9519 3.22396 171.466
107.599 34.2227 26.9863 3.2225 171.432
107.699 34.1759 27.0206 3.22104 171.397
107.799 34.1292 27.055 3.21956 171.363
107.899 34.0824 27.0893 3.21808 171.328
107.999 34.0356 27.1236 3.21658 171.294
108.099 33.9889 27.1579 3.21507 171.26
108.199 33.9421 27.1922 3.21356 171.226
108.299 33.8953 27.2265 3.21203 171.191
108.399 33.8485 27.2607 3.21049 171.157
108.499 33.8018 27.295 3.20894 171.123
108.599 33.755 27.3292 3.20739 171.089
108.699 33.7082 27.3633 3.20582 171.054
108.799 33.6614 27.3975 3.20424 171.02
108.899 33.6146 27.4316 3.20265 170.986
108.999 33.5678 27.4658 3.20105 170.952
109.099 33.521 27.4999 3.19944 170.918
109.199 33.4742 27.5339 3.19782 170.884
109.299 33.4274 27.568 3.19619 170.85
109.399 33.3806 27.602 3.19455 170.816
109.499 33.3338 27.6361 3.1929 170.782
109.599 33.287 27.67 3.19124 170.748
109.699 33.2402 27.704 3.18957 170.714
109.799 33.1933 27.738 3.18789 170.68
109.899 33.1465 27.7719 3.1862 170.646
109.999 33.0997 27.8058 3.1845 170.612
110.099 33.0529 27.8397 3.18279 170.578
110.199 33.006 27.8736 3.18107 170.544
110.299 32.9592 27.9074 3.17933 170.51
110.399 32.9124 27.9412 3.17759 170.477
110.499 32.8655 27.975 3.17584 170.443
110.599 32.8187 28.0088 3.17408 170.409
110.699 32.7718 28.0426 3.1723 170.375
110.799 32.725 28.0763 3.17052 170.341
110.899 32.6781 28.11 3.16873 170.308
110.999 32.6313 28.1437 3.16692 170.274
111.099 32.5844 28.1774 3.16511 170.24
111.199 32.5376 28.211 3.16329 170.207
111.299 32.4907 28.2447 3.16145 170.173
111.399 32.4439 28.2783 3.15961 170.139
111.499 32.397 28.3118 3.15776 170.106
111.599 32.3501 28.3454 3.15589 170.072
111.699 32.3033 28.3789 3.15402 170.039
111.799 32.2564 28.4124 3.15213 170.005
111.899 32.2095 28.4459 3.15024 169.972
111.999 32.1626 28.4794 3.14833 169.938
112.099 32.1158 28.5128 3.14642 169.905
112.199 32.0689 28.5462 3.14449 169.872
112.299 32.022 28.5796 3.14255 169.838
112.399 31.9751 28.613 3.14061 169.805
112.499 31.9282 28.6463 3.13865 169.771
112.599 31.8813 28.6796 3.13669 169.738
112.699 31.8344 28.7129 3.13471 169.705
112.799 31.7875 28.7462 3.13272 169.672
112.899 31.7406 28.7794 3.13073 169.638
112.999 31.6937 28.8127 3.12872 169.605
113.099 31.6468 28.8459 3.1267 169.572
113.199 31.5999 28.879 3.12468 169.539
113.299 31.553 28.9122 3.12264 169.506
113.399 31.5061 28.9453 3.12059 169.472
113.499 31.4592 28.9784 3.11854 169.439
113.599 31.4123 29.0115 3.11647 169.406
113.699 31.3654 29.0445 3.11439 169.373
113.799 31.3184 29.0775 3.1123 169.34
113.899 31.2715 29.1105 3.11021 169.307
113.999 31.2246 29.1435 3.1081 169.274
114.099 31.1777 29.1764 3.10598 169.241
114.199 31.1307 29.2094 3.10385 169.208
114.299 31.0838 29.2423 3.10171 169.176
114.399 31.0369 29.2751 3.09957 169.143
114.499 30.9899 29.308 3.09741 169.11
114.599 30.943 29.3408 3.09524 169.077
114.699 30.896 29.3736 3.09306 169.044
114.799 30.8491 29.4063 3.09087 169.011
114.899 30.8021 29.4391 3.08867 168.979
114.999 30.7552 29.4718 3.08647 168.946
115.099 30.7082 29.5045 3.08425 168.913
115.199 30.6613 29.5371 3.08202 168.881
115.299 30.6143 29.5697 3.07978 168.848
115.399 30.5674 29.6023 3.07753 168.815
115.499 30.5204 29.6349 3.07527 168.783
115.599 30.4734 29.6675 3.073 168.75
115.699 30.4265 29.7 3.07072 168.718
115.799 30.3795 29.7325 3.06844 168.685
115.899 30.3325 29.7649 3.06614 168.653
115.999 30.2856 29.7974 3.06383 168.62
116.099 30.2386 29.8298 3.06151 168.588
116.199 30.1916 29.8622 3.05918 168.556
116.299 30.1446 29.8945 3.05684 168.523
116.399 30.0977 29.9269 3.05449 168.491
116.499 30.0507 29.9592 3.05213 168.459
116.599 30.0037 29.9914 3.04976 168.426
116.699 29.9567 30.0237 3.04739 168.394
116.799 29.9097 30.0559 3.045 168.362
116.899 29.8627 30.0881 3.0426 168.33
116.999 29.8157 30.1202 3.04019 168.298
117.099 29.7687 30.1524 3.03777 168.265
117.199 29.7217 30.1845 3.03534 168.233
117.299 29.6747 30.2165 3.0329 168.201
117.399 29.6277 30.2486 3.03045 168.169
117.499 29.5807 30.2806 3.028 168.137
117.599 29.5337 30.3126 3.02553 168.105
117.699 29.4867 30.3445 3.02305 168.073
117.799 29.4397 30.3765 3.02056 168.041
117.899 29.3927 30.4084 3.01806 168.009
117.999 29.3457 30.4402 3.01555 167.978
118.099 29.2987 30.4721 3.01304 167.946
118.199 29.2517 30.5039 3.01051 167.914
118.299 29.2046 30.5357 3.00797 167.882
118.399 29.1576 30.5674 3.00542 167.85
118.499 29.1106 30.5991 3.00287 167.819
118.599 29.0636 30.6308 3.0003 167.787
118.699 29.0165 30.6625 2.99772 167.755
118.799 28.9695 30.6941 2.99513 167.724
118.899 28.9225 30.7257 2.99254 167.692
118.999 28.8754 30.7573 2.98993 167.66
119.099 28.8284 30.7888 2.98731 167.629
119.199 28.7814 30.8203 2.98469 167.597
119.299 28.7343 30.8518 2.98205 167.566
119.399 28.6873 30.8832 2.9794 167.535
119.499 28.6402 30.9146 2.97675 167.503
119.599 28.5932 30.946 2.97408 167.472
119.699 28.5462 30.9774 2.97141 167.44
119.799 28.4991 31.0087 2.96872 167.409
119.899 28.4521 31.04 2.96602 167.378
119.999 28.405 31.0713 2.96332 167.347
120.099 28.3579 31.1025 2.9606 167.315
120.199 28.3109 31.1337 2.95788 167.284
120.299 28.2638 31.1648 2.95514 167.253
120.399 28.2168 31.196 2.9524 167.222
120.499 28.1697 31.2271 2.94965 167.191
120.599 28.1226 31.2581 2.94688 167.16
120.699 28.0756 31.2892 2.94411 167.129
120.799 28.0285 31.3202 2.94133 167.098
120.899 27.9814 31.3511 2.93853 167.067
120.999 27.9344 31.3821 2.93573 167.036
121.099 27.8873 31.413 2.93292 167.005
121.199 27.8402 31.4439 2.93009 166.974
121.299 27.7931 31.4747 2.92726 166.943
121.399 27.7461 31.5055 2.92442 166.912
121.499 27.699 31.5363 2.92157 166.881
121.599 27.6519 31.567 2.91871 166.851
121.699 27.6048 31.5978 2.91584 166.82
121.799 27.5577 31.6284 2.91296 166.789
121.899 27.5106 31.6591 2.91007 166.759
121.999 27.4636 31.6897 2.90717 166.728
122.099 27.4165 31.7203 2.90426 166.698
122.199 27.3694 31.7508 2.90134 166.667
122.299 27.3223 31.7813 2.89841 166.636
122.399 27.2752 31.8118 2.89547 166.606
122.499 27.2281 31.8422 2.89252 166.576
122.599 27.181 31.8726 2.88957 166.545
122.699 27.1339 31.903 2.8866 166.515
122.799 27.0868 31.9334 2.88362 166.484
122.899 27.0397 31.9637 2.88064 166.454
122.999 26.9926 31.9939 2.87764 166.424
123.099 26.9455 32.0242 2.87463 166.394
123.199 26.8984 32.0544 2.87162 166.363
123.299 26.8512 32.0846 2.86859 166.333
123.399 26.8041 32.1147 2.86556 166.303
123.499 26.757 32.1448 2.86252 166.273
123.599 26.7099 32.1749 2.85946 166.243
123.699 26.6628 32.2049 2.8564 166.213
123.799 26.6157 32.2349 2.85333 166.183
123.899 26.5685 32.2648 2.85024 166.153
123.999 26.5214 32.2948 2.84715 166.123
124.099 26.4743 32.3247 2.84405 166.093
124.199 26.4272 32.3545 2.84094 166.063
124.299 26.38 32.3843 2.83782 166.033
124.399 26.3329 32.4141 2.83469 166.004
124.499 26.2858 32.4439 2.83155 165.974
124.599 26.2387 32.4736 2.8284 165.944
124.699 26.1915 32.5033 2.82524 165.915
124.799 26.1444 32.5329 2.82208 165.885
124.899 26.0972 32.5625 2.8189 165.855
124.999 26.0501 32.5921 2.81571 165.826
125.099 26.003 32.6216 2.81252 165.796
125.199 25.9558 32.6511 2.80931 165.767
125.299 25.9087 32.6806 2.8061 165.737
125.399 25.8615 32.71 2.80287 165.708
125.499 25.8144 32.7394 2.79964 165.678
125.599 25.7672 32.7687 2.7964 165.649
125.699 25.7201 32.7981 2.79315 165.62
125.799 25.6729 32.8273 2.78988 165.59
125.899 25.6258 32.8566 2.78661 165.561
125.999 25.5786 32.8858 2.78333 165.532
126.099 25.5315 32.9149 2.78004 165.503
126.199 25.4843 32.9441 2.77674 165.474
126.299 25.4372 32.9732 2.77344 165.445
126.399 25.39 33.0022 2.77012 165.416
126.499 25.3429 33.0312 2.76679 165.387
126.599 25.2957 33.0602 2.76345 165.358
126.699 25.2485 33.0892 2.76011 165.329
126.799 25.2014 33.1181 2.75675 165.3
126.899 25.1542 33.1469 2.75339 165.271
126.999 25.107 33.1758 2.75002 165.242
127.099 25.0599 33.2046 2.74663 165.213
127.199 25.0127 33.2333 2.74324 165.184
127.299 24.9655 33.262 2.73984 165.156
127.399 24.9183 33.2907 2.73643 165.127
127.499 24.8712 33.3194 2.73301 165.098
127.599 24.824 33.348 2.72958 165.07
127.699 24.7768 33.3765 2.72614 165.041
127.799 24.7296 33.405 2.7227 165.013
127.899 24.6825 33.4335 2.71924 164.984
127.999 24.6353 33.462 2.71577 164.956
128.099 24.5881 33.4904 2.7123 164.927
128.199 24.5409 33.5188 2.70881 164.899
128.299 24.4937 33.5471 2.70532 164.871
128.399 24.4465 33.5754 2.70182 164.842
128.499 24.3993 33.6036 2.69831 164.814
128.599 24.3521 33.6319 2.69479 164.786
128.699 24.3049 33.66 2.69126 164.758
128.799 24.2577 33.6882 2.68772 164.73
128.899 24.2105 33.7163 2.68417 164.701
128.999 24.1634 33.7443 2.68061 164.673
129.099 24.1162 33.7724 2.67704 164.645
129.199 24.0689 33.8003 2.67347 164.617
129.299 24.0217 33.8283 2.66988 164.589
129.399 23.9745 33.8562 2.66629 164.562
129.499 23.9273 33.884 2.66269 164.534
129.599 23.8801 33.9118 2.65908 164.506
129.699 23.8329 33.9396 2.65546 164.478
129.799 23.7857 33.9674 2.65183 164.45
129.899 23.7385 33.9951 2.64819 164.423
129.999 23.6913 34.0227 2.64454 164.395
130.099 23.6441 34.0503 2.64088 164.367
130.199 23.5969 34.0779 2.63722 164.34
130.299 23.5496 34.1055 2.63354 164.312
130.399 23.5024 34.1329 2.62986 164.285
130.499 23.4552 34.1604 2.62617 164.257
130.599 23.408 34.1878 2.62247 164.23
130.699 23.3608 34.2152 2.61876 164.203
130.799 23.3136 34.2425 2.61504 164.175
130.899 23.2663 34.2698 2.61131 164.148
130.999 23.2191 34.2971 2.60757 164.121
131.099 23.1719 34.3243 2.60383 164.093
131.199 23.1247 34.3514 2.60007 164.066
131.299 23.0774 34.3786 2.59631 164.039
131.399 23.0302 34.4056 2.59254 164.012
131.499 22.983 34.4327 2.58875 163.985
131.599 22.9357 34.4597 2.58496 163.958
131.699 22.8885 34.4867 2.58117 163.931
131.799 22.8413 34.5136 2.57736 163.904
131.899 22.794 34.5404 2.57354 163.877
131.999 22.7468 34.5673 2.56972 163.85
132.099 22.6996 34.5941 2.56588 163.824
132.199 22.6523 34.6208 2.56204 163.797
132.299 22.6051 34.6475 2.55819 163.77
132.399 22.5578 34.6742 2.55433 163.744
132.499 22.5106 34.7008 2.55046 163.717
132.599 22.4634 34.7274 2.54658 163.69
132.699 22.4161 34.7539 2.5427 163.664
132.799 22.3689 34.7804 2.5388 163.637
132.899 22.3216 34.8069 2.5349 163.611
132.999 22.2744 34.8333 2.53098 163.584
133.099 22.2271 34.8596 2.52706 163.558
133.199 22.1799 34.886 2.52313 163.532
133.299 22.1326 34.9122 2.5192 163.506
133.399 22.0854 34.9385 2.51525 163.479
133.499 22.0381 34.9647 2.51129 163.453
133.599 21.9909 34.9908 2.50733 163.427
133.699 21.9436 35.0169 2.50336 163.401
133.799 21.8963 35.043 2.49938 163.375
133.899 21.8491 35.069 2.49539 163.349
133.999 21.8018 35.095 2.49139 163.323
134.099 21.7546 35.1209 2.48738 163.297
134.199 21.7073 35.1468 2.48336 163.271
134.299 21.6601 35.1726 2.47934 163.245
134.399 21.6128 35.1984 2.47531 163.219
134.499 21.5655 35.2242 2.47127 163.194
134.599 21.5183 35.2499 2.46722 163.168
134.699 21.471 35.2756 2.46316 163.142
134.799 21.4237 35.3012 2.45909 163.117
134.899 21.3765 35.3268 2.45502 163.091
134.999 21.3292 35.3523 2.45093 163.065
135.099 21.2819 35.3778 2.44684 163.04
135.199 21.2346 35.4032 2.44274 163.015
135.299 21.1874 35.4286 2.43863 162.989
135.399 21.1401 35.454 2.43452 162.964
135.499 21.0928 35.4793 2.43039 162.938
135.599 21.0456 35.5046 2.42626 162.913
135.699 20.9983 35.5298 2.42212 162.888
135.799 20.951 35.555 2.41797 162.863
135.899 20.9037 35.5801 2.41381 162.838
135.999 20.8564 35.6052 2.40964 162.813
136.099 20.8092 35.6302 2.40546 162.788
136.199 20.7619 35.6552 2.40128 162.763
136.299 20.7146 35.6802 2.39709 162.738
136.399 20.6673 35.7051 2.39289 162.713
136.499 20.62 35.7299 2.38868 162.688
136.599 20.5727 35.7547 2.38446 162.663
136.699 20.5255 35.7795 2.38024 162.638
136.799 20.4782 35.8042 2.37601 162.614
136.899 20.4309 35.8289 2.37176 162.589
136.999 20.3836 35.8535 2.36752 162.564
137.099 20.3363 35.8781 2.36326 162.54
137.199 20.289 35.9026 2.35899 162.515
137.299 20.2417 35.9271 2.35472 162.491
137.399 20.1944 35.9516 2.35044 162.466
137.499 20.1471 35.976 2.34615 162.442
137.599 20.0998 36.0003 2.34185 162.417
137.699 20.0525 36.0246 2.33754 162.393
137.799 20.0052 36.0489 2.33323 162.369
137.899 19.958 36.0731 2.3289 162.345
137.999 19.9107 36.0973 2.32457 162.32
138.099 19.8634 36.1214 2.32023 162.296
138.199 19.8161 36.1455 2.31589 162.272
138.299 19.7688 36.1695 2.31153 162.248
138.399 19.7214 36.1935 2.30717 162.224
138.499 19.6741 36.2174 2.3028 162.2
138.599 19.6268 36.2413 2.29842 162.176
138.699 19.5795 36.2651 2.29403 162.153
138.799 19.5322 36.2889 2.28964 162.129
138.899 19.4849 36.3126 2.28524 162.105
138.999 19.4376 36.3363 2.28083 162.081
139.099 19.3903 36.36 2.27641 162.058
139.199 19.343 36.3836 2.27198 162.034
139.299 19.2957 36.4071 2.26755 162.011
139.399 19.2484 36.4306 2.26311 161.987
139.499 19.2011 36.4541 2.25866 161.964
139.599 19.1538 36.4775 2.2542 161.94
139.699 19.1064 36.5009 2.24973 161.917
139.799 19.0591 36.5242 2.24526 161.894
139.899 19.0118 36.5474 2.24078 161.87
139.999 18.9645 36.5706 2.23629 161.847
140.099 18.9172 36.5938 2.23179 161.824
140.199 18.8699 36.6169 2.22729 161.801
140.299 18.8225 36.64 2.22278 161.778
140.399 18.7752 36.663 2.21826 161.755
140.499 18.7279 36.686 2.21373 161.732
140.599 18.6806 36.7089 2.20919 161.709
140.699 18.6333 36.7318 2.20465 161.686
140.799 18.5859 36.7546 2.2001 161.663
140.899 18.5386 36.7774 2.19554 161.64
140.999 18.4913 36.8001 2.19097 161.618
141.099 18.444 36.8228 2.1864 161.595
141.199 18.3966 36.8454 2.18182 161.572
141.299 18.3493 36.868 2.17723 161.55
141.399 18.302 36.8906 2.17263 161.527
141.499 18.2547 36.913 2.16803 161.505
141.599 18.2073 36.9355 2.16342 161.482
141.699 18.16 36.9579 2.1588 161.46
141.799 18.1127 36.9802 2.15417 161.438
141.899 18.0653 37.0025 2.14954 161.415
141.999 18.018 37.0247 2.1449 161.393
142.099 17.9707 37.0469 2.14025 161.371
142.199 17.9233 37.069 2.13559 161.349
142.299 17.876 37.0911 2.13093 161.327
142.399 17.8287 37.1132 2.12625 161.305
142.499 17.7813 37.1352 2.12158 161.283
142.6 17.734 37.1571 2.11689 161.261
142.7 17.6867 37.179 2.1122 161.239
142.8 17.6393 37.2008 2.10749 161.217
142.9 17.592 37.2226 2.10279 161.195
143 17.5446 37.2444 2.09807 161.173
143.1 17.4973 37.266 2.09335 161.152
143.2 17.45 37.2877 2.08862 161.13
143.3 17.4026 37.3093 2.08388 161.108
143.4 17.3553 37.3308 2.07913 161.087
143.5 17.3079 37.3523 2.07438 161.065
143.6 17.2606 37.3737 2.06962 161.044
143.7 17.2132 37.3951 2.06485 161.023
143.8 17.1659 37.4164 2.06008 161.001
143.9 17.1186 37.4377 2.0553 160.98
144 17.0712 37.459 2.05051 160.959
144.1 17.0239 37.4801 2.04571 160.938
144.2 16.9765 37.5013 2.04091 160.916
144.3 16.9292 37.5223 2.0361 160.895
144.4 16.8818 37.5434 2.03128 160.874
144.5 16.8345 37.5643 2.02646 160.853
144.6 16.7871 37.5853 2.02163 160.832
144.7 16.7398 37.6061 2.01679 160.812
144.8 16.6924 37.627 2.01194 160.791
144.9 16.6451 37.6477 2.00709 160.77
145 16.5977 37.6685 2.00223 160.749
145.1 16.5503 37.6891 1.99736 160.729
145.2 16.503 37.7097 1.99249 160.708
145.3 16.4556 37.7303 1.98761 160.687
145.4 16.4083 37.7508 1.98272 160.667
145.5 16.3609 37.7713 1.97782 160.646
145.6 16.3136 37.7917 1.97292 160.626
145.7 16.2662 37.812 1.96801 160.606
145.8 16.2188 37.8324 1.9631 160.585
145.9 16.1715 37.8526 1.95818 160.565
146 16.1241 37.8728 1.95325 160.545
146.1 16.0768 37.893 1.94831 160.525
146.2 16.0294 37.9131 1.94337 160.505
146.3 15.982 37.9331 1.93842 160.485
146.4 15.9347 37.9531 1.93346 160.465
146.5 15.8873 37.973 1.9285 160.445
146.6 15.84 37.9929 1.92353 160.425
146.7 15.7926 38.0128 1.91855 160.405
146.8 15.7452 38.0325 1.91356 160.385
146.9 15.6979 38.0523 1.90857 160.366
147 15.6505 38.0719 1.90358 160.346
147.1 15.6031 38.0916 1.89857 160.326
147.2 15.5558 38.1111 1.89356 160.307
147.3 15.5084 38.1306 1.88854 160.287
147.4 15.461 38.1501 1.88352 160.268
147.5 15.4136 38.1695 1.87849 160.248
147.6 15.3663 38.1889 1.87345 160.229
147.7 15.3189 38.2082 1.86841 160.21
147.8 15.2715 38.2274 1.86336 160.19
147.9 15.2242 38.2466 1.8583 160.171
148 15.1768 38.2658 1.85323 160.152
148.1 15.1294 38.2849 1.84816 160.133
148.2 15.082 38.3039 1.84309 160.114
148.3 15.0347 38.3229 1.838 160.095
148.4 14.9873 38.3418 1.83291 160.076
148.5 14.9399 38.3607 1.82782 160.057
148.6 14.8925 38.3795 1.82271 160.038
148.7 14.8452 38.3983 1.81761 160.019
148.8 14.7978 38.417 1.81249 160.001
148.9 14.7504 38.4357 1.80737 159.982
149 14.703 38.4543 1.80224 159.963
149.1 14.6557 38.4728 1.7971 159.945
149.2 14.6083 38.4913 1.79196 159.926
149.3 14.5609 38.5098 1.78681 159.908
149.4 14.5135 38.5282 1.78166 159.89
149.5 14.4661 38.5465 1.7765 159.871
149.6 14.4187 38.5648 1.77133 159.853
149.7 14.3714 38.583 1.76616 159.835
149.8 14.324 38.6012 1.76098 159.817
149.9 14.2766 38.6193 1.7558 159.798
150 14.2292 38.6374 1.75061 159.78
150.1 14.1818 38.6554 1.74541 159.762
150.2 14.1344 38.6734 1.7402 159.744
150.3 14.0871 38.6913 1.73499 159.726
150.4 14.0397 38.7091 1.72978 159.709
150.5 13.9923 38.7269 1.72455 159.691
150.6 13.9449 38.7447 1.71933 159.673
150.7 13.8975 38.7623 1.71409 159.655
150.8 13.8501 38.78 1.70885 159.638
150.9 13.8027 38.7975 1.7036 159.62
151 13.7553 38.8151 1.69835 159.603
151.1 13.708 38.8325 1.69309 159.585
151.2 13.6606 38.8499 1.68783 159.568
151.3 13.6132 38.8673 1.68256 159.55
151.4 13.5658 38.8846 1.67728 159.533
151.5 13.5184 38.9018 1.672 159.516
151.6 13.471 38.919 1.66671 159.499
151.7 13.4236 38.9361 1.66141 159.482
151.8 13.3762 38.9532 1.65611 159.465
151.9 13.3288 38.9702 1.65081 159.448
152 13.2814 38.9872 1.64549 159.431
152.1 13.234 39.0041 1.64018 159.414
152.2 13.1866 39.021 1.63485 159.397
152.3 13.1392 39.0378 1.62952 159.38
152.4 13.0918 39.0545 1.62419 159.363
152.5 13.0444 39.0712 1.61885 159.347
152.6 12.997 39.0878 1.6135 159.33
152.7 12.9497 39.1044 1.60815 159.313
152.8 12.9023 39.1209 1.60279 159.297
152.9 12.8549 39.1374 1.59742 159.28
153 12.8075 39.1538 1.59205 159.264
153.1 12.7601 39.1701 1.58668 159.248
153.2 12.7127 39.1864 1.5813 159.231
153.3 12.6653 39.2027 1.57591 159.215
153.4 12.6179 39.2189 1.57052 159.199
153.5 12.5705 39.235 1.56512 159.183
153.6 12.5231 39.2511 1.55971 159.167
153.7 12.4756 39.2671 1.5543 159.151
153.8 12.4282 39.283 1.54889 159.135
153.9 12.3808 39.2989 1.54347 159.119
154 12.3334 39.3148 1.53804 159.103
154.1 12.286 39.3306 1.53261 159.087
154.2 12.2386 39.3463 1.52717 159.071
154.3 12.1912 39.362 1.52173 159.056
154.4 12.1438 39.3776 1.51628 159.04
154.5 12.0964 39.3931 1.51083 159.025
154.6 12.049 39.4086 1.50537 159.009
154.7 12.0016 39.4241 1.49991 158.994
154.8 11.9542 39.4395 1.49444 158.978
154.9 11.9068 39.4548 1.48897 158.963
155 11.8594 39.4701 1.48349 158.948
155.1 11.812 39.4853 1.478 158.932
155.2 11.7646 39.5005 1.47251 158.917
155.3 11.7172 39.5156 1.46701 158.902
155.4 11.6697 39.5306 1.46151 158.887
155.5 11.6223 39.5456 1.45601 158.872
155.6 11.5749 39.5605 1.4505 158.857
155.7 11.5275 39.5754 1.44498 158.842
155.8 11.4801 39.5902 1.43946 158.828
155.9 11.4327 39.605 1.43393 158.813
156 11.3853 39.6197 1.4284 158.798
156.1 11.3379 39.6343 1.42286 158.783
156.2 11.2905 39.6489 1.41732 158.769
156.3 11.243 39.6635 1.41177 158.754
156.4 11.1956 39.6779 1.40622 158.74
156.5 11.1482 39.6923 1.40066 158.725
156.6 11.1008 39.7067 1.3951 158.711
156.7 11.0534 39.721 1.38953 158.697
156.8 11.006 39.7352 1.38396 158.683
156.9 10.9586 39.7494 1.37838 158.668
157 10.9111 39.7636 1.3728 158.654
157.1 10.8637 39.7776 1.36721 158.64
157.2 10.8163 39.7916 1.36162 158.626
157.3 10.7689 39.8056 1.35602 158.612
157.4 10.7215 39.8195 1.35042 158.598
157.5 10.6741 39.8333 1.34481 158.584
157.6 10.6266 39.8471 1.3392 158.571
157.7 10.5792 39.8608 1.33359 158.557
157.8 10.5318 39.8745 1.32796 158.543
157.9 10.4844 39.8881 1.32234 158.53
158 10.437 39.9016 1.31671 158.516
158.1 10.3895 39.9151 1.31107 158.503
158.2 10.3421 39.9285 1.30543 158.489
158.3 10.2947 39.9419 1.29979 158.476
158.4 10.2473 39.9552 1.29414 158.463
158.5 10.1999 39.9685 1.28848 158.449
158.6 10.1524 39.9817 1.28283 158.436
158.7 10.105 39.9948 1.27716 158.423
158.8 10.0576 40.0079 1.27149 158.41
158.9 10.0102 40.0209 1.26582 158.397
159.001 9.96274 40.0338 1.26015 158.384
159.101 9.91532 40.0467 1.25446 158.371
159.201 9.8679 40.0596 1.24878 158.358
159.301 9.82047 40.0724 1.24309 158.345
159.401 9.77305 40.0851 1.23739 158.333
159.501 9.72562 40.0977 1.23169 158.32
159.601 9.6782 40.1104 1.22599 158.307
159.701 9.63077 40.1229 1.22028 158.295
159.801 9.58335 40.1354 1.21457 158.282
159.901 9.53592 40.1478 1.20885 158.27
160.001 9.48849 40.1602 1.20313 158.258
160.101 9.44107 40.1725 1.1974 158.245
160.201 9.39364 40.1847 1.19167 158.233
160.301 9.34621 40.1969 1.18594 158.221
160.401 9.29879 40.2091 1.1802 158.209
160.501 9.25136 40.2211 1.17446 158.197
160.601 9.20393 40.2332 1.16871 158.185
160.701 9.1565 40.2451 1.16296 158.173
160.801 9.10907 40.257 1.1572 158.161
160.901 9.06164 40.2688 1.15144 158.149
161.001 9.01421 40.2806 1.14568 158.137
161.101 8.96678 40.2923 1.13991 158.125
161.201 8.91935 40.304 1.13414 158.114
161.301 8.87192 40.3156 1.12837 158.102
161.401 8.82449 40.3271 1.12259 158.091
161.501 8.77706 40.3386 1.1168 158.079
161.601 8.72963 40.35 1.11101 158.068
161.701 8.6822 40.3614 1.10522 158.056
161.801 8.63477 40.3727 1.09942 158.045
161.901 8.58734 40.3839 1.09362 158.034
162.001 8.5399 40.3951 1.08782 158.023
162.101 8.49247 40.4062 1.08201 158.012
162.201 8.44504 40.4173 1.0762 158.001
162.301 8.39761 40.4283 1.07038 157.99
162.401 8.35017 40.4392 1.06457 157.979
162.501 8.30274 40.4501 1.05874 157.968
162.601 8.2553 40.4609 1.05291 157.957
162.701 8.20787 40.4717 1.04708 157.946
162.801 8.16044 40.4823 1.04125 157.935
162.901 8.113 40.493 1.03541 157.925
163.001 8.06557 40.5036 1.02957 157.914
163.101 8.01813 40.5141 1.02372 157.904
163.201 7.9707 40.5245 1.01787 157.893
163.301 7.92326 40.5349 1.01202 157.883
163.401 7.87582 40.5453 1.00616 157.872
163.501 7.82839 40.5556 1.0003 157.862
163.601 7.78095 40.5658 0.994436 157.852
163.701 7.73351 40.5759 0.988568 157.842
163.801 7.68608 40.586 0.982697 157.832
163.901 7.63864 40.5961 0.976822 157.822
164.001 7.5912 40.606 0.970943 157.812
164.101 7.54377 40.6159 0.965061 157.802
164.201 7.49633 40.6258 0.959176 157.792
164.301 7.44889 40.6356 0.953287 157.782
164.401 7.40145 40.6453 0.947394 157.772
164.501 7.35401 40.655 0.941498 157.763
164.601 7.30657 40.6646 0.935599 157.753
164.701 7.25913 40.6742 0.929696 157.744
164.801 7.21169 40.6836 0.92379 157.734
164.901 7.16425 40.6931 0.917881 157.725
165.001 7.11681 40.7024 0.911968 157.715
165.101 7.06937 40.7117 0.906052 157.706
165.201 7.02193 40.721 0.900133 157.697
165.301 6.97449 40.7302 0.89421 157.688
165.401 6.92705 40.7393 0.888285 157.678
165.501 6.87961 40.7484 0.882356 157.669
165.601 6.83217 40.7574 0.876424 157.66
165.701 6.78473 40.7663 0.870488 157.651
165.801 6.73729 40.7752 0.86455 157.643
165.901 6.68985 40.784 0.858608 157.634
166.001 6.6424 40.7928 0.852664 157.625
166.101 6.59496 40.8015 0.846716 157.616
166.201 6.54752 40.8101 0.840765 157.608
166.301 6.50008 40.8187 0.834811 157.599
166.401 6.45263 40.8272 0.828854 157.591
166.501 6.40519 40.8356 0.822894 157.582
166.601 6.35775 40.844 0.816931 157.574
166.701 6.3103 40.8524 0.810965 157.565
166.801 6.26286 40.8606 0.804997 157.557
166.901 6.21542 40.8688 0.799025 157.549
167.001 6.16797 40.877 0.79305 157.541
167.101 6.12053 40.8851 0.787073 157.533
167.201 6.07308 40.8931 0.781093 157.525
167.301 6.02564 40.901 0.775109 157.517
167.401 5.97819 40.9089 0.769124 157.509
167.501 5.93075 40.9168 0.763135 157.501
167.601 5.8833 40.9246 0.757143 157.493
167.701 5.83586 40.9323 0.751149 157.485
167.801 5.78841 40.9399 0.745152 157.478
167.901 5.74097 40.9475 0.739152 157.47
168.001 5.69352 40.9551 0.73315 157.463
168.101 5.64607 40.9625 0.727145 157.455
168.201 5.59863 40.9699 0.721137 157.448
168.301 5.55118 40.9773 0.715127 157.44
168.401 5.50373 40.9846 0.709114 157.433
168.501 5.45629 40.9918 0.703099 157.426
168.601 5.40884 40.999 0.697081 157.419
168.701 5.36139 41.0061 0.69106 157.412
168.801 5.31395 41.0131 0.685037 157.405
168.901 5.2665 41.0201 0.679012 157.398
169.001 5.21905 41.027 0.672984 157.391
169.101 5.1716 41.0338 0.666954 157.384
169.201 5.12416 41.0406 0.660921 157.377
169.301 5.07671 41.0474 0.654886 157.37
169.401 5.02926 41.054 0.648848 157.364
169.501 4.98181 41.0606 0.642808 157.357
169.601 4.93436 41.0672 0.636766 157.351
169.701 4.88691 41.0736 0.630721 157.344
169.801 4.83946 41.0801 0.624675 157.338
169.901 4.79201 41.0864 0.618625 157.331
170.001 4.74457 41.0927 0.612574 157.325
170.101 4.69712 41.099 0.60652 157.319
170.201 4.64967 41.1051 0.600465 157.313
170.301 4.60222 41.1112 0.594407 157.307
170.401 4.55477 41.1173 0.588347 157.3
170.501 4.50732 41.1233 0.582284 157.294
170.601 4.45987 41.1292 0.57622 157.289
170.701 4.41242 41.135 0.570153 157.283
170.801 4.36497 41.1408 0.564085 157.277
170.901 4.31752 41.1466 0.558014 157.271
171.001 4.27007 41.1523 0.551942 157.266
171.101 4.22261 41.1579 0.545867 157.26
171.201 4.17516 41.1634 0.53979 157.254
171.301 4.12771 41.1689 0.533712 157.249
171.401 4.08026 41.1743 0.527631 157.243
171.501 4.03281 41.1797 0.521549 157.238
171.601 3.98536 41.185 0.515465 157.233
171.701 3.93791 41.1902 0.509379 157.228
171.801 3.89046 41.1954 0.503291 157.222
171.901 3.843 41.2005 0.497201 157.217
172.001 3.79555 41.2056 0.491109 157.212
172.101 3.7481 41.2106 0.485016 157.207
172.201 3.70065 41.2155 0.47892 157.202
172.301 3.6532 41.2204 0.472823 157.197
172.401 3.60574 41.2252 0.466725 157.193
172.501 3.55829 41.2299 0.460624 157.188
172.601 3.51084 41.2346 0.454522 157.183
172.701 3.46339 41.2392 0.448419 157.179
172.801 3.41593 41.2437 0.442313 157.174
172.901 3.36848 41.2482 0.436206 157.17
173.001 3.32103 41.2527 0.430098 157.165
173.101 3.27357 41.257 0.423988 157.161
173.201 3.22612 41.2613 0.417876 157.156
173.301 3.17867 41.2656 0.411763 157.152
173.401 3.13121 41.2697 0.405648 157.148
173.501 3.08376 41.2739 0.399532 157.144
173.601 3.03631 41.2779 0.393415 157.14
173.701 2.98885 41.2819 0.387296 157.136
173.801 2.9414 41.2858 0.381175 157.132
173.901 2.89395 41.2897 0.375054 157.128
174.001 2.84649 41.2935 0.36893 157.124
174.101 2.79904 41.2972 0.362806 157.121
174.201 2.75158 41.3009 0.35668 157.117
174.301 2.70413 41.3045 0.350553 157.113
174.401 2.65668 41.3081 0.344425 157.11
174.501 2.60922 41.3116 0.338295 157.106
174.601 2.56177 41.315 0.332164 157.103
174.701 2.51431 41.3183 0.326032 157.099
174.801 2.46686 41.3216 0.319899 157.096
174.901 2.4194 41.3249 0.313765 157.093
175.001 2.37195 41.3281 0.307629 157.09
175.101 2.32449 41.3312 0.301492 157.087
175.201 2.27704 41.3342 0.295355 157.084
175.301 2.22958 41.3372 0.289216 157.081
175.402 2.18213 41.3401 0.283076 157.078
175.502 2.13467 41.343 0.276935 157.075
175.602 2.08722 41.3458 0.270793 157.072
175.702 2.03976 41.3485 0.26465 157.069
175.802 1.99231 41.3512 0.258506 157.067
175.902 1.94485 41.3538 0.252361 157.064
176.002 1.8974 41.3564 0.246216 157.061
176.102 1.84994 41.3588 0.240069 157.059
176.202 1.80249 41.3613 0.233921 157.057
176.302 1.75503 41.3636 0.227773 157.054
176.402 1.70758 41.3659 0.221624 157.052
176.502 1.66012 41.3681 0.215474 157.05
176.602 1.61267 41.3703 0.209323 157.047
176.702 1.56521 41.3724 0.203172 157.045
176.802 1.51775 41.3745 0.197019 157.043
176.902 1.4703 41.3765 0.190866 157.041
177.002 1.42284 41.3784 0.184713 157.039
177.102 1.37539 41.3802 0.178558 157.038
177.202 1.32793 41.382 0.172403 157.036
177.302 1.28047 41.3838 0.166248 157.034
177.402 1.23302 41.3854 0.160091 157.032
177.502 1.18556 41.387 0.153934 157.031
177.602 1.13811 41.3886 0.147777 157.029
177.702 1.09065 41.39 0.141619 157.028
177.802 1.04319 41.3915 0.135461 157.026
177.902 0.995738 41.3928 0.129302 157.025
178.002 0.948281 41.3941 0.123142 157.024
178.102 0.900825 41.3953 0.116983 157.022
178.202 0.853369 41.3965 0.110822 157.021
178.302 0.805913 41.3976 0.104662 157.02
178.402 0.758456 41.3986 0.0985005 157.019
178.502 0.711 41.3996 0.0923391 157.018
178.602 0.663544 41.4005 0.0861773 157.017
178.702 0.616087 41.4014 0.0800152 157.016
178.802 0.568631 41.4021 0.0738529 157.016
178.902 0.521174 41.4029 0.0676902 157.015
179.002 0.473718 41.4035 0.0615274 157.014
179.102 0.426261 41.4041 0.0553643 157.014
179.202 0.378805 41.4047 0.049201 157.013
179.302 0.331348 41.4051 0.0430375 157.013
179.402 0.283892 41.4055 0.0368738 157.012
179.502 0.236435 41.4059 0.0307101 157.012
179.602 0.188979 41.4062 0.0245462 157.012
179.702 0.141522 41.4064 0.0183822 157.011
179.802 0.094066 41.4065 0.0122182 157.011
179.902 0.0466094 41.4066 0.00605408 157.011
