0 2.07873e-14 1.71222 0 177.061
0.1 0.29625 1.71228 0.0130177 177.06
0.2 0.592475 1.71246 0.0260353 177.06
0.3 0.888651 1.71277 0.039053 177.06
0.4 1.18475 1.7132 0.0520705 177.06
0.5 1.48075 1.71375 0.0650879 177.059
0.6 1.77663 1.71442 0.0781052 177.058
0.7 2.07236 1.71522 0.0911224 177.058
0.8 2.36792 1.71614 0.104139 177.057
0.9 2.66327 1.71719 0.117156 177.056
1 2.95841 1.71835 0.130173 177.054
1.1 3.2533 1.71964 0.143189 177.053
1.2 3.54792 1.72105 0.156205 177.052
1.3 3.84224 1.72258 0.169221 177.05
1.4 4.13625 1.72424 0.182236 177.049
1.5 4.42991 1.72602 0.195251 177.047
1.6 4.7232 1.72792 0.208266 177.045
1.7 5.01611 1.72995 0.22128 177.043
1.8 5.3086 1.73209 0.234294 177.041
1.9 5.60065 1.73436 0.247307 177.038
2 5.89225 1.73676 0.26032 177.036
2.1 6.18336 1.73927 0.273332 177.033
2.2 6.47396 1.74191 0.286344 177.031
2.3 6.76404 1.74467 0.299355 177.028
2.4 7.05357 1.74755 0.312366 177.025
2.5 7.34253 1.75056 0.325376 177.022
2.6 7.63089 1.75369 0.338386 177.019
2.7 7.91863 1.75694 0.351394 177.016
2.8 8.20574 1.76031 0.364402 177.012
2.9 8.4922 1.76381 0.37741 177.009
3 8.77797 1.76742 0.390416 177.005
3.1 9.06304 1.77117 0.403422 177.002
3.2 9.3474 1.77503 0.416427 176.998
3.3 9.63102 1.77902 0.429432 176.994
3.4 9.91387 1.78312 0.442435 176.99
3.5 10.196 1.78736 0.455438 176.985
3.6 10.4772 1.79171 0.468439 176.981
3.7 10.7577 1.79618 0.48144 176.977
3.8 11.0373 1.80078 0.49444 176.972
3.9 11.3161 1.8055 0.507439 176.967
4 11.594 1.81035 0.520437 176.962
4.1 11.871 1.81531 0.533434 176.957
4.2 12.1471 1.8204 0.546429 176.952
4.3 12.4223 1.82561 0.559424 176.947
4.4 12.6966 1.83095 0.572418 176.942
4.5 12.9699 1.8364 0.58541 176.936
4.6 13.2422 1.84198 0.598402 176.931
4.7 13.5136 1.84768 0.611392 176.925
4.8 13.7839 1.8535 0.624381 176.919
4.9 14.0532 1.85944 0.637369 176.913
5 14.3215 1.86551 0.650356 176.907
5.1 14.5888 1.8717 0.663341 176.901
5.2 14.855 1.87801 0.676325 176.895
5.3 15.1201 1.88445 0.689308 176.888
5.4 15.3841 1.891 0.702289 176.882
5.5 15.647 1.89768 0.715269 176.875
5.6 15.9089 1.90448 0.728248 176.868
5.7 16.1696 1.9114 0.741225 176.861
5.8 16.4291 1.91845 0.754201 176.854
5.9 16.6876 1.92561 0.767175 176.847
6 16.9448 1.9329 0.780148 176.84
6.1 17.2009 1.94031 0.793119 176.832
6.2 17.4558 1.94784 0.806089 176.825
6.3 17.7096 1.9555 0.819057 176.817
6.4 17.9621 1.96327 0.832023 176.809
6.5 18.2134 1.97117 0.844988 176.802
6.6 18.4635 1.97919 0.857951 176.794
6.7 18.7124 1.98733 0.870913 176.785
6.8 18.9601 1.9956 0.883873 176.777
6.9 19.2065 2.00398 0.896831 176.769
7 19.4517 2.01249 0.909787 176.76
7.1 19.6956 2.02112 0.922742 176.752
7.2 19.9382 2.02987 0.935695 176.743
7.3 20.1796 2.03875 0.948646 176.734
7.4 20.4197 2.04774 0.961595 176.725
7.5 20.6585 2.05686 0.974542 176.716
7.6 20.8961 2.0661 0.987487 176.707
7.7 21.1323 2.07546 1.00043 176.697
7.79999 21.3673 2.08494 1.01337 176.688
7.89999 21.6009 2.09454 1.02631 176.678
7.99999 21.8332 2.10426 1.03925 176.668
8.09999 22.0643 2.11411 1.05218 176.659
8.2 22.294 2.12408 1.06512 176.649
8.3 22.5224 2.13417 1.07805 176.639
8.4 22.7494 2.14438 1.09098 176.628
8.5 22.9752 2.15471 1.10391 176.618
8.6 23.1996 2.16516 1.11683 176.608
8.7 23.4227 2.17574 1.12975 176.597
8.8 23.6444 2.18643 1.14267 176.586
8.9 23.8648 2.19725 1.15559 176.575
9 24.0839 2.20819 1.16851 176.565
9.1 24.3016 2.21925 1.18142 176.553
9.2 24.518 2.23043 1.19433 176.542
9.3 24.7331 2.24173 1.20724 176.531
9.4 24.9468 2.25315 1.22015 176.52
9.5 25.1592 2.2647 1.23305 176.508
9.6 25.3702 2.27636 1.24596 176.496
9.7 25.5799 2.28815 1.25886 176.485
9.8 25.7883 2.30006 1.27175 176.473
9.9 25.9953 2.31208 1.28465 176.461
10 26.2009 2.32423 1.29754 176.449
10.1 26.4052 2.3365 1.31043 176.436
10.2 26.6082 2.34889 1.32332 176.424
10.3 26.8099 2.3614 1.3362 176.411
10.4 27.0102 2.37404 1.34908 176.399
10.5 27.2091 2.38679 1.36196 176.386
10.6 27.4068 2.39966 1.37484 176.373
10.7 27.6031 2.41266 1.38771 176.36
10.8 27.798 2.42577 1.40058 176.347
10.9 27.9917 2.43901 1.41345 176.334
11 28.184 2.45236 1.42632 176.32
11.1 28.375 2.46584 1.43918 176.307
11.2 28.5646 2.47943 1.45204 176.293
11.3 28.753 2.49315 1.4649 176.28
11.4 28.94 2.50699 1.47775 176.266
11.5 29.1257 2.52095 1.4906 176.252
11.6 29.3102 2.53502 1.50345 176.238
11.7 29.4933 2.54922 1.51629 176.224
11.8 29.6751 2.56354 1.52914 176.209
11.9 29.8556 2.57798 1.54198 176.195
12 30.0348 2.59254 1.55481 176.18
12.1 30.2127 2.60722 1.56765 176.166
12.2 30.3894 2.62201 1.58048 176.151
12.3 30.5647 2.63693 1.5933 176.136
12.4 30.7388 2.65197 1.60613 176.121
12.5 30.9116 2.66713 1.61895 176.106
12.6 31.0831 2.68241 1.63177 176.09
12.7 31.2534 2.6978 1.64458 176.075
12.8 31.4224 2.71332 1.65739 176.059
12.9 31.5901 2.72896 1.6702 176.044
13 31.7566 2.74472 1.683 176.028
13.1 31.9219 2.76059 1.69581 176.012
13.2 32.0859 2.77659 1.7086 175.996
13.3 32.2487 2.7927 1.7214 175.98
13.4 32.4102 2.80894 1.73419 175.964
13.5 32.5706 2.82529 1.74698 175.947
13.6 32.7297 2.84176 1.75976 175.931
13.7 32.8875 2.85836 1.77254 175.914
13.8 33.0442 2.87507 1.78532 175.898
13.9 33.1997 2.8919 1.7981 175.881
14 33.354 2.90885 1.81087 175.864
14.1 33.5071 2.92592 1.82363 175.847
14.2 33.659 2.94311 1.8364 175.83
14.3 33.8097 2.96041 1.84916 175.812
14.4 33.9592 2.97784 1.86191 175.795
14.5 34.1076 2.99539 1.87466 175.777
14.6 34.2548 3.01305 1.88741 175.76
14.7 34.4008 3.03083 1.90016 175.742
14.8 34.5457 3.04873 1.9129 175.724
14.9 34.6895 3.06675 1.92564 175.706
15 34.8321 3.08489 1.93837 175.688
15.1 34.9735 3.10315 1.9511 175.67
15.2 35.1139 3.12152 1.96383 175.651
15.3 35.2531 3.14002 1.97655 175.633
15.4 35.3912 3.15863 1.98927 175.614
15.5 35.5282 3.17736 2.00198 175.595
15.6 35.6641 3.19621 2.01469 175.577
15.7 35.7989 3.21518 2.0274 175.558
15.8 35.9326 3.23426 2.0401 175.538
15.9 36.0652 3.25346 2.0528 175.519
16 36.1967 3.27279 2.06549 175.5
16.1 36.3272 3.29222 2.07818 175.481
16.2 36.4565 3.31178 2.09087 175.461
16.3 36.5849 3.33146 2.10355 175.441
16.4 36.7121 3.35125 2.11623 175.421
16.5 36.8384 3.37116 2.1289 175.402
16.6 36.9636 3.39119 2.14157 175.382
16.7 37.0877 3.41133 2.15424 175.361
16.8 37.2108 3.4316 2.1669 175.341
16.9 37.3329 3.45198 2.17956 175.321
17 37.454 3.47248 2.19221 175.3
17.1 37.574 3.49309 2.20486 175.28
17.2 37.6931 3.51382 2.2175 175.259
17.3 37.8112 3.53467 2.23014 175.238
17.4 37.9282 3.55564 2.24277 175.217
17.5 38.0443 3.57673 2.2554 175.196
17.6 38.1594 3.59793 2.26803 175.175
17.7 38.2735 3.61925 2.28065 175.154
17.8 38.3867 3.64068 2.29327 175.132
17.9 38.4989 3.66223 2.30588 175.111
18 38.6101 3.6839 2.31849 175.089
18.1 38.7204 3.70569 2.33109 175.067
18.2 38.8297 3.72759 2.34369 175.045
18.3 38.9381 3.74961 2.35628 175.023
18.4 39.0456 3.77174 2.36887 175.001
18.5 39.1522 3.794 2.38146 174.979
18.6 39.2578 3.81636 2.39404 174.956
18.7 39.3625 3.83885 2.40661 174.934
18.8 39.4663 3.86145 2.41918 174.911
18.9 39.5692 3.88416 2.43175 174.889
19 39.6712 3.907 2.44431 174.866
19.1 39.7723 3.92995 2.45687 174.843
19.2 39.8726 3.95301 2.46942 174.82
19.3 39.9719 3.97619 2.48196 174.797
19.4 40.0704 3.99949 2.4945 174.773
19.5 40.168 4.0229 2.50704 174.75
19.6 40.2648 4.04643 2.51957 174.726
19.7 40.3607 4.07007 2.5321 174.703
19.8 40.4558 4.09383 2.54462 174.679
19.9 40.55 4.11771 2.55714 174.655
20 40.6433 4.1417 2.56965 174.631
20.1 40.7359 4.1658 2.58215 174.607
20.2 40.8276 4.19002 2.59465 174.583
20.3 40.9185 4.21436 2.60715 174.558
20.4 41.0086 4.23881 2.61964 174.534
20.5 41.0978 4.26337 2.63213 174.509
20.6 41.1863 4.28806 2.64461 174.485
20.7 41.274 4.31285 2.65708 174.46
20.8 41.3609 4.33776 2.66955 174.435
20.9 41.4469 4.36279 2.68201 174.41
21 41.5323 4.38793 2.69447 174.385
21.1 41.6168 4.41318 2.70693 174.36
21.2 41.7005 4.43855 2.71937 174.334
21.3 41.7835 4.46403 2.73182 174.309
21.4 41.8658 4.48963 2.74425 174.283
21.5 41.9473 4.51534 2.75669 174.257
21.6 42.028 4.54117 2.76911 174.232
21.7 42.108 4.56711 2.78153 174.206
21.8 42.1872 4.59316 2.79395 174.18
21.9 42.2657 4.61933 2.80636 174.153
22 42.3435 4.64561 2.81876 174.127
22.1 42.4206 4.67201 2.83116 174.101
22.2 42.4969 4.69852 2.84355 174.074
22.3 42.5725 4.72514 2.85594 174.048
22.4 42.6474 4.75188 2.86832 174.021
22.5 42.7217 4.77873 2.8807 173.994
22.6 42.7952 4.80569 2.89307 173.967
22.7001 42.868 4.83277 2.90543 173.94
22.8001 42.9401 4.85996 2.91779 173.913
22.9001 43.0116 4.88726 2.93014 173.885
23.0001 43.0823 4.91468 2.94249 173.858
23.1001 43.1524 4.94221 2.95483 173.831
23.2001 43.2218 4.96985 2.96716 173.803
23.3001 43.2906 4.9976 2.97949 173.775
23.4001 43.3587 5.02547 2.99181 173.747
23.5001 43.4261 5.05345 3.00413 173.719
23.6001 43.4929 5.08154 3.01644 173.691
23.7001 43.5591 5.10975 3.02875 173.663
23.8001 43.6245 5.13806 3.04104 173.635
23.9001 43.6894 5.16649 3.05334 173.606
24.0001 43.7536 5.19504 3.06562 173.578
24.1001 43.8172 5.22369 3.0779 173.549
24.2001 43.8802 5.25246 3.09018 173.52
24.3001 43.9426 5.28133 3.10245 173.491
24.4001 44.0043 5.31032 3.11471 173.462
24.5001 44.0654 5.33943 3.12696 173.433
24.6001 44.126 5.36864 3.13921 173.404
24.7001 44.1859 5.39796 3.15145 173.375
24.8001 44.2452 5.4274 3.16369 173.345
24.9001 44.3039 5.45695 3.17592 173.316
25.0001 44.3621 5.48661 3.18814 173.286
25.1001 44.4196 5.51638 3.20036 173.256
25.2001 44.4766 5.54626 3.21257 173.226
25.3001 44.533 5.57625 3.22478 173.196
25.4001 44.5888 5.60635 3.23697 173.166
25.5001 44.6441 5.63657 3.24917 173.136
25.6001 44.6987 5.66689 3.26135 173.106
25.7001 44.7529 5.69733 3.27353 173.075
25.8001 44.8064 5.72787 3.2857 173.045
25.9001 44.8595 5.75853 3.29787 173.014
26.0001 44.9119 5.7893 3.31002 172.983
26.1001 44.9638 5.82017 3.32218 172.953
26.2001 45.0152 5.85116 3.33432 172.922
26.3001 45.0661 5.88226 3.34646 172.89
26.4001 45.1164 5.91347 3.35859 172.859
26.5001 45.1661 5.94478 3.37071 172.828
26.6001 45.2154 5.97621 3.38283 172.797
26.7001 45.2641 6.00775 3.39494 172.765
26.8001 45.3123 6.0394 3.40705 172.733
26.9001 45.36 6.07115 3.41915 172.702
27.0001 45.4072 6.10302 3.43124 172.67
27.1001 45.4539 6.13499 3.44332 172.638
27.2001 45.5 6.16708 3.4554 172.606
27.3001 45.5457 6.19927 3.46746 172.573
27.4001 45.5909 6.23157 3.47953 172.541
27.5001 45.6355 6.26398 3.49158 172.509
27.6001 45.6797 6.2965 3.50363 172.476
27.7001 45.7234 6.32913 3.51567 172.444
27.8001 45.7666 6.36187 3.52771 172.411
27.9001 45.8094 6.39472 3.53973 172.378
28.0001 45.8516 6.42767 3.55175 172.345
28.1001 45.8934 6.46074 3.56377 172.312
28.2001 45.9347 6.49391 3.57577 172.279
28.3001 45.9755 6.52719 3.58777 172.246
28.4001 46.0159 6.56057 3.59976 172.212
28.5001 46.0558 6.59407 3.61174 172.179
28.6001 46.0953 6.62767 3.62372 172.145
28.7001 46.1343 6.66138 3.63569 172.111
28.8001 46.1729 6.6952 3.64765 172.078
28.9001 46.211 6.72913 3.6596 172.044
29.0001 46.2486 6.76316 3.67155 172.01
29.1001 46.2858 6.7973 3.68349 171.975
29.2001 46.3226 6.83155 3.69542 171.941
29.3001 46.359 6.86591 3.70735 171.907
29.4001 46.3949 6.90037 3.71926 171.872
29.5001 46.4304 6.93494 3.73117 171.838
29.6001 46.4654 6.96961 3.74307 171.803
29.7001 46.5 7.0044 3.75497 171.768
29.8001 46.5342 7.03929 3.76685 171.733
29.9001 46.568 7.07428 3.77873 171.698
30.0001 46.6014 7.10938 3.7906 171.663
30.1001 46.6344 7.14459 3.80246 171.628
30.2001 46.6669 7.17991 3.81432 171.593
30.3001 46.6991 7.21533 3.82617 171.557
30.4001 46.7308 7.25085 3.83801 171.522
30.5001 46.7622 7.28649 3.84984 171.486
30.6001 46.7931 7.32222 3.86166 171.451
30.7001 46.8236 7.35807 3.87348 171.415
30.8001 46.8538 7.39402 3.88529 171.379
30.9001 46.8836 7.43007 3.89709 171.343
31.0001 46.9129 7.46623 3.90888 171.307
31.1001 46.9419 7.5025 3.92066 171.27
31.2001 46.9705 7.53887 3.93244 171.234
31.3001 46.9988 7.57534 3.94421 171.197
31.4001 47.0266 7.61192 3.95597 171.161
31.5001 47.0541 7.64861 3.96772 171.124
31.6001 47.0812 7.6854 3.97946 171.087
31.7001 47.1079 7.72229 3.9912 171.05
31.8001 47.1343 7.75929 4.00293 171.013
31.9001 47.1603 7.79639 4.01464 170.976
32.0001 47.1859 7.8336 4.02636 170.939
32.1001 47.2112 7.87091 4.03806 170.902
32.2001 47.2361 7.90832 4.04975 170.864
32.3001 47.2607 7.94584 4.06144 170.827
32.4001 47.2849 7.98346 4.07312 170.789
32.5001 47.3088 8.02119 4.08478 170.752
32.6001 47.3323 8.05902 4.09644 170.714
32.7001 47.3554 8.09695 4.1081 170.676
32.8001 47.3783 8.13499 4.11974 170.638
32.9001 47.4008 8.17312 4.13138 170.6
33.0001 47.4229 8.21137 4.143 170.561
33.1001 47.4447 8.24971 4.15462 170.523
33.2001 47.4662 8.28816 4.16623 170.485
33.3001 47.4873 8.32671 4.17783 170.446
33.4001 47.5081 8.36536 4.18942 170.407
33.5001 47.5286 8.40412 4.20101 170.369
33.6001 47.5488 8.44297 4.21258 170.33
33.7001 47.5686 8.48193 4.22415 170.291
33.8001 47.5881 8.521 4.23571 170.252
33.9001 47.6073 8.56016 4.24726 170.213
34.0001 47.6262 8.59942 4.2588 170.173
34.1001 47.6447 8.63879 4.27033 170.134
34.2001 47.663 8.67826 4.28185 170.094
34.3 47.6809 8.71783 4.29337 170.055
34.4 47.6986 8.7575 4.30487 170.015
34.5 47.7159 8.79728 4.31637 169.975
34.6 47.7329 8.83715 4.32785 169.936
34.7 47.7496 8.87713 4.33933 169.896
34.8 47.766 8.9172 4.3508 169.856
34.9 47.7821 8.95738 4.36226 169.815
35 47.7979 8.99766 4.37371 169.775
35.1 47.8135 9.03803 4.38515 169.735
35.2 47.8287 9.07851 4.39659 169.694
35.3 47.8436 9.11909 4.40801 169.654
35.4 47.8583 9.15977 4.41943 169.613
35.5 47.8726 9.20055 4.43083 169.572
35.6 47.8867 9.24143 4.44223 169.531
35.7 47.9005 9.28241 4.45361 169.49
35.8 47.914 9.32348 4.46499 169.449
35.9 47.9272 9.36466 4.47636 169.408
36 47.9402 9.40594 4.48772 169.367
36.1 47.9528 9.44731 4.49907 169.325
36.2 47.9652 9.48879 4.51041 169.284
36.3 47.9773 9.53036 4.52174 169.242
36.4 47.9892 9.57204 4.53306 169.201
36.5 48.0008 9.61381 4.54437 169.159
36.6 48.0121 9.65568 4.55568 169.117
36.7 48.0231 9.69765 4.56697 169.075
36.8 48.0339 9.73972 4.57825 169.033
36.9 48.0444 9.78188 4.58953 168.991
37 48.0547 9.82415 4.60079 168.949
37.1 48.0647 9.86651 4.61205 168.906
37.2 48.0744 9.90897 4.62329 168.864
37.3 48.0839 9.95153 4.63453 168.821
37.4 48.0931 9.99418 4.64575 168.779
37.5 48.1021 10.0369 4.65697 168.736
37.6 48.1108 10.0798 4.66818 168.693
37.7 48.1193 10.1227 4.67937 168.65
37.8 48.1275 10.1658 4.69056 168.607
37.9 48.1355 10.2089 4.70174 168.564
38 48.1432 10.2522 4.7129 168.521
38.1 48.1507 10.2955 4.72406 168.477
38.2 48.1579 10.3389 4.73521 168.434
38.3 48.1649 10.3825 4.74635 168.39
38.4 48.1717 10.4261 4.75747 168.347
38.5 48.1782 10.4698 4.76859 168.303
38.6 48.1845 10.5136 4.7797 168.259
38.7 48.1906 10.5575 4.79079 168.215
38.8 48.1964 10.6015 4.80188 168.171
38.9 48.202 10.6456 4.81296 168.127
39 48.2073 10.6898 4.82403 168.083
39.1 48.2124 10.7341 4.83508 168.039
39.2 48.2173 10.7785 4.84613 167.994
39.3 48.222 10.823 4.85717 167.95
39.4 48.2265 10.8676 4.86819 167.905
39.5 48.2307 10.9123 4.87921 167.86
39.6 48.2347 10.957 4.89021 167.816
39.7 48.2385 11.0019 4.90121 167.771
39.8 48.242 11.0469 4.91219 167.726
39.9 48.2454 11.0919 4.92317 167.681
40 48.2485 11.1371 4.93413 167.636
40.1 48.2514 11.1823 4.94509 167.59
40.2 48.2541 11.2276 4.95603 167.545
40.3 48.2566 11.2731 4.96696 167.5
40.4 48.2588 11.3186 4.97789 167.454
40.5 48.2609 11.3642 4.9888 167.409
40.6 48.2627 11.4099 4.9997 167.363
40.7 48.2644 11.4557 5.01059 167.317
40.7999 48.2658 11.5016 5.02147 167.271
40.8999 48.267 11.5476 5.03234 167.225
40.9999 48.2681 11.5937 5.0432 167.179
41.0999 48.2689 11.6398 5.05405 167.133
41.1999 48.2695 11.6861 5.06488 167.087
41.2999 48.2699 11.7325 5.07571 167.04
41.3999 48.2701 11.7789 5.08653 166.994
41.4999 48.2701 11.8255 5.09733 166.947
41.5999 48.27 11.8721 5.10812 166.901
41.6999 48.2696 11.9188 5.11891 166.854
41.7999 48.269 11.9656 5.12968 166.807
41.8999 48.2683 12.0125 5.14044 166.76
41.9999 48.2673 12.0595 5.15119 166.713
42.0999 48.2662 12.1066 5.16193 166.666
42.1999 48.2648 12.1538 5.17266 166.619
42.2999 48.2633 12.2011 5.18338 166.572
42.3999 48.2616 12.2485 5.19408 166.524
42.4999 48.2597 12.2959 5.20478 166.477
42.5999 48.2576 12.3435 5.21546 166.429
42.6999 48.2553 12.3911 5.22614 166.382
42.7999 48.2528 12.4388 5.2368 166.334
42.8999 48.2502 12.4866 5.24745 166.286
42.9999 48.2474 12.5345 5.25809 166.238
43.0999 48.2444 12.5825 5.26872 166.19
43.1999 48.2412 12.6306 5.27933 166.142
43.2999 48.2378 12.6788 5.28994 166.094
43.3999 48.2343 12.7271 5.30053 166.046
43.4999 48.2306 12.7754 5.31112 165.997
43.5999 48.2267 12.8239 5.32169 165.949
43.6999 48.2226 12.8724 5.33225 165.9
43.7999 48.2184 12.921 5.3428 165.852
43.8999 48.214 12.9697 5.35333 165.803
43.9999 48.2094 13.0185 5.36386 165.754
44.0999 48.2046 13.0674 5.37437 165.705
44.1999 48.1997 13.1164 5.38488 165.656
44.2999 48.1946 13.1654 5.39537 165.607
44.3999 48.1894 13.2146 5.40585 165.558
44.4999 48.1839 13.2638 5.41631 165.509
44.5999 48.1783 13.3131 5.42677 165.46
44.6999 48.1726 13.3625 5.43721 165.41
44.7999 48.1667 13.412 5.44765 165.361
44.8999 48.1606 13.4616 5.45807 165.311
44.9999 48.1543 13.5113 5.46848 165.261
45.0999 48.1479 13.5611 5.47887 165.212
45.1999 48.1413 13.6109 5.48926 165.162
45.2999 48.1346 13.6608 5.49963 165.112
45.3999 48.1277 13.7109 5.50999 165.062
45.4999 48.1207 13.761 5.52034 165.012
45.5999 48.1135 13.8112 5.53068 164.962
45.6999 48.1061 13.8614 5.54101 164.911
45.7999 48.0986 13.9118 5.55132 164.861
45.8999 48.091 13.9622 5.56162 164.811
45.9999 48.0831 14.0128 5.57191 164.76
46.0999 48.0752 14.0634 5.58219 164.709
46.1999 48.067 14.1141 5.59246 164.659
46.2999 48.0588 14.1649 5.60271 164.608
46.3999 48.0504 14.2158 5.61295 164.557
46.4999 48.0418 14.2667 5.62318 164.506
46.5999 48.0331 14.3178 5.6334 164.455
46.6999 48.0242 14.3689 5.6436 164.404
46.7999 48.0152 14.4201 5.65379 164.353
46.8999 48.006 14.4714 5.66397 164.301
46.9999 47.9967 14.5228 5.67414 164.25
47.0999 47.9873 14.5742 5.6843 164.199
47.1999 47.9777 14.6258 5.69444 164.147
47.2999 47.9679 14.6774 5.70457 164.095
47.3998 47.9581 14.7291 5.71469 164.044
47.4998 47.948 14.7809 5.72479 163.992
47.5998 47.9379 14.8328 5.73489 163.94
47.6998 47.9276 14.8848 5.74497 163.888
47.7998 47.9171 14.9368 5.75503 163.836
47.8998 47.9066 14.9889 5.76509 163.784
47.9998 47.8959 15.0411 5.77513 163.732
48.0998 47.885 15.0934 5.78516 163.679
48.1998 47.874 15.1458 5.79518 163.627
48.2998 47.8629 15.1983 5.80518 163.574
48.3998 47.8516 15.2508 5.81518 163.522
48.4998 47.8403 15.3034 5.82516 163.469
48.5998 47.8287 15.3561 5.83512 163.417
48.6998 47.8171 15.4089 5.84508 163.364
48.7998 47.8053 15.4618 5.85502 163.311
48.8998 47.7934 15.5147 5.86494 163.258
48.9998 47.7813 15.5677 5.87486 163.205
49.0998 47.7692 15.6208 5.88476 163.152
49.1998 47.7569 15.674 5.89465 163.099
49.2998 47.7444 15.7273 5.90453 163.045
49.3998 47.7319 15.7806 5.91439 162.992
49.4998 47.7192 15.834 5.92424 162.939
49.5998 47.7064 15.8875 5.93408 162.885
49.6998 47.6934 15.9411 5.9439 162.832
49.7998 47.6804 15.9948 5.95371 162.778
49.8998 47.6672 16.0485 5.96351 162.724
49.9998 47.6539 16.1023 5.97329 162.67
50.0998 47.6404 16.1562 5.98307 162.617
50.1998 47.6269 16.2102 5.99282 162.563
50.2998 47.6132 16.2643 6.00257 162.508
50.3998 47.5994 16.3184 6.0123 162.454
50.4998 47.5855 16.3726 6.02202 162.4
50.5998 47.5714 16.4269 6.03172 162.346
50.6998 47.5573 16.4813 6.04141 162.291
50.7998 47.543 16.5357 6.05109 162.237
50.8998 47.5286 16.5903 6.06076 162.182
50.9998 47.5141 16.6449 6.07041 162.128
51.0998 47.4995 16.6995 6.08005 162.073
51.1998 47.4847 16.7543 6.08967 162.018
51.2998 47.4699 16.8091 6.09928 161.964
51.3998 47.4549 16.864 6.10888 161.909
51.4998 47.4398 16.919 6.11846 161.854
51.5998 47.4246 16.9741 6.12803 161.799
51.6998 47.4093 17.0292 6.13759 161.744
51.7998 47.3939 17.0844 6.14713 161.688
51.8998 47.3783 17.1397 6.15666 161.633
51.9998 47.3627 17.1951 6.16617 161.578
52.0998 47.3469 17.2505 6.17567 161.522
52.1998 47.3311 17.3061 6.18516 161.467
52.2998 47.3151 17.3616 6.19464 161.411
52.3998 47.299 17.4173 6.20409 161.355
52.4998 47.2828 17.4731 6.21354 161.3
52.5998 47.2665 17.5289 6.22297 161.244
52.6998 47.2501 17.5848 6.23239 161.188
52.7998 47.2336 17.6407 6.24179 161.132
52.8998 47.2169 17.6968 6.25118 161.076
52.9998 47.2002 17.7529 6.26056 161.02
53.0998 47.1834 17.8091 6.26992 160.964
53.1998 47.1664 17.8653 6.27927 160.907
53.2998 47.1494 17.9217 6.2886 160.851
53.3998 47.1322 17.9781 6.29792 160.795
53.4998 47.115 18.0346 6.30723 160.738
53.5998 47.0976 18.0911 6.31652 160.682
53.6998 47.0802 18.1477 6.3258 160.625
53.7998 47.0626 18.2044 6.33506 160.568
53.8997 47.045 18.2612 6.34431 160.512
53.9997 47.0272 18.3181 6.35354 160.455
54.0997 47.0093 18.375 6.36276 160.398
54.1997 46.9914 18.432 6.37197 160.341
54.2997 46.9733 18.489 6.38116 160.284
54.3997 46.9552 18.5462 6.39034 160.227
54.4997 46.9369 18.6034 6.3995 160.169
54.5997 46.9186 18.6606 6.40865 160.112
54.6997 46.9001 18.718 6.41778 160.055
54.7997 46.8816 18.7754 6.4269 159.997
54.8997 46.8629 18.8329 6.436 159.94
54.9997 46.8442 18.8905 6.44509 159.882
55.0997 46.8253 18.9481 6.45417 159.825
55.1997 46.8064 19.0058 6.46323 159.767
55.2997 46.7874 19.0635 6.47227 159.709
55.3997 46.7683 19.1214 6.4813 159.651
55.4997 46.7491 19.1793 6.49032 159.593
55.5997 46.7298 19.2373 6.49932 159.535
55.6997 46.7104 19.2953 6.50831 159.477
55.7997 46.6909 19.3534 6.51728 159.419
55.8997 46.6713 19.4116 6.52624 159.361
55.9997 46.6516 19.4699 6.53518 159.303
56.0997 46.6319 19.5282 6.54411 159.245
56.1997 46.612 19.5866 6.55302 159.186
56.2997 46.5921 19.6451 6.56192 159.128
56.3997 46.572 19.7036 6.5708 159.069
56.4997 46.5519 19.7622 6.57966 159.011
56.5997 46.5317 19.8208 6.58852 158.952
56.6997 46.5114 19.8796 6.59735 158.893
56.7997 46.491 19.9384 6.60618 158.834
56.8997 46.4705 19.9972 6.61498 158.776
56.9997 46.45 20.0562 6.62377 158.717
57.0997 46.4293 20.1152 6.63255 158.658
57.1997 46.4086 20.1742 6.64131 158.599
57.2997 46.3878 20.2334 6.65006 158.539
57.3997 46.3669 20.2926 6.65879 158.48
57.4997 46.3459 20.3518 6.6675 158.421
57.5997 46.3248 20.4112 6.6762 158.362
57.6997 46.3037 20.4706 6.68489 158.302
57.7997 46.2824 20.53 6.69356 158.243
57.8997 46.2611 20.5895 6.70221 158.183
57.9997 46.2397 20.6491 6.71085 158.124
58.0997 46.2182 20.7088 6.71947 158.064
58.1997 46.1967 20.7685 6.72808 158.004
58.2997 46.175 20.8283 6.73667 157.944
58.3997 46.1533 20.8882 6.74525 157.885
58.4997 46.1315 20.9481 6.75381 157.825
58.5997 46.1096 21.0081 6.76236 157.765
58.6997 46.0876 21.0681 6.77089 157.705
58.7997 46.0655 21.1282 6.7794 157.645
58.8997 46.0434 21.1884 6.7879 157.584
58.9997 46.0212 21.2486 6.79638 157.524
59.0997 45.9989 21.3089 6.80485 157.464
59.1997 45.9765 21.3693 6.8133 157.403
59.2997 45.9541 21.4297 6.82173 157.343
59.3997 45.9315 21.4902 6.83015 157.283
59.4997 45.9089 21.5507 6.83855 157.222
59.5997 45.8863 21.6113 6.84694 157.161
59.6997 45.8635 21.672 6.85531 157.101
59.7997 45.8407 21.7328 6.86367 157.04
59.8997 45.8178 21.7935 6.87201 156.979
59.9997 45.7948 21.8544 6.88033 156.918
60.0997 45.7717 21.9153 6.88864 156.857
60.1997 45.7486 21.9763 6.89693 156.796
60.2997 45.7254 22.0374 6.90521 156.735
60.3997 45.7021 22.0985 6.91346 156.674
60.4996 45.6787 22.1596 6.92171 156.613
60.5996 45.6553 22.2208 6.92993 156.552
60.6996 45.6318 22.2821 6.93814 156.491
60.7996 45.6082 22.3435 6.94634 156.429
60.8996 45.5846 22.4049 6.95452 156.368
60.9996 45.5609 22.4663 6.96268 156.306
61.0996 45.5371 22.5279 6.97082 156.245
61.1996 45.5132 22.5894 6.97895 156.183
61.2996 45.4893 22.6511 6.98707 156.122
61.3996 45.4653 22.7128 6.99516 156.06
61.4996 45.4412 22.7745 7.00324 155.998
61.5996 45.4171 22.8364 7.0113 155.936
61.6996 45.3928 22.8982 7.01935 155.875
61.7996 45.3686 22.9602 7.02738 155.813
61.8996 45.3442 23.0222 7.03539 155.751
61.9996 45.3198 23.0842 7.04339 155.689
62.0996 45.2953 23.1463 7.05137 155.626
62.1996 45.2707 23.2085 7.05934 155.564
62.2996 45.2461 23.2707 7.06728 155.502
62.3996 45.2214 23.333 7.07521 155.44
62.4996 45.1967 23.3953 7.08313 155.377
62.5996 45.1718 23.4577 7.09102 155.315
62.6996 45.1469 23.5202 7.0989 155.253
62.7996 45.122 23.5827 7.10677 155.19
62.8996 45.0969 23.6452 7.11461 155.128
62.9996 45.0718 23.7079 7.12244 155.065
63.0996 45.0467 23.7705 7.13025 155.002
63.1996 45.0215 23.8333 7.13805 154.939
63.2996 44.9962 23.896 7.14583 154.877
63.3996 44.9708 23.9589 7.15359 154.814
63.4996 44.9454 24.0218 7.16133 154.751
63.5996 44.9199 24.0847 7.16906 154.688
63.6996 44.8944 24.1477 7.17677 154.625
63.7996 44.8687 24.2108 7.18446 154.562
63.8996 44.8431 24.2739 7.19214 154.499
63.9996 44.8173 24.3371 7.1998 154.436
64.0996 44.7915 24.4003 7.20744 154.372
64.1996 44.7657 24.4636 7.21507 154.309
64.2996 44.7397 24.5269 7.22267 154.246
64.3996 44.7138 24.5903 7.23026 154.182
64.4996 44.6877 24.6537 7.23784 154.119
64.5996 44.6616 24.7172 7.24539 154.056
64.6996 44.6354 24.7807 7.25293 153.992
64.7996 44.6092 24.8443 7.26045 153.928
64.8996 44.5829 24.908 7.26795 153.865
64.9996 44.5565 24.9717 7.27544 153.801
65.0996 44.5301 25.0354 7.28291 153.737
65.1996 44.5037 25.0992 7.29036 153.674
65.2996 44.4771 25.1631 7.29779 153.61
65.3996 44.4505 25.227 7.3052 153.546
65.4996 44.4239 25.2909 7.3126 153.482
65.5996 44.3972 25.3549 7.31998 153.418
65.6996 44.3704 25.419 7.32735 153.354
65.7996 44.3436 25.4831 7.33469 153.29
65.8996 44.3167 25.5472 7.34202 153.226
65.9996 44.2898 25.6114 7.34933 153.161
66.0996 44.2628 25.6757 7.35662 153.097
66.1996 44.2357 25.74 7.36389 153.033
66.2996 44.2086 25.8043 7.37115 152.968
66.3996 44.1814 25.8688 7.37839 152.904
66.4996 44.1542 25.9332 7.38561 152.84
66.5996 44.1269 25.9977 7.39281 152.775
66.6996 44.0996 26.0623 7.39999 152.71
66.7996 44.0722 26.1269 7.40716 152.646
66.8996 44.0447 26.1915 7.41431 152.581
66.9995 44.0172 26.2562 7.42144 152.517
67.0995 43.9896 26.3209 7.42855 152.452
67.1995 43.962 26.3857 7.43564 152.387
67.2995 43.9344 26.4506 7.44272 152.322
67.3995 43.9066 26.5155 7.44978 152.257
67.4995 43.8788 26.5804 7.45682 152.192
67.5995 43.851 26.6454 7.46384 152.127
67.6995 43.8231 26.7104 7.47084 152.062
67.7995 43.7952 26.7755 7.47783 151.997
67.8995 43.7672 26.8406 7.48479 151.932
67.9995 43.7391 26.9058 7.49174 151.867
68.0995 43.711 26.971 7.49867 151.802
68.1995 43.6829 27.0362 7.50558 151.737
68.2995 43.6547 27.1015 7.51248 151.671
68.3995 43.6264 27.1669 7.51935 151.606
68.4995 43.5981 27.2323 7.52621 151.54
68.5995 43.5697 27.2977 7.53304 151.475
68.6995 43.5413 27.3632 7.53986 151.41
68.7995 43.5129 27.4287 7.54666 151.344
68.8995 43.4844 27.4943 7.55345 151.278
68.9995 43.4558 27.5599 7.56021 151.213
69.0995 43.4272 27.6256 7.56695 151.147
69.1995 43.3985 27.6913 7.57368 151.081
69.2995 43.3698 27.757 7.58039 151.016
69.3995 43.341 27.8228 7.58708 150.95
69.4995 43.3122 27.8887 7.59375 150.884
69.5995 43.2833 27.9545 7.6004 150.818
69.6995 43.2544 28.0205 7.60703 150.752
69.7995 43.2254 28.0864 7.61364 150.686
69.8995 43.1964 28.1524 7.62024 150.62
69.9995 43.1674 28.2185 7.62681 150.554
70.0995 43.1383 28.2846 7.63337 150.488
70.1995 43.1091 28.3507 7.63991 150.422
70.2995 43.0799 28.4169 7.64643 150.356
70.3995 43.0506 28.4831 7.65293 150.29
70.4995 43.0213 28.5493 7.65941 150.223
70.5995 42.992 28.6156 7.66587 150.157
70.6995 42.9626 28.682 7.67231 150.091
70.7995 42.9331 28.7484 7.67874 150.024
70.8995 42.9036 28.8148 7.68514 149.958
70.9995 42.8741 28.8812 7.69153 149.892
71.0995 42.8445 28.9477 7.69789 149.825
71.1995 42.8149 29.0143 7.70424 149.758
71.2995 42.7852 29.0808 7.71056 149.692
71.3995 42.7554 29.1475 7.71687 149.625
71.4995 42.7257 29.2141 7.72316 149.559
71.5995 42.6958 29.2808 7.72943 149.492
71.6995 42.666 29.3475 7.73568 149.425
71.7995 42.6361 29.4143 7.74191 149.358
71.8995 42.6061 29.4811 7.74812 149.292
71.9995 42.5761 29.548 7.75431 149.225
72.0995 42.5461 29.6149 7.76049 149.158
72.1995 42.516 29.6818 7.76664 149.091
72.2995 42.4858 29.7488 7.77277 149.024
72.3995 42.4557 29.8158 7.77889 148.957
72.4995 42.4254 29.8828 7.78498 148.89
72.5995 42.3952 29.9499 7.79105 148.823
72.6995 42.3649 30.017 7.79711 148.756
72.7995 42.3345 30.0841 7.80314 148.689
72.8995 42.3041 30.1513 7.80916 148.621
72.9995 42.2737 30.2185 7.81515 148.554
73.0995 42.2432 30.2858 7.82113 148.487
73.1995 42.2127 30.3531 7.82708 148.42
73.2995 42.1821 30.4204 7.83302 148.352
73.3995 42.1515 30.4877 7.83894 148.285
73.4995 42.1208 30.5551 7.84483 148.218
73.5994 42.0901 30.6226 7.85071 148.15
73.6994 42.0594 30.69 7.85656 148.083
73.7994 42.0286 30.7575 7.8624 148.015
73.8994 41.9978 30.8251 7.86822 147.948
73.9994 41.9669 30.8926 7.87401 147.88
74.0994 41.936 30.9602 7.87979 147.812
74.1994 41.9051 31.0279 7.88554 147.745
74.2994 41.8741 31.0956 7.89128 147.677
74.3994 41.843 31.1633 7.89699 147.609
74.4994 41.812 31.231 7.90269 147.542
74.5994 41.7809 31.2988 7.90837 147.474
74.6994 41.7497 31.3666 7.91402 147.406
74.7994 41.7185 31.4344 7.91965 147.338
74.8994 41.6873 31.5023 7.92527 147.27
74.9994 41.656 31.5702 7.93086 147.203
75.0994 41.6247 31.6381 7.93644 147.135
75.1994 41.5933 31.706 7.94199 147.067
75.2994 41.562 31.774 7.94752 146.999
75.3994 41.5305 31.8421 7.95304 146.931
75.4994 41.4991 31.9101 7.95853 146.863
75.5994 41.4675 31.9782 7.964 146.795
75.6994 41.436 32.0463 7.96945 146.726
75.7994 41.4044 32.1145 7.97488 146.658
75.8994 41.3728 32.1826 7.98029 146.59
75.9994 41.3411 32.2508 7.98568 146.522
76.0994 41.3094 32.3191 7.99105 146.454
76.1994 41.2777 32.3873 7.99639 146.385
76.2994 41.2459 32.4556 8.00172 146.317
76.3994 41.2141 32.524 8.00703 146.249
76.4994 41.1822 32.5923 8.01231 146.18
76.5994 41.1503 32.6607 8.01758 146.112
76.6994 41.1184 32.7291 8.02282 146.044
76.7994 41.0864 32.7975 8.02805 145.975
76.8994 41.0544 32.866 8.03325 145.907
76.9994 41.0224 32.9345 8.03843 145.838
77.0994 40.9903 33.003 8.04359 145.77
77.1994 40.9582 33.0716 8.04873 145.701
77.2994 40.9261 33.1401 8.05385 145.633
77.3994 40.8939 33.2087 8.05894 145.564
77.4994 40.8617 33.2774 8.06402 145.495
77.5994 40.8294 33.346 8.06908 145.427
77.6994 40.7971 33.4147 8.07411 145.358
77.7994 40.7648 33.4834 8.07912 145.289
77.8994 40.7324 33.5522 8.08412 145.221
77.9994 40.7 33.6209 8.08909 145.152
78.0994 40.6676 33.6897 8.09404 145.083
78.1994 40.6351 33.7585 8.09896 145.014
78.2994 40.6026 33.8273 8.10387 144.945
78.3994 40.57 33.8962 8.10876 144.877
78.4994 40.5375 33.9651 8.11362 144.808
78.5994 40.5048 34.034 8.11847 144.739
78.6994 40.4722 34.1029 8.12329 144.67
78.7994 40.4395 34.1719 8.12809 144.601
78.8994 40.4068 34.2409 8.13287 144.532
78.9994 40.374 34.3099 8.13762 144.463
79.0994 40.3413 34.3789 8.14236 144.394
79.1994 40.3084 34.448 8.14707 144.325
79.2994 40.2756 34.517 8.15177 144.256
79.3994 40.2427 34.5861 8.15644 144.187
79.4994 40.2098 34.6553 8.16109 144.117
79.5994 40.1768 34.7244 8.16572 144.048
79.6994 40.1438 34.7936 8.17032 143.979
79.7994 40.1108 34.8627 8.17491 143.91
79.8994 40.0778 34.932 8.17947 143.841
79.9994 40.0447 35.0012 8.18401 143.772
80.0993 40.0115 35.0704 8.18853 143.702
80.1993 39.9784 35.1397 8.19303 143.633
80.2993 39.9452 35.209 8.1975 143.564
80.3993 39.912 35.2783 8.20196 143.494
80.4993 39.8787 35.3477 8.20639 143.425
80.5993 39.8455 35.417 8.2108 143.356
80.6993 39.8121 35.4864 8.21519 143.286
80.7993 39.7788 35.5558 8.21956 143.217
80.8993 39.7454 35.6252 8.2239 143.148
80.9993 39.712 35.6946 8.22822 143.078
81.0993 39.6786 35.7641 8.23252 143.009
81.1993 39.6451 35.8336 8.2368 142.939
81.2993 39.6116 35.903 8.24106 142.87
81.3993 39.578 35.9726 8.24529 142.8
81.4993 39.5445 36.0421 8.2495 142.731
81.5993 39.5109 36.1116 8.25369 142.661
81.6993 39.4772 36.1812 8.25786 142.592
81.7993 39.4436 36.2508 8.26201 142.522
81.8993 39.4099 36.3204 8.26613 142.452
81.9993 39.3762 36.39 8.27023 142.383
82.0993 39.3424 36.4596 8.27431 142.313
82.1993 39.3086 36.5293 8.27836 142.243
82.2993 39.2748 36.5989 8.2824 142.174
82.3993 39.241 36.6686 8.28641 142.104
82.4993 39.2071 36.7383 8.2904 142.034
82.5993 39.1732 36.808 8.29436 141.965
82.6993 39.1392 36.8778 8.29831 141.895
82.7993 39.1053 36.9475 8.30223 141.825
82.8993 39.0713 37.0173 8.30613 141.755
82.9993 39.0373 37.0871 8.31 141.686
83.0993 39.0032 37.1568 8.31386 141.616
83.1993 38.9691 37.2267 8.31769 141.546
83.2993 38.935 37.2965 8.3215 141.476
83.3993 38.9009 37.3663 8.32528 141.406
83.4993 38.8667 37.4362 8.32904 141.337
83.5993 38.8325 37.506 8.33278 141.267
83.6993 38.7983 37.5759 8.3365 141.197
83.7993 38.764 37.6458 8.3402 141.127
83.8993 38.7297 37.7157 8.34387 141.057
83.9993 38.6954 37.7856 8.34752 140.987
84.0993 38.6611 37.8555 8.35114 140.917
84.1993 38.6267 37.9255 8.35475 140.847
84.2993 38.5923 37.9954 8.35833 140.777
84.3993 38.5579 38.0654 8.36189 140.707
84.4993 38.5234 38.1354 8.36542 140.637
84.5993 38.4889 38.2054 8.36893 140.567
84.6993 38.4544 38.2754 8.37242 140.497
84.7993 38.4199 38.3454 8.37588 140.427
84.8993 38.3853 38.4154 8.37933 140.357
84.9993 38.3507 38.4855 8.38275 140.287
85.0993 38.3161 38.5555 8.38614 140.217
85.1993 38.2814 38.6256 8.38952 140.147
85.2993 38.2468 38.6956 8.39286 140.077
85.3993 38.2121 38.7657 8.39619 140.007
85.4993 38.1773 38.8358 8.39949 139.937
85.5993 38.1426 38.9059 8.40277 139.867
85.6993 38.1078 38.976 8.40603 139.797
85.7993 38.073 39.0461 8.40926 139.727
85.8993 38.0381 39.1162 8.41247 139.657
85.9993 38.0033 39.1864 8.41566 139.586
86.0993 37.9684 39.2565 8.41882 139.516
86.1993 37.9335 39.3267 8.42196 139.446
86.2993 37.8985 39.3968 8.42508 139.376
86.3993 37.8635 39.467 8.42817 139.306
86.4993 37.8285 39.5372 8.43124 139.236
86.5993 37.7935 39.6073 8.43429 139.165
86.6992 37.7585 39.6775 8.43731 139.095
86.7992 37.7234 39.7477 8.44031 139.025
86.8992 37.6883 39.8179 8.44328 138.955
86.9992 37.6532 39.8881 8.44624 138.885
87.0992 37.618 39.9584 8.44916 138.814
87.1992 37.5828 40.0286 8.45207 138.744
87.2992 37.5476 40.0988 8.45495 138.674
87.3992 37.5124 40.169 8.4578 138.604
87.4992 37.4772 40.2393 8.46064 138.533
87.5992 37.4419 40.3095 8.46345 138.463
87.6992 37.4066 40.3798 8.46623 138.393
87.7992 37.3713 40.45 8.46899 138.323
87.8992 37.3359 40.5203 8.47173 138.252
87.9992 37.3005 40.5906 8.47444 138.182
88.0992 37.2651 40.6608 8.47713 138.112
88.1992 37.2297 40.7311 8.4798 138.042
88.2992 37.1942 40.8014 8.48244 137.971
88.3992 37.1588 40.8717 8.48506 137.901
88.4992 37.1233 40.9419 8.48765 137.831
88.5992 37.0877 41.0122 8.49022 137.761
88.6992 37.0522 41.0825 8.49277 137.69
88.7992 37.0166 41.1528 8.49529 137.62
88.8992 36.981 41.2231 8.49779 137.55
88.9992 36.9454 41.2934 8.50026 137.479
89.0992 36.9098 41.3637 8.50271 137.409
89.1992 36.8741 41.434 8.50513 137.339
89.2992 36.8384 41.5043 8.50754 137.268
89.3992 36.8027 41.5746 8.50991 137.198
89.4992 36.7669 41.6449 8.51226 137.128
89.5992 36.7312 41.7152 8.51459 137.058
89.6992 36.6954 41.7855 8.51689 136.987
89.7992 36.6596 41.8558 8.51917 136.917
89.8992 36.6238 41.9261 8.52143 136.847
89.9992 36.5879 41.9965 8.52366 136.776
90.0992 36.552 42.0668 8.52586 136.706
90.1992 36.5161 42.1371 8.52805 136.636
90.2992 36.4802 42.2074 8.5302 136.565
90.3992 36.4443 42.2777 8.53233 136.495
90.4992 36.4083 42.348 8.53444 136.425
90.5992 36.3723 42.4183 8.53653 136.354
90.6992 36.3363 42.4886 8.53858 136.284
90.7992 36.3002 42.5589 8.54062 136.214
90.8992 36.2642 42.6292 8.54263 136.144
90.9992 36.2281 42.6995 8.54461 136.073
91.0992 36.192 42.7698 8.54657 136.003
91.1992 36.1559 42.8401 8.54851 135.933
91.2992 36.1197 42.9104 8.55042 135.862
91.3992 36.0836 42.9807 8.5523 135.792
91.4992 36.0474 43.051 8.55417 135.722
91.5992 36.0111 43.1213 8.556 135.651
91.6992 35.9749 43.1915 8.55781 135.581
91.7992 35.9386 43.2618 8.5596 135.511
91.8992 35.9024 43.3321 8.56136 135.441
91.9992 35.8661 43.4024 8.5631 135.37
92.0992 35.8297 43.4726 8.56481 135.3
92.1992 35.7934 43.5429 8.5665 135.23
92.2992 35.757 43.6131 8.56816 135.16
92.3992 35.7206 43.6834 8.5698 135.089
92.4992 35.6842 43.7536 8.57141 135.019
92.5992 35.6478 43.8239 8.57299 134.949
92.6992 35.6114 43.8941 8.57456 134.879
92.7992 35.5749 43.9643 8.57609 134.808
92.8992 35.5384 44.0346 8.5776 134.738
92.9992 35.5019 44.1048 8.57909 134.668
93.0992 35.4654 44.175 8.58055 134.598
93.1992 35.4288 44.2452 8.58199 134.528
93.2991 35.3922 44.3154 8.5834 134.457
93.3991 35.3556 44.3856 8.58478 134.387
93.4991 35.319 44.4557 8.58614 134.317
93.5991 35.2824 44.5259 8.58748 134.247
93.6991 35.2457 44.5961 8.58879 134.177
93.7991 35.209 44.6662 8.59007 134.106
93.8991 35.1723 44.7364 8.59133 134.036
93.9991 35.1356 44.8065 8.59256 133.966
94.0991 35.0989 44.8767 8.59377 133.896
94.1991 35.0621 44.9468 8.59496 133.826
94.2991 35.0253 45.0169 8.59611 133.756
94.3991 34.9885 45.087 8.59724 133.686
94.4991 34.9517 45.1571 8.59835 133.616
94.5991 34.9149 45.2272 8.59943 133.546
94.6991 34.878 45.2973 8.60049 133.475
94.7991 34.8412 45.3674 8.60152 133.405
94.8991 34.8043 45.4374 8.60252 133.335
94.9991 34.7673 45.5075 8.6035 133.265
95.0991 34.7304 45.5775 8.60445 133.195
95.1991 34.6935 45.6475 8.60538 133.125
95.2991 34.6565 45.7175 8.60628 133.055
95.3991 34.6195 45.7875 8.60715 132.985
95.4991 34.5825 45.8575 8.608 132.915
95.5991 34.5454 45.9275 8.60883 132.845
95.6991 34.5084 45.9975 8.60963 132.775
95.7991 34.4713 46.0674 8.6104 132.705
95.8991 34.4342 46.1374 8.61115 132.635
95.9991 34.3971 46.2073 8.61187 132.565
96.0991 34.36 46.2772 8.61256 132.496
96.1991 34.3229 46.3471 8.61323 132.426
96.2991 34.2857 46.417 8.61387 132.356
96.3991 34.2485 46.4869 8.61449 132.286
96.4991 34.2113 46.5568 8.61508 132.216
96.5991 34.1741 46.6266 8.61565 132.146
96.6991 34.1368 46.6964 8.61619 132.076
96.7991 34.0996 46.7663 8.6167 132.006
96.8991 34.0623 46.8361 8.61719 131.937
96.9991 34.025 46.9059 8.61765 131.867
97.0991 33.9877 46.9756 8.61808 131.797
97.1991 33.9504 47.0454 8.61849 131.727
97.2991 33.913 47.1152 8.61887 131.658
97.3991 33.8757 47.1849 8.61923 131.588
97.4991 33.8383 47.2546 8.61956 131.518
97.5991 33.8009 47.3243 8.61986 131.448
97.6991 33.7635 47.394 8.62014 131.379
97.7991 33.726 47.4637 8.62039 131.309
97.8991 33.6886 47.5333 8.62062 131.239
97.9991 33.6511 47.6029 8.62082 131.17
98.0991 33.6136 47.6726 8.62099 131.1
98.1991 33.5761 47.7422 8.62113 131.031
98.2991 33.5386 47.8117 8.62125 130.961
98.3991 33.501 47.8813 8.62135 130.891
98.4991 33.4635 47.9508 8.62141 130.822
98.5991 33.4259 48.0204 8.62146 130.752
98.6991 33.3883 48.0899 8.62147 130.683
98.7991 33.3507 48.1594 8.62146 130.613
98.8991 33.3131 48.2288 8.62142 130.544
98.9991 33.2754 48.2983 8.62135 130.474
99.0991 33.2377 48.3677 8.62126 130.405
99.1991 33.2001 48.4371 8.62114 130.336
99.2991 33.1624 48.5065 8.621 130.266
99.3991 33.1247 48.5759 8.62083 130.197
99.4991 33.0869 48.6453 8.62063 130.127
99.5991 33.0492 48.7146 8.6204 130.058
99.6991 33.0114 48.7839 8.62015 129.989
99.799 32.9736 48.8532 8.61987 129.92
99.899 32.9358 48.9225 8.61957 129.85
99.999 32.898 48.9917 8.61924 129.781
100.099 32.8602 49.061 8.61888 129.712
100.199 32.8223 49.1302 8.61849 129.643
100.299 32.7845 49.1994 8.61808 129.573
100.399 32.7466 49.2685 8.61764 129.504
100.499 32.7087 49.3377 8.61718 129.435
100.599 32.6708 49.4068 8.61669 129.366
100.699 32.6329 49.4759 8.61617 129.297
100.799 32.5949 49.545 8.61562 129.228
100.899 32.5569 49.614 8.61505 129.159
100.999 32.519 49.6831 8.61445 129.09
101.099 32.481 49.7521 8.61382 129.021
101.199 32.443 49.821 8.61317 128.952
101.299 32.4049 49.89 8.61249 128.883
101.399 32.3669 49.9589 8.61178 128.814
101.499 32.3288 50.0278 8.61104 128.745
101.599 32.2908 50.0967 8.61028 128.676
101.699 32.2527 50.1656 8.60949 128.607
101.799 32.2146 50.2344 8.60868 128.538
101.899 32.1765 50.3032 8.60783 128.47
101.999 32.1383 50.372 8.60696 128.401
102.099 32.1002 50.4408 8.60607 128.332
102.199 32.062 50.5095 8.60514 128.263
102.299 32.0238 50.5782 8.60419 128.195
102.399 31.9856 50.6469 8.60321 128.126
102.499 31.9474 50.7156 8.6022 128.057
102.599 31.9092 50.7842 8.60117 127.989
102.699 31.871 50.8528 8.60011 127.92
102.799 31.8327 50.9214 8.59902 127.851
102.899 31.7944 50.9899 8.59791 127.783
102.999 31.7561 51.0584 8.59676 127.714
103.099 31.7178 51.1269 8.59559 127.646
103.199 31.6795 51.1954 8.5944 127.577
103.299 31.6412 51.2638 8.59317 127.509
103.399 31.6028 51.3322 8.59192 127.44
103.499 31.5645 51.4006 8.59064 127.372
103.599 31.5261 51.469 8.58933 127.304
103.699 31.4877 51.5373 8.588 127.235
103.799 31.4493 51.6056 8.58664 127.167
103.899 31.4109 51.6739 8.58525 127.099
103.999 31.3724 51.7421 8.58383 127.031
104.099 31.334 51.8103 8.58239 126.962
104.199 31.2955 51.8785 8.58092 126.894
104.299 31.2571 51.9466 8.57942 126.826
104.399 31.2186 52.0147 8.57789 126.758
104.499 31.1801 52.0828 8.57634 126.69
104.599 31.1415 52.1509 8.57476 126.622
104.699 31.103 52.2189 8.57315 126.554
104.799 31.0644 52.2869 8.57151 126.486
104.899 31.0259 52.3549 8.56984 126.418
104.999 30.9873 52.4228 8.56815 126.35
105.099 30.9487 52.4907 8.56643 126.282
105.199 30.9101 52.5586 8.56468 126.214
105.299 30.8715 52.6264 8.56291 126.146
105.399 30.8329 52.6942 8.5611 126.079
105.499 30.7942 52.762 8.55927 126.011
105.599 30.7555 52.8297 8.55741 125.943
105.699 30.7169 52.8974 8.55553 125.875
105.799 30.6782 52.9651 8.55361 125.808
105.899 30.6395 53.0327 8.55167 125.74
105.999 30.6008 53.1003 8.5497 125.672
106.099 30.562 53.1679 8.5477 125.605
106.199 30.5233 53.2354 8.54568 125.537
106.299 30.4845 53.3029 8.54362 125.47
106.399 30.4458 53.3704 8.54154 125.402
106.499 30.407 53.4378 8.53943 125.335
106.599 30.3682 53.5052 8.5373 125.268
106.699 30.3294 53.5726 8.53513 125.2
106.799 30.2905 53.6399 8.53294 125.133
106.899 30.2517 53.7072 8.53072 125.066
106.999 30.2128 53.7744 8.52847 124.998
107.099 30.174 53.8417 8.52619 124.931
107.199 30.1351 53.9088 8.52388 124.864
107.299 30.0962 53.976 8.52155 124.797
107.399 30.0573 54.0431 8.51919 124.73
107.499 30.0184 54.1102 8.5168 124.663
107.599 29.9795 54.1772 8.51438 124.596
107.699 29.9405 54.2442 8.51194 124.529
107.799 29.9016 54.3112 8.50946 124.462
107.899 29.8626 54.3781 8.50696 124.395
107.999 29.8236 54.445 8.50443 124.328
108.099 29.7846 54.5118 8.50187 124.261
108.199 29.7456 54.5786 8.49929 124.194
108.299 29.7066 54.6454 8.49667 124.127
108.399 29.6676 54.7122 8.49403 124.061
108.499 29.6285 54.7789 8.49136 123.994
108.599 29.5895 54.8455 8.48866 123.927
108.699 29.5504 54.9121 8.48593 123.861
108.799 29.5113 54.9787 8.48318 123.794
108.899 29.4722 55.0452 8.48039 123.728
108.999 29.4331 55.1117 8.47758 123.661
109.099 29.394 55.1782 8.47474 123.595
109.199 29.3548 55.2446 8.47187 123.528
109.299 29.3157 55.311 8.46898 123.462
109.399 29.2765 55.3773 8.46605 123.395
109.499 29.2374 55.4436 8.4631 123.329
109.599 29.1982 55.5099 8.46012 123.263
109.699 29.159 55.5761 8.4571 123.197
109.799 29.1198 55.6423 8.45407 123.13
109.899 29.0806 55.7084 8.451 123.064
109.999 29.0413 55.7745 8.4479 122.998
110.099 29.0021 55.8405 8.44478 122.932
110.199 28.9628 55.9066 8.44163 122.866
110.299 28.9236 55.9725 8.43845 122.8
110.399 28.8843 56.0384 8.43524 122.734
110.499 28.845 56.1043 8.432 122.668
110.599 28.8057 56.1702 8.42873 122.603
110.699 28.7664 56.2359 8.42544 122.537
110.799 28.7271 56.3017 8.42211 122.471
110.899 28.6877 56.3674 8.41876 122.405
110.999 28.6484 56.4331 8.41538 122.34
111.099 28.609 56.4987 8.41197 122.274
111.199 28.5697 56.5643 8.40854 122.208
111.299 28.5303 56.6298 8.40507 122.143
111.399 28.4909 56.6953 8.40157 122.077
111.499 28.4515 56.7607 8.39805 122.012
111.599 28.4121 56.8261 8.3945 121.947
111.699 28.3726 56.8915 8.39092 121.881
111.799 28.3332 56.9568 8.38731 121.816
111.899 28.2937 57.022 8.38367 121.751
111.999 28.2543 57.0872 8.38001 121.686
112.099 28.2148 57.1524 8.37631 121.62
112.199 28.1753 57.2175 8.37259 121.555
112.299 28.1358 57.2826 8.36884 121.49
112.399 28.0963 57.3476 8.36505 121.425
112.499 28.0568 57.4126 8.36124 121.36
112.599 28.0172 57.4775 8.35741 121.295
112.699 27.9777 57.5424 8.35354 121.23
112.799 27.9382 57.6073 8.34964 121.165
112.899 27.8986 57.6721 8.34572 121.101
112.999 27.859 57.7368 8.34176 121.036
113.099 27.8194 57.8015 8.33778 120.971
113.199 27.7798 57.8661 8.33377 120.907
113.299 27.7402 57.9307 8.32973 120.842
113.399 27.7006 57.9953 8.32566 120.777
113.499 27.661 58.0598 8.32157 120.713
113.599 27.6213 58.1243 8.31744 120.648
113.699 27.5817 58.1887 8.31329 120.584
113.799 27.542 58.253 8.3091 120.52
113.899 27.5023 58.3173 8.30489 120.455
113.999 27.4627 58.3816 8.30065 120.391
114.099 27.423 58.4458 8.29638 120.327
114.199 27.3833 58.5099 8.29208 120.263
114.299 27.3436 58.574 8.28775 120.199
114.399 27.3038 58.6381 8.28339 120.135
114.499 27.2641 58.7021 8.27901 120.071
114.599 27.2243 58.7661 8.27459 120.007
114.699 27.1846 58.83 8.27015 119.943
114.799 27.1448 58.8938 8.26568 119.879
114.899 27.105 58.9576 8.26118 119.815
114.999 27.0653 59.0214 8.25665 119.751
115.099 27.0255 59.0851 8.25209 119.688
115.199 26.9856 59.1487 8.2475 119.624
115.299 26.9458 59.2123 8.24288 119.56
115.399 26.906 59.2758 8.23824 119.497
115.499 26.8662 59.3393 8.23356 119.433
115.599 26.8263 59.4028 8.22886 119.37
115.699 26.7865 59.4661 8.22412 119.307
115.799 26.7466 59.5295 8.21936 119.243
115.899 26.7067 59.5927 8.21457 119.18
115.999 26.6668 59.656 8.20975 119.117
116.099 26.6269 59.7191 8.2049 119.054
116.199 26.587 59.7822 8.20003 118.991
116.299 26.5471 59.8453 8.19512 118.927
116.399 26.5072 59.9083 8.19018 118.864
116.499 26.4672 59.9713 8.18522 118.801
116.599 26.4273 60.0341 8.18022 118.739
116.699 26.3873 60.097 8.1752 118.676
116.799 26.3473 60.1598 8.17015 118.613
116.899 26.3074 60.2225 8.16507 118.55
116.999 26.2674 60.2852 8.15996 118.488
117.099 26.2274 60.3478 8.15482 118.425
117.199 26.1874 60.4104 8.14965 118.362
117.299 26.1474 60.4729 8.14445 118.3
117.399 26.1073 60.5353 8.13923 118.237
117.499 26.0673 60.5977 8.13397 118.175
117.599 26.0272 60.66 8.12869 118.113
117.699 25.9872 60.7223 8.12338 118.05
117.799 25.9471 60.7845 8.11803 117.988
117.899 25.9071 60.8467 8.11266 117.926
117.999 25.867 60.9088 8.10726 117.864
118.099 25.8269 60.9709 8.10183 117.802
118.199 25.7868 61.0329 8.09637 117.74
118.299 25.7467 61.0948 8.09088 117.678
118.399 25.7065 61.1567 8.08537 117.616
118.499 25.6664 61.2185 8.07982 117.554
118.599 25.6263 61.2803 8.07425 117.492
118.699 25.5861 61.342 8.06864 117.431
118.799 25.546 61.4036 8.06301 117.369
118.899 25.5058 61.4652 8.05734 117.308
118.999 25.4656 61.5267 8.05165 117.246
119.099 25.4254 61.5882 8.04593 117.185
119.199 25.3852 61.6496 8.04018 117.123
119.299 25.345 61.7109 8.0344 117.062
119.399 25.3048 61.7722 8.02859 117.001
119.499 25.2646 61.8334 8.02276 116.939
119.599 25.2244 61.8946 8.01689 116.878
119.699 25.1841 61.9557 8.01099 116.817
119.799 25.1439 62.0167 8.00507 116.756
119.899 25.1036 62.0777 7.99912 116.695
119.999 25.0634 62.1387 7.99313 116.634
120.099 25.0231 62.1995 7.98712 116.573
120.199 24.9828 62.2603 7.98108 116.512
120.299 24.9425 62.321 7.97501 116.452
120.399 24.9022 62.3817 7.96891 116.391
120.499 24.8619 62.4423 7.96278 116.33
120.599 24.8216 62.5029 7.95662 116.27
120.699 24.7813 62.5634 7.95043 116.209
120.799 24.7409 62.6238 7.94422 116.149
120.899 24.7006 62.6842 7.93797 116.089
120.999 24.6602 62.7445 7.9317 116.028
121.099 24.6199 62.8047 7.92539 115.968
121.199 24.5795 62.8649 7.91906 115.908
121.299 24.5391 62.925 7.9127 115.848
121.399 24.4987 62.985 7.90631 115.788
121.499 24.4583 63.045 7.89989 115.728
121.599 24.4179 63.1049 7.89344 115.668
121.699 24.3775 63.1648 7.88696 115.608
121.799 24.3371 63.2246 7.88045 115.548
121.899 24.2967 63.2843 7.87391 115.488
121.999 24.2562 63.3439 7.86735 115.429
122.099 24.2158 63.4035 7.86075 115.369
122.199 24.1753 63.4631 7.85413 115.31
122.299 24.1349 63.5225 7.84748 115.25
122.399 24.0944 63.5819 7.84079 115.191
122.499 24.0539 63.6413 7.83408 115.131
122.599 24.0134 63.7005 7.82734 115.072
122.699 23.973 63.7597 7.82057 115.013
122.799 23.9324 63.8189 7.81377 114.954
122.899 23.8919 63.8779 7.80694 114.895
122.999 23.8514 63.9369 7.80009 114.836
123.099 23.8109 63.9959 7.7932 114.777
123.199 23.7704 64.0547 7.78628 114.718
123.299 23.7298 64.1135 7.77934 114.659
123.399 23.6893 64.1723 7.77236 114.6
123.499 23.6487 64.2309 7.76536 114.542
123.599 23.6081 64.2895 7.75833 114.483
123.699 23.5676 64.348 7.75127 114.425
123.799 23.527 64.4065 7.74418 114.366
123.899 23.4864 64.4649 7.73706 114.308
123.999 23.4458 64.5232 7.72991 114.25
124.099 23.4052 64.5815 7.72273 114.191
124.199 23.3646 64.6397 7.71553 114.133
124.299 23.324 64.6978 7.70829 114.075
124.399 23.2833 64.7558 7.70103 114.017
124.499 23.2427 64.8138 7.69373 113.959
124.599 23.202 64.8717 7.68641 113.901
124.699 23.1614 64.9296 7.67906 113.843
124.799 23.1207 64.9873 7.67168 113.785
124.899 23.0801 65.045 7.66427 113.728
124.999 23.0394 65.1027 7.65683 113.67
125.099 22.9987 65.1602 7.64936 113.613
125.199 22.958 65.2177 7.64186 113.555
125.299 22.9173 65.2751 7.63434 113.498
125.399 22.8766 65.3325 7.62678 113.44
125.499 22.8359 65.3898 7.6192 113.383
125.599 22.7952 65.447 7.61158 113.326
125.699 22.7544 65.5041 7.60394 113.269
125.799 22.7137 65.5612 7.59627 113.212
125.899 22.673 65.6181 7.58857 113.155
125.999 22.6322 65.6751 7.58084 113.098
126.099 22.5915 65.7319 7.57308 113.041
126.199 22.5507 65.7887 7.5653 112.984
126.299 22.5099 65.8454 7.55748 112.927
126.399 22.4692 65.902 7.54964 112.871
126.499 22.4284 65.9586 7.54176 112.814
126.599 22.3876 66.0151 7.53386 112.758
126.699 22.3468 66.0715 7.52593 112.701
126.799 22.306 66.1278 7.51797 112.645
126.899 22.2651 66.1841 7.50998 112.589
126.999 22.2243 66.2403 7.50196 112.532
127.099 22.1835 66.2964 7.49391 112.476
127.199 22.1427 66.3524 7.48584 112.42
127.299 22.1018 66.4084 7.47773 112.364
127.399 22.061 66.4643 7.4696 112.308
127.499 22.0201 66.5201 7.46144 112.253
127.599 21.9792 66.5758 7.45324 112.197
127.699 21.9384 66.6315 7.44502 112.141
127.799 21.8975 66.6871 7.43678 112.086
127.899 21.8566 66.7426 7.4285 112.03
127.999 21.8157 66.7981 7.42019 111.975
128.099 21.7748 66.8534 7.41186 111.919
128.199 21.7339 66.9087 7.40349 111.864
128.299 21.693 66.9639 7.3951 111.809
128.399 21.6521 67.0191 7.38668 111.754
128.499 21.6111 67.0742 7.37822 111.699
128.599 21.5702 67.1291 7.36974 111.644
128.699 21.5293 67.1841 7.36124 111.589
128.799 21.4883 67.2389 7.3527 111.534
128.899 21.4474 67.2937 7.34413 111.479
128.999 21.4064 67.3483 7.33554 111.424
129.099 21.3654 67.4029 7.32691 111.37
129.199 21.3245 67.4575 7.31826 111.315
129.299 21.2835 67.5119 7.30958 111.261
129.399 21.2425 67.5663 7.30087 111.206
129.499 21.2015 67.6206 7.29214 111.152
129.599 21.1605 67.6748 7.28337 111.098
129.699 21.1195 67.729 7.27457 111.044
129.799 21.0785 67.783 7.26575 110.99
129.899 21.0374 67.837 7.2569 110.936
129.999 20.9964 67.8909 7.24802 110.882
130.099 20.9554 67.9447 7.23911 110.828
130.199 20.9143 67.9985 7.23017 110.774
130.299 20.8733 68.0521 7.2212 110.721
130.399 20.8322 68.1057 7.21221 110.667
130.499 20.7912 68.1592 7.20319 110.614
130.599 20.7501 68.2127 7.19413 110.56
130.699 20.709 68.266 7.18505 110.507
130.799 20.6679 68.3193 7.17595 110.453
130.899 20.6269 68.3725 7.16681 110.4
130.999 20.5858 68.4256 7.15764 110.347
131.099 20.5447 68.4786 7.14845 110.294
131.199 20.5036 68.5316 7.13923 110.241
131.299 20.4624 68.5844 7.12998 110.188
131.399 20.4213 68.6372 7.1207 110.136
131.499 20.3802 68.6899 7.11139 110.083
131.599 20.3391 68.7425 7.10205 110.03
131.699 20.2979 68.7951 7.09269 109.978
131.799 20.2568 68.8475 7.0833 109.925
131.899 20.2157 68.8999 7.07388 109.873
131.999 20.1745 68.9522 7.06443 109.821
132.099 20.1333 69.0044 7.05495 109.768
132.199 20.0922 69.0566 7.04545 109.716
132.299 20.051 69.1086 7.03591 109.664
132.399 20.0098 69.1606 7.02635 109.612
132.499 19.9686 69.2125 7.01676 109.56
132.599 19.9274 69.2643 7.00715 109.508
132.699 19.8862 69.316 6.9975 109.457
132.799 19.845 69.3676 6.98783 109.405
132.899 19.8038 69.4192 6.97812 109.354
132.999 19.7626 69.4706 6.96839 109.302
133.099 19.7214 69.522 6.95864 109.251
133.199 19.6802 69.5733 6.94885 109.199
133.299 19.6389 69.6245 6.93904 109.148
133.399 19.5977 69.6757 6.92919 109.097
133.499 19.5565 69.7267 6.91932 109.046
133.599 19.5152 69.7777 6.90943 108.995
133.699 19.474 69.8286 6.8995 108.944
133.799 19.4327 69.8793 6.88955 108.893
133.899 19.3914 69.9301 6.87956 108.843
133.999 19.3502 69.9807 6.86955 108.792
134.099 19.3089 70.0312 6.85952 108.742
134.199 19.2676 70.0817 6.84945 108.691
134.299 19.2263 70.132 6.83936 108.641
134.399 19.185 70.1823 6.82924 108.59
134.499 19.1437 70.2325 6.81909 108.54
134.599 19.1024 70.2826 6.80891 108.49
134.699 19.0611 70.3326 6.79871 108.44
134.799 19.0198 70.3826 6.78848 108.39
134.899 18.9785 70.4324 6.77822 108.34
134.999 18.9371 70.4822 6.76793 108.291
135.099 18.8958 70.5319 6.75762 108.241
135.199 18.8545 70.5815 6.74727 108.191
135.299 18.8131 70.631 6.7369 108.142
135.399 18.7718 70.6804 6.72651 108.092
135.499 18.7304 70.7297 6.71608 108.043
135.599 18.6891 70.779 6.70563 107.994
135.699 18.6477 70.8281 6.69515 107.945
135.799 18.6063 70.8772 6.68464 107.896
135.899 18.5649 70.9262 6.67411 107.847
135.999 18.5236 70.975 6.66355 107.798
136.099 18.4822 71.0238 6.65296 107.749
136.199 18.4408 71.0726 6.64234 107.7
136.299 18.3994 71.1212 6.6317 107.652
136.399 18.358 71.1697 6.62102 107.603
136.499 18.3166 71.2182 6.61032 107.555
136.599 18.2752 71.2665 6.5996 107.506
136.699 18.2337 71.3148 6.58885 107.458
136.799 18.1923 71.363 6.57806 107.41
136.899 18.1509 71.4111 6.56726 107.362
136.999 18.1094 71.4591 6.55642 107.314
137.099 18.068 71.507 6.54556 107.266
137.199 18.0266 71.5548 6.53467 107.218
137.299 17.9851 71.6025 6.52375 107.17
137.399 17.9437 71.6502 6.51281 107.123
137.499 17.9022 71.6977 6.50184 107.075
137.599 17.8607 71.7452 6.49084 107.028
137.699 17.8193 71.7925 6.47982 106.98
137.799 17.7778 71.8398 6.46877 106.933
137.899 17.7363 71.887 6.45769 106.886
137.999 17.6948 71.9341 6.44658 106.839
138.099 17.6533 71.9811 6.43545 106.792
138.199 17.6118 72.028 6.42429 106.745
138.299 17.5703 72.0748 6.41311 106.698
138.399 17.5288 72.1216 6.4019 106.651
138.499 17.4873 72.1682 6.39066 106.605
138.599 17.4458 72.2147 6.37939 106.558
138.699 17.4043 72.2612 6.3681 106.512
138.799 17.3628 72.3076 6.35678 106.465
138.899 17.3212 72.3538 6.34543 106.419
138.999 17.2797 72.4 6.33406 106.373
139.099 17.2381 72.4461 6.32266 106.327
139.199 17.1966 72.4921 6.31124 106.281
139.299 17.1551 72.538 6.29979 106.235
139.399 17.1135 72.5838 6.28831 106.189
139.499 17.0719 72.6295 6.2768 106.143
139.599 17.0304 72.6751 6.26527 106.098
139.699 16.9888 72.7207 6.25371 106.052
139.799 16.9472 72.7661 6.24213 106.007
139.899 16.9057 72.8114 6.23052 105.961
139.999 16.8641 72.8567 6.21888 105.916
140.099 16.8225 72.9018 6.20722 105.871
140.199 16.7809 72.9469 6.19553 105.826
140.299 16.7393 72.9918 6.18382 105.781
140.399 16.6977 73.0367 6.17208 105.736
140.499 16.6561 73.0815 6.16031 105.691
140.599 16.6145 73.1262 6.14851 105.647
140.699 16.5729 73.1707 6.13669 105.602
140.799 16.5313 73.2152 6.12485 105.558
140.899 16.4896 73.2596 6.11298 105.513
140.999 16.448 73.3039 6.10108 105.469
141.099 16.4064 73.3481 6.08916 105.425
141.199 16.3647 73.3922 6.07721 105.381
141.299 16.3231 73.4362 6.06523 105.336
141.399 16.2814 73.4802 6.05323 105.293
141.499 16.2398 73.524 6.0412 105.249
141.599 16.1981 73.5677 6.02915 105.205
141.699 16.1565 73.6113 6.01707 105.161
141.799 16.1148 73.6549 6.00497 105.118
141.899 16.0732 73.6983 5.99284 105.074
141.999 16.0315 73.7416 5.98068 105.031
142.099 15.9898 73.7849 5.9685 104.988
142.199 15.9481 73.828 5.9563 104.945
142.299 15.9064 73.8711 5.94407 104.902
142.399 15.8647 73.914 5.93181 104.859
142.499 15.8231 73.9569 5.91953 104.816
142.6 15.7814 73.9996 5.90722 104.773
142.7 15.7397 74.0423 5.89488 104.73
142.8 15.6979 74.0849 5.88252 104.688
142.9 15.6562 74.1273 5.87014 104.645
143 15.6145 74.1697 5.85773 104.603
143.1 15.5728 74.212 5.8453 104.561
143.2 15.5311 74.2541 5.83284 104.519
143.3 15.4894 74.2962 5.82035 104.477
143.4 15.4476 74.3382 5.80784 104.435
143.5 15.4059 74.38 5.79531 104.393
143.6 15.3641 74.4218 5.78275 104.351
143.7 15.3224 74.4635 5.77016 104.309
143.8 15.2807 74.5051 5.75755 104.268
143.9 15.2389 74.5466 5.74492 104.226
144 15.1971 74.5879 5.73226 104.185
144.1 15.1554 74.6292 5.71957 104.144
144.2 15.1136 74.6704 5.70687 104.102
144.3 15.0718 74.7115 5.69413 104.061
144.4 15.0301 74.7525 5.68137 104.02
144.5 14.9883 74.7933 5.66859 103.979
144.6 14.9465 74.8341 5.65578 103.939
144.7 14.9047 74.8748 5.64295 103.898
144.8 14.8629 74.9154 5.63009 103.857
144.9 14.8212 74.9559 5.61721 103.817
145 14.7794 74.9963 5.60431 103.776
145.1 14.7376 75.0365 5.59137 103.736
145.2 14.6958 75.0767 5.57842 103.696
145.3 14.6539 75.1168 5.56544 103.656
145.4 14.6121 75.1568 5.55244 103.616
145.5 14.5703 75.1967 5.53941 103.576
145.6 14.5285 75.2364 5.52636 103.536
145.7 14.4867 75.2761 5.51328 103.497
145.8 14.4448 75.3157 5.50018 103.457
145.9 14.403 75.3551 5.48706 103.418
146 14.3612 75.3945 5.47391 103.378
146.1 14.3193 75.4338 5.46074 103.339
146.2 14.2775 75.473 5.44754 103.3
146.3 14.2357 75.512 5.43432 103.261
146.4 14.1938 75.551 5.42108 103.222
146.5 14.152 75.5898 5.40781 103.183
146.6 14.1101 75.6286 5.39452 103.144
146.7 14.0682 75.6673 5.38121 103.105
146.8 14.0264 75.7058 5.36787 103.067
146.9 13.9845 75.7443 5.35451 103.028
147 13.9426 75.7826 5.34112 102.99
147.1 13.9008 75.8209 5.32771 102.952
147.2 13.8589 75.859 5.31428 102.914
147.3 13.817 75.897 5.30082 102.876
147.4 13.7751 75.935 5.28734 102.838
147.5 13.7332 75.9728 5.27384 102.8
147.6 13.6913 76.0105 5.26031 102.762
147.7 13.6494 76.0482 5.24676 102.725
147.8 13.6075 76.0857 5.23319 102.687
147.9 13.5656 76.1231 5.21959 102.65
148 13.5237 76.1604 5.20598 102.612
148.1 13.4818 76.1976 5.19233 102.575
148.2 13.4399 76.2347 5.17867 102.538
148.3 13.398 76.2717 5.16498 102.501
148.4 13.3561 76.3086 5.15127 102.464
148.5 13.3141 76.3454 5.13754 102.427
148.6 13.2722 76.3821 5.12378 102.391
148.7 13.2303 76.4187 5.11 102.354
148.8 13.1883 76.4552 5.0962 102.318
148.9 13.1464 76.4915 5.08237 102.281
149 13.1045 76.5278 5.06853 102.245
149.1 13.0625 76.564 5.05466 102.209
149.2 13.0206 76.6 5.04076 102.173
149.3 12.9786 76.636 5.02685 102.137
149.4 12.9367 76.6718 5.01291 102.101
149.5 12.8947 76.7076 4.99895 102.065
149.6 12.8527 76.7432 4.98497 102.03
149.7 12.8108 76.7787 4.97096 101.994
149.8 12.7688 76.8141 4.95694 101.959
149.9 12.7268 76.8495 4.94289 101.923
150 12.6849 76.8847 4.92882 101.888
150.1 12.6429 76.9198 4.91472 101.853
150.2 12.6009 76.9548 4.90061 101.818
150.3 12.5589 76.9897 4.88647 101.783
150.4 12.5169 77.0244 4.87231 101.748
150.5 12.4749 77.0591 4.85813 101.714
150.6 12.4329 77.0937 4.84393 101.679
150.7 12.391 77.1282 4.82971 101.645
150.8 12.349 77.1625 4.81546 101.61
150.9 12.3069 77.1968 4.80119 101.576
151 12.2649 77.2309 4.7869 101.542
151.1 12.2229 77.2649 4.77259 101.508
151.2 12.1809 77.2989 4.75826 101.474
151.3 12.1389 77.3327 4.74391 101.44
151.4 12.0969 77.3664 4.72953 101.406
151.5 12.0549 77.4 4.71513 101.373
151.6 12.0128 77.4335 4.70072 101.339
151.7 11.9708 77.4669 4.68628 101.306
151.8 11.9288 77.5002 4.67182 101.273
151.9 11.8868 77.5333 4.65734 101.239
152 11.8447 77.5664 4.64283 101.206
152.1 11.8027 77.5994 4.62831 101.173
152.2 11.7606 77.6322 4.61377 101.141
152.3 11.7186 77.665 4.5992 101.108
152.4 11.6765 77.6976 4.58461 101.075
152.5 11.6345 77.7301 4.57001 101.043
152.6 11.5924 77.7625 4.55538 101.01
152.7 11.5504 77.7948 4.54073 100.978
152.8 11.5083 77.827 4.52606 100.946
152.9 11.4663 77.8591 4.51137 100.914
153 11.4242 77.8911 4.49666 100.882
153.1 11.3821 77.923 4.48193 100.85
153.2 11.34 77.9547 4.46718 100.818
153.3 11.298 77.9864 4.45241 100.786
153.4 11.2559 78.0179 4.43762 100.755
153.5 11.2138 78.0493 4.42281 100.723
153.6 11.1717 78.0806 4.40798 100.692
153.7 11.1297 78.1119 4.39312 100.661
153.8 11.0876 78.143 4.37825 100.63
153.9 11.0455 78.1739 4.36336 100.599
154 11.0034 78.2048 4.34845 100.568
154.1 10.9613 78.2356 4.33352 100.537
154.2 10.9192 78.2662 4.31857 100.506
154.3 10.8771 78.2968 4.30359 100.476
154.4 10.835 78.3272 4.2886 100.446
154.5 10.7929 78.3576 4.27359 100.415
154.6 10.7508 78.3878 4.25856 100.385
154.7 10.7086 78.4179 4.24351 100.355
154.8 10.6665 78.4479 4.22844 100.325
154.9 10.6244 78.4778 4.21336 100.295
155 10.5823 78.5075 4.19825 100.265
155.1 10.5402 78.5372 4.18312 100.236
155.2 10.498 78.5667 4.16798 100.206
155.3 10.4559 78.5962 4.15281 100.177
155.4 10.4138 78.6255 4.13763 100.147
155.5 10.3717 78.6547 4.12242 100.118
155.6 10.3295 78.6838 4.1072 100.089
155.7 10.2874 78.7128 4.09196 100.06
155.8 10.2452 78.7417 4.0767 100.031
155.9 10.2031 78.7705 4.06142 100.002
156 10.161 78.7991 4.04612 99.9736
156.1 10.1188 78.8277 4.03081 99.9451
156.2 10.0767 78.8561 4.01547 99.9167
156.3 10.0345 78.8844 4.00012 99.8883
156.4 9.99235 78.9126 3.98475 99.8601
156.5 9.95019 78.9407 3.96936 99.832
156.6 9.90803 78.9687 3.95395 99.8041
156.7 9.86586 78.9966 3.93852 99.7762
156.8 9.8237 79.0243 3.92307 99.7484
156.9 9.78153 79.0519 3.90761 99.7208
157 9.73936 79.0795 3.89213 99.6933
157.1 9.69719 79.1069 3.87663 99.6658
157.2 9.65502 79.1342 3.86111 99.6385
157.3 9.61284 79.1614 3.84558 99.6114
157.4 9.57066 79.1885 3.83003 99.5843
157.5 9.52848 79.2154 3.81445 99.5573
157.6 9.48629 79.2423 3.79887 99.5305
157.7 9.44411 79.269 3.78326 99.5037
157.8 9.40192 79.2956 3.76764 99.4771
157.9 9.35973 79.3222 3.752 99.4506
158 9.31753 79.3486 3.73634 99.4242
158.1 9.27534 79.3748 3.72066 99.3979
158.2 9.23314 79.401 3.70497 99.3717
158.3 9.19094 79.4271 3.68926 99.3457
158.4 9.14874 79.453 3.67353 99.3197
158.5 9.10654 79.4788 3.65778 99.2939
158.6 9.06433 79.5045 3.64202 99.2682
158.7 9.02212 79.5301 3.62624 99.2426
158.8 8.97991 79.5556 3.61045 99.2171
158.9 8.9377 79.581 3.59464 99.1918
159.001 8.89548 79.6062 3.57881 99.1665
159.101 8.85326 79.6314 3.56296 99.1414
159.201 8.81104 79.6564 3.5471 99.1163
159.301 8.76882 79.6813 3.53122 99.0914
159.401 8.7266 79.7061 3.51532 99.0666
159.501 8.68437 79.7308 3.49941 99.0419
159.601 8.64215 79.7554 3.48348 99.0174
159.701 8.59992 79.7798 3.46754 98.9929
159.801 8.55768 79.8042 3.45158 98.9686
159.901 8.51545 79.8284 3.4356 98.9444
160.001 8.47321 79.8525 3.41961 98.9203
160.101 8.43098 79.8765 3.4036 98.8963
160.201 8.38874 79.9004 3.38757 98.8724
160.301 8.34649 79.9241 3.37153 98.8486
160.401 8.30425 79.9478 3.35547 98.825
160.501 8.262 79.9713 3.3394 98.8015
160.601 8.21976 79.9947 3.32331 98.778
160.701 8.17751 80.018 3.30721 98.7548
160.801 8.13525 80.0412 3.29109 98.7316
160.901 8.093 80.0642 3.27496 98.7085
161.001 8.05074 80.0872 3.2588 98.6856
161.101 8.00849 80.11 3.24264 98.6627
161.201 7.96623 80.1327 3.22646 98.64
161.301 7.92396 80.1553 3.21026 98.6174
161.401 7.8817 80.1778 3.19405 98.5949
161.501 7.83944 80.2002 3.17782 98.5726
161.601 7.79717 80.2224 3.16158 98.5503
161.701 7.7549 80.2446 3.14533 98.5282
161.801 7.71263 80.2666 3.12906 98.5061
161.901 7.67036 80.2885 3.11277 98.4842
162.001 7.62808 80.3103 3.09647 98.4625
162.101 7.58581 80.332 3.08016 98.4408
162.201 7.54353 80.3535 3.06383 98.4192
162.301 7.50125 80.3749 3.04748 98.3978
162.401 7.45897 80.3963 3.03112 98.3765
162.501 7.41668 80.4175 3.01475 98.3553
162.601 7.3744 80.4386 2.99836 98.3342
162.701 7.33211 80.4595 2.98196 98.3132
162.801 7.28982 80.4804 2.96555 98.2924
162.901 7.24753 80.5011 2.94912 98.2716
163.001 7.20524 80.5217 2.93268 98.251
163.101 7.16294 80.5422 2.91622 98.2305
163.201 7.12065 80.5626 2.89975 98.2101
163.301 7.07835 80.5829 2.88326 98.1899
163.401 7.03605 80.603 2.86677 98.1697
163.501 6.99375 80.623 2.85025 98.1497
163.601 6.95145 80.6429 2.83373 98.1298
163.701 6.90915 80.6627 2.81719 98.11
163.801 6.86684 80.6824 2.80064 98.0903
163.901 6.82453 80.702 2.78407 98.0708
164.001 6.78222 80.7214 2.76749 98.0513
164.101 6.73991 80.7407 2.7509 98.032
164.201 6.6976 80.7599 2.7343 98.0128
164.301 6.65529 80.779 2.71768 97.9937
164.401 6.61297 80.798 2.70105 97.9748
164.501 6.57066 80.8168 2.6844 97.9559
164.601 6.52834 80.8356 2.66775 97.9372
164.701 6.48602 80.8542 2.65108 97.9186
164.801 6.4437 80.8727 2.6344 97.9001
164.901 6.40138 80.8911 2.6177 97.8817
165.001 6.35905 80.9093 2.601 97.8634
165.101 6.31673 80.9274 2.58428 97.8453
165.201 6.2744 80.9455 2.56755 97.8273
165.301 6.23207 80.9634 2.5508 97.8094
165.401 6.18974 80.9811 2.53405 97.7916
165.501 6.14741 80.9988 2.51728 97.7739
165.601 6.10508 81.0164 2.5005 97.7564
165.701 6.06274 81.0338 2.48371 97.739
165.801 6.02041 81.0511 2.4669 97.7217
165.901 5.97807 81.0683 2.45009 97.7045
166.001 5.93573 81.0853 2.43326 97.6874
166.101 5.89339 81.1023 2.41642 97.6704
166.201 5.85105 81.1191 2.39957 97.6536
166.301 5.80871 81.1358 2.38271 97.6369
166.401 5.76636 81.1524 2.36584 97.6203
166.501 5.72402 81.1689 2.34895 97.6038
166.601 5.68167 81.1853 2.33206 97.5875
166.701 5.63932 81.2015 2.31515 97.5713
166.801 5.59697 81.2176 2.29823 97.5551
166.901 5.55462 81.2336 2.2813 97.5391
167.001 5.51227 81.2495 2.26436 97.5233
167.101 5.46992 81.2652 2.24741 97.5075
167.201 5.42756 81.2809 2.23045 97.4919
167.301 5.38521 81.2964 2.21348 97.4764
167.401 5.34285 81.3118 2.1965 97.461
167.501 5.30049 81.3271 2.1795 97.4457
167.601 5.25813 81.3422 2.1625 97.4305
167.701 5.21577 81.3573 2.14549 97.4155
167.801 5.17341 81.3722 2.12846 97.4006
167.901 5.13104 81.387 2.11143 97.3858
168.001 5.08868 81.4017 2.09438 97.3711
168.101 5.04631 81.4162 2.07733 97.3565
168.201 5.00395 81.4307 2.06026 97.3421
168.301 4.96158 81.445 2.04319 97.3278
168.401 4.91921 81.4592 2.0261 97.3136
168.501 4.87684 81.4732 2.00901 97.2995
168.601 4.83447 81.4872 1.99191 97.2855
168.701 4.7921 81.501 1.97479 97.2717
168.801 4.74972 81.5148 1.95767 97.258
168.901 4.70735 81.5283 1.94054 97.2444
169.001 4.66497 81.5418 1.9234 97.2309
169.101 4.6226 81.5552 1.90625 97.2176
169.201 4.58022 81.5684 1.88909 97.2043
169.301 4.53784 81.5815 1.87192 97.1912
169.401 4.49546 81.5945 1.85474 97.1782
169.501 4.45308 81.6074 1.83755 97.1654
169.601 4.4107 81.6201 1.82036 97.1526
169.701 4.36831 81.6328 1.80315 97.14
169.801 4.32593 81.6453 1.78594 97.1275
169.901 4.28354 81.6577 1.76872 97.1151
170.001 4.24116 81.6699 1.75149 97.1028
170.101 4.19877 81.6821 1.73425 97.0907
170.201 4.15638 81.6941 1.717 97.0786
170.301 4.11399 81.706 1.69974 97.0667
170.401 4.0716 81.7178 1.68248 97.0549
170.501 4.02921 81.7295 1.66521 97.0433
170.601 3.98682 81.741 1.64793 97.0317
170.701 3.94443 81.7524 1.63064 97.0203
170.801 3.90203 81.7637 1.61335 97.009
170.901 3.85964 81.7749 1.59604 96.9978
171.001 3.81724 81.786 1.57873 96.9868
171.101 3.77485 81.7969 1.56141 96.9758
171.201 3.73245 81.8077 1.54409 96.965
171.301 3.69005 81.8184 1.52675 96.9543
171.401 3.64765 81.829 1.50941 96.9437
171.501 3.60525 81.8395 1.49206 96.9333
171.601 3.56285 81.8498 1.47471 96.923
171.701 3.52045 81.86 1.45734 96.9127
171.801 3.47805 81.8701 1.43997 96.9027
171.901 3.43565 81.8801 1.4226 96.8927
172.001 3.39324 81.8899 1.40521 96.8828
172.101 3.35084 81.8996 1.38782 96.8731
172.201 3.30843 81.9092 1.37043 96.8635
172.301 3.26603 81.9187 1.35302 96.854
172.401 3.22362 81.9281 1.33561 96.8447
172.501 3.18121 81.9373 1.31819 96.8354
172.601 3.1388 81.9464 1.30077 96.8263
172.701 3.09639 81.9554 1.28334 96.8173
172.801 3.05398 81.9643 1.26591 96.8085
172.901 3.01157 81.973 1.24846 96.7997
173.001 2.96916 81.9817 1.23102 96.7911
173.101 2.92675 81.9902 1.21356 96.7826
173.201 2.88434 81.9986 1.1961 96.7742
173.301 2.84192 82.0068 1.17864 96.7659
173.401 2.79951 82.015 1.16117 96.7578
173.501 2.7571 82.023 1.14369 96.7498
173.601 2.71468 82.0309 1.12621 96.7419
173.701 2.67226 82.0386 1.10872 96.7341
173.801 2.62985 82.0463 1.09123 96.7264
173.901 2.58743 82.0538 1.07373 96.7189
174.001 2.54501 82.0612 1.05622 96.7115
174.101 2.5026 82.0685 1.03871 96.7042
174.201 2.46018 82.0757 1.0212 96.6971
174.301 2.41776 82.0827 1.00368 96.69
174.401 2.37534 82.0897 0.986158 96.6831
174.501 2.33292 82.0965 0.96863 96.6763
174.601 2.2905 82.1031 0.951097 96.6696
174.701 2.24807 82.1097 0.933559 96.6631
174.801 2.20565 82.1161 0.916016 96.6566
174.901 2.16323 82.1224 0.89847 96.6503
175.001 2.12081 82.1286 0.880919 96.6441
175.101 2.07838 82.1347 0.863363 96.6381
175.201 2.03596 82.1406 0.845803 96.6321
175.301 1.99354 82.1464 0.82824 96.6263
175.402 1.95111 82.1521 0.810672 96.6206
175.502 1.90869 82.1577 0.7931 96.615
175.602 1.86626 82.1632 0.775525 96.6096
175.702 1.82383 82.1685 0.757946 96.6042
175.802 1.78141 82.1737 0.740363 96.599
175.902 1.73898 82.1788 0.722776 96.5939
176.002 1.69655 82.1838 0.705186 96.589
176.102 1.65412 82.1886 0.687592 96.5841
176.202 1.6117 82.1933 0.669996 96.5794
176.302 1.56927 82.1979 0.652395 96.5748
176.402 1.52684 82.2024 0.634792 96.5703
176.502 1.48441 82.2067 0.617186 96.566
176.602 1.44198 82.211 0.599577 96.5618
176.702 1.39955 82.2151 0.581964 96.5577
176.802 1.35712 82.2191 0.564349 96.5537
176.902 1.31469 82.2229 0.546731 96.5498
177.002 1.27226 82.2267 0.529111 96.5461
177.102 1.22983 82.2303 0.511488 96.5425
177.202 1.1874 82.2338 0.493862 96.539
177.302 1.14496 82.2372 0.476234 96.5356
177.402 1.10253 82.2404 0.458604 96.5323
177.502 1.0601 82.2435 0.440971 96.5292
177.602 1.01767 82.2465 0.423337 96.5262
177.702 0.975236 82.2494 0.4057 96.5233
177.802 0.932803 82.2522 0.388061 96.5206
177.902 0.89037 82.2548 0.370421 96.5179
178.002 0.847936 82.2573 0.352778 96.5154
178.102 0.805503 82.2597 0.335134 96.513
178.202 0.763069 82.262 0.317489 96.5108
178.302 0.720635 82.2641 0.299841 96.5086
178.402 0.678201 82.2661 0.282193 96.5066
178.502 0.635767 82.268 0.264543 96.5047
178.602 0.593333 82.2698 0.246891 96.5029
178.702 0.550898 82.2715 0.229239 96.5013
178.802 0.508464 82.273 0.211585 96.4997
178.902 0.466029 82.2744 0.19393 96.4983
179.002 0.423594 82.2757 0.176274 96.497
179.102 0.381159 82.2769 0.158618 96.4959
179.202 0.338724 82.2779 0.140961 96.4948
179.302 0.296289 82.2788 0.123303 96.4939
179.402 0.253854 82.2796 0.105644 96.4931
179.502 0.211419 82.2803 0.087985 96.4924
179.602 0.168984 82.2808 0.0703254 96.4919
179.702 0.126549 82.2813 0.0526656 96.4915
179.802 0.0841132 82.2816 0.0350054 96.4912
179.902 0.0416779 82.2818 0.0173452 96.491
