0 2.37717e-14 1.39678 0 178.576
0.1 0.338781 1.39684 0.0133883 178.576
0.2 0.677527 1.39703 0.0267765 178.576
0.3 1.0162 1.39735 0.0401648 178.575
0.4 1.35477 1.39779 0.0535529 178.575
0.5 1.6932 1.39836 0.0669409 178.574
0.6 2.03145 1.39906 0.0803288 178.574
0.7 2.3695 1.39988 0.0937166 178.573
0.8 2.70729 1.40084 0.107104 178.572
0.9 3.0448 1.40191 0.120492 178.571
1 3.382 1.40312 0.133879 178.57
1.1 3.71885 1.40445 0.147266 178.568
1.2 4.05532 1.4059 0.160652 178.567
1.3 4.39136 1.40749 0.174038 178.565
1.4 4.72696 1.4092 0.187424 178.564
1.5 5.06207 1.41104 0.20081 178.562
1.6 5.39666 1.413 0.214195 178.56
1.7 5.7307 1.41509 0.22758 178.558
1.8 6.06415 1.41731 0.240964 178.555
1.9 6.39699 1.41965 0.254348 178.553
2 6.72917 1.42213 0.267732 178.551
2.1 7.06068 1.42472 0.281114 178.548
2.2 7.39147 1.42745 0.294497 178.545
2.3 7.72152 1.4303 0.307879 178.542
2.4 8.0508 1.43328 0.32126 178.539
2.5 8.37927 1.43638 0.33464 178.536
2.6 8.7069 1.43961 0.34802 178.533
2.7 9.03367 1.44297 0.361399 178.53
2.8 9.35955 1.44645 0.374778 178.526
2.9 9.68451 1.45006 0.388156 178.523
3 10.0085 1.4538 0.401533 178.519
3.1 10.3315 1.45767 0.414909 178.515
3.2 10.6536 1.46166 0.428285 178.511
3.3 10.9746 1.46577 0.441659 178.507
3.4 11.2945 1.47002 0.455033 178.503
3.5 11.6134 1.47439 0.468406 178.498
3.6 11.9311 1.47888 0.481778 178.494
3.7 12.2477 1.48351 0.49515 178.489
3.8 12.5632 1.48826 0.50852 178.484
3.9 12.8774 1.49313 0.521889 178.48
4 13.1905 1.49813 0.535257 178.475
4.1 13.5024 1.50326 0.548624 178.469
4.2 13.813 1.50852 0.56199 178.464
4.3 14.1223 1.5139 0.575356 178.459
4.4 14.4303 1.51941 0.588719 178.453
4.5 14.737 1.52504 0.602082 178.448
4.6 15.0424 1.5308 0.615444 178.442
4.7 15.3465 1.53669 0.628804 178.436
4.8 15.6491 1.5427 0.642164 178.43
4.9 15.9504 1.54884 0.655522 178.424
5 16.2503 1.55511 0.668879 178.418
5.1 16.5487 1.5615 0.682234 178.411
5.2 16.8458 1.56802 0.695588 178.405
5.3 17.1413 1.57467 0.708941 178.398
5.4 17.4354 1.58144 0.722292 178.391
5.5 17.728 1.58833 0.735643 178.384
5.6 18.0191 1.59536 0.748991 178.377
5.7 18.3087 1.60251 0.762338 178.37
5.8 18.5968 1.60978 0.775684 178.363
5.9 18.8833 1.61718 0.789029 178.356
6 19.1683 1.62471 0.802371 178.348
6.1 19.4517 1.63237 0.815712 178.34
6.2 19.7335 1.64015 0.829052 178.333
6.3 20.0138 1.64805 0.84239 178.325
6.4 20.2924 1.65608 0.855727 178.317
6.5 20.5695 1.66424 0.869061 178.309
6.6 20.8449 1.67252 0.882394 178.3
6.7 21.1187 1.68093 0.895726 178.292
6.8 21.3909 1.68947 0.909056 178.283
6.9 21.6615 1.69813 0.922383 178.275
7 21.9304 1.70692 0.93571 178.266
7.1 22.1976 1.71583 0.949034 178.257
7.2 22.4632 1.72487 0.962357 178.248
7.3 22.7272 1.73403 0.975677 178.239
7.4 22.9894 1.74332 0.988996 178.229
7.5 23.25 1.75274 1.00231 178.22
7.6 23.5089 1.76228 1.01563 178.21
7.7 23.7662 1.77195 1.02894 178.201
7.79999 24.0217 1.78174 1.04225 178.191
7.89999 24.2756 1.79166 1.05556 178.181
7.99999 24.5278 1.8017 1.06887 178.171
8.09999 24.7783 1.81187 1.08217 178.161
8.2 25.027 1.82217 1.09548 178.151
8.3 25.2741 1.83259 1.10878 178.14
8.4 25.5195 1.84314 1.12208 178.13
8.5 25.7632 1.85381 1.13537 178.119
8.6 26.0052 1.8646 1.14867 178.108
8.7 26.2455 1.87552 1.16196 178.097
8.8 26.4842 1.88657 1.17525 178.086
8.9 26.7211 1.89774 1.18854 178.075
9 26.9563 1.90904 1.20182 178.064
9.1 27.1898 1.92046 1.2151 178.052
9.2 27.4216 1.93201 1.22838 178.041
9.3 27.6518 1.94369 1.24166 178.029
9.4 27.8802 1.95548 1.25494 178.017
9.5 28.107 1.96741 1.26821 178.005
9.6 28.3321 1.97946 1.28148 177.993
9.7 28.5555 1.99163 1.29475 177.981
9.8 28.7772 2.00393 1.30802 177.969
9.9 28.9972 2.01635 1.32128 177.956
10 29.2156 2.0289 1.33454 177.944
10.1 29.4323 2.04157 1.3478 177.931
10.2 29.6474 2.05437 1.36106 177.918
10.3 29.8608 2.06729 1.37431 177.905
10.4 30.0726 2.08034 1.38756 177.892
10.5 30.2827 2.09351 1.40081 177.879
10.6 30.4911 2.1068 1.41405 177.866
10.7 30.6979 2.12023 1.4273 177.853
10.8 30.9031 2.13377 1.44053 177.839
10.9 31.1067 2.14744 1.45377 177.825
11 31.3087 2.16124 1.46701 177.812
11.1 31.509 2.17515 1.48024 177.798
11.2 31.7077 2.1892 1.49347 177.784
11.3 31.9049 2.20336 1.50669 177.769
11.4 32.1004 2.21766 1.51991 177.755
11.5 32.2944 2.23207 1.53313 177.741
11.6 32.4867 2.24661 1.54635 177.726
11.7 32.6775 2.26128 1.55956 177.711
11.8 32.8668 2.27607 1.57277 177.697
11.9 33.0545 2.29098 1.58598 177.682
12 33.2406 2.30601 1.59919 177.667
12.1 33.4252 2.32117 1.61239 177.652
12.2 33.6082 2.33646 1.62559 177.636
12.3 33.7898 2.35187 1.63878 177.621
12.4 33.9698 2.3674 1.65197 177.605
12.5 34.1482 2.38306 1.66516 177.59
12.6 34.3252 2.39884 1.67835 177.574
12.7 34.5007 2.41474 1.69153 177.558
12.8 34.6747 2.43077 1.70471 177.542
12.9 34.8472 2.44692 1.71788 177.526
13 35.0183 2.46319 1.73106 177.51
13.1 35.1879 2.47959 1.74423 177.493
13.2 35.356 2.49611 1.75739 177.477
13.3 35.5227 2.51275 1.77055 177.46
13.4 35.6879 2.52952 1.78371 177.443
13.5 35.8518 2.54641 1.79687 177.426
13.6 36.0142 2.56343 1.81002 177.409
13.7 36.1751 2.58056 1.82317 177.392
13.8 36.3347 2.59783 1.83631 177.375
13.9 36.4929 2.61521 1.84945 177.358
14 36.6497 2.63272 1.86259 177.34
14.1 36.8051 2.65035 1.87573 177.322
14.2 36.9592 2.6681 1.88886 177.305
14.3 37.1119 2.68597 1.90198 177.287
14.4 37.2632 2.70397 1.91511 177.269
14.5 37.4132 2.72209 1.92823 177.251
14.6 37.5619 2.74034 1.94134 177.232
14.7 37.7092 2.7587 1.95445 177.214
14.8 37.8552 2.77719 1.96756 177.196
14.9 38 2.79581 1.98066 177.177
15 38.1434 2.81454 1.99377 177.158
15.1 38.2855 2.8334 2.00686 177.139
15.2 38.4263 2.85238 2.01995 177.12
15.3 38.5659 2.87148 2.03304 177.101
15.4 38.7042 2.8907 2.04613 177.082
15.5 38.8413 2.91005 2.05921 177.063
15.6 38.9771 2.92951 2.07229 177.043
15.7 39.1117 2.9491 2.08536 177.024
15.8 39.245 2.96882 2.09843 177.004
15.9 39.3772 2.98865 2.11149 176.984
16 39.5081 3.00861 2.12455 176.964
16.1 39.6378 3.02868 2.13761 176.944
16.2 39.7663 3.04888 2.15066 176.924
16.3 39.8937 3.0692 2.16371 176.904
16.4 40.0198 3.08965 2.17675 176.883
16.5 40.1448 3.11021 2.18979 176.863
16.6 40.2687 3.1309 2.20283 176.842
16.7 40.3913 3.1517 2.21586 176.821
16.8 40.5129 3.17263 2.22888 176.8
16.9 40.6333 3.19368 2.24191 176.779
17 40.7526 3.21485 2.25492 176.758
17.1 40.8708 3.23615 2.26794 176.737
17.2 40.9878 3.25756 2.28095 176.715
17.3 41.1038 3.2791 2.29395 176.694
17.4 41.2187 3.30075 2.30695 176.672
17.5 41.3324 3.32253 2.31995 176.65
17.6 41.4452 3.34443 2.33294 176.628
17.7 41.5568 3.36644 2.34593 176.606
17.8 41.6674 3.38858 2.35891 176.584
17.9 41.7769 3.41084 2.37189 176.562
18 41.8854 3.43322 2.38486 176.54
18.1 41.9929 3.45573 2.39783 176.517
18.2 42.0993 3.47835 2.41079 176.494
18.3 42.2047 3.50109 2.42375 176.472
18.4 42.3091 3.52395 2.4367 176.449
18.5 42.4125 3.54693 2.44965 176.426
18.6 42.5149 3.57004 2.4626 176.403
18.7 42.6163 3.59326 2.47554 176.379
18.8 42.7168 3.6166 2.48847 176.356
18.9 42.8162 3.64007 2.5014 176.333
19 42.9147 3.66365 2.51433 176.309
19.1 43.0123 3.68735 2.52725 176.285
19.2 43.1089 3.71117 2.54016 176.262
19.3 43.2045 3.73512 2.55307 176.238
19.4 43.2992 3.75918 2.56598 176.214
19.5 43.393 3.78336 2.57888 176.189
19.6 43.4859 3.80766 2.59177 176.165
19.7 43.5778 3.83208 2.60466 176.141
19.8 43.6689 3.85662 2.61755 176.116
19.9 43.759 3.88128 2.63043 176.091
20 43.8483 3.90606 2.6433 176.067
20.1 43.9367 3.93095 2.65617 176.042
20.2 44.0242 3.95597 2.66903 176.017
20.3 44.1108 3.9811 2.68189 175.992
20.4 44.1965 4.00636 2.69475 175.966
20.5 44.2815 4.03173 2.7076 175.941
20.6 44.3655 4.05722 2.72044 175.916
20.7 44.4487 4.08283 2.73328 175.89
20.8 44.5311 4.10856 2.74611 175.864
20.9 44.6126 4.13441 2.75894 175.838
21 44.6933 4.16037 2.77176 175.812
21.1 44.7733 4.18646 2.78457 175.786
21.2 44.8523 4.21266 2.79738 175.76
21.3 44.9306 4.23898 2.81019 175.734
21.4 45.0081 4.26542 2.82299 175.707
21.5 45.0848 4.29197 2.83578 175.681
21.6 45.1607 4.31865 2.84857 175.654
21.7 45.2359 4.34544 2.86136 175.627
21.8 45.3102 4.37235 2.87413 175.6
21.9 45.3838 4.39938 2.8869 175.573
22 45.4567 4.42652 2.89967 175.546
22.1 45.5287 4.45379 2.91243 175.519
22.2 45.6001 4.48117 2.92518 175.492
22.3 45.6707 4.50866 2.93793 175.464
22.4 45.7405 4.53628 2.95068 175.436
22.5 45.8096 4.56401 2.96341 175.409
22.6 45.878 4.59186 2.97615 175.381
22.7001 45.9457 4.61982 2.98887 175.353
22.8001 46.0127 4.64791 3.00159 175.325
22.9001 46.0789 4.67611 3.0143 175.297
23.0001 46.1445 4.70442 3.02701 175.268
23.1001 46.2093 4.73286 3.03971 175.24
23.2001 46.2735 4.76141 3.05241 175.211
23.3001 46.337 4.79007 3.0651 175.183
23.4001 46.3998 4.81886 3.07778 175.154
23.5001 46.4619 4.84775 3.09046 175.125
23.6001 46.5234 4.87677 3.10313 175.096
23.7001 46.5841 4.9059 3.1158 175.067
23.8001 46.6443 4.93515 3.12846 175.038
23.9001 46.7038 4.96451 3.14111 175.008
24.0001 46.7626 4.99399 3.15375 174.979
24.1001 46.8208 5.02359 3.1664 174.949
24.2001 46.8783 5.0533 3.17903 174.919
24.3001 46.9352 5.08312 3.19166 174.89
24.4001 46.9915 5.11307 3.20428 174.86
24.5001 47.0472 5.14312 3.21689 174.83
24.6001 47.1022 5.1733 3.2295 174.799
24.7001 47.1567 5.20358 3.24211 174.769
24.8001 47.2105 5.23399 3.2547 174.739
24.9001 47.2637 5.2645 3.26729 174.708
25.0001 47.3163 5.29514 3.27987 174.678
25.1001 47.3683 5.32589 3.29245 174.647
25.2001 47.4198 5.35675 3.30502 174.616
25.3001 47.4706 5.38773 3.31758 174.585
25.4001 47.5209 5.41882 3.33014 174.554
25.5001 47.5706 5.45002 3.34269 174.523
25.6001 47.6197 5.48135 3.35523 174.491
25.7001 47.6683 5.51278 3.36777 174.46
25.8001 47.7162 5.54433 3.3803 174.428
25.9001 47.7637 5.57599 3.39283 174.397
26.0001 47.8105 5.60777 3.40534 174.365
26.1001 47.8569 5.63966 3.41785 174.333
26.2001 47.9027 5.67167 3.43036 174.301
26.3001 47.9479 5.70379 3.44285 174.269
26.4001 47.9926 5.73602 3.45534 174.237
26.5001 48.0368 5.76837 3.46782 174.204
26.6001 48.0804 5.80083 3.4803 174.172
26.7001 48.1235 5.8334 3.49277 174.139
26.8001 48.1661 5.86608 3.50523 174.107
26.9001 48.2082 5.89888 3.51769 174.074
27.0001 48.2497 5.9318 3.53013 174.041
27.1001 48.2908 5.96482 3.54257 174.008
27.2001 48.3313 5.99796 3.55501 173.975
27.3001 48.3714 6.03121 3.56743 173.942
27.4001 48.4109 6.06457 3.57985 173.908
27.5001 48.45 6.09805 3.59227 173.875
27.6001 48.4886 6.13164 3.60467 173.841
27.7001 48.5266 6.16534 3.61707 173.807
27.8001 48.5642 6.19915 3.62946 173.774
27.9001 48.6014 6.23308 3.64184 173.74
28.0001 48.638 6.26711 3.65422 173.706
28.1001 48.6742 6.30126 3.66659 173.671
28.2001 48.7099 6.33552 3.67895 173.637
28.3001 48.7451 6.3699 3.6913 173.603
28.4001 48.7799 6.40438 3.70365 173.568
28.5001 48.8142 6.43898 3.71599 173.534
28.6001 48.8481 6.47368 3.72832 173.499
28.7001 48.8815 6.5085 3.74065 173.464
28.8001 48.9145 6.54343 3.75296 173.429
28.9001 48.947 6.57847 3.76527 173.394
29.0001 48.9791 6.61362 3.77757 173.359
29.1001 49.0107 6.64888 3.78987 173.324
29.2001 49.042 6.68426 3.80216 173.288
29.3001 49.0727 6.71974 3.81443 173.253
29.4001 49.1031 6.75534 3.82671 173.217
29.5001 49.133 6.79104 3.83897 173.182
29.6001 49.1625 6.82685 3.85123 173.146
29.7001 49.1916 6.86278 3.86347 173.11
29.8001 49.2203 6.89882 3.87571 173.074
29.9001 49.2486 6.93496 3.88795 173.038
30.0001 49.2764 6.97122 3.90017 173.002
30.1001 49.3039 7.00758 3.91239 172.965
30.2001 49.3309 7.04405 3.9246 172.929
30.3001 49.3576 7.08064 3.9368 172.892
30.4001 49.3838 7.11733 3.94899 172.855
30.5001 49.4097 7.15414 3.96118 172.819
30.6001 49.4352 7.19105 3.97336 172.782
30.7001 49.4602 7.22807 3.98552 172.745
30.8001 49.4849 7.2652 3.99769 172.708
30.9001 49.5092 7.30244 4.00984 172.67
31.0001 49.5332 7.33979 4.02198 172.633
31.1001 49.5567 7.37724 4.03412 172.596
31.2001 49.5799 7.41481 4.04625 172.558
31.3001 49.6027 7.45248 4.05837 172.52
31.4001 49.6252 7.49026 4.07048 172.482
31.5001 49.6472 7.52815 4.08259 172.445
31.6001 49.6689 7.56615 4.09468 172.407
31.7001 49.6903 7.60426 4.10677 172.368
31.8001 49.7113 7.64247 4.11885 172.33
31.9001 49.7319 7.68079 4.13092 172.292
32.0001 49.7522 7.71922 4.14298 172.254
32.1001 49.7721 7.75775 4.15504 172.215
32.2001 49.7917 7.7964 4.16708 172.176
32.3001 49.8109 7.83515 4.17912 172.138
32.4001 49.8298 7.874 4.19115 172.099
32.5001 49.8484 7.91297 4.20317 172.06
32.6001 49.8666 7.95204 4.21518 172.021
32.7001 49.8845 7.99122 4.22718 171.982
32.8001 49.902 8.0305 4.23918 171.942
32.9001 49.9192 8.0699 4.25116 171.903
33.0001 49.9361 8.10939 4.26314 171.863
33.1001 49.9527 8.149 4.27511 171.824
33.2001 49.9689 8.18871 4.28707 171.784
33.3001 49.9848 8.22852 4.29902 171.744
33.4001 50.0004 8.26845 4.31096 171.704
33.5001 50.0157 8.30847 4.3229 171.664
33.6001 50.0306 8.34861 4.33482 171.624
33.7001 50.0453 8.38885 4.34674 171.584
33.8001 50.0596 8.42919 4.35865 171.544
33.9001 50.0736 8.46964 4.37054 171.503
34.0001 50.0874 8.5102 4.38243 171.463
34.1001 50.1008 8.55086 4.39431 171.422
34.2001 50.1139 8.59162 4.40619 171.381
34.3 50.1267 8.63249 4.41805 171.34
34.4 50.1392 8.67347 4.4299 171.299
34.5 50.1514 8.71455 4.44175 171.258
34.6 50.1634 8.75573 4.45358 171.217
34.7 50.175 8.79702 4.46541 171.176
34.8 50.1863 8.83841 4.47722 171.134
34.9 50.1974 8.87991 4.48903 171.093
35 50.2082 8.92151 4.50083 171.051
35.1 50.2186 8.96321 4.51262 171.01
35.2 50.2288 9.00502 4.5244 170.968
35.3 50.2388 9.04693 4.53617 170.926
35.4 50.2484 9.08895 4.54793 170.884
35.5 50.2578 9.13106 4.55969 170.842
35.6 50.2669 9.17329 4.57143 170.799
35.7 50.2757 9.21561 4.58316 170.757
35.8 50.2842 9.25804 4.59489 170.715
35.9 50.2925 9.30057 4.6066 170.672
36 50.3005 9.3432 4.61831 170.63
36.1 50.3083 9.38594 4.63 170.587
36.2 50.3158 9.42877 4.64169 170.544
36.3 50.323 9.47171 4.65337 170.501
36.4 50.3299 9.51476 4.66503 170.458
36.5 50.3367 9.5579 4.67669 170.415
36.6 50.3431 9.60115 4.68834 170.372
36.7 50.3493 9.64449 4.69998 170.328
36.8 50.3552 9.68794 4.71161 170.285
36.9 50.3609 9.73149 4.72322 170.241
37 50.3664 9.77515 4.73483 170.198
37.1 50.3715 9.8189 4.74643 170.154
37.2 50.3765 9.86275 4.75802 170.11
37.3 50.3812 9.90671 4.7696 170.066
37.4 50.3856 9.95077 4.78117 170.022
37.5 50.3899 9.99492 4.79273 169.978
37.6 50.3938 10.0392 4.80428 169.934
37.7 50.3976 10.0835 4.81582 169.889
37.8 50.4011 10.128 4.82735 169.845
37.9 50.4043 10.1726 4.83887 169.8
38 50.4073 10.2172 4.85038 169.756
38.1 50.4101 10.262 4.86188 169.711
38.2 50.4127 10.3068 4.87337 169.666
38.3 50.415 10.3518 4.88485 169.621
38.4 50.4171 10.3968 4.89632 169.576
38.5 50.419 10.442 4.90778 169.531
38.6 50.4207 10.4873 4.91923 169.485
38.7 50.4221 10.5326 4.93067 169.44
38.8 50.4233 10.5781 4.9421 169.395
38.9 50.4243 10.6236 4.95352 169.349
39 50.4251 10.6693 4.96493 169.303
39.1 50.4256 10.715 4.97633 169.258
39.2 50.426 10.7609 4.98772 169.212
39.3 50.4261 10.8068 4.99909 169.166
39.4 50.426 10.8529 5.01046 169.12
39.5 50.4257 10.899 5.02182 169.074
39.6 50.4252 10.9452 5.03316 169.028
39.7 50.4244 10.9916 5.0445 168.981
39.8 50.4235 11.038 5.05582 168.935
39.9 50.4224 11.0845 5.06714 168.888
40 50.421 11.1312 5.07844 168.842
40.1 50.4195 11.1779 5.08974 168.795
40.2 50.4177 11.2247 5.10102 168.748
40.3 50.4158 11.2716 5.11229 168.701
40.4 50.4136 11.3187 5.12355 168.654
40.5 50.4113 11.3658 5.1348 168.607
40.6 50.4087 11.413 5.14604 168.56
40.7 50.406 11.4603 5.15727 168.512
40.7999 50.403 11.5077 5.16849 168.465
40.8999 50.3999 11.5552 5.1797 168.418
40.9999 50.3965 11.6028 5.1909 168.37
41.0999 50.393 11.6505 5.20208 168.322
41.1999 50.3893 11.6983 5.21326 168.274
41.2999 50.3854 11.7461 5.22442 168.227
41.3999 50.3813 11.7941 5.23558 168.179
41.4999 50.377 11.8422 5.24672 168.131
41.5999 50.3725 11.8904 5.25785 168.082
41.6999 50.3679 11.9386 5.26897 168.034
41.7999 50.3631 11.987 5.28008 167.986
41.8999 50.358 12.0354 5.29118 167.937
41.9999 50.3528 12.084 5.30226 167.889
42.0999 50.3475 12.1326 5.31334 167.84
42.1999 50.3419 12.1813 5.3244 167.791
42.2999 50.3362 12.2302 5.33546 167.743
42.3999 50.3302 12.2791 5.3465 167.694
42.4999 50.3241 12.3281 5.35753 167.645
42.5999 50.3179 12.3772 5.36855 167.596
42.6999 50.3114 12.4264 5.37956 167.546
42.7999 50.3048 12.4757 5.39055 167.497
42.8999 50.298 12.5251 5.40154 167.448
42.9999 50.2911 12.5746 5.41251 167.398
43.0999 50.284 12.6241 5.42347 167.349
43.1999 50.2767 12.6738 5.43443 167.299
43.2999 50.2692 12.7236 5.44537 167.249
43.3999 50.2616 12.7734 5.45629 167.199
43.4999 50.2538 12.8233 5.46721 167.149
43.5999 50.2458 12.8734 5.47811 167.099
43.6999 50.2377 12.9235 5.48901 167.049
43.7999 50.2294 12.9737 5.49989 166.999
43.8999 50.221 13.024 5.51076 166.949
43.9999 50.2123 13.0744 5.52162 166.898
44.0999 50.2036 13.1249 5.53246 166.848
44.1999 50.1947 13.1755 5.5433 166.797
44.2999 50.1856 13.2262 5.55412 166.747
44.3999 50.1763 13.2769 5.56493 166.696
44.4999 50.1669 13.3278 5.57573 166.645
44.5999 50.1574 13.3787 5.58652 166.594
44.6999 50.1477 13.4298 5.59729 166.543
44.7999 50.1378 13.4809 5.60806 166.492
44.8999 50.1278 13.5321 5.61881 166.441
44.9999 50.1176 13.5834 5.62955 166.389
45.0999 50.1073 13.6348 5.64028 166.338
45.1999 50.0968 13.6863 5.65099 166.286
45.2999 50.0862 13.7379 5.6617 166.235
45.3999 50.0754 13.7895 5.67239 166.183
45.4999 50.0645 13.8413 5.68307 166.131
45.5999 50.0535 13.8931 5.69373 166.08
45.6999 50.0423 13.945 5.70439 166.028
45.7999 50.0309 13.9971 5.71503 165.976
45.8999 50.0194 14.0492 5.72566 165.924
45.9999 50.0078 14.1013 5.73628 165.871
46.0999 49.996 14.1536 5.74689 165.819
46.1999 49.9841 14.206 5.75748 165.767
46.2999 49.972 14.2585 5.76806 165.714
46.3999 49.9598 14.311 5.77863 165.662
46.4999 49.9475 14.3636 5.78919 165.609
46.5999 49.935 14.4164 5.79973 165.556
46.6999 49.9224 14.4692 5.81026 165.504
46.7999 49.9096 14.5221 5.82078 165.451
46.8999 49.8967 14.575 5.83129 165.398
46.9999 49.8837 14.6281 5.84178 165.345
47.0999 49.8706 14.6813 5.85226 165.291
47.1999 49.8573 14.7345 5.86273 165.238
47.2999 49.8438 14.7878 5.87319 165.185
47.3998 49.8303 14.8412 5.88363 165.132
47.4998 49.8166 14.8947 5.89406 165.078
47.5998 49.8028 14.9483 5.90448 165.024
47.6998 49.7888 15.002 5.91489 164.971
47.7998 49.7748 15.0557 5.92528 164.917
47.8998 49.7605 15.1096 5.93566 164.863
47.9998 49.7462 15.1635 5.94603 164.809
48.0998 49.7318 15.2175 5.95638 164.755
48.1998 49.7172 15.2716 5.96672 164.701
48.2998 49.7024 15.3258 5.97705 164.647
48.3998 49.6876 15.38 5.98737 164.593
48.4998 49.6726 15.4344 5.99767 164.538
48.5998 49.6576 15.4888 6.00796 164.484
48.6998 49.6423 15.5433 6.01823 164.429
48.7998 49.627 15.5979 6.0285 164.375
48.8998 49.6116 15.6526 6.03875 164.32
48.9998 49.596 15.7074 6.04898 164.265
49.0998 49.5803 15.7622 6.05921 164.211
49.1998 49.5645 15.8171 6.06942 164.156
49.2998 49.5485 15.8722 6.07962 164.101
49.3998 49.5325 15.9272 6.0898 164.045
49.4998 49.5163 15.9824 6.09997 163.99
49.5998 49.5 16.0377 6.11013 163.935
49.6998 49.4836 16.093 6.12027 163.88
49.7998 49.4671 16.1485 6.1304 163.824
49.8998 49.4505 16.204 6.14052 163.769
49.9998 49.4337 16.2595 6.15063 163.713
50.0998 49.4169 16.3152 6.16072 163.658
50.1998 49.3999 16.371 6.17079 163.602
50.2998 49.3828 16.4268 6.18086 163.546
50.3998 49.3656 16.4827 6.19091 163.49
50.4998 49.3483 16.5387 6.20094 163.434
50.5998 49.3309 16.5948 6.21097 163.378
50.6998 49.3133 16.6509 6.22098 163.322
50.7998 49.2957 16.7072 6.23097 163.266
50.8998 49.278 16.7635 6.24095 163.209
50.9998 49.2601 16.8199 6.25092 163.153
51.0998 49.2421 16.8764 6.26088 163.096
51.1998 49.224 16.9329 6.27082 163.04
51.2998 49.2059 16.9895 6.28075 162.983
51.3998 49.1876 17.0463 6.29066 162.926
51.4998 49.1692 17.103 6.30056 162.87
51.5998 49.1507 17.1599 6.31044 162.813
51.6998 49.1321 17.2169 6.32032 162.756
51.7998 49.1134 17.2739 6.33017 162.699
51.8998 49.0946 17.331 6.34002 162.642
51.9998 49.0756 17.3882 6.34985 162.585
52.0998 49.0566 17.4455 6.35966 162.527
52.1998 49.0375 17.5028 6.36946 162.47
52.2998 49.0183 17.5602 6.37925 162.413
52.3998 48.999 17.6177 6.38903 162.355
52.4998 48.9796 17.6753 6.39878 162.297
52.5998 48.96 17.7329 6.40853 162.24
52.6998 48.9404 17.7907 6.41826 162.182
52.7998 48.9207 17.8485 6.42798 162.124
52.8998 48.9009 17.9063 6.43768 162.066
52.9998 48.881 17.9643 6.44737 162.008
53.0998 48.861 18.0223 6.45704 161.95
53.1998 48.8409 18.0804 6.4667 161.892
53.2998 48.8206 18.1386 6.47635 161.834
53.3998 48.8003 18.1969 6.48598 161.776
53.4998 48.78 18.2552 6.49559 161.718
53.5998 48.7595 18.3136 6.5052 161.659
53.6998 48.7389 18.3721 6.51478 161.601
53.7998 48.7182 18.4307 6.52436 161.542
53.8997 48.6974 18.4893 6.53391 161.483
53.9997 48.6766 18.548 6.54346 161.425
54.0997 48.6556 18.6068 6.55299 161.366
54.1997 48.6346 18.6657 6.5625 161.307
54.2997 48.6134 18.7246 6.572 161.248
54.3997 48.5922 18.7836 6.58149 161.189
54.4997 48.5709 18.8427 6.59096 161.13
54.5997 48.5495 18.9019 6.60041 161.071
54.6997 48.528 18.9611 6.60985 161.012
54.7997 48.5064 19.0204 6.61928 160.952
54.8997 48.4847 19.0798 6.62869 160.893
54.9997 48.4629 19.1392 6.63809 160.834
55.0997 48.4411 19.1988 6.64747 160.774
55.1997 48.4191 19.2583 6.65684 160.714
55.2997 48.3971 19.318 6.66619 160.655
55.3997 48.375 19.3778 6.67552 160.595
55.4997 48.3528 19.4376 6.68485 160.535
55.5997 48.3305 19.4974 6.69415 160.475
55.6997 48.3081 19.5574 6.70344 160.415
55.7997 48.2857 19.6174 6.71272 160.355
55.8997 48.2632 19.6775 6.72198 160.295
55.9997 48.2405 19.7377 6.73123 160.235
56.0997 48.2178 19.7979 6.74046 160.175
56.1997 48.195 19.8582 6.74967 160.115
56.2997 48.1722 19.9186 6.75887 160.054
56.3997 48.1492 19.9791 6.76806 159.994
56.4997 48.1262 20.0396 6.77723 159.933
56.5997 48.1031 20.1002 6.78638 159.873
56.6997 48.0799 20.1608 6.79552 159.812
56.7997 48.0566 20.2216 6.80465 159.751
56.8997 48.0332 20.2824 6.81376 159.69
56.9997 48.0098 20.3432 6.82285 159.63
57.0997 47.9863 20.4042 6.83193 159.569
57.1997 47.9627 20.4652 6.84099 159.508
57.2997 47.939 20.5263 6.85003 159.446
57.3997 47.9152 20.5874 6.85906 159.385
57.4997 47.8914 20.6486 6.86808 159.324
57.5997 47.8675 20.7099 6.87708 159.263
57.6997 47.8435 20.7712 6.88606 159.202
57.7997 47.8194 20.8326 6.89503 159.14
57.8997 47.7953 20.8941 6.90398 159.079
57.9997 47.7711 20.9557 6.91292 159.017
58.0997 47.7468 21.0173 6.92184 158.955
58.1997 47.7224 21.079 6.93075 158.894
58.2997 47.698 21.1407 6.93963 158.832
58.3997 47.6734 21.2026 6.94851 158.77
58.4997 47.6489 21.2644 6.95737 158.708
58.5997 47.6242 21.3264 6.96621 158.646
58.6997 47.5995 21.3884 6.97503 158.584
58.7997 47.5746 21.4505 6.98384 158.522
58.8997 47.5498 21.5126 6.99264 158.46
58.9997 47.5248 21.5748 7.00141 158.398
59.0997 47.4998 21.6371 7.01018 158.336
59.1997 47.4747 21.6995 7.01892 158.273
59.2997 47.4495 21.7619 7.02765 158.211
59.3997 47.4242 21.8243 7.03636 158.148
59.4997 47.3989 21.8869 7.04506 158.086
59.5997 47.3735 21.9495 7.05374 158.023
59.6997 47.3481 22.0122 7.0624 157.961
59.7997 47.3226 22.0749 7.07105 157.898
59.8997 47.297 22.1377 7.07968 157.835
59.9997 47.2713 22.2005 7.0883 157.772
60.0997 47.2456 22.2635 7.0969 157.709
60.1997 47.2198 22.3264 7.10548 157.646
60.2997 47.1939 22.3895 7.11405 157.583
60.3997 47.168 22.4526 7.1226 157.52
60.4996 47.142 22.5158 7.13113 157.457
60.5996 47.1159 22.579 7.13965 157.394
60.6996 47.0898 22.6423 7.14815 157.33
60.7996 47.0635 22.7057 7.15663 157.267
60.8996 47.0373 22.7691 7.1651 157.204
60.9996 47.0109 22.8326 7.17355 157.14
61.0996 46.9845 22.8961 7.18198 157.077
61.1996 46.9581 22.9597 7.1904 157.013
61.2996 46.9315 23.0234 7.1988 156.949
61.3996 46.9049 23.0871 7.20718 156.886
61.4996 46.8783 23.1509 7.21555 156.822
61.5996 46.8515 23.2147 7.2239 156.758
61.6996 46.8248 23.2787 7.23223 156.694
61.7996 46.7979 23.3426 7.24055 156.63
61.8996 46.771 23.4067 7.24885 156.566
61.9996 46.744 23.4707 7.25713 156.502
62.0996 46.717 23.5349 7.2654 156.438
62.1996 46.6899 23.5991 7.27364 156.374
62.2996 46.6627 23.6634 7.28188 156.309
62.3996 46.6355 23.7277 7.29009 156.245
62.4996 46.6082 23.7921 7.29829 156.181
62.5996 46.5808 23.8565 7.30647 156.116
62.6996 46.5534 23.921 7.31463 156.052
62.7996 46.5259 23.9856 7.32278 155.987
62.8996 46.4984 24.0502 7.3309 155.923
62.9996 46.4708 24.1149 7.33902 155.858
63.0996 46.4431 24.1796 7.34711 155.793
63.1996 46.4154 24.2444 7.35519 155.728
63.2996 46.3876 24.3092 7.36325 155.664
63.3996 46.3598 24.3741 7.37129 155.599
63.4996 46.3319 24.4391 7.37931 155.534
63.5996 46.304 24.5041 7.38732 155.469
63.6996 46.276 24.5692 7.39531 155.404
63.7996 46.2479 24.6343 7.40328 155.338
63.8996 46.2198 24.6995 7.41124 155.273
63.9996 46.1916 24.7647 7.41917 155.208
64.0996 46.1634 24.83 7.42709 155.143
64.1996 46.1351 24.8954 7.435 155.077
64.2996 46.1067 24.9608 7.44288 155.012
64.3996 46.0783 25.0263 7.45075 154.946
64.4996 46.0498 25.0918 7.4586 154.881
64.5996 46.0213 25.1573 7.46643 154.815
64.6996 45.9927 25.223 7.47424 154.75
64.7996 45.9641 25.2887 7.48204 154.684
64.8996 45.9354 25.3544 7.48982 154.618
64.9996 45.9067 25.4202 7.49758 154.553
65.0996 45.8779 25.486 7.50532 154.487
65.1996 45.849 25.5519 7.51304 154.421
65.2996 45.8201 25.6179 7.52075 154.355
65.3996 45.7911 25.6839 7.52844 154.289
65.4996 45.7621 25.7499 7.53611 154.223
65.5996 45.7331 25.816 7.54376 154.157
65.6996 45.7039 25.8822 7.5514 154.091
65.7996 45.6748 25.9484 7.55901 154.024
65.8996 45.6455 26.0146 7.56661 153.958
65.9996 45.6163 26.081 7.57419 153.892
66.0996 45.5869 26.1473 7.58176 153.825
66.1996 45.5575 26.2137 7.5893 153.759
66.2996 45.5281 26.2802 7.59683 153.693
66.3996 45.4986 26.3467 7.60433 153.626
66.4996 45.4691 26.4133 7.61182 153.559
66.5996 45.4395 26.4799 7.61929 153.493
66.6996 45.4098 26.5466 7.62675 153.426
66.7996 45.3801 26.6133 7.63418 153.359
66.8996 45.3504 26.6801 7.6416 153.293
66.9995 45.3206 26.7469 7.64899 153.226
67.0995 45.2908 26.8138 7.65637 153.159
67.1995 45.2609 26.8807 7.66373 153.092
67.2995 45.2309 26.9477 7.67108 153.025
67.3995 45.2009 27.0147 7.6784 152.958
67.4995 45.1709 27.0817 7.6857 152.891
67.5995 45.1408 27.1489 7.69299 152.824
67.6995 45.1107 27.216 7.70026 152.757
67.7995 45.0805 27.2832 7.70751 152.69
67.8995 45.0502 27.3505 7.71474 152.622
67.9995 45.0199 27.4178 7.72195 152.555
68.0995 44.9896 27.4852 7.72914 152.488
68.1995 44.9592 27.5526 7.73632 152.42
68.2995 44.9288 27.62 7.74347 152.353
68.3995 44.8983 27.6875 7.75061 152.285
68.4995 44.8678 27.755 7.75772 152.218
68.5995 44.8372 27.8226 7.76482 152.15
68.6995 44.8066 27.8903 7.7719 152.082
68.7995 44.7759 27.9579 7.77896 152.015
68.8995 44.7452 28.0257 7.78601 151.947
68.9995 44.7145 28.0934 7.79303 151.879
69.0995 44.6837 28.1613 7.80003 151.811
69.1995 44.6528 28.2291 7.80702 151.744
69.2995 44.6219 28.297 7.81398 151.676
69.3995 44.591 28.365 7.82093 151.608
69.4995 44.56 28.433 7.82785 151.54
69.5995 44.5289 28.501 7.83476 151.472
69.6995 44.4979 28.5691 7.84165 151.404
69.7995 44.4667 28.6372 7.84852 151.336
69.8995 44.4356 28.7054 7.85537 151.267
69.9995 44.4044 28.7736 7.8622 151.199
70.0995 44.3731 28.8419 7.86901 151.131
70.1995 44.3418 28.9102 7.8758 151.063
70.2995 44.3105 28.9785 7.88258 150.994
70.3995 44.2791 29.0469 7.88933 150.926
70.4995 44.2477 29.1154 7.89606 150.857
70.5995 44.2162 29.1838 7.90278 150.789
70.6995 44.1847 29.2524 7.90947 150.72
70.7995 44.1531 29.3209 7.91615 150.652
70.8995 44.1215 29.3895 7.9228 150.583
70.9995 44.0899 29.4582 7.92944 150.515
71.0995 44.0582 29.5268 7.93606 150.446
71.1995 44.0264 29.5956 7.94265 150.377
71.2995 43.9947 29.6643 7.94923 150.308
71.3995 43.9629 29.7331 7.95579 150.24
71.4995 43.931 29.802 7.96232 150.171
71.5995 43.8991 29.8709 7.96884 150.102
71.6995 43.8672 29.9398 7.97534 150.033
71.7995 43.8352 30.0088 7.98182 149.964
71.8995 43.8032 30.0778 7.98827 149.895
71.9995 43.7711 30.1468 7.99471 149.826
72.0995 43.739 30.2159 8.00113 149.757
72.1995 43.7069 30.285 8.00753 149.688
72.2995 43.6747 30.3542 8.01391 149.619
72.3995 43.6425 30.4234 8.02026 149.549
72.4995 43.6102 30.4926 8.0266 149.48
72.5995 43.5779 30.5619 8.03292 149.411
72.6995 43.5455 30.6312 8.03922 149.342
72.7995 43.5132 30.7005 8.0455 149.272
72.8995 43.4807 30.7699 8.05175 149.203
72.9995 43.4483 30.8394 8.05799 149.133
73.0995 43.4158 30.9088 8.06421 149.064
73.1995 43.3832 30.9783 8.0704 148.994
73.2995 43.3507 31.0479 8.07658 148.925
73.3995 43.3181 31.1174 8.08274 148.855
73.4995 43.2854 31.187 8.08887 148.786
73.5994 43.2527 31.2567 8.09499 148.716
73.6994 43.22 31.3264 8.10108 148.646
73.7994 43.1872 31.3961 8.10716 148.577
73.8994 43.1544 31.4658 8.11321 148.507
73.9994 43.1216 31.5356 8.11924 148.437
74.0994 43.0887 31.6055 8.12526 148.367
74.1994 43.0558 31.6753 8.13125 148.297
74.2994 43.0228 31.7452 8.13722 148.228
74.3994 42.9898 31.8151 8.14317 148.158
74.4994 42.9568 31.8851 8.1491 148.088
74.5994 42.9237 31.9551 8.15501 148.018
74.6994 42.8906 32.0251 8.1609 147.948
74.7994 42.8575 32.0952 8.16677 147.878
74.8994 42.8243 32.1653 8.17261 147.807
74.9994 42.7911 32.2354 8.17844 147.737
75.0994 42.7578 32.3056 8.18425 147.667
75.1994 42.7245 32.3757 8.19003 147.597
75.2994 42.6912 32.446 8.1958 147.527
75.3994 42.6579 32.5162 8.20154 147.457
75.4994 42.6245 32.5865 8.20726 147.386
75.5994 42.591 32.6568 8.21296 147.316
75.6994 42.5576 32.7272 8.21864 147.246
75.7994 42.5241 32.7976 8.2243 147.175
75.8994 42.4905 32.868 8.22994 147.105
75.9994 42.457 32.9384 8.23555 147.034
76.0994 42.4234 33.0089 8.24115 146.964
76.1994 42.3897 33.0794 8.24672 146.893
76.2994 42.3561 33.15 8.25228 146.823
76.3994 42.3224 33.2205 8.25781 146.752
76.4994 42.2886 33.2911 8.26332 146.682
76.5994 42.2549 33.3618 8.26881 146.611
76.6994 42.221 33.4324 8.27428 146.54
76.7994 42.1872 33.5031 8.27973 146.47
76.8994 42.1533 33.5738 8.28515 146.399
76.9994 42.1194 33.6445 8.29055 146.328
77.0994 42.0855 33.7153 8.29594 146.257
77.1994 42.0515 33.7861 8.3013 146.187
77.2994 42.0175 33.8569 8.30664 146.116
77.3994 41.9835 33.9278 8.31196 146.045
77.4994 41.9494 33.9987 8.31725 145.974
77.5994 41.9153 34.0696 8.32253 145.903
77.6994 41.8811 34.1405 8.32778 145.832
77.7994 41.847 34.2115 8.33301 145.761
77.8994 41.8128 34.2825 8.33822 145.69
77.9994 41.7785 34.3535 8.34341 145.619
78.0994 41.7443 34.4246 8.34858 145.548
78.1994 41.71 34.4956 8.35372 145.477
78.2994 41.6756 34.5667 8.35885 145.406
78.3994 41.6413 34.6378 8.36395 145.335
78.4994 41.6069 34.709 8.36903 145.264
78.5994 41.5724 34.7802 8.37408 145.193
78.6994 41.538 34.8514 8.37912 145.121
78.7994 41.5035 34.9226 8.38413 145.05
78.8994 41.469 34.9938 8.38912 144.979
78.9994 41.4344 35.0651 8.39409 144.908
79.0994 41.3998 35.1364 8.39904 144.836
79.1994 41.3652 35.2077 8.40397 144.765
79.2994 41.3306 35.2791 8.40887 144.694
79.3994 41.2959 35.3504 8.41375 144.622
79.4994 41.2612 35.4218 8.41861 144.551
79.5994 41.2265 35.4932 8.42345 144.48
79.6994 41.1917 35.5647 8.42826 144.408
79.7994 41.1569 35.6361 8.43306 144.337
79.8994 41.1221 35.7076 8.43783 144.265
79.9994 41.0872 35.7791 8.44258 144.194
80.0993 41.0523 35.8506 8.4473 144.122
80.1993 41.0174 35.9222 8.452 144.051
80.2993 40.9825 35.9938 8.45669 143.979
80.3993 40.9475 36.0654 8.46134 143.907
80.4993 40.9125 36.137 8.46598 143.836
80.5993 40.8775 36.2086 8.47059 143.764
80.6993 40.8424 36.2803 8.47519 143.692
80.7993 40.8073 36.3519 8.47975 143.621
80.8993 40.7722 36.4236 8.4843 143.549
80.9993 40.7371 36.4953 8.48882 143.477
81.0993 40.7019 36.5671 8.49333 143.406
81.1993 40.6667 36.6388 8.4978 143.334
81.2993 40.6315 36.7106 8.50226 143.262
81.3993 40.5962 36.7824 8.50669 143.19
81.4993 40.5609 36.8542 8.5111 143.119
81.5993 40.5256 36.926 8.51549 143.047
81.6993 40.4902 36.9979 8.51986 142.975
81.7993 40.4549 37.0697 8.5242 142.903
81.8993 40.4195 37.1416 8.52852 142.831
81.9993 40.384 37.2135 8.53281 142.759
82.0993 40.3486 37.2855 8.53709 142.687
82.1993 40.3131 37.3574 8.54134 142.615
82.2993 40.2776 37.4293 8.54557 142.543
82.3993 40.242 37.5013 8.54977 142.471
82.4993 40.2065 37.5733 8.55395 142.399
82.5993 40.1709 37.6453 8.55811 142.327
82.6993 40.1353 37.7173 8.56225 142.255
82.7993 40.0996 37.7894 8.56636 142.183
82.8993 40.0639 37.8614 8.57045 142.111
82.9993 40.0282 37.9335 8.57451 142.039
83.0993 39.9925 38.0056 8.57856 141.967
83.1993 39.9568 38.0777 8.58258 141.895
83.2993 39.921 38.1498 8.58657 141.823
83.3993 39.8852 38.2219 8.59055 141.751
83.4993 39.8494 38.2941 8.5945 141.679
83.5993 39.8135 38.3662 8.59842 141.607
83.6993 39.7776 38.4384 8.60233 141.534
83.7993 39.7417 38.5106 8.6062 141.462
83.8993 39.7058 38.5828 8.61006 141.39
83.9993 39.6698 38.655 8.61389 141.318
84.0993 39.6338 38.7272 8.6177 141.246
84.1993 39.5978 38.7995 8.62149 141.173
84.2993 39.5618 38.8717 8.62525 141.101
84.3993 39.5257 38.944 8.62899 141.029
84.4993 39.4896 39.0163 8.63271 140.956
84.5993 39.4535 39.0886 8.6364 140.884
84.6993 39.4174 39.1609 8.64007 140.812
84.7993 39.3812 39.2332 8.64371 140.74
84.8993 39.345 39.3055 8.64733 140.667
84.9993 39.3088 39.3778 8.65093 140.595
85.0993 39.2726 39.4502 8.6545 140.523
85.1993 39.2363 39.5225 8.65805 140.45
85.2993 39.2 39.5949 8.66158 140.378
85.3993 39.1637 39.6673 8.66508 140.305
85.4993 39.1274 39.7397 8.66856 140.233
85.5993 39.091 39.8121 8.67201 140.161
85.6993 39.0546 39.8845 8.67544 140.088
85.7993 39.0182 39.9569 8.67885 140.016
85.8993 38.9818 40.0293 8.68223 139.943
85.9993 38.9453 40.1018 8.68559 139.871
86.0993 38.9088 40.1742 8.68892 139.799
86.1993 38.8723 40.2467 8.69223 139.726
86.2993 38.8358 40.3191 8.69552 139.654
86.3993 38.7992 40.3916 8.69878 139.581
86.4993 38.7627 40.4641 8.70202 139.509
86.5993 38.7261 40.5366 8.70523 139.436
86.6992 38.6894 40.6091 8.70842 139.364
86.7992 38.6528 40.6816 8.71159 139.291
86.8992 38.6161 40.7541 8.71473 139.219
86.9992 38.5794 40.8266 8.71785 139.146
87.0992 38.5427 40.8991 8.72094 139.074
87.1992 38.506 40.9716 8.72401 139.001
87.2992 38.4692 41.0442 8.72705 138.929
87.3992 38.4324 41.1167 8.73007 138.856
87.4992 38.3956 41.1893 8.73306 138.783
87.5992 38.3588 41.2618 8.73603 138.711
87.6992 38.322 41.3344 8.73898 138.638
87.7992 38.2851 41.4069 8.7419 138.566
87.8992 38.2482 41.4795 8.7448 138.493
87.9992 38.2113 41.5521 8.74767 138.421
88.0992 38.1743 41.6246 8.75052 138.348
88.1992 38.1374 41.6972 8.75334 138.276
88.2992 38.1004 41.7698 8.75614 138.203
88.3992 38.0634 41.8424 8.75891 138.13
88.4992 38.0263 41.915 8.76166 138.058
88.5992 37.9893 41.9876 8.76439 137.985
88.6992 37.9522 42.0602 8.76709 137.913
88.7992 37.9151 42.1328 8.76976 137.84
88.8992 37.878 42.2054 8.77241 137.767
88.9992 37.8409 42.278 8.77504 137.695
89.0992 37.8037 42.3506 8.77764 137.622
89.1992 37.7665 42.4232 8.78021 137.55
89.2992 37.7293 42.4958 8.78277 137.477
89.3992 37.6921 42.5684 8.78529 137.404
89.4992 37.6549 42.6411 8.78779 137.332
89.5992 37.6176 42.7137 8.79027 137.259
89.6992 37.5803 42.7863 8.79272 137.186
89.7992 37.543 42.8589 8.79514 137.114
89.8992 37.5057 42.9315 8.79754 137.041
89.9992 37.4683 43.0041 8.79992 136.969
90.0992 37.431 43.0768 8.80227 136.896
90.1992 37.3936 43.1494 8.8046 136.823
90.2992 37.3562 43.222 8.8069 136.751
90.3992 37.3187 43.2946 8.80917 136.678
90.4992 37.2813 43.3672 8.81142 136.606
90.5992 37.2438 43.4398 8.81364 136.533
90.6992 37.2063 43.5125 8.81584 136.46
90.7992 37.1688 43.5851 8.81802 136.388
90.8992 37.1313 43.6577 8.82017 136.315
90.9992 37.0937 43.7303 8.82229 136.242
91.0992 37.0562 43.8029 8.82439 136.17
91.1992 37.0186 43.8755 8.82646 136.097
91.2992 36.981 43.9481 8.82851 136.025
91.3992 36.9433 44.0207 8.83053 135.952
91.4992 36.9057 44.0933 8.83252 135.879
91.5992 36.868 44.1659 8.83449 135.807
91.6992 36.8303 44.2385 8.83644 135.734
91.7992 36.7926 44.3111 8.83836 135.662
91.8992 36.7549 44.3836 8.84025 135.589
91.9992 36.7171 44.4562 8.84212 135.517
92.0992 36.6794 44.5288 8.84396 135.444
92.1992 36.6416 44.6014 8.84578 135.371
92.2992 36.6038 44.6739 8.84757 135.299
92.3992 36.5659 44.7465 8.84933 135.226
92.4992 36.5281 44.819 8.85107 135.154
92.5992 36.4902 44.8916 8.85279 135.081
92.6992 36.4523 44.9641 8.85447 135.009
92.7992 36.4144 45.0367 8.85614 134.936
92.8992 36.3765 45.1092 8.85777 134.864
92.9992 36.3386 45.1817 8.85938 134.791
93.0992 36.3006 45.2542 8.86097 134.719
93.1992 36.2627 45.3267 8.86253 134.646
93.2991 36.2247 45.3992 8.86406 134.574
93.3991 36.1866 45.4717 8.86556 134.501
93.4991 36.1486 45.5442 8.86705 134.429
93.5991 36.1106 45.6167 8.8685 134.356
93.6991 36.0725 45.6892 8.86993 134.284
93.7991 36.0344 45.7616 8.87133 134.211
93.8991 35.9963 45.8341 8.87271 134.139
93.9991 35.9582 45.9065 8.87406 134.066
94.0991 35.92 45.979 8.87538 133.994
94.1991 35.8819 46.0514 8.87668 133.921
94.2991 35.8437 46.1238 8.87795 133.849
94.3991 35.8055 46.1962 8.87919 133.777
94.4991 35.7673 46.2686 8.88041 133.704
94.5991 35.7291 46.341 8.88161 133.632
94.6991 35.6908 46.4134 8.88277 133.559
94.7991 35.6526 46.4858 8.88391 133.487
94.8991 35.6143 46.5581 8.88503 133.415
94.9991 35.576 46.6305 8.88611 133.342
95.0991 35.5377 46.7028 8.88717 133.27
95.1991 35.4993 46.7751 8.88821 133.198
95.2991 35.461 46.8474 8.88921 133.125
95.3991 35.4226 46.9197 8.8902 133.053
95.4991 35.3842 46.992 8.89115 132.981
95.5991 35.3458 47.0643 8.89208 132.908
95.6991 35.3074 47.1366 8.89298 132.836
95.7991 35.2689 47.2088 8.89386 132.764
95.8991 35.2305 47.2811 8.8947 132.692
95.9991 35.192 47.3533 8.89553 132.619
96.0991 35.1535 47.4255 8.89632 132.547
96.1991 35.115 47.4977 8.89709 132.475
96.2991 35.0765 47.5699 8.89783 132.403
96.3991 35.038 47.6421 8.89855 132.331
96.4991 34.9994 47.7142 8.89924 132.259
96.5991 34.9608 47.7864 8.8999 132.186
96.6991 34.9222 47.8585 8.90053 132.114
96.7991 34.8836 47.9306 8.90114 132.042
96.8991 34.845 48.0027 8.90172 131.97
96.9991 34.8064 48.0748 8.90227 131.898
97.0991 34.7677 48.1469 8.9028 131.826
97.1991 34.7291 48.2189 8.9033 131.754
97.2991 34.6904 48.291 8.90378 131.682
97.3991 34.6517 48.363 8.90422 131.61
97.4991 34.6129 48.435 8.90464 131.538
97.5991 34.5742 48.507 8.90503 131.466
97.6991 34.5355 48.579 8.9054 131.394
97.7991 34.4967 48.6509 8.90574 131.322
97.8991 34.4579 48.7228 8.90605 131.25
97.9991 34.4191 48.7948 8.90633 131.178
98.0991 34.3803 48.8667 8.90659 131.106
98.1991 34.3415 48.9386 8.90682 131.034
98.2991 34.3026 49.0104 8.90702 130.962
98.3991 34.2638 49.0823 8.9072 130.89
98.4991 34.2249 49.1541 8.90734 130.819
98.5991 34.186 49.2259 8.90747 130.747
98.6991 34.1471 49.2977 8.90756 130.675
98.7991 34.1081 49.3695 8.90763 130.603
98.8991 34.0692 49.4412 8.90766 130.532
98.9991 34.0303 49.513 8.90768 130.46
99.0991 33.9913 49.5847 8.90766 130.388
99.1991 33.9523 49.6564 8.90762 130.316
99.2991 33.9133 49.7281 8.90755 130.245
99.3991 33.8743 49.7997 8.90745 130.173
99.4991 33.8353 49.8713 8.90732 130.101
99.5991 33.7962 49.943 8.90717 130.03
99.6991 33.7571 50.0145 8.90699 129.958
99.799 33.7181 50.0861 8.90678 129.887
99.899 33.679 50.1577 8.90655 129.815
99.999 33.6399 50.2292 8.90628 129.744
100.099 33.6008 50.3007 8.90599 129.672
100.199 33.5616 50.3722 8.90567 129.601
100.299 33.5225 50.4436 8.90533 129.529
100.399 33.4833 50.5151 8.90495 129.458
100.499 33.4441 50.5865 8.90455 129.386
100.599 33.4049 50.6579 8.90412 129.315
100.699 33.3657 50.7292 8.90367 129.244
100.799 33.3265 50.8006 8.90318 129.172
100.899 33.2873 50.8719 8.90267 129.101
100.999 33.248 50.9432 8.90213 129.03
101.099 33.2088 51.0145 8.90156 128.958
101.199 33.1695 51.0857 8.90097 128.887
101.299 33.1302 51.1569 8.90034 128.816
101.399 33.0909 51.2281 8.89969 128.745
101.499 33.0515 51.2993 8.89901 128.673
101.599 33.0122 51.3705 8.89831 128.602
101.699 32.9729 51.4416 8.89757 128.531
101.799 32.9335 51.5127 8.89681 128.46
101.899 32.8941 51.5838 8.89602 128.389
101.999 32.8547 51.6548 8.8952 128.318
102.099 32.8153 51.7258 8.89435 128.247
102.199 32.7759 51.7968 8.89348 128.176
102.299 32.7365 51.8678 8.89257 128.105
102.399 32.697 51.9387 8.89164 128.034
102.499 32.6576 52.0096 8.89068 127.963
102.599 32.6181 52.0805 8.88969 127.892
102.699 32.5786 52.1514 8.88868 127.821
102.799 32.5391 52.2222 8.88763 127.751
102.899 32.4996 52.293 8.88656 127.68
102.999 32.4601 52.3638 8.88546 127.609
103.099 32.4205 52.4345 8.88433 127.538
103.199 32.381 52.5052 8.88318 127.468
103.299 32.3414 52.5759 8.88199 127.397
103.399 32.3018 52.6466 8.88078 127.326
103.499 32.2622 52.7172 8.87954 127.256
103.599 32.2226 52.7878 8.87827 127.185
103.699 32.183 52.8584 8.87697 127.114
103.799 32.1434 52.9289 8.87564 127.044
103.899 32.1037 52.9994 8.87429 126.973
103.999 32.064 53.0699 8.87291 126.903
104.099 32.0244 53.1403 8.87149 126.832
104.199 31.9847 53.2107 8.87005 126.762
104.299 31.945 53.2811 8.86858 126.692
104.399 31.9053 53.3515 8.86709 126.621
104.499 31.8655 53.4218 8.86556 126.551
104.599 31.8258 53.4921 8.86401 126.481
104.699 31.7861 53.5624 8.86242 126.41
104.799 31.7463 53.6326 8.86081 126.34
104.899 31.7065 53.7028 8.85917 126.27
104.999 31.6667 53.7729 8.85751 126.2
105.099 31.6269 53.8431 8.85581 126.13
105.199 31.5871 53.9132 8.85408 126.06
105.299 31.5473 53.9832 8.85233 125.99
105.399 31.5075 54.0532 8.85055 125.92
105.499 31.4676 54.1232 8.84873 125.85
105.599 31.4277 54.1932 8.84689 125.78
105.699 31.3879 54.2631 8.84502 125.71
105.799 31.348 54.333 8.84313 125.64
105.899 31.3081 54.4029 8.8412 125.57
105.999 31.2682 54.4727 8.83924 125.5
106.099 31.2282 54.5425 8.83726 125.43
106.199 31.1883 54.6122 8.83525 125.361
106.299 31.1484 54.682 8.83321 125.291
106.399 31.1084 54.7516 8.83114 125.221
106.499 31.0684 54.8213 8.82904 125.151
106.599 31.0284 54.8909 8.82691 125.082
106.699 30.9884 54.9605 8.82475 125.012
106.799 30.9484 55.03 8.82256 124.943
106.899 30.9084 55.0995 8.82035 124.873
106.999 30.8684 55.169 8.8181 124.804
107.099 30.8283 55.2384 8.81583 124.734
107.199 30.7883 55.3078 8.81353 124.665
107.299 30.7482 55.3771 8.8112 124.596
107.399 30.7081 55.4465 8.80884 124.526
107.499 30.668 55.5157 8.80645 124.457
107.599 30.6279 55.585 8.80403 124.388
107.699 30.5878 55.6542 8.80158 124.319
107.799 30.5477 55.7233 8.79911 124.249
107.899 30.5076 55.7925 8.7966 124.18
107.999 30.4674 55.8615 8.79407 124.111
108.099 30.4273 55.9306 8.7915 124.042
108.199 30.3871 55.9996 8.78891 123.973
108.299 30.3469 56.0686 8.78629 123.904
108.399 30.3067 56.1375 8.78364 123.835
108.499 30.2665 56.2064 8.78096 123.766
108.599 30.2263 56.2752 8.77825 123.698
108.699 30.1861 56.344 8.77551 123.629
108.799 30.1458 56.4128 8.77274 123.56
108.899 30.1056 56.4815 8.76994 123.491
108.999 30.0653 56.5502 8.76712 123.423
109.099 30.025 56.6188 8.76426 123.354
109.199 29.9848 56.6874 8.76138 123.285
109.299 29.9445 56.756 8.75846 123.217
109.399 29.9042 56.8245 8.75552 123.148
109.499 29.8638 56.893 8.75255 123.08
109.599 29.8235 56.9614 8.74954 123.011
109.699 29.7832 57.0298 8.74651 122.943
109.799 29.7428 57.0982 8.74345 122.875
109.899 29.7025 57.1665 8.74036 122.806
109.999 29.6621 57.2347 8.73724 122.738
110.099 29.6217 57.3029 8.73409 122.67
110.199 29.5813 57.3711 8.73091 122.602
110.299 29.5409 57.4392 8.7277 122.533
110.399 29.5005 57.5073 8.72447 122.465
110.499 29.4601 57.5754 8.7212 122.397
110.599 29.4196 57.6434 8.7179 122.329
110.699 29.3792 57.7113 8.71457 122.261
110.799 29.3387 57.7792 8.71122 122.194
110.899 29.2983 57.8471 8.70783 122.126
110.999 29.2578 57.9149 8.70442 122.058
111.099 29.2173 57.9827 8.70097 121.99
111.199 29.1768 58.0504 8.6975 121.922
111.299 29.1363 58.1181 8.694 121.855
111.399 29.0958 58.1857 8.69046 121.787
111.499 29.0553 58.2533 8.6869 121.719
111.599 29.0147 58.3209 8.68331 121.652
111.699 28.9742 58.3884 8.67968 121.584
111.799 28.9336 58.4558 8.67603 121.517
111.899 28.8931 58.5232 8.67235 121.45
111.999 28.8525 58.5906 8.66864 121.382
112.099 28.8119 58.6579 8.6649 121.315
112.199 28.7713 58.7251 8.66113 121.248
112.299 28.7307 58.7924 8.65733 121.18
112.399 28.6901 58.8595 8.6535 121.113
112.499 28.6494 58.9266 8.64964 121.046
112.599 28.6088 58.9937 8.64575 120.979
112.699 28.5682 59.0607 8.64183 120.912
112.799 28.5275 59.1277 8.63788 120.845
112.899 28.4868 59.1946 8.6339 120.778
112.999 28.4461 59.2615 8.62989 120.711
113.099 28.4055 59.3283 8.62585 120.644
113.199 28.3648 59.3951 8.62178 120.578
113.299 28.3241 59.4618 8.61769 120.511
113.399 28.2833 59.5285 8.61356 120.444
113.499 28.2426 59.5951 8.6094 120.378
113.599 28.2019 59.6617 8.60521 120.311
113.699 28.1611 59.7282 8.60099 120.245
113.799 28.1204 59.7946 8.59675 120.178
113.899 28.0796 59.8611 8.59247 120.112
113.999 28.0388 59.9274 8.58816 120.045
114.099 27.9981 59.9937 8.58382 119.979
114.199 27.9573 60.06 8.57946 119.913
114.299 27.9165 60.1262 8.57506 119.847
114.399 27.8757 60.1924 8.57063 119.78
114.499 27.8348 60.2585 8.56618 119.714
114.599 27.794 60.3245 8.56169 119.648
114.699 27.7532 60.3905 8.55717 119.582
114.799 27.7123 60.4565 8.55262 119.516
114.899 27.6715 60.5224 8.54805 119.45
114.999 27.6306 60.5882 8.54344 119.385
115.099 27.5897 60.654 8.5388 119.319
115.199 27.5488 60.7197 8.53414 119.253
115.299 27.5079 60.7854 8.52944 119.187
115.399 27.467 60.8511 8.52471 119.122
115.499 27.4261 60.9166 8.51995 119.056
115.599 27.3852 60.9821 8.51517 118.991
115.699 27.3443 61.0476 8.51035 118.925
115.799 27.3033 61.113 8.5055 118.86
115.899 27.2624 61.1784 8.50063 118.794
115.999 27.2214 61.2437 8.49572 118.729
116.099 27.1804 61.3089 8.49078 118.664
116.199 27.1395 61.3741 8.48581 118.599
116.299 27.0985 61.4392 8.48081 118.534
116.399 27.0575 61.5043 8.47579 118.468
116.499 27.0165 61.5693 8.47073 118.403
116.599 26.9755 61.6343 8.46564 118.338
116.699 26.9345 61.6992 8.46052 118.274
116.799 26.8934 61.764 8.45537 118.209
116.899 26.8524 61.8288 8.4502 118.144
116.999 26.8114 61.8936 8.44499 118.079
117.099 26.7703 61.9582 8.43975 118.015
117.199 26.7292 62.0228 8.43448 117.95
117.299 26.6882 62.0874 8.42918 117.885
117.399 26.6471 62.1519 8.42385 117.821
117.499 26.606 62.2164 8.41849 117.756
117.599 26.5649 62.2807 8.4131 117.692
117.699 26.5238 62.3451 8.40768 117.628
117.799 26.4827 62.4093 8.40223 117.563
117.899 26.4416 62.4735 8.39675 117.499
117.999 26.4004 62.5377 8.39124 117.435
118.099 26.3593 62.6018 8.3857 117.371
118.199 26.3181 62.6658 8.38013 117.307
118.299 26.277 62.7298 8.37452 117.243
118.399 26.2358 62.7937 8.36889 117.179
118.499 26.1947 62.8575 8.36323 117.115
118.599 26.1535 62.9213 8.35754 117.051
118.699 26.1123 62.9851 8.35182 116.988
118.799 26.0711 63.0487 8.34606 116.924
118.899 26.0299 63.1123 8.34028 116.86
118.999 25.9887 63.1759 8.33447 116.797
119.099 25.9475 63.2394 8.32862 116.733
119.199 25.9062 63.3028 8.32275 116.67
119.299 25.865 63.3661 8.31685 116.607
119.399 25.8237 63.4294 8.31091 116.543
119.499 25.7825 63.4927 8.30495 116.48
119.599 25.7412 63.5558 8.29895 116.417
119.699 25.7 63.619 8.29293 116.354
119.799 25.6587 63.682 8.28687 116.291
119.899 25.6174 63.745 8.28079 116.228
119.999 25.5761 63.8079 8.27467 116.165
120.099 25.5348 63.8708 8.26853 116.102
120.199 25.4935 63.9336 8.26235 116.039
120.299 25.4522 63.9963 8.25614 115.976
120.399 25.4109 64.059 8.24991 115.914
120.499 25.3695 64.1216 8.24364 115.851
120.599 25.3282 64.1841 8.23734 115.789
120.699 25.2868 64.2466 8.23101 115.726
120.799 25.2455 64.309 8.22465 115.664
120.899 25.2041 64.3713 8.21826 115.601
120.999 25.1628 64.4336 8.21185 115.539
121.099 25.1214 64.4958 8.2054 115.477
121.199 25.08 64.558 8.19892 115.415
121.299 25.0386 64.6201 8.19241 115.353
121.399 24.9972 64.6821 8.18587 115.291
121.499 24.9558 64.744 8.1793 115.229
121.599 24.9144 64.8059 8.1727 115.167
121.699 24.873 64.8677 8.16606 115.105
121.799 24.8315 64.9295 8.1594 115.043
121.899 24.7901 64.9912 8.15271 114.982
121.999 24.7487 65.0528 8.14599 114.92
122.099 24.7072 65.1143 8.13924 114.858
122.199 24.6657 65.1758 8.13245 114.797
122.299 24.6243 65.2372 8.12564 114.736
122.399 24.5828 65.2986 8.1188 114.674
122.499 24.5413 65.3599 8.11192 114.613
122.599 24.4998 65.4211 8.10502 114.552
122.699 24.4583 65.4822 8.09809 114.491
122.799 24.4168 65.5433 8.09112 114.429
122.899 24.3753 65.6043 8.08413 114.368
122.999 24.3338 65.6652 8.0771 114.308
123.099 24.2923 65.7261 8.07004 114.247
123.199 24.2507 65.7869 8.06296 114.186
123.299 24.2092 65.8476 8.05584 114.125
123.399 24.1677 65.9083 8.0487 114.064
123.499 24.1261 65.9689 8.04152 114.004
123.599 24.0845 66.0294 8.03431 113.943
123.699 24.043 66.0899 8.02708 113.883
123.799 24.0014 66.1503 8.01981 113.822
123.899 23.9598 66.2106 8.01251 113.762
123.999 23.9182 66.2708 8.00518 113.702
124.099 23.8766 66.331 7.99782 113.642
124.199 23.835 66.3911 7.99043 113.582
124.299 23.7934 66.4511 7.98302 113.522
124.399 23.7518 66.511 7.97557 113.462
124.499 23.7102 66.5709 7.96809 113.402
124.599 23.6686 66.6307 7.96058 113.342
124.699 23.6269 66.6905 7.95304 113.282
124.799 23.5853 66.7502 7.94547 113.223
124.899 23.5436 66.8097 7.93787 113.163
124.999 23.502 66.8693 7.93023 113.103
125.099 23.4603 66.9287 7.92257 113.044
125.199 23.4187 66.9881 7.91488 112.985
125.299 23.377 67.0474 7.90716 112.925
125.399 23.3353 67.1066 7.89941 112.866
125.499 23.2936 67.1658 7.89163 112.807
125.599 23.2519 67.2249 7.88382 112.748
125.699 23.2102 67.2839 7.87597 112.689
125.799 23.1685 67.3428 7.8681 112.63
125.899 23.1268 67.4017 7.8602 112.571
125.999 23.0851 67.4605 7.85227 112.512
126.099 23.0433 67.5192 7.8443 112.454
126.199 23.0016 67.5778 7.83631 112.395
126.299 22.9599 67.6364 7.82829 112.336
126.399 22.9181 67.6949 7.82023 112.278
126.499 22.8764 67.7533 7.81215 112.219
126.599 22.8346 67.8116 7.80403 112.161
126.699 22.7928 67.8699 7.79589 112.103
126.799 22.751 67.9281 7.78772 112.045
126.899 22.7093 67.9862 7.77951 111.987
126.999 22.6675 68.0442 7.77128 111.929
127.099 22.6257 68.1022 7.76301 111.871
127.199 22.5839 68.1601 7.75472 111.813
127.299 22.5421 68.2179 7.74639 111.755
127.399 22.5003 68.2756 7.73804 111.697
127.499 22.4585 68.3332 7.72965 111.639
127.599 22.4166 68.3908 7.72124 111.582
127.699 22.3748 68.4483 7.7128 111.524
127.799 22.333 68.5057 7.70432 111.467
127.899 22.2911 68.5631 7.69582 111.41
127.999 22.2493 68.6203 7.68728 111.352
128.099 22.2074 68.6775 7.67872 111.295
128.199 22.1656 68.7346 7.67012 111.238
128.299 22.1237 68.7917 7.66149 111.181
128.399 22.0818 68.8486 7.65284 111.124
128.499 22.0399 68.9055 7.64415 111.067
128.599 21.998 68.9623 7.63544 111.01
128.699 21.9561 69.019 7.62669 110.954
128.799 21.9142 69.0757 7.61792 110.897
128.899 21.8723 69.1322 7.60911 110.841
128.999 21.8304 69.1887 7.60028 110.784
129.099 21.7885 69.2451 7.59141 110.728
129.199 21.7466 69.3014 7.58252 110.671
129.299 21.7047 69.3577 7.57359 110.615
129.399 21.6627 69.4138 7.56464 110.559
129.499 21.6208 69.4699 7.55565 110.503
129.599 21.5788 69.5259 7.54664 110.447
129.699 21.5369 69.5818 7.53759 110.391
129.799 21.4949 69.6377 7.52852 110.335
129.899 21.453 69.6934 7.51941 110.279
129.999 21.411 69.7491 7.51028 110.224
130.099 21.369 69.8047 7.50112 110.168
130.199 21.327 69.8602 7.49192 110.113
130.299 21.285 69.9156 7.4827 110.057
130.399 21.2431 69.971 7.47345 110.002
130.499 21.2011 70.0262 7.46417 109.947
130.599 21.1591 70.0814 7.45485 109.891
130.699 21.117 70.1365 7.44551 109.836
130.799 21.075 70.1915 7.43614 109.781
130.899 21.033 70.2465 7.42674 109.726
130.999 20.991 70.3013 7.41731 109.671
131.099 20.9489 70.3561 7.40785 109.617
131.199 20.9069 70.4108 7.39836 109.562
131.299 20.8649 70.4654 7.38884 109.507
131.399 20.8228 70.5199 7.37929 109.453
131.499 20.7808 70.5743 7.36971 109.398
131.599 20.7387 70.6287 7.3601 109.344
131.699 20.6966 70.683 7.35046 109.29
131.799 20.6546 70.7371 7.34079 109.236
131.899 20.6125 70.7912 7.3311 109.181
131.999 20.5704 70.8453 7.32137 109.127
132.099 20.5283 70.8992 7.31161 109.074
132.199 20.4862 70.953 7.30183 109.02
132.299 20.4441 71.0068 7.29201 108.966
132.399 20.402 71.0605 7.28217 108.912
132.499 20.3599 71.1141 7.2723 108.859
132.599 20.3178 71.1676 7.26239 108.805
132.699 20.2757 71.221 7.25246 108.752
132.799 20.2336 71.2743 7.2425 108.698
132.899 20.1914 71.3275 7.23251 108.645
132.999 20.1493 71.3807 7.22249 108.592
133.099 20.1072 71.4338 7.21244 108.539
133.199 20.065 71.4868 7.20236 108.486
133.299 20.0229 71.5397 7.19225 108.433
133.399 19.9807 71.5925 7.18211 108.38
133.499 19.9386 71.6452 7.17194 108.328
133.599 19.8964 71.6978 7.16175 108.275
133.699 19.8542 71.7504 7.15152 108.222
133.799 19.812 71.8028 7.14127 108.17
133.899 19.7699 71.8552 7.13098 108.118
133.999 19.7277 71.9075 7.12067 108.065
134.099 19.6855 71.9597 7.11033 108.013
134.199 19.6433 72.0118 7.09996 107.961
134.299 19.6011 72.0638 7.08956 107.909
134.399 19.5589 72.1158 7.07913 107.857
134.499 19.5167 72.1676 7.06867 107.805
134.599 19.4745 72.2194 7.05819 107.753
134.699 19.4322 72.271 7.04767 107.702
134.799 19.39 72.3226 7.03712 107.65
134.899 19.3478 72.3741 7.02655 107.599
134.999 19.3055 72.4255 7.01595 107.547
135.099 19.2633 72.4768 7.00532 107.496
135.199 19.2211 72.528 6.99466 107.445
135.299 19.1788 72.5792 6.98397 107.394
135.399 19.1366 72.6302 6.97325 107.343
135.499 19.0943 72.6811 6.9625 107.292
135.599 19.052 72.732 6.95173 107.241
135.699 19.0098 72.7828 6.94092 107.19
135.799 18.9675 72.8334 6.93009 107.139
135.899 18.9252 72.884 6.91923 107.089
135.999 18.8829 72.9345 6.90834 107.038
136.099 18.8406 72.9849 6.89742 106.988
136.199 18.7984 73.0352 6.88647 106.938
136.299 18.7561 73.0855 6.87549 106.887
136.399 18.7138 73.1356 6.86449 106.837
136.499 18.6714 73.1856 6.85346 106.787
136.599 18.6291 73.2356 6.84239 106.737
136.699 18.5868 73.2854 6.8313 106.687
136.799 18.5445 73.3352 6.82018 106.638
136.899 18.5022 73.3849 6.80904 106.588
136.999 18.4598 73.4344 6.79786 106.538
137.099 18.4175 73.4839 6.78666 106.489
137.199 18.3752 73.5333 6.77542 106.439
137.299 18.3328 73.5826 6.76416 106.39
137.399 18.2905 73.6318 6.75288 106.341
137.499 18.2481 73.6809 6.74156 106.292
137.599 18.2058 73.7299 6.73021 106.243
137.699 18.1634 73.7789 6.71884 106.194
137.799 18.121 73.8277 6.70744 106.145
137.899 18.0787 73.8764 6.69601 106.096
137.999 18.0363 73.9251 6.68455 106.048
138.099 17.9939 73.9736 6.67306 105.999
138.199 17.9515 74.0221 6.66155 105.951
138.299 17.9091 74.0704 6.65 105.902
138.399 17.8668 74.1187 6.63843 105.854
138.499 17.8244 74.1669 6.62683 105.806
138.599 17.782 74.215 6.61521 105.758
138.699 17.7396 74.2629 6.60355 105.71
138.799 17.6971 74.3108 6.59187 105.662
138.899 17.6547 74.3586 6.58016 105.614
138.999 17.6123 74.4063 6.56842 105.566
139.099 17.5699 74.4539 6.55666 105.519
139.199 17.5275 74.5014 6.54486 105.471
139.299 17.485 74.5488 6.53304 105.424
139.399 17.4426 74.5961 6.52119 105.377
139.499 17.4002 74.6433 6.50932 105.329
139.599 17.3577 74.6905 6.49741 105.282
139.699 17.3153 74.7375 6.48548 105.235
139.799 17.2728 74.7844 6.47352 105.188
139.899 17.2304 74.8312 6.46153 105.142
139.999 17.1879 74.878 6.44952 105.095
140.099 17.1454 74.9246 6.43748 105.048
140.199 17.103 74.9711 6.42541 105.002
140.299 17.0605 75.0176 6.41331 104.955
140.399 17.018 75.0639 6.40118 104.909
140.499 16.9755 75.1102 6.38903 104.863
140.599 16.9331 75.1563 6.37685 104.816
140.699 16.8906 75.2023 6.36465 104.77
140.799 16.8481 75.2483 6.35241 104.724
140.899 16.8056 75.2941 6.34015 104.679
140.999 16.7631 75.3399 6.32786 104.633
141.099 16.7206 75.3856 6.31555 104.587
141.199 16.6781 75.4311 6.3032 104.542
141.299 16.6356 75.4766 6.29083 104.496
141.399 16.593 75.5219 6.27844 104.451
141.499 16.5505 75.5672 6.26601 104.406
141.599 16.508 75.6124 6.25356 104.36
141.699 16.4655 75.6574 6.24109 104.315
141.799 16.4229 75.7024 6.22858 104.27
141.899 16.3804 75.7472 6.21605 104.226
141.999 16.3379 75.792 6.20349 104.181
142.099 16.2953 75.8367 6.19091 104.136
142.199 16.2528 75.8812 6.17829 104.092
142.299 16.2102 75.9257 6.16566 104.047
142.399 16.1677 75.97 6.15299 104.003
142.499 16.1251 76.0143 6.1403 103.958
142.6 16.0825 76.0585 6.12758 103.914
142.7 16.04 76.1025 6.11484 103.87
142.8 15.9974 76.1465 6.10206 103.826
142.9 15.9548 76.1903 6.08927 103.782
143 15.9123 76.2341 6.07644 103.739
143.1 15.8697 76.2778 6.06359 103.695
143.2 15.8271 76.3213 6.05071 103.651
143.3 15.7845 76.3648 6.03781 103.608
143.4 15.7419 76.4081 6.02488 103.565
143.5 15.6993 76.4514 6.01192 103.521
143.6 15.6567 76.4945 5.99894 103.478
143.7 15.6141 76.5376 5.98593 103.435
143.8 15.5715 76.5805 5.9729 103.392
143.9 15.5289 76.6233 5.95983 103.349
144 15.4863 76.6661 5.94675 103.307
144.1 15.4437 76.7087 5.93363 103.264
144.2 15.401 76.7513 5.9205 103.221
144.3 15.3584 76.7937 5.90733 103.179
144.4 15.3158 76.836 5.89414 103.137
144.5 15.2732 76.8782 5.88092 103.095
144.6 15.2305 76.9204 5.86768 103.052
144.7 15.1879 76.9624 5.85441 103.01
144.8 15.1452 77.0043 5.84112 102.968
144.9 15.1026 77.0461 5.8278 102.927
145 15.0599 77.0878 5.81445 102.885
145.1 15.0173 77.1294 5.80108 102.843
145.2 14.9746 77.1709 5.78768 102.802
145.3 14.932 77.2123 5.77426 102.76
145.4 14.8893 77.2536 5.76082 102.719
145.5 14.8466 77.2948 5.74734 102.678
145.6 14.804 77.3359 5.73384 102.637
145.7 14.7613 77.3769 5.72032 102.596
145.8 14.7186 77.4177 5.70677 102.555
145.9 14.6759 77.4585 5.6932 102.514
146 14.6333 77.4992 5.6796 102.474
146.1 14.5906 77.5397 5.66597 102.433
146.2 14.5479 77.5802 5.65232 102.393
146.3 14.5052 77.6205 5.63865 102.352
146.4 14.4625 77.6608 5.62495 102.312
146.5 14.4198 77.7009 5.61122 102.272
146.6 14.3771 77.7409 5.59747 102.232
146.7 14.3344 77.7809 5.5837 102.192
146.8 14.2917 77.8207 5.5699 102.152
146.9 14.249 77.8604 5.55607 102.112
147 14.2063 77.9 5.54223 102.073
147.1 14.1635 77.9395 5.52835 102.033
147.2 14.1208 77.9789 5.51445 101.994
147.3 14.0781 78.0182 5.50053 101.955
147.4 14.0354 78.0574 5.48658 101.915
147.5 13.9926 78.0964 5.47261 101.876
147.6 13.9499 78.1354 5.45861 101.837
147.7 13.9072 78.1743 5.44459 101.798
147.8 13.8644 78.213 5.43055 101.76
147.9 13.8217 78.2517 5.41648 101.721
148 13.7789 78.2902 5.40238 101.683
148.1 13.7362 78.3286 5.38827 101.644
148.2 13.6934 78.367 5.37412 101.606
148.3 13.6507 78.4052 5.35996 101.568
148.4 13.6079 78.4433 5.34577 101.529
148.5 13.5651 78.4813 5.33155 101.491
148.6 13.5224 78.5192 5.31731 101.454
148.7 13.4796 78.557 5.30305 101.416
148.8 13.4368 78.5946 5.28877 101.378
148.9 13.3941 78.6322 5.27446 101.341
149 13.3513 78.6697 5.26012 101.303
149.1 13.3085 78.707 5.24576 101.266
149.2 13.2657 78.7442 5.23138 101.228
149.3 13.2229 78.7814 5.21698 101.191
149.4 13.1801 78.8184 5.20255 101.154
149.5 13.1374 78.8553 5.1881 101.117
149.6 13.0946 78.8921 5.17362 101.081
149.7 13.0518 78.9288 5.15912 101.044
149.8 13.009 78.9654 5.1446 101.007
149.9 12.9662 79.0019 5.13006 100.971
150 12.9233 79.0382 5.11549 100.934
150.1 12.8805 79.0745 5.10089 100.898
150.2 12.8377 79.1107 5.08628 100.862
150.3 12.7949 79.1467 5.07164 100.826
150.4 12.7521 79.1826 5.05698 100.79
150.5 12.7093 79.2184 5.0423 100.754
150.6 12.6665 79.2541 5.02759 100.719
150.7 12.6236 79.2897 5.01286 100.683
150.8 12.5808 79.3252 4.99811 100.648
150.9 12.538 79.3606 4.98333 100.612
151 12.4951 79.3959 4.96853 100.577
151.1 12.4523 79.431 4.95371 100.542
151.2 12.4095 79.4661 4.93887 100.507
151.3 12.3666 79.501 4.924 100.472
151.4 12.3238 79.5358 4.90911 100.437
151.5 12.2809 79.5705 4.8942 100.402
151.6 12.2381 79.6051 4.87927 100.368
151.7 12.1952 79.6396 4.86431 100.333
151.8 12.1524 79.674 4.84934 100.299
151.9 12.1095 79.7082 4.83434 100.265
152 12.0666 79.7424 4.81931 100.23
152.1 12.0238 79.7764 4.80427 100.196
152.2 11.9809 79.8104 4.7892 100.162
152.3 11.938 79.8442 4.77412 100.129
152.4 11.8952 79.8779 4.75901 100.095
152.5 11.8523 79.9115 4.74387 100.061
152.6 11.8094 79.9449 4.72872 100.028
152.7 11.7665 79.9783 4.71354 99.9944
152.8 11.7237 80.0116 4.69835 99.9612
152.9 11.6808 80.0447 4.68313 99.928
153 11.6379 80.0777 4.66789 99.895
153.1 11.595 80.1106 4.65263 99.8621
153.2 11.5521 80.1434 4.63734 99.8293
153.3 11.5092 80.1761 4.62204 99.7966
153.4 11.4663 80.2087 4.60671 99.764
153.5 11.4234 80.2412 4.59136 99.7316
153.6 11.3805 80.2735 4.576 99.6992
153.7 11.3376 80.3057 4.56061 99.667
153.8 11.2947 80.3379 4.5452 99.6349
153.9 11.2518 80.3699 4.52976 99.6029
154 11.2089 80.4018 4.51431 99.571
154.1 11.166 80.4335 4.49884 99.5392
154.2 11.1231 80.4652 4.48334 99.5075
154.3 11.0801 80.4968 4.46783 99.476
154.4 11.0372 80.5282 4.45229 99.4445
154.5 10.9943 80.5595 4.43674 99.4132
154.6 10.9514 80.5907 4.42116 99.382
154.7 10.9084 80.6218 4.40556 99.3509
154.8 10.8655 80.6528 4.38994 99.3199
154.9 10.8226 80.6837 4.3743 99.2891
155 10.7796 80.7144 4.35865 99.2583
155.1 10.7367 80.745 4.34297 99.2277
155.2 10.6938 80.7756 4.32727 99.1972
155.3 10.6508 80.806 4.31155 99.1668
155.4 10.6079 80.8363 4.29581 99.1365
155.5 10.5649 80.8664 4.28005 99.1063
155.6 10.522 80.8965 4.26427 99.0763
155.7 10.479 80.9264 4.24847 99.0463
155.8 10.4361 80.9563 4.23265 99.0165
155.9 10.3931 80.986 4.21681 98.9868
156 10.3502 81.0156 4.20095 98.9572
156.1 10.3072 81.0451 4.18507 98.9277
156.2 10.2642 81.0744 4.16918 98.8983
156.3 10.2213 81.1037 4.15326 98.8691
156.4 10.1783 81.1328 4.13732 98.8399
156.5 10.1353 81.1618 4.12137 98.8109
156.6 10.0924 81.1907 4.10539 98.782
156.7 10.0494 81.2195 4.08939 98.7532
156.8 10.0064 81.2482 4.07338 98.7246
156.9 9.96345 81.2767 4.05735 98.696
157 9.92047 81.3052 4.0413 98.6676
157.1 9.87749 81.3335 4.02522 98.6393
157.2 9.83451 81.3617 4.00914 98.6111
157.3 9.79152 81.3898 3.99303 98.583
157.4 9.74854 81.4177 3.9769 98.555
157.5 9.70555 81.4456 3.96075 98.5272
157.6 9.66255 81.4733 3.94459 98.4994
157.7 9.61956 81.5009 3.9284 98.4718
157.8 9.57657 81.5284 3.9122 98.4443
157.9 9.53357 81.5558 3.89598 98.4169
158 9.49057 81.5831 3.87974 98.3897
158.1 9.44757 81.6102 3.86349 98.3625
158.2 9.40457 81.6372 3.84721 98.3355
158.3 9.36156 81.6641 3.83092 98.3086
158.4 9.31855 81.6909 3.81461 98.2818
158.5 9.27554 81.7176 3.79828 98.2551
158.6 9.23253 81.7442 3.78193 98.2286
158.7 9.18952 81.7706 3.76556 98.2021
158.8 9.14651 81.7969 3.74918 98.1758
158.9 9.10349 81.8231 3.73278 98.1496
159.001 9.06047 81.8492 3.71636 98.1235
159.101 9.01745 81.8752 3.69993 98.0976
159.201 8.97443 81.901 3.68347 98.0717
159.301 8.9314 81.9268 3.667 98.046
159.401 8.88838 81.9524 3.65051 98.0204
159.501 8.84535 81.9779 3.63401 97.9949
159.601 8.80232 82.0032 3.61748 97.9695
159.701 8.75929 82.0285 3.60094 97.9442
159.801 8.71625 82.0536 3.58439 97.9191
159.901 8.67322 82.0786 3.56781 97.8941
160.001 8.63018 82.1035 3.55122 97.8692
160.101 8.58714 82.1283 3.53461 97.8444
160.201 8.5441 82.153 3.51799 97.8198
160.301 8.50106 82.1775 3.50135 97.7952
160.401 8.45802 82.2019 3.48469 97.7708
160.501 8.41497 82.2262 3.46801 97.7465
160.601 8.37192 82.2504 3.45132 97.7223
160.701 8.32887 82.2745 3.43461 97.6983
160.801 8.28582 82.2984 3.41789 97.6743
160.901 8.24277 82.3223 3.40115 97.6505
161.001 8.19972 82.346 3.38439 97.6268
161.101 8.15666 82.3695 3.36762 97.6032
161.201 8.1136 82.393 3.35083 97.5797
161.301 8.07054 82.4164 3.33403 97.5564
161.401 8.02748 82.4396 3.31721 97.5332
161.501 7.98442 82.4627 3.30037 97.5101
161.601 7.94135 82.4857 3.28352 97.4871
161.701 7.89829 82.5085 3.26665 97.4642
161.801 7.85522 82.5313 3.24977 97.4415
161.901 7.81215 82.5539 3.23287 97.4189
162.001 7.76908 82.5764 3.21595 97.3964
162.101 7.72601 82.5988 3.19902 97.374
162.201 7.68293 82.621 3.18208 97.3517
162.301 7.63986 82.6432 3.16511 97.3296
162.401 7.59678 82.6652 3.14814 97.3076
162.501 7.5537 82.6871 3.13115 97.2857
162.601 7.51062 82.7089 3.11414 97.2639
162.701 7.46754 82.7305 3.09712 97.2422
162.801 7.42446 82.7521 3.08009 97.2207
162.901 7.38137 82.7735 3.06303 97.1993
163.001 7.33829 82.7948 3.04597 97.178
163.101 7.2952 82.8159 3.02889 97.1568
163.201 7.25211 82.837 3.01179 97.1358
163.301 7.20902 82.8579 2.99469 97.1148
163.401 7.16593 82.8787 2.97756 97.094
163.501 7.12283 82.8994 2.96042 97.0733
163.601 7.07974 82.92 2.94327 97.0528
163.701 7.03664 82.9404 2.92611 97.0323
163.801 6.99354 82.9607 2.90893 97.012
163.901 6.95044 82.9809 2.89173 96.9918
164.001 6.90734 83.001 2.87452 96.9717
164.101 6.86424 83.021 2.8573 96.9518
164.201 6.82113 83.0408 2.84007 96.9319
164.301 6.77803 83.0605 2.82282 96.9122
164.401 6.73492 83.0801 2.80555 96.8926
164.501 6.69182 83.0996 2.78828 96.8732
164.601 6.64871 83.1189 2.77099 96.8538
164.701 6.6056 83.1381 2.75368 96.8346
164.801 6.56248 83.1572 2.73637 96.8155
164.901 6.51937 83.1762 2.71904 96.7965
165.001 6.47626 83.1951 2.70169 96.7777
165.101 6.43314 83.2138 2.68434 96.7589
165.201 6.39002 83.2324 2.66697 96.7403
165.301 6.3469 83.2509 2.64959 96.7218
165.401 6.30378 83.2693 2.63219 96.7035
165.501 6.26066 83.2875 2.61478 96.6852
165.601 6.21754 83.3056 2.59736 96.6671
165.701 6.17442 83.3236 2.57993 96.6491
165.801 6.13129 83.3415 2.56249 96.6312
165.901 6.08817 83.3593 2.54503 96.6135
166.001 6.04504 83.3769 2.52756 96.5958
166.101 6.00191 83.3944 2.51008 96.5783
166.201 5.95878 83.4118 2.49258 96.561
166.301 5.91565 83.4291 2.47507 96.5437
166.401 5.87252 83.4462 2.45756 96.5266
166.501 5.82938 83.4632 2.44003 96.5095
166.601 5.78625 83.4801 2.42248 96.4926
166.701 5.74311 83.4969 2.40493 96.4759
166.801 5.69998 83.5135 2.38736 96.4592
166.901 5.65684 83.53 2.36979 96.4427
167.001 5.6137 83.5464 2.3522 96.4263
167.101 5.57056 83.5627 2.3346 96.41
167.201 5.52742 83.5789 2.31698 96.3939
167.301 5.48428 83.5949 2.29936 96.3779
167.401 5.44113 83.6108 2.28173 96.362
167.501 5.39799 83.6266 2.26408 96.3462
167.601 5.35484 83.6422 2.24643 96.3305
167.701 5.3117 83.6577 2.22876 96.315
167.801 5.26855 83.6732 2.21108 96.2996
167.901 5.2254 83.6884 2.19339 96.2843
168.001 5.18225 83.7036 2.17569 96.2691
168.101 5.1391 83.7186 2.15798 96.2541
168.201 5.09595 83.7335 2.14026 96.2392
168.301 5.05279 83.7483 2.12253 96.2244
168.401 5.00964 83.763 2.10479 96.2097
168.501 4.96648 83.7775 2.08704 96.1952
168.601 4.92333 83.792 2.06927 96.1808
168.701 4.88017 83.8062 2.0515 96.1665
168.801 4.83701 83.8204 2.03372 96.1523
168.901 4.79385 83.8345 2.01593 96.1383
169.001 4.75069 83.8484 1.99813 96.1244
169.101 4.70753 83.8622 1.98031 96.1106
169.201 4.66437 83.8758 1.96249 96.0969
169.301 4.62121 83.8894 1.94466 96.0834
169.401 4.57804 83.9028 1.92682 96.0699
169.501 4.53488 83.9161 1.90897 96.0566
169.601 4.49171 83.9293 1.89111 96.0435
169.701 4.44855 83.9423 1.87324 96.0304
169.801 4.40538 83.9552 1.85537 96.0175
169.901 4.36221 83.968 1.83748 96.0047
170.001 4.31904 83.9807 1.81959 95.992
170.101 4.27587 83.9933 1.80168 95.9795
170.201 4.2327 84.0057 1.78377 95.9671
170.301 4.18953 84.018 1.76585 95.9548
170.401 4.14636 84.0301 1.74791 95.9426
170.501 4.10318 84.0422 1.72998 95.9306
170.601 4.06001 84.0541 1.71203 95.9186
170.701 4.01683 84.0659 1.69407 95.9068
170.801 3.97366 84.0776 1.67611 95.8952
170.901 3.93048 84.0891 1.65813 95.8836
171.001 3.88731 84.1006 1.64015 95.8722
171.101 3.84413 84.1118 1.62216 95.8609
171.201 3.80095 84.123 1.60417 95.8497
171.301 3.75777 84.1341 1.58616 95.8387
171.401 3.71459 84.145 1.56815 95.8278
171.501 3.67141 84.1558 1.55013 95.817
171.601 3.62823 84.1665 1.5321 95.8063
171.701 3.58504 84.177 1.51407 95.7957
171.801 3.54186 84.1874 1.49602 95.7853
171.901 3.49868 84.1977 1.47797 95.775
172.001 3.45549 84.2079 1.45992 95.7649
172.101 3.41231 84.2179 1.44185 95.7548
172.201 3.36912 84.2278 1.42378 95.7449
172.301 3.32593 84.2376 1.4057 95.7351
172.401 3.28275 84.2473 1.38762 95.7254
172.501 3.23956 84.2568 1.36952 95.7159
172.601 3.19637 84.2663 1.35143 95.7065
172.701 3.15318 84.2755 1.33332 95.6972
172.801 3.10999 84.2847 1.31521 95.688
172.901 3.0668 84.2937 1.29709 95.679
173.001 3.02361 84.3027 1.27896 95.6701
173.101 2.98042 84.3114 1.26083 95.6613
173.201 2.93722 84.3201 1.2427 95.6526
173.301 2.89403 84.3286 1.22455 95.6441
173.401 2.85084 84.337 1.2064 95.6357
173.501 2.80764 84.3453 1.18825 95.6274
173.601 2.76445 84.3535 1.17008 95.6193
173.701 2.72125 84.3615 1.15192 95.6112
173.801 2.67806 84.3694 1.13374 95.6033
173.901 2.63486 84.3772 1.11557 95.5956
174.001 2.59166 84.3848 1.09738 95.5879
174.101 2.54847 84.3924 1.07919 95.5804
174.201 2.50527 84.3998 1.061 95.573
174.301 2.46207 84.407 1.0428 95.5657
174.401 2.41887 84.4142 1.02459 95.5585
174.501 2.37567 84.4212 1.00638 95.5515
174.601 2.33247 84.4281 0.988167 95.5446
174.701 2.28927 84.4349 0.969947 95.5379
174.801 2.24607 84.4415 0.951722 95.5312
174.901 2.20287 84.448 0.933493 95.5247
175.001 2.15967 84.4544 0.915259 95.5183
175.101 2.11647 84.4607 0.89702 95.512
175.201 2.07327 84.4668 0.878777 95.5059
175.301 2.03006 84.4729 0.86053 95.4999
175.402 1.98686 84.4787 0.842278 95.494
175.502 1.94366 84.4845 0.824022 95.4882
175.602 1.90045 84.4901 0.805762 95.4826
175.702 1.85725 84.4956 0.787499 95.4771
175.802 1.81404 84.501 0.769231 95.4717
175.902 1.77084 84.5063 0.750959 95.4665
176.002 1.72763 84.5114 0.732684 95.4613
176.102 1.68443 84.5164 0.714405 95.4563
176.202 1.64122 84.5213 0.696123 95.4515
176.302 1.59801 84.526 0.677837 95.4467
176.402 1.55481 84.5306 0.659548 95.4421
176.502 1.5116 84.5351 0.641256 95.4376
176.602 1.46839 84.5395 0.62296 95.4332
176.702 1.42519 84.5437 0.604662 95.429
176.802 1.38198 84.5479 0.58636 95.4249
176.902 1.33877 84.5518 0.568056 95.4209
177.002 1.29556 84.5557 0.549748 95.417
177.102 1.25235 84.5594 0.531438 95.4133
177.202 1.20914 84.5631 0.513126 95.4097
177.302 1.16594 84.5665 0.49481 95.4062
177.402 1.12273 84.5699 0.476493 95.4029
177.502 1.07952 84.5731 0.458173 95.3996
177.602 1.03631 84.5762 0.43985 95.3965
177.702 0.993096 84.5792 0.421526 95.3935
177.802 0.949886 84.5821 0.403199 95.3907
177.902 0.906676 84.5848 0.384871 95.388
178.002 0.863465 84.5874 0.366541 95.3854
178.102 0.820254 84.5898 0.348208 95.3829
178.202 0.777043 84.5922 0.329874 95.3806
178.302 0.733832 84.5944 0.311539 95.3783
178.402 0.690621 84.5965 0.293202 95.3763
178.502 0.64741 84.5984 0.274863 95.3743
178.602 0.604198 84.6003 0.256523 95.3725
178.702 0.560987 84.602 0.238182 95.3708
178.802 0.517775 84.6036 0.21984 95.3692
178.902 0.474563 84.605 0.201496 95.3677
179.002 0.431351 84.6064 0.183152 95.3664
179.102 0.388139 84.6076 0.164806 95.3652
179.202 0.344927 84.6086 0.14646 95.3641
179.302 0.301715 84.6096 0.128113 95.3632
179.402 0.258503 84.6104 0.109766 95.3623
179.502 0.21529 84.6111 0.0914178 95.3616
179.602 0.172078 84.6117 0.0730693 95.3611
179.702 0.128866 84.6121 0.0547204 95.3606
179.802 0.0856534 84.6124 0.0363712 95.3603
179.902 0.0424411 84.6126 0.0180219 95.3601
