0 179.627 0 0 200.184
0.1 89.9494 3.41425e-05 0.00591611 200.184
0.2 89.8988 0.00013657 0.0118322 200.184
0.3 89.8482 0.000307282 0.0177483 200.183
0.4 89.7976 0.000546277 0.0236643 200.183
0.5 89.747 0.000853557 0.0295803 200.183
0.6 89.6964 0.00122912 0.0354962 200.183
0.7 89.6458 0.00167296 0.041412 200.182
0.8 89.5953 0.00218508 0.0473277 200.182
0.9 89.5447 0.00276548 0.0532432 200.181
1 89.4941 0.00341416 0.0591587 200.18
1.1 89.4435 0.00413111 0.065074 200.18
1.2 89.3929 0.00491634 0.0709891 200.179
1.3 89.3423 0.00576983 0.0769041 200.178
1.4 89.2917 0.00669159 0.0828188 200.177
1.5 89.2411 0.00768162 0.0887334 200.176
1.6 89.1905 0.00873991 0.0946477 200.175
1.7 89.1399 0.00986646 0.100562 200.174
1.8 89.0893 0.0110613 0.106476 200.173
1.9 89.0387 0.0123243 0.112389 200.171
2 88.9881 0.0136556 0.118302 200.17
2.1 88.9375 0.0150551 0.124215 200.169
2.2 88.8869 0.0165229 0.130128 200.167
2.3 88.8364 0.0180589 0.13604 200.166
2.4 88.7858 0.0196632 0.141952 200.164
2.5 88.7352 0.0213357 0.147864 200.162
2.6 88.6846 0.0230763 0.153775 200.161
2.7 88.634 0.0248853 0.159686 200.159
2.8 88.5834 0.0267624 0.165597 200.157
2.9 88.5328 0.0287077 0.171507 200.155
3 88.4822 0.0307212 0.177416 200.153
3.1 88.4316 0.0328029 0.183326 200.151
3.2 88.381 0.0349528 0.189234 200.149
3.3 88.3304 0.0371709 0.195142 200.147
3.4 88.2798 0.0394571 0.20105 200.144
3.5 88.2292 0.0418115 0.206957 200.142
3.6 88.1787 0.0442341 0.212864 200.14
3.7 88.1281 0.0467248 0.21877 200.137
3.8 88.0775 0.0492836 0.224676 200.134
3.9 88.0269 0.0519106 0.230581 200.132
4 87.9763 0.0546057 0.236486 200.129
4.1 87.9257 0.057369 0.242389 200.126
4.2 87.8751 0.0602003 0.248293 200.124
4.3 87.8245 0.0630998 0.254195 200.121
4.4 87.7739 0.0660673 0.260097 200.118
4.5 87.7233 0.0691029 0.265999 200.115
4.6 87.6727 0.0722066 0.271899 200.112
4.7 87.6221 0.0753784 0.277799 200.108
4.8 87.5715 0.0786182 0.283699 200.105
4.9 87.521 0.0819261 0.289597 200.102
5 87.4704 0.085302 0.295495 200.098
5.1 87.4198 0.0887459 0.301392 200.095
5.2 87.3692 0.0922578 0.307289 200.092
5.3 87.3186 0.0958378 0.313184 200.088
5.4 87.268 0.0994857 0.319079 200.084
5.5 87.2174 0.103202 0.324973 200.081
5.6 87.1668 0.106985 0.330866 200.077
5.7 87.1162 0.110837 0.336758 200.073
5.8 87.0656 0.114757 0.34265 200.069
5.9 87.0151 0.118745 0.34854 200.065
6 86.9645 0.1228 0.35443 200.061
6.1 86.9139 0.126924 0.360319 200.057
6.2 86.8633 0.131116 0.366207 200.053
6.3 86.8127 0.135375 0.372094 200.048
6.4 86.7621 0.139702 0.37798 200.044
6.5 86.7115 0.144097 0.383865 200.04
6.6 86.6609 0.14856 0.389749 200.035
6.7 86.6103 0.153091 0.395632 200.031
6.8 86.5597 0.157689 0.401514 200.026
6.9 86.5092 0.162356 0.407396 200.021
7 86.4586 0.16709 0.413276 200.017
7.1 86.408 0.171892 0.419155 200.012
7.2 86.3574 0.176762 0.425033 200.007
7.3 86.3068 0.181699 0.43091 200.002
7.4 86.2562 0.186704 0.436786 199.997
7.5 86.2056 0.191777 0.44266 199.992
7.6 86.155 0.196918 0.448534 199.987
7.7 86.1044 0.202126 0.454406 199.982
7.79999 86.0539 0.207402 0.460278 199.976
7.89999 86.0033 0.212746 0.466148 199.971
7.99999 85.9527 0.218157 0.472017 199.966
8.09999 85.9021 0.223636 0.477885 199.96
8.2 85.8515 0.229182 0.483752 199.955
8.3 85.8009 0.234796 0.489617 199.949
8.4 85.7503 0.240478 0.495481 199.943
8.5 85.6997 0.246227 0.501344 199.938
8.6 85.6492 0.252044 0.507206 199.932
8.7 85.5986 0.257928 0.513066 199.926
8.8 85.548 0.26388 0.518925 199.92
8.9 85.4974 0.269899 0.524783 199.914
9 85.4468 0.275986 0.530639 199.908
9.1 85.3962 0.28214 0.536495 199.902
9.2 85.3456 0.288361 0.542348 199.895
9.3 85.2951 0.29465 0.548201 199.889
9.4 85.2445 0.301007 0.554052 199.883
9.5 85.1939 0.307431 0.559901 199.876
9.6 85.1433 0.313922 0.56575 199.87
9.7 85.0927 0.32048 0.571596 199.863
9.8 85.0421 0.327106 0.577442 199.857
9.9 84.9915 0.333799 0.583285 199.85
10 84.941 0.340559 0.589128 199.843
10.1 84.8904 0.347387 0.594969 199.836
10.2 84.8398 0.354281 0.600808 199.829
10.3 84.7892 0.361243 0.606646 199.823
10.4 84.7386 0.368272 0.612482 199.815
10.5 84.688 0.375369 0.618317 199.808
10.6 84.6375 0.382532 0.62415 199.801
10.7 84.5869 0.389763 0.629982 199.794
10.8 84.5363 0.39706 0.635812 199.787
10.9 84.4857 0.404425 0.641641 199.779
11 84.4351 0.411857 0.647467 199.772
11.1 84.3845 0.419356 0.653293 199.764
11.2 84.334 0.426922 0.659116 199.757
11.3 84.2834 0.434555 0.664938 199.749
11.4 84.2328 0.442254 0.670758 199.742
11.5 84.1822 0.450021 0.676577 199.734
11.6 84.1316 0.457855 0.682393 199.726
11.7 84.0811 0.465755 0.688209 199.718
11.8 84.0305 0.473723 0.694022 199.71
11.9 83.9799 0.481757 0.699833 199.702
12 83.9293 0.489858 0.705643 199.694
12.1 83.8787 0.498026 0.711451 199.686
12.2 83.8282 0.50626 0.717257 199.678
12.3 83.7776 0.514562 0.723062 199.669
12.4 83.727 0.52293 0.728864 199.661
12.5 83.6764 0.531365 0.734665 199.652
12.6 83.6258 0.539866 0.740464 199.644
12.7 83.5753 0.548434 0.746261 199.635
12.8 83.5247 0.557069 0.752056 199.627
12.9 83.4741 0.56577 0.757849 199.618
13 83.4235 0.574538 0.763641 199.609
13.1 83.3729 0.583372 0.76943 199.6
13.2 83.3224 0.592273 0.775217 199.591
13.3 83.2718 0.601241 0.781003 199.583
13.4 83.2212 0.610274 0.786786 199.573
13.5 83.1706 0.619375 0.792568 199.564
13.6 83.1201 0.628541 0.798347 199.555
13.7 83.0695 0.637774 0.804125 199.546
13.8 83.0189 0.647074 0.8099 199.537
13.9 82.9683 0.656439 0.815673 199.527
14 82.9177 0.665871 0.821445 199.518
14.1 82.8672 0.67537 0.827214 199.508
14.2 82.8166 0.684934 0.832981 199.499
14.3 82.766 0.694565 0.838746 199.489
14.4 82.7154 0.704261 0.844509 199.48
14.5 82.6649 0.714024 0.85027 199.47
14.6 82.6143 0.723853 0.856028 199.46
14.7 82.5637 0.733749 0.861785 199.45
14.8 82.5132 0.74371 0.867539 199.44
14.9 82.4626 0.753737 0.873291 199.43
15 82.412 0.76383 0.879041 199.42
15.1 82.3614 0.773989 0.884788 199.41
15.2 82.3109 0.784214 0.890533 199.4
15.3 82.2603 0.794505 0.896277 199.389
15.4 82.2097 0.804862 0.902017 199.379
15.5 82.1591 0.815285 0.907756 199.368
15.6 82.1086 0.825773 0.913492 199.358
15.7 82.058 0.836328 0.919226 199.347
15.8 82.0074 0.846948 0.924958 199.337
15.9 81.9569 0.857633 0.930687 199.326
16 81.9063 0.868385 0.936414 199.315
16.1 81.8557 0.879202 0.942138 199.305
16.2 81.8051 0.890084 0.94786 199.294
16.3 81.7546 0.901033 0.95358 199.283
16.4 81.704 0.912046 0.959297 199.272
16.5 81.6534 0.923126 0.965012 199.261
16.6 81.6029 0.93427 0.970724 199.249
16.7 81.5523 0.945481 0.976434 199.238
16.8 81.5017 0.956756 0.982142 199.227
16.9 81.4512 0.968097 0.987847 199.216
17 81.4006 0.979503 0.993549 199.204
17.1 81.35 0.990975 0.999249 199.193
17.2 81.2995 1.00251 1.00495 199.181
17.3 81.2489 1.01411 1.01064 199.17
17.4 81.1983 1.02578 1.01633 199.158
17.5 81.1478 1.03751 1.02202 199.146
17.6 81.0972 1.04931 1.02771 199.134
17.7 81.0466 1.06117 1.03339 199.123
17.8 80.9961 1.0731 1.03908 199.111
17.9 80.9455 1.08509 1.04476 199.099
18 80.8949 1.09715 1.05043 199.087
18.1 80.8444 1.10927 1.05611 199.074
18.2 80.7938 1.12146 1.06178 199.062
18.3 80.7433 1.13371 1.06745 199.05
18.4 80.6927 1.14603 1.07311 199.038
18.5 80.6421 1.15841 1.07878 199.025
18.6 80.5916 1.17086 1.08444 199.013
18.7 80.541 1.18337 1.09009 199
18.8 80.4904 1.19595 1.09575 198.988
18.9 80.4399 1.20859 1.1014 198.975
19 80.3893 1.22129 1.10705 198.962
19.1 80.3388 1.23406 1.1127 198.95
19.2 80.2882 1.2469 1.11834 198.937
19.3 80.2376 1.2598 1.12398 198.924
19.4 80.1871 1.27276 1.12962 198.911
19.5 80.1365 1.28579 1.13525 198.898
19.6 80.086 1.29888 1.14088 198.885
19.7 80.0354 1.31204 1.14651 198.872
19.8 79.9848 1.32526 1.15214 198.859
19.9 79.9343 1.33854 1.15776 198.845
20 79.8837 1.35189 1.16338 198.832
20.1 79.8332 1.36531 1.169 198.818
20.2 79.7826 1.37878 1.17462 198.805
20.3 79.7321 1.39233 1.18023 198.791
20.4 79.6815 1.40593 1.18584 198.778
20.5 79.6309 1.4196 1.19144 198.764
20.6 79.5804 1.43334 1.19704 198.75
20.7 79.5298 1.44713 1.20264 198.737
20.8 79.4793 1.46099 1.20824 198.723
20.9 79.4287 1.47492 1.21383 198.709
21 79.3782 1.48891 1.21942 198.695
21.1 79.3276 1.50296 1.22501 198.681
21.2 79.2771 1.51708 1.23059 198.667
21.3 79.2265 1.53126 1.23617 198.653
21.4 79.176 1.5455 1.24175 198.638
21.5 79.1254 1.55981 1.24733 198.624
21.6 79.0749 1.57418 1.2529 198.61
21.7 79.0243 1.58862 1.25847 198.595
21.8 78.9738 1.60311 1.26403 198.581
21.9 78.9232 1.61767 1.26959 198.566
22 78.8727 1.6323 1.27515 198.551
22.1 78.8221 1.64699 1.2807 198.537
22.2 78.7716 1.66174 1.28626 198.522
22.3 78.721 1.67655 1.29181 198.507
22.4 78.6705 1.69143 1.29735 198.492
22.5 78.6199 1.70637 1.30289 198.477
22.6 78.5694 1.72138 1.30843 198.462
22.7001 78.5188 1.73644 1.31397 198.447
22.8001 78.4683 1.75157 1.3195 198.432
22.9001 78.4177 1.76677 1.32503 198.417
23.0001 78.3672 1.78202 1.33055 198.402
23.1001 78.3166 1.79734 1.33607 198.386
23.2001 78.2661 1.81272 1.34159 198.371
23.3001 78.2155 1.82817 1.34711 198.356
23.4001 78.165 1.84367 1.35262 198.34
23.5001 78.1145 1.85924 1.35813 198.325
23.6001 78.0639 1.87487 1.36363 198.309
23.7001 78.0134 1.89057 1.36913 198.293
23.8001 77.9628 1.90633 1.37463 198.277
23.9001 77.9123 1.92215 1.38012 198.262
24.0001 77.8617 1.93803 1.38561 198.246
24.1001 77.8112 1.95397 1.3911 198.23
24.2001 77.7607 1.96998 1.39659 198.214
24.3001 77.7101 1.98605 1.40206 198.198
24.4001 77.6596 2.00218 1.40754 198.182
24.5001 77.609 2.01837 1.41301 198.165
24.6001 77.5585 2.03463 1.41848 198.149
24.7001 77.508 2.05095 1.42395 198.133
24.8001 77.4574 2.06733 1.42941 198.116
24.9001 77.4069 2.08377 1.43487 198.1
25.0001 77.3564 2.10027 1.44032 198.083
25.1001 77.3058 2.11684 1.44577 198.067
25.2001 77.2553 2.13347 1.45122 198.05
25.3001 77.2047 2.15016 1.45666 198.034
25.4001 77.1542 2.16691 1.4621 198.017
25.5001 77.1037 2.18372 1.46754 198
25.6001 77.0531 2.20059 1.47297 197.983
25.7001 77.0026 2.21753 1.4784 197.966
25.8001 76.9521 2.23453 1.48382 197.949
25.9001 76.9015 2.25159 1.48925 197.932
26.0001 76.851 2.26871 1.49466 197.915
26.1001 76.8005 2.28589 1.50008 197.898
26.2001 76.7499 2.30313 1.50548 197.881
26.3001 76.6994 2.32044 1.51089 197.863
26.4001 76.6489 2.3378 1.51629 197.846
26.5001 76.5983 2.35523 1.52169 197.829
26.6001 76.5478 2.37272 1.52708 197.811
26.7001 76.4973 2.39027 1.53247 197.793
26.8001 76.4468 2.40788 1.53786 197.776
26.9001 76.3962 2.42555 1.54324 197.758
27.0001 76.3457 2.44328 1.54862 197.74
27.1001 76.2952 2.46107 1.55399 197.723
27.2001 76.2446 2.47892 1.55936 197.705
27.3001 76.1941 2.49684 1.56473 197.687
27.4001 76.1436 2.51481 1.57009 197.669
27.5001 76.0931 2.53285 1.57545 197.651
27.6001 76.0425 2.55094 1.5808 197.633
27.7001 75.992 2.5691 1.58615 197.615
27.8001 75.9415 2.58732 1.5915 197.596
27.9001 75.891 2.6056 1.59684 197.578
28.0001 75.8404 2.62393 1.60218 197.56
28.1001 75.7899 2.64233 1.60751 197.541
28.2001 75.7394 2.66079 1.61284 197.523
28.3001 75.6889 2.67931 1.61816 197.504
28.4001 75.6384 2.69789 1.62349 197.486
28.5001 75.5878 2.71653 1.6288 197.467
28.6001 75.5373 2.73522 1.63411 197.449
28.7001 75.4868 2.75398 1.63942 197.43
28.8001 75.4363 2.7728 1.64473 197.411
28.9001 75.3858 2.79168 1.65003 197.392
29.0001 75.3352 2.81062 1.65532 197.373
29.1001 75.2847 2.82962 1.66061 197.354
29.2001 75.2342 2.84867 1.6659 197.335
29.3001 75.1837 2.86779 1.67118 197.316
29.4001 75.1332 2.88697 1.67646 197.297
29.5001 75.0827 2.9062 1.68174 197.278
29.6001 75.0321 2.9255 1.68701 197.258
29.7001 74.9816 2.94485 1.69227 197.239
29.8001 74.9311 2.96427 1.69753 197.219
29.9001 74.8806 2.98374 1.70279 197.2
30.0001 74.8301 3.00327 1.70804 197.18
30.1001 74.7796 3.02287 1.71329 197.161
30.2001 74.7291 3.04252 1.71854 197.141
30.3001 74.6786 3.06223 1.72377 197.122
30.4001 74.628 3.082 1.72901 197.102
30.5001 74.5775 3.10182 1.73424 197.082
30.6001 74.527 3.12171 1.73947 197.062
30.7001 74.4765 3.14166 1.74469 197.042
30.8001 74.426 3.16166 1.7499 197.022
30.9001 74.3755 3.18172 1.75512 197.002
31.0001 74.325 3.20184 1.76032 196.982
31.1001 74.2745 3.22202 1.76553 196.962
31.2001 74.224 3.24226 1.77073 196.942
31.3001 74.1735 3.26256 1.77592 196.921
31.4001 74.123 3.28291 1.78111 196.901
31.5001 74.0725 3.30333 1.78629 196.88
31.6001 74.022 3.3238 1.79147 196.86
31.7001 73.9714 3.34433 1.79665 196.839
31.8001 73.9209 3.36492 1.80182 196.819
31.9001 73.8704 3.38556 1.80699 196.798
32.0001 73.8199 3.40627 1.81215 196.777
32.1001 73.7694 3.42703 1.81731 196.757
32.2001 73.7189 3.44785 1.82246 196.736
32.3001 73.6684 3.46872 1.82761 196.715
32.4001 73.6179 3.48966 1.83275 196.694
32.5001 73.5674 3.51065 1.83789 196.673
32.6001 73.5169 3.5317 1.84302 196.652
32.7001 73.4664 3.55281 1.84815 196.631
32.8001 73.4159 3.57397 1.85327 196.61
32.9001 73.3655 3.5952 1.85839 196.589
33.0001 73.315 3.61648 1.8635 196.567
33.1001 73.2645 3.63781 1.86861 196.546
33.2001 73.214 3.65921 1.87372 196.525
33.3001 73.1635 3.68066 1.87882 196.503
33.4001 73.113 3.70217 1.88391 196.482
33.5001 73.0625 3.72373 1.889 196.46
33.6001 73.012 3.74536 1.89409 196.438
33.7001 72.9615 3.76703 1.89917 196.417
33.8001 72.911 3.78877 1.90424 196.395
33.9001 72.8605 3.81056 1.90931 196.373
34.0001 72.81 3.83241 1.91438 196.351
34.1001 72.7595 3.85432 1.91944 196.329
34.2001 72.7091 3.87628 1.92449 196.307
34.3 72.6586 3.8983 1.92954 196.285
34.4 72.6081 3.92038 1.93459 196.263
34.5 72.5576 3.94251 1.93963 196.241
34.6 72.5071 3.9647 1.94466 196.219
34.7 72.4566 3.98694 1.94969 196.197
34.8 72.4061 4.00924 1.95472 196.175
34.9 72.3556 4.0316 1.95974 196.152
35 72.3052 4.05401 1.96475 196.13
35.1 72.2547 4.07648 1.96976 196.107
35.2 72.2042 4.099 1.97477 196.085
35.3 72.1537 4.12158 1.97977 196.062
35.4 72.1032 4.14422 1.98476 196.04
35.5 72.0528 4.16691 1.98975 196.017
35.6 72.0023 4.18966 1.99474 195.994
35.7 71.9518 4.21246 1.99971 195.971
35.8 71.9013 4.23532 2.00469 195.948
35.9 71.8508 4.25823 2.00966 195.926
36 71.8004 4.2812 2.01462 195.903
36.1 71.7499 4.30422 2.01958 195.88
36.2 71.6994 4.3273 2.02453 195.856
36.3 71.6489 4.35044 2.02948 195.833
36.4 71.5985 4.37363 2.03442 195.81
36.5 71.548 4.39687 2.03936 195.787
36.6 71.4975 4.42017 2.04429 195.764
36.7 71.447 4.44352 2.04921 195.74
36.8 71.3966 4.46693 2.05414 195.717
36.9 71.3461 4.4904 2.05905 195.693
37 71.2956 4.51391 2.06396 195.67
37.1 71.2451 4.53749 2.06887 195.646
37.2 71.1947 4.56111 2.07377 195.623
37.3 71.1442 4.5848 2.07866 195.599
37.4 71.0937 4.60853 2.08355 195.575
37.5 71.0433 4.63232 2.08843 195.551
37.6 70.9928 4.65617 2.09331 195.528
37.7 70.9423 4.68006 2.09818 195.504
37.8 70.8919 4.70402 2.10305 195.48
37.9 70.8414 4.72802 2.10791 195.456
38 70.7909 4.75208 2.11276 195.432
38.1 70.7405 4.7762 2.11761 195.408
38.2 70.69 4.80036 2.12246 195.383
38.3 70.6395 4.82459 2.1273 195.359
38.4 70.5891 4.84886 2.13213 195.335
38.5 70.5386 4.87319 2.13696 195.311
38.6 70.4882 4.89757 2.14178 195.286
38.7 70.4377 4.92201 2.1466 195.262
38.8 70.3872 4.94649 2.15141 195.237
38.9 70.3368 4.97104 2.15622 195.213
39 70.2863 4.99563 2.16102 195.188
39.1 70.2359 5.02028 2.16581 195.163
39.2 70.1854 5.04498 2.1706 195.139
39.3 70.1349 5.06973 2.17538 195.114
39.4 70.0845 5.09454 2.18016 195.089
39.5 70.034 5.1194 2.18493 195.064
39.6 69.9836 5.14431 2.18969 195.039
39.7 69.9331 5.16928 2.19445 195.014
39.8 69.8827 5.19429 2.19921 194.989
39.9 69.8322 5.21936 2.20396 194.964
40 69.7818 5.24449 2.2087 194.939
40.1 69.7313 5.26966 2.21344 194.914
40.2 69.6809 5.29489 2.21817 194.889
40.3 69.6304 5.32017 2.22289 194.864
40.4 69.58 5.3455 2.22761 194.838
40.5 69.5295 5.37088 2.23233 194.813
40.6 69.4791 5.39631 2.23703 194.787
40.7 69.4286 5.4218 2.24174 194.762
40.7999 69.3782 5.44734 2.24643 194.736
40.8999 69.3277 5.47293 2.25112 194.711
40.9999 69.2773 5.49857 2.25581 194.685
41.0999 69.2268 5.52426 2.26048 194.659
41.1999 69.1764 5.55001 2.26516 194.634
41.2999 69.126 5.5758 2.26982 194.608
41.3999 69.0755 5.60165 2.27448 194.582
41.4999 69.0251 5.62755 2.27914 194.556
41.5999 68.9746 5.6535 2.28379 194.53
41.6999 68.9242 5.6795 2.28843 194.504
41.7999 68.8737 5.70555 2.29306 194.478
41.8999 68.8233 5.73166 2.29769 194.452
41.9999 68.7729 5.75781 2.30232 194.426
42.0999 68.7224 5.78401 2.30694 194.4
42.1999 68.672 5.81027 2.31155 194.373
42.2999 68.6216 5.83657 2.31616 194.347
42.3999 68.5711 5.86293 2.32076 194.321
42.4999 68.5207 5.88934 2.32535 194.294
42.5999 68.4703 5.91579 2.32994 194.268
42.6999 68.4198 5.9423 2.33452 194.241
42.7999 68.3694 5.96886 2.33909 194.215
42.8999 68.319 5.99546 2.34366 194.188
42.9999 68.2685 6.02212 2.34823 194.162
43.0999 68.2181 6.04883 2.35278 194.135
43.1999 68.1677 6.07559 2.35733 194.108
43.2999 68.1172 6.10239 2.36188 194.081
43.3999 68.0668 6.12925 2.36642 194.055
43.4999 68.0164 6.15616 2.37095 194.028
43.5999 67.966 6.18311 2.37547 194.001
43.6999 67.9155 6.21012 2.37999 193.974
43.7999 67.8651 6.23717 2.38451 193.947
43.8999 67.8147 6.26428 2.38901 193.919
43.9999 67.7642 6.29143 2.39351 193.892
44.0999 67.7138 6.31863 2.39801 193.865
44.1999 67.6634 6.34588 2.40249 193.838
44.2999 67.613 6.37318 2.40698 193.811
44.3999 67.5626 6.40053 2.41145 193.783
44.4999 67.5121 6.42793 2.41592 193.756
44.5999 67.4617 6.45538 2.42038 193.728
44.6999 67.4113 6.48287 2.42484 193.701
44.7999 67.3609 6.51041 2.42929 193.673
44.8999 67.3105 6.53801 2.43373 193.646
44.9999 67.26 6.56565 2.43817 193.618
45.0999 67.2096 6.59334 2.4426 193.59
45.1999 67.1592 6.62107 2.44702 193.563
45.2999 67.1088 6.64886 2.45144 193.535
45.3999 67.0584 6.67669 2.45585 193.507
45.4999 67.008 6.70457 2.46025 193.479
45.5999 66.9576 6.7325 2.46465 193.451
45.6999 66.9072 6.76048 2.46904 193.423
45.7999 66.8567 6.7885 2.47343 193.395
45.8999 66.8063 6.81657 2.4778 193.367
45.9999 66.7559 6.84469 2.48218 193.339
46.0999 66.7055 6.87286 2.48654 193.311
46.1999 66.6551 6.90107 2.4909 193.283
46.2999 66.6047 6.92934 2.49525 193.254
46.3999 66.5543 6.95764 2.49959 193.226
46.4999 66.5039 6.986 2.50393 193.198
46.5999 66.4535 7.0144 2.50826 193.169
46.6999 66.4031 7.04285 2.51259 193.141
46.7999 66.3527 7.07135 2.51691 193.112
46.8999 66.3023 7.09989 2.52122 193.084
46.9999 66.2519 7.12848 2.52552 193.055
47.0999 66.2015 7.15712 2.52982 193.027
47.1999 66.1511 7.1858 2.53411 192.998
47.2999 66.1007 7.21453 2.5384 192.969
47.3998 66.0503 7.24331 2.54268 192.94
47.4998 65.9999 7.27213 2.54695 192.912
47.5998 65.9495 7.301 2.55121 192.883
47.6998 65.8991 7.32991 2.55547 192.854
47.7998 65.8487 7.35887 2.55972 192.825
47.8998 65.7983 7.38788 2.56396 192.796
47.9998 65.7479 7.41693 2.5682 192.767
48.0998 65.6975 7.44603 2.57243 192.738
48.1998 65.6471 7.47517 2.57666 192.709
48.2998 65.5967 7.50436 2.58087 192.679
48.3998 65.5463 7.53359 2.58508 192.65
48.4998 65.4959 7.56287 2.58928 192.621
48.5998 65.4455 7.5922 2.59348 192.592
48.6998 65.3952 7.62157 2.59767 192.562
48.7998 65.3448 7.65098 2.60185 192.533
48.8998 65.2944 7.68044 2.60603 192.503
48.9998 65.244 7.70995 2.61019 192.474
49.0998 65.1936 7.73949 2.61435 192.444
49.1998 65.1432 7.76909 2.61851 192.415
49.2998 65.0928 7.79873 2.62266 192.385
49.3998 65.0425 7.82841 2.6268 192.355
49.4998 64.9921 7.85814 2.63093 192.326
49.5998 64.9417 7.88791 2.63505 192.296
49.6998 64.8913 7.91773 2.63917 192.266
49.7998 64.8409 7.94759 2.64328 192.236
49.8998 64.7906 7.97749 2.64739 192.206
49.9998 64.7402 8.00744 2.65149 192.176
50.0998 64.6898 8.03743 2.65558 192.146
50.1998 64.6394 8.06747 2.65966 192.116
50.2998 64.5891 8.09755 2.66374 192.086
50.3998 64.5387 8.12767 2.66781 192.056
50.4998 64.4883 8.15784 2.67187 192.026
50.5998 64.4379 8.18805 2.67592 191.996
50.6998 64.3876 8.2183 2.67997 191.965
50.7998 64.3372 8.2486 2.68401 191.935
50.8998 64.2868 8.27894 2.68804 191.905
50.9998 64.2364 8.30932 2.69207 191.874
51.0998 64.1861 8.33975 2.69609 191.844
51.1998 64.1357 8.37022 2.7001 191.814
51.2998 64.0853 8.40073 2.70411 191.783
51.3998 64.035 8.43129 2.7081 191.752
51.4998 63.9846 8.46188 2.71209 191.722
51.5998 63.9342 8.49252 2.71607 191.691
51.6998 63.8839 8.52321 2.72005 191.661
51.7998 63.8335 8.55393 2.72402 191.63
51.8998 63.7831 8.5847 2.72798 191.599
51.9998 63.7328 8.61551 2.73193 191.568
52.0998 63.6824 8.64636 2.73588 191.537
52.1998 63.6321 8.67725 2.73982 191.507
52.2998 63.5817 8.70818 2.74375 191.476
52.3998 63.5313 8.73916 2.74767 191.445
52.4998 63.481 8.77018 2.75159 191.414
52.5998 63.4306 8.80124 2.7555 191.383
52.6998 63.3803 8.83234 2.7594 191.351
52.7998 63.3299 8.86348 2.76329 191.32
52.8998 63.2796 8.89467 2.76718 191.289
52.9998 63.2292 8.92589 2.77106 191.258
53.0998 63.1789 8.95716 2.77493 191.227
53.1998 63.1285 8.98846 2.77879 191.195
53.2998 63.0782 9.01981 2.78265 191.164
53.3998 63.0278 9.0512 2.7865 191.133
53.4998 62.9775 9.08263 2.79034 191.101
53.5998 62.9271 9.1141 2.79417 191.07
53.6998 62.8768 9.14561 2.798 191.038
53.7998 62.8264 9.17716 2.80182 191.007
53.8997 62.7761 9.20875 2.80563 190.975
53.9997 62.7257 9.24039 2.80943 190.943
54.0997 62.6754 9.27206 2.81323 190.912
54.1997 62.625 9.30377 2.81702 190.88
54.2997 62.5747 9.33552 2.8208 190.848
54.3997 62.5243 9.36731 2.82457 190.816
54.4997 62.474 9.39914 2.82834 190.785
54.5997 62.4237 9.43101 2.83209 190.753
54.6997 62.3733 9.46292 2.83584 190.721
54.7997 62.323 9.49487 2.83959 190.689
54.8997 62.2727 9.52686 2.84332 190.657
54.9997 62.2223 9.55889 2.84705 190.625
55.0997 62.172 9.59096 2.85077 190.593
55.1997 62.1216 9.62307 2.85448 190.561
55.2997 62.0713 9.65521 2.85818 190.529
55.3997 62.021 9.6874 2.86188 190.496
55.4997 61.9706 9.71962 2.86557 190.464
55.5997 61.9203 9.75188 2.86925 190.432
55.6997 61.87 9.78418 2.87292 190.4
55.7997 61.8197 9.81652 2.87659 190.367
55.8997 61.7693 9.8489 2.88024 190.335
55.9997 61.719 9.88132 2.88389 190.302
56.0997 61.6687 9.91377 2.88754 190.27
56.1997 61.6183 9.94626 2.89117 190.237
56.2997 61.568 9.97879 2.89479 190.205
56.3997 61.5177 10.0114 2.89841 190.172
56.4997 61.4674 10.044 2.90202 190.14
56.5997 61.417 10.0766 2.90562 190.107
56.6997 61.3667 10.1093 2.90922 190.074
56.7997 61.3164 10.142 2.91281 190.042
56.8997 61.2661 10.1748 2.91638 190.009
56.9997 61.2158 10.2076 2.91995 189.976
57.0997 61.1654 10.2404 2.92352 189.943
57.1997 61.1151 10.2733 2.92707 189.911
57.2997 61.0648 10.3062 2.93062 189.878
57.3997 61.0145 10.3391 2.93416 189.845
57.4997 60.9642 10.3721 2.93769 189.812
57.5997 60.9139 10.4051 2.94121 189.779
57.6997 60.8635 10.4381 2.94472 189.746
57.7997 60.8132 10.4712 2.94823 189.713
57.8997 60.7629 10.5044 2.95173 189.679
57.9997 60.7126 10.5375 2.95522 189.646
58.0997 60.6623 10.5707 2.9587 189.613
58.1997 60.612 10.604 2.96217 189.58
58.2997 60.5617 10.6372 2.96564 189.547
58.3997 60.5114 10.6705 2.9691 189.513
58.4997 60.4611 10.7039 2.97255 189.48
58.5997 60.4108 10.7372 2.97599 189.447
58.6997 60.3605 10.7707 2.97942 189.413
58.7997 60.3102 10.8041 2.98285 189.38
58.8997 60.2599 10.8376 2.98626 189.346
58.9997 60.2096 10.8711 2.98967 189.313
59.0997 60.1593 10.9047 2.99307 189.279
59.1997 60.109 10.9382 2.99647 189.246
59.2997 60.0587 10.9719 2.99985 189.212
59.3997 60.0084 11.0055 3.00323 189.178
59.4997 59.9581 11.0392 3.0066 189.145
59.5997 59.9078 11.0729 3.00995 189.111
59.6997 59.8575 11.1067 3.01331 189.077
59.7997 59.8072 11.1405 3.01665 189.043
59.8997 59.7569 11.1743 3.01998 189.009
59.9997 59.7066 11.2082 3.02331 188.976
60.0997 59.6563 11.2421 3.02663 188.942
60.1997 59.606 11.276 3.02994 188.908
60.2997 59.5557 11.31 3.03324 188.874
60.3997 59.5054 11.344 3.03653 188.84
60.4996 59.4551 11.378 3.03982 188.806
60.5996 59.4048 11.4121 3.04309 188.772
60.6996 59.3546 11.4462 3.04636 188.738
60.7996 59.3043 11.4803 3.04962 188.703
60.8996 59.254 11.5145 3.05287 188.669
60.9996 59.2037 11.5487 3.05612 188.635
61.0996 59.1534 11.5829 3.05935 188.601
61.1996 59.1031 11.6172 3.06258 188.567
61.2996 59.0529 11.6515 3.06579 188.532
61.3996 59.0026 11.6858 3.069 188.498
61.4996 58.9523 11.7202 3.0722 188.464
61.5996 58.902 11.7546 3.0754 188.429
61.6996 58.8517 11.789 3.07858 188.395
61.7996 58.8015 11.8235 3.08175 188.36
61.8996 58.7512 11.858 3.08492 188.326
61.9996 58.7009 11.8925 3.08808 188.291
62.0996 58.6506 11.9271 3.09123 188.257
62.1996 58.6004 11.9617 3.09437 188.222
62.2996 58.5501 11.9963 3.0975 188.187
62.3996 58.4998 12.031 3.10063 188.153
62.4996 58.4496 12.0656 3.10374 188.118
62.5996 58.3993 12.1004 3.10685 188.083
62.6996 58.349 12.1351 3.10995 188.049
62.7996 58.2988 12.1699 3.11304 188.014
62.8996 58.2485 12.2047 3.11612 187.979
62.9996 58.1982 12.2396 3.11919 187.944
63.0996 58.148 12.2744 3.12225 187.909
63.1996 58.0977 12.3093 3.12531 187.874
63.2996 58.0474 12.3443 3.12835 187.839
63.3996 57.9972 12.3792 3.13139 187.805
63.4996 57.9469 12.4142 3.13442 187.77
63.5996 57.8966 12.4493 3.13744 187.734
63.6996 57.8464 12.4843 3.14045 187.699
63.7996 57.7961 12.5194 3.14346 187.664
63.8996 57.7459 12.5545 3.14645 187.629
63.9996 57.6956 12.5897 3.14944 187.594
64.0996 57.6454 12.6249 3.15241 187.559
64.1996 57.5951 12.6601 3.15538 187.524
64.2996 57.5449 12.6953 3.15834 187.488
64.3996 57.4946 12.7306 3.16129 187.453
64.4996 57.4444 12.7659 3.16423 187.418
64.5996 57.3941 12.8012 3.16716 187.383
64.6996 57.3439 12.8366 3.17009 187.347
64.7996 57.2936 12.8719 3.173 187.312
64.8996 57.2434 12.9074 3.17591 187.276
64.9996 57.1931 12.9428 3.17881 187.241
65.0996 57.1429 12.9783 3.18169 187.205
65.1996 57.0926 13.0138 3.18457 187.17
65.2996 57.0424 13.0493 3.18744 187.134
65.3996 56.9921 13.0849 3.19031 187.099
65.4996 56.9419 13.1205 3.19316 187.063
65.5996 56.8916 13.1561 3.196 187.028
65.6996 56.8414 13.1917 3.19884 186.992
65.7996 56.7912 13.2274 3.20167 186.956
65.8996 56.7409 13.2631 3.20448 186.921
65.9996 56.6907 13.2988 3.20729 186.885
66.0996 56.6405 13.3346 3.21009 186.849
66.1996 56.5902 13.3703 3.21288 186.813
66.2996 56.54 13.4062 3.21566 186.778
66.3996 56.4898 13.442 3.21843 186.742
66.4996 56.4395 13.4779 3.2212 186.706
66.5996 56.3893 13.5138 3.22395 186.67
66.6996 56.3391 13.5497 3.2267 186.634
66.7996 56.2888 13.5856 3.22943 186.598
66.8996 56.2386 13.6216 3.23216 186.562
66.9995 56.1884 13.6576 3.23488 186.526
67.0995 56.1381 13.6936 3.23759 186.49
67.1995 56.0879 13.7297 3.24029 186.454
67.2995 56.0377 13.7658 3.24298 186.418
67.3995 55.9875 13.8019 3.24566 186.382
67.4995 55.9372 13.838 3.24833 186.346
67.5995 55.887 13.8741 3.251 186.31
67.6995 55.8368 13.9103 3.25365 186.273
67.7995 55.7866 13.9465 3.2563 186.237
67.8995 55.7364 13.9828 3.25893 186.201
67.9995 55.6861 14.019 3.26156 186.165
68.0995 55.6359 14.0553 3.26418 186.128
68.1995 55.5857 14.0916 3.26679 186.092
68.2995 55.5355 14.128 3.26939 186.056
68.3995 55.4853 14.1643 3.27198 186.019
68.4995 55.4351 14.2007 3.27456 185.983
68.5995 55.3849 14.2371 3.27713 185.947
68.6995 55.3346 14.2736 3.27969 185.91
68.7995 55.2844 14.3101 3.28225 185.874
68.8995 55.2342 14.3465 3.28479 185.837
68.9995 55.184 14.3831 3.28733 185.801
69.0995 55.1338 14.4196 3.28985 185.764
69.1995 55.0836 14.4562 3.29237 185.728
69.2995 55.0334 14.4927 3.29488 185.691
69.3995 54.9832 14.5293 3.29737 185.654
69.4995 54.933 14.566 3.29986 185.618
69.5995 54.8828 14.6026 3.30234 185.581
69.6995 54.8326 14.6393 3.30481 185.544
69.7995 54.7824 14.676 3.30727 185.508
69.8995 54.7322 14.7128 3.30972 185.471
69.9995 54.682 14.7495 3.31216 185.434
70.0995 54.6318 14.7863 3.3146 185.397
70.1995 54.5816 14.8231 3.31702 185.361
70.2995 54.5314 14.8599 3.31943 185.324
70.3995 54.4812 14.8968 3.32184 185.287
70.4995 54.431 14.9336 3.32423 185.25
70.5995 54.3808 14.9705 3.32662 185.213
70.6995 54.3306 15.0074 3.32899 185.176
70.7995 54.2804 15.0444 3.33136 185.139
70.8995 54.2302 15.0813 3.33372 185.102
70.9995 54.1801 15.1183 3.33607 185.065
71.0995 54.1299 15.1553 3.3384 185.028
71.1995 54.0797 15.1923 3.34073 184.991
71.2995 54.0295 15.2294 3.34305 184.954
71.3995 53.9793 15.2664 3.34536 184.917
71.4995 53.9291 15.3035 3.34766 184.88
71.5995 53.8789 15.3406 3.34995 184.843
71.6995 53.8288 15.3778 3.35223 184.806
71.7995 53.7786 15.4149 3.35451 184.769
71.8995 53.7284 15.4521 3.35677 184.732
71.9995 53.6782 15.4893 3.35902 184.694
72.0995 53.628 15.5265 3.36126 184.657
72.1995 53.5779 15.5638 3.3635 184.62
72.2995 53.5277 15.601 3.36572 184.583
72.3995 53.4775 15.6383 3.36794 184.545
72.4995 53.4273 15.6756 3.37014 184.508
72.5995 53.3772 15.7129 3.37234 184.471
72.6995 53.327 15.7503 3.37452 184.433
72.7995 53.2768 15.7876 3.3767 184.396
72.8995 53.2266 15.825 3.37886 184.359
72.9995 53.1765 15.8624 3.38102 184.321
73.0995 53.1263 15.8999 3.38317 184.284
73.1995 53.0761 15.9373 3.38531 184.246
73.2995 53.026 15.9748 3.38743 184.209
73.3995 52.9758 16.0123 3.38955 184.172
73.4995 52.9256 16.0498 3.39166 184.134
73.5994 52.8755 16.0873 3.39376 184.096
73.6994 52.8253 16.1248 3.39585 184.059
73.7994 52.7752 16.1624 3.39793 184.021
73.8994 52.725 16.2 3.4 183.984
73.9994 52.6748 16.2376 3.40206 183.946
74.0994 52.6247 16.2752 3.40411 183.909
74.1994 52.5745 16.3128 3.40615 183.871
74.2994 52.5244 16.3505 3.40818 183.833
74.3994 52.4742 16.3881 3.4102 183.796
74.4994 52.4241 16.4258 3.41221 183.758
74.5994 52.3739 16.4635 3.41421 183.72
74.6994 52.3238 16.5013 3.4162 183.682
74.7994 52.2736 16.539 3.41818 183.645
74.8994 52.2234 16.5768 3.42016 183.607
74.9994 52.1733 16.6146 3.42212 183.569
75.0994 52.1232 16.6524 3.42407 183.531
75.1994 52.073 16.6902 3.42601 183.494
75.2994 52.0229 16.728 3.42794 183.456
75.3994 51.9727 16.7659 3.42987 183.418
75.4994 51.9226 16.8037 3.43178 183.38
75.5994 51.8724 16.8416 3.43368 183.342
75.6994 51.8223 16.8795 3.43558 183.304
75.7994 51.7721 16.9174 3.43746 183.266
75.8994 51.722 16.9554 3.43933 183.228
75.9994 51.6719 16.9933 3.4412 183.19
76.0994 51.6217 17.0313 3.44305 183.152
76.1994 51.5716 17.0693 3.44489 183.114
76.2994 51.5214 17.1073 3.44673 183.076
76.3994 51.4713 17.1453 3.44855 183.038
76.4994 51.4212 17.1833 3.45036 183
76.5994 51.371 17.2214 3.45217 182.962
76.6994 51.3209 17.2595 3.45396 182.924
76.7994 51.2708 17.2975 3.45575 182.886
76.8994 51.2207 17.3356 3.45752 182.848
76.9994 51.1705 17.3738 3.45928 182.81
77.0994 51.1204 17.4119 3.46104 182.772
77.1994 51.0703 17.45 3.46278 182.734
77.2994 51.0201 17.4882 3.46452 182.696
77.3994 50.97 17.5264 3.46624 182.657
77.4994 50.9199 17.5645 3.46795 182.619
77.5994 50.8698 17.6028 3.46966 182.581
77.6994 50.8196 17.641 3.47135 182.543
77.7994 50.7695 17.6792 3.47304 182.505
77.8994 50.7194 17.7175 3.47471 182.466
77.9994 50.6693 17.7557 3.47637 182.428
78.0994 50.6192 17.794 3.47803 182.39
78.1994 50.569 17.8323 3.47967 182.351
78.2994 50.5189 17.8706 3.4813 182.313
78.3994 50.4688 17.9089 3.48293 182.275
78.4994 50.4187 17.9472 3.48454 182.237
78.5994 50.3686 17.9856 3.48614 182.198
78.6994 50.3185 18.0239 3.48774 182.16
78.7994 50.2684 18.0623 3.48932 182.121
78.8994 50.2183 18.1007 3.49089 182.083
78.9994 50.1681 18.1391 3.49245 182.045
79.0994 50.118 18.1775 3.49401 182.006
79.1994 50.0679 18.2159 3.49555 181.968
79.2994 50.0178 18.2544 3.49708 181.929
79.3994 49.9677 18.2928 3.4986 181.891
79.4994 49.9176 18.3313 3.50011 181.852
79.5994 49.8675 18.3698 3.50162 181.814
79.6994 49.8174 18.4082 3.50311 181.776
79.7994 49.7673 18.4467 3.50459 181.737
79.8994 49.7172 18.4852 3.50606 181.699
79.9994 49.6671 18.5238 3.50752 181.66
80.0993 49.617 18.5623 3.50897 181.621
80.1993 49.5669 18.6009 3.51041 181.583
80.2993 49.5168 18.6394 3.51184 181.544
80.3993 49.4667 18.678 3.51326 181.506
80.4993 49.4166 18.7166 3.51467 181.467
80.5993 49.3665 18.7552 3.51607 181.429
80.6993 49.3164 18.7938 3.51746 181.39
80.7993 49.2664 18.8324 3.51884 181.351
80.8993 49.2163 18.871 3.5202 181.313
80.9993 49.1662 18.9096 3.52156 181.274
81.0993 49.1161 18.9483 3.52291 181.235
81.1993 49.066 18.9869 3.52425 181.197
81.2993 49.0159 19.0256 3.52557 181.158
81.3993 48.9658 19.0643 3.52689 181.119
81.4993 48.9158 19.103 3.5282 181.081
81.5993 48.8657 19.1417 3.52949 181.042
81.6993 48.8156 19.1804 3.53078 181.003
81.7993 48.7655 19.2191 3.53205 180.965
81.8993 48.7154 19.2578 3.53332 180.926
81.9993 48.6653 19.2966 3.53457 180.887
82.0993 48.6153 19.3353 3.53582 180.848
82.1993 48.5652 19.3741 3.53705 180.81
82.2993 48.5151 19.4128 3.53828 180.771
82.3993 48.465 19.4516 3.53949 180.732
82.4993 48.415 19.4904 3.54069 180.693
82.5993 48.3649 19.5292 3.54188 180.655
82.6993 48.3148 19.568 3.54306 180.616
82.7993 48.2648 19.6068 3.54424 180.577
82.8993 48.2147 19.6456 3.5454 180.538
82.9993 48.1646 19.6845 3.54655 180.499
83.0993 48.1146 19.7233 3.54769 180.46
83.1993 48.0645 19.7621 3.54882 180.422
83.2993 48.0144 19.801 3.54994 180.383
83.3993 47.9644 19.8399 3.55105 180.344
83.4993 47.9143 19.8787 3.55214 180.305
83.5993 47.8642 19.9176 3.55323 180.266
83.6993 47.8142 19.9565 3.55431 180.227
83.7993 47.7641 19.9954 3.55538 180.188
83.8993 47.7141 20.0343 3.55643 180.149
83.9993 47.664 20.0732 3.55748 180.111
84.0993 47.6139 20.1121 3.55851 180.072
84.1993 47.5639 20.151 3.55954 180.033
84.2993 47.5138 20.1899 3.56055 179.994
84.3993 47.4638 20.2289 3.56156 179.955
84.4993 47.4137 20.2678 3.56255 179.916
84.5993 47.3637 20.3068 3.56353 179.877
84.6993 47.3136 20.3457 3.5645 179.838
84.7993 47.2636 20.3847 3.56547 179.799
84.8993 47.2135 20.4236 3.56642 179.76
84.9993 47.1635 20.4626 3.56736 179.721
85.0993 47.1134 20.5016 3.56829 179.682
85.1993 47.0634 20.5406 3.56921 179.643
85.2993 47.0133 20.5796 3.57011 179.604
85.3993 46.9633 20.6186 3.57101 179.565
85.4993 46.9132 20.6576 3.5719 179.526
85.5993 46.8632 20.6966 3.57278 179.487
85.6993 46.8132 20.7356 3.57364 179.448
85.7993 46.7631 20.7746 3.5745 179.409
85.8993 46.7131 20.8136 3.57534 179.37
85.9993 46.663 20.8526 3.57618 179.331
86.0993 46.613 20.8917 3.577 179.292
86.1993 46.563 20.9307 3.57782 179.253
86.2993 46.5129 20.9697 3.57862 179.214
86.3993 46.4629 21.0088 3.57941 179.175
86.4993 46.4129 21.0478 3.58019 179.136
86.5993 46.3628 21.0869 3.58096 179.097
86.6992 46.3128 21.1259 3.58172 179.058
86.7992 46.2628 21.165 3.58247 179.019
86.8992 46.2128 21.2041 3.58321 178.98
86.9992 46.1627 21.2431 3.58394 178.941
87.0992 46.1127 21.2822 3.58465 178.902
87.1992 46.0627 21.3213 3.58536 178.862
87.2992 46.0127 21.3604 3.58606 178.823
87.3992 45.9626 21.3994 3.58674 178.784
87.4992 45.9126 21.4385 3.58742 178.745
87.5992 45.8626 21.4776 3.58808 178.706
87.6992 45.8126 21.5167 3.58873 178.667
87.7992 45.7626 21.5558 3.58937 178.628
87.8992 45.7125 21.5949 3.59 178.589
87.9992 45.6625 21.634 3.59063 178.55
88.0992 45.6125 21.6731 3.59124 178.511
88.1992 45.5625 21.7122 3.59183 178.472
88.2992 45.5125 21.7513 3.59242 178.432
88.3992 45.4625 21.7904 3.593 178.393
88.4992 45.4124 21.8295 3.59357 178.354
88.5992 45.3624 21.8686 3.59412 178.315
88.6992 45.3124 21.9077 3.59467 178.276
88.7992 45.2624 21.9469 3.5952 178.237
88.8992 45.2124 21.986 3.59573 178.198
88.9992 45.1624 22.0251 3.59624 178.159
89.0992 45.1124 22.0642 3.59674 178.12
89.1992 45.0624 22.1033 3.59723 178.08
89.2992 45.0124 22.1425 3.59771 178.041
89.3992 44.9624 22.1816 3.59818 178.002
89.4992 44.9124 22.2207 3.59864 177.963
89.5992 44.8624 22.2598 3.59909 177.924
89.6992 44.8124 22.2989 3.59953 177.885
89.7992 44.7624 22.3381 3.59995 177.846
89.8992 44.7124 22.3772 3.60037 177.807
89.9992 44.6624 22.4163 3.60077 177.767
90.0992 44.6124 22.4554 3.60117 177.728
90.1992 44.5624 22.4946 3.60155 177.689
90.2992 44.5124 22.5337 3.60192 177.65
90.3992 44.4624 22.5728 3.60228 177.611
90.4992 44.4124 22.6119 3.60263 177.572
90.5992 44.3624 22.6511 3.60297 177.533
90.6992 44.3125 22.6902 3.6033 177.494
90.7992 44.2625 22.7293 3.60362 177.454
90.8992 44.2125 22.7684 3.60393 177.415
90.9992 44.1625 22.8075 3.60422 177.376
91.0992 44.1125 22.8467 3.60451 177.337
91.1992 44.0625 22.8858 3.60478 177.298
91.2992 44.0125 22.9249 3.60504 177.259
91.3992 43.9626 22.964 3.6053 177.22
91.4992 43.9126 23.0031 3.60554 177.181
91.5992 43.8626 23.0422 3.60577 177.142
91.6992 43.8126 23.0813 3.60599 177.102
91.7992 43.7626 23.1204 3.6062 177.063
91.8992 43.7127 23.1595 3.60639 177.024
91.9992 43.6627 23.1986 3.60658 176.985
92.0992 43.6127 23.2377 3.60676 176.946
92.1992 43.5627 23.2768 3.60692 176.907
92.2992 43.5128 23.3159 3.60707 176.868
92.3992 43.4628 23.355 3.60722 176.829
92.4992 43.4128 23.3941 3.60735 176.79
92.5992 43.3629 23.4332 3.60747 176.751
92.6992 43.3129 23.4723 3.60758 176.711
92.7992 43.2629 23.5113 3.60768 176.672
92.8992 43.213 23.5504 3.60777 176.633
92.9992 43.163 23.5895 3.60785 176.594
93.0992 43.113 23.6286 3.60791 176.555
93.1992 43.0631 23.6676 3.60797 176.516
93.2991 43.0131 23.7067 3.60801 176.477
93.3991 42.9631 23.7457 3.60804 176.438
93.4991 42.9132 23.7848 3.60807 176.399
93.5991 42.8632 23.8238 3.60808 176.36
93.6991 42.8133 23.8629 3.60808 176.321
93.7991 42.7633 23.9019 3.60807 176.282
93.8991 42.7133 23.941 3.60804 176.243
93.9991 42.6634 23.98 3.60801 176.204
94.0991 42.6134 24.019 3.60797 176.165
94.1991 42.5635 24.058 3.60791 176.126
94.2991 42.5135 24.0971 3.60785 176.087
94.3991 42.4636 24.1361 3.60777 176.048
94.4991 42.4136 24.1751 3.60768 176.009
94.5991 42.3637 24.2141 3.60758 175.97
94.6991 42.3137 24.2531 3.60747 175.931
94.7991 42.2638 24.2921 3.60735 175.892
94.8991 42.2138 24.331 3.60722 175.853
94.9991 42.1639 24.37 3.60708 175.814
95.0991 42.1139 24.409 3.60692 175.775
95.1991 42.064 24.448 3.60676 175.736
95.2991 42.0141 24.4869 3.60658 175.697
95.3991 41.9641 24.5259 3.60639 175.658
95.4991 41.9142 24.5648 3.6062 175.619
95.5991 41.8642 24.6038 3.60599 175.58
95.6991 41.8143 24.6427 3.60576 175.541
95.7991 41.7644 24.6816 3.60553 175.502
95.8991 41.7144 24.7205 3.60529 175.463
95.9991 41.6645 24.7595 3.60504 175.424
96.0991 41.6146 24.7984 3.60477 175.385
96.1991 41.5646 24.8373 3.6045 175.347
96.2991 41.5147 24.8762 3.60421 175.308
96.3991 41.4648 24.915 3.60391 175.269
96.4991 41.4148 24.9539 3.6036 175.23
96.5991 41.3649 24.9928 3.60328 175.191
96.6991 41.315 25.0316 3.60295 175.152
96.7991 41.2651 25.0705 3.60261 175.113
96.8991 41.2151 25.1093 3.60225 175.074
96.9991 41.1652 25.1482 3.60189 175.036
97.0991 41.1153 25.187 3.60151 174.997
97.1991 41.0654 25.2258 3.60112 174.958
97.2991 41.0154 25.2646 3.60073 174.919
97.3991 40.9655 25.3034 3.60032 174.88
97.4991 40.9156 25.3422 3.5999 174.842
97.5991 40.8657 25.381 3.59947 174.803
97.6991 40.8158 25.4198 3.59902 174.764
97.7991 40.7658 25.4586 3.59857 174.725
97.8991 40.7159 25.4973 3.5981 174.686
97.9991 40.666 25.5361 3.59763 174.648
98.0991 40.6161 25.5748 3.59714 174.609
98.1991 40.5662 25.6135 3.59664 174.57
98.2991 40.5163 25.6522 3.59613 174.532
98.3991 40.4664 25.691 3.59561 174.493
98.4991 40.4165 25.7297 3.59508 174.454
98.5991 40.3666 25.7683 3.59454 174.415
98.6991 40.3166 25.807 3.59398 174.377
98.7991 40.2667 25.8457 3.59342 174.338
98.8991 40.2168 25.8844 3.59284 174.299
98.9991 40.1669 25.923 3.59225 174.261
99.0991 40.117 25.9616 3.59166 174.222
99.1991 40.0671 26.0003 3.59105 174.184
99.2991 40.0172 26.0389 3.59043 174.145
99.3991 39.9673 26.0775 3.58979 174.106
99.4991 39.9174 26.1161 3.58915 174.068
99.5991 39.8675 26.1547 3.5885 174.029
99.6991 39.8176 26.1932 3.58783 173.991
99.799 39.7677 26.2318 3.58715 173.952
99.899 39.7178 26.2703 3.58647 173.913
99.999 39.6679 26.3089 3.58577 173.875
100.099 39.6181 26.3474 3.58506 173.836
100.199 39.5682 26.3859 3.58433 173.798
100.299 39.5183 26.4244 3.5836 173.759
100.399 39.4684 26.4629 3.58286 173.721
100.499 39.4185 26.5014 3.5821 173.682
100.599 39.3686 26.5398 3.58134 173.644
100.699 39.3187 26.5783 3.58056 173.605
100.799 39.2688 26.6167 3.57977 173.567
100.899 39.2189 26.6551 3.57897 173.529
100.999 39.1691 26.6936 3.57816 173.49
101.099 39.1192 26.7319 3.57734 173.452
101.199 39.0693 26.7703 3.5765 173.413
101.299 39.0194 26.8087 3.57566 173.375
101.399 38.9695 26.8471 3.5748 173.337
101.499 38.9197 26.8854 3.57394 173.298
101.599 38.8698 26.9237 3.57306 173.26
101.699 38.8199 26.9621 3.57217 173.222
101.799 38.77 27.0004 3.57127 173.183
101.899 38.7202 27.0387 3.57036 173.145
101.999 38.6703 27.0769 3.56944 173.107
102.099 38.6204 27.1152 3.5685 173.069
102.199 38.5705 27.1534 3.56756 173.03
102.299 38.5207 27.1917 3.5666 172.992
102.399 38.4708 27.2299 3.56563 172.954
102.499 38.4209 27.2681 3.56465 172.916
102.599 38.3711 27.3063 3.56366 172.877
102.699 38.3212 27.3445 3.56266 172.839
102.799 38.2713 27.3826 3.56165 172.801
102.899 38.2215 27.4208 3.56063 172.763
102.999 38.1716 27.4589 3.55959 172.725
103.099 38.1217 27.497 3.55854 172.687
103.199 38.0719 27.5351 3.55749 172.649
103.299 38.022 27.5732 3.55642 172.611
103.399 37.9721 27.6113 3.55534 172.573
103.499 37.9223 27.6493 3.55425 172.534
103.599 37.8724 27.6873 3.55315 172.496
103.699 37.8226 27.7254 3.55203 172.458
103.799 37.7727 27.7634 3.55091 172.42
103.899 37.7229 27.8013 3.54977 172.382
103.999 37.673 27.8393 3.54863 172.344
104.099 37.6232 27.8773 3.54747 172.306
104.199 37.5733 27.9152 3.5463 172.269
104.299 37.5235 27.9531 3.54512 172.231
104.399 37.4736 27.991 3.54393 172.193
104.499 37.4238 28.0289 3.54272 172.155
104.599 37.3739 28.0668 3.54151 172.117
104.699 37.3241 28.1046 3.54028 172.079
104.799 37.2742 28.1425 3.53905 172.041
104.899 37.2244 28.1803 3.5378 172.003
104.999 37.1745 28.2181 3.53654 171.966
105.099 37.1247 28.2559 3.53527 171.928
105.199 37.0748 28.2936 3.53399 171.89
105.299 37.025 28.3314 3.5327 171.852
105.399 36.9752 28.3691 3.53139 171.815
105.499 36.9253 28.4068 3.53008 171.777
105.599 36.8755 28.4445 3.52875 171.739
105.699 36.8256 28.4822 3.52741 171.702
105.799 36.7758 28.5198 3.52607 171.664
105.899 36.726 28.5575 3.52471 171.626
105.999 36.6761 28.5951 3.52334 171.589
106.099 36.6263 28.6327 3.52195 171.551
106.199 36.5765 28.6703 3.52056 171.513
106.299 36.5266 28.7078 3.51916 171.476
106.399 36.4768 28.7454 3.51774 171.438
106.499 36.427 28.7829 3.51631 171.401
106.599 36.3772 28.8204 3.51487 171.363
106.699 36.3273 28.8579 3.51343 171.326
106.799 36.2775 28.8954 3.51196 171.288
106.899 36.2277 28.9328 3.51049 171.251
106.999 36.1778 28.9702 3.50901 171.214
107.099 36.128 29.0076 3.50752 171.176
107.199 36.0782 29.045 3.50601 171.139
107.299 36.0284 29.0824 3.50449 171.101
107.399 35.9786 29.1197 3.50297 171.064
107.499 35.9287 29.157 3.50143 171.027
107.599 35.8789 29.1943 3.49988 170.989
107.699 35.8291 29.2316 3.49832 170.952
107.799 35.7793 29.2689 3.49674 170.915
107.899 35.7295 29.3061 3.49516 170.878
107.999 35.6797 29.3433 3.49357 170.84
108.099 35.6298 29.3805 3.49196 170.803
108.199 35.58 29.4177 3.49034 170.766
108.299 35.5302 29.4549 3.48871 170.729
108.399 35.4804 29.492 3.48707 170.692
108.499 35.4306 29.5291 3.48542 170.655
108.599 35.3808 29.5662 3.48376 170.618
108.699 35.331 29.6033 3.48209 170.58
108.799 35.2812 29.6403 3.4804 170.543
108.899 35.2314 29.6774 3.47871 170.506
108.999 35.1816 29.7144 3.477 170.469
109.099 35.1318 29.7513 3.47529 170.432
109.199 35.082 29.7883 3.47356 170.395
109.299 35.0322 29.8252 3.47182 170.359
109.399 34.9824 29.8622 3.47007 170.322
109.499 34.9326 29.899 3.4683 170.285
109.599 34.8828 29.9359 3.46653 170.248
109.699 34.833 29.9728 3.46474 170.211
109.799 34.7832 30.0096 3.46295 170.174
109.899 34.7334 30.0464 3.46114 170.137
109.999 34.6836 30.0832 3.45932 170.101
110.099 34.6338 30.1199 3.45749 170.064
110.199 34.584 30.1566 3.45565 170.027
110.299 34.5342 30.1933 3.4538 169.99
110.399 34.4844 30.23 3.45194 169.954
110.499 34.4346 30.2667 3.45007 169.917
110.599 34.3848 30.3033 3.44818 169.88
110.699 34.335 30.3399 3.44629 169.844
110.799 34.2852 30.3765 3.44438 169.807
110.899 34.2355 30.4131 3.44246 169.771
110.999 34.1857 30.4496 3.44053 169.734
111.099 34.1359 30.4861 3.43859 169.698
111.199 34.0861 30.5226 3.43664 169.661
111.299 34.0363 30.5591 3.43468 169.625
111.399 33.9865 30.5955 3.4327 169.588
111.499 33.9368 30.6319 3.43072 169.552
111.599 33.887 30.6683 3.42872 169.515
111.699 33.8372 30.7047 3.42671 169.479
111.799 33.7874 30.741 3.4247 169.443
111.899 33.7376 30.7773 3.42267 169.406
111.999 33.6879 30.8136 3.42063 169.37
112.099 33.6381 30.8499 3.41857 169.334
112.199 33.5883 30.8861 3.41651 169.298
112.299 33.5385 30.9223 3.41444 169.261
112.399 33.4888 30.9585 3.41235 169.225
112.499 33.439 30.9947 3.41026 169.189
112.599 33.3892 31.0308 3.40815 169.153
112.699 33.3395 31.0669 3.40603 169.117
112.799 33.2897 31.103 3.4039 169.081
112.899 33.2399 31.1391 3.40176 169.045
112.999 33.1902 31.1751 3.39961 169.009
113.099 33.1404 31.2111 3.39745 168.973
113.199 33.0906 31.2471 3.39528 168.937
113.299 33.0409 31.283 3.39309 168.901
113.399 32.9911 31.3189 3.3909 168.865
113.499 32.9413 31.3548 3.38869 168.829
113.599 32.8916 31.3907 3.38647 168.793
113.699 32.8418 31.4265 3.38425 168.757
113.799 32.7921 31.4623 3.38201 168.721
113.899 32.7423 31.4981 3.37976 168.686
113.999 32.6925 31.5339 3.37749 168.65
114.099 32.6428 31.5696 3.37522 168.614
114.199 32.593 31.6053 3.37294 168.578
114.299 32.5433 31.641 3.37064 168.543
114.399 32.4935 31.6766 3.36834 168.507
114.499 32.4438 31.7122 3.36602 168.472
114.599 32.394 31.7478 3.36369 168.436
114.699 32.3443 31.7834 3.36135 168.4
114.799 32.2945 31.8189 3.359 168.365
114.899 32.2448 31.8544 3.35664 168.329
114.999 32.195 31.8899 3.35427 168.294
115.099 32.1453 31.9253 3.35189 168.258
115.199 32.0955 31.9607 3.3495 168.223
115.299 32.0458 31.9961 3.34709 168.188
115.399 31.996 32.0315 3.34468 168.152
115.499 31.9463 32.0668 3.34225 168.117
115.599 31.8965 32.1021 3.33981 168.082
115.699 31.8468 32.1374 3.33736 168.046
115.799 31.7971 32.1726 3.3349 168.011
115.899 31.7473 32.2078 3.33243 167.976
115.999 31.6976 32.243 3.32995 167.941
116.099 31.6478 32.2782 3.32746 167.906
116.199 31.5981 32.3133 3.32496 167.87
116.299 31.5484 32.3484 3.32244 167.835
116.399 31.4986 32.3834 3.31992 167.8
116.499 31.4489 32.4185 3.31738 167.765
116.599 31.3992 32.4535 3.31484 167.73
116.699 31.3494 32.4884 3.31228 167.695
116.799 31.2997 32.5234 3.30971 167.66
116.899 31.25 32.5583 3.30713 167.625
116.999 31.2002 32.5931 3.30454 167.591
117.099 31.1505 32.628 3.30194 167.556
117.199 31.1008 32.6628 3.29933 167.521
117.299 31.0511 32.6976 3.2967 167.486
117.399 31.0013 32.7323 3.29407 167.451
117.499 30.9516 32.7671 3.29143 167.417
117.599 30.9019 32.8017 3.28877 167.382
117.699 30.8522 32.8364 3.2861 167.347
117.799 30.8024 32.871 3.28343 167.313
117.899 30.7527 32.9056 3.28074 167.278
117.999 30.703 32.9402 3.27804 167.244
118.099 30.6533 32.9747 3.27533 167.209
118.199 30.6036 33.0092 3.27261 167.175
118.299 30.5538 33.0437 3.26988 167.14
118.399 30.5041 33.0781 3.26714 167.106
118.499 30.4544 33.1125 3.26438 167.071
118.599 30.4047 33.1469 3.26162 167.037
118.699 30.355 33.1812 3.25884 167.003
118.799 30.3053 33.2155 3.25606 166.968
118.899 30.2555 33.2498 3.25326 166.934
118.999 30.2058 33.284 3.25046 166.9
119.099 30.1561 33.3182 3.24764 166.866
119.199 30.1064 33.3524 3.24481 166.831
119.299 30.0567 33.3865 3.24197 166.797
119.399 30.007 33.4206 3.23912 166.763
119.499 29.9573 33.4547 3.23626 166.729
119.599 29.9076 33.4887 3.23339 166.695
119.699 29.8579 33.5227 3.2305 166.661
119.799 29.8082 33.5567 3.22761 166.627
119.899 29.7585 33.5906 3.22471 166.593
119.999 29.7088 33.6245 3.22179 166.559
120.099 29.6591 33.6584 3.21887 166.525
120.199 29.6094 33.6922 3.21593 166.492
120.299 29.5597 33.726 3.21299 166.458
120.399 29.51 33.7598 3.21003 166.424
120.499 29.4603 33.7935 3.20706 166.39
120.599 29.4106 33.8272 3.20408 166.357
120.699 29.3609 33.8609 3.20109 166.323
120.799 29.3112 33.8945 3.19809 166.289
120.899 29.2615 33.9281 3.19508 166.256
120.999 29.2118 33.9616 3.19206 166.222
121.099 29.1621 33.9951 3.18903 166.189
121.199 29.1124 34.0286 3.18599 166.155
121.299 29.0627 34.0621 3.18293 166.122
121.399 29.013 34.0955 3.17987 166.088
121.499 28.9633 34.1289 3.17679 166.055
121.599 28.9136 34.1622 3.17371 166.022
121.699 28.8639 34.1955 3.17061 165.988
121.799 28.8143 34.2288 3.16751 165.955
121.899 28.7646 34.262 3.16439 165.922
121.999 28.7149 34.2952 3.16126 165.889
122.099 28.6652 34.3284 3.15813 165.855
122.199 28.6155 34.3615 3.15498 165.822
122.299 28.5658 34.3946 3.15182 165.789
122.399 28.5162 34.4276 3.14865 165.756
122.499 28.4665 34.4606 3.14547 165.723
122.599 28.4168 34.4936 3.14228 165.69
122.699 28.3671 34.5266 3.13908 165.657
122.799 28.3174 34.5595 3.13586 165.624
122.899 28.2678 34.5923 3.13264 165.591
122.999 28.2181 34.6252 3.12941 165.559
123.099 28.1684 34.658 3.12616 165.526
123.199 28.1187 34.6907 3.12291 165.493
123.299 28.0691 34.7234 3.11965 165.46
123.399 28.0194 34.7561 3.11637 165.428
123.499 27.9697 34.7888 3.11309 165.395
123.599 27.92 34.8214 3.10979 165.362
123.699 27.8704 34.8539 3.10648 165.33
123.799 27.8207 34.8865 3.10317 165.297
123.899 27.771 34.919 3.09984 165.265
123.999 27.7214 34.9514 3.0965 165.232
124.099 27.6717 34.9838 3.09316 165.2
124.199 27.622 35.0162 3.0898 165.168
124.299 27.5724 35.0486 3.08643 165.135
124.399 27.5227 35.0809 3.08305 165.103
124.499 27.473 35.1131 3.07966 165.071
124.599 27.4234 35.1453 3.07626 165.038
124.699 27.3737 35.1775 3.07285 165.006
124.799 27.324 35.2097 3.06943 164.974
124.899 27.2744 35.2418 3.066 164.942
124.999 27.2247 35.2739 3.06256 164.91
125.099 27.1751 35.3059 3.0591 164.878
125.199 27.1254 35.3379 3.05564 164.846
125.299 27.0757 35.3698 3.05217 164.814
125.399 27.0261 35.4017 3.04869 164.782
125.499 26.9764 35.4336 3.04519 164.75
125.599 26.9268 35.4654 3.04169 164.718
125.699 26.8771 35.4972 3.03818 164.687
125.799 26.8275 35.529 3.03465 164.655
125.899 26.7778 35.5607 3.03112 164.623
125.999 26.7282 35.5924 3.02758 164.591
126.099 26.6785 35.624 3.02402 164.56
126.199 26.6289 35.6556 3.02046 164.528
126.299 26.5792 35.6871 3.01688 164.497
126.399 26.5296 35.7187 3.0133 164.465
126.499 26.4799 35.7501 3.0097 164.434
126.599 26.4303 35.7816 3.00609 164.402
126.699 26.3806 35.8129 3.00248 164.371
126.799 26.331 35.8443 2.99885 164.339
126.899 26.2813 35.8756 2.99522 164.308
126.999 26.2317 35.9069 2.99157 164.277
127.099 26.182 35.9381 2.98791 164.246
127.199 26.1324 35.9693 2.98425 164.214
127.299 26.0828 36.0004 2.98057 164.183
127.399 26.0331 36.0315 2.97688 164.152
127.499 25.9835 36.0626 2.97319 164.121
127.599 25.9338 36.0936 2.96948 164.09
127.699 25.8842 36.1246 2.96576 164.059
127.799 25.8346 36.1555 2.96203 164.028
127.899 25.7849 36.1864 2.9583 163.997
127.999 25.7353 36.2173 2.95455 163.967
128.099 25.6857 36.2481 2.95079 163.936
128.199 25.636 36.2788 2.94702 163.905
128.299 25.5864 36.3096 2.94324 163.874
128.399 25.5368 36.3402 2.93946 163.844
128.499 25.4871 36.3709 2.93566 163.813
128.599 25.4375 36.4015 2.93185 163.782
128.699 25.3878 36.432 2.92803 163.752
128.799 25.3382 36.4626 2.9242 163.721
128.899 25.2886 36.493 2.92037 163.691
128.999 25.2389 36.5235 2.91652 163.66
129.099 25.1893 36.5539 2.91266 163.63
129.199 25.1397 36.5842 2.90879 163.6
129.299 25.0901 36.6145 2.90491 163.569
129.399 25.0404 36.6448 2.90103 163.539
129.499 24.9908 36.675 2.89713 163.509
129.599 24.9412 36.7051 2.89322 163.479
129.699 24.8916 36.7353 2.8893 163.449
129.799 24.8419 36.7653 2.88538 163.418
129.899 24.7923 36.7954 2.88144 163.388
129.999 24.7427 36.8254 2.87749 163.358
130.099 24.6931 36.8553 2.87353 163.328
130.199 24.6434 36.8852 2.86957 163.299
130.299 24.5938 36.9151 2.86559 163.269
130.399 24.5442 36.9449 2.8616 163.239
130.499 24.4946 36.9747 2.85761 163.209
130.599 24.445 37.0044 2.8536 163.179
130.699 24.3953 37.0341 2.84959 163.15
130.799 24.3457 37.0638 2.84556 163.12
130.899 24.2961 37.0934 2.84153 163.09
130.999 24.2465 37.1229 2.83748 163.061
131.099 24.1969 37.1524 2.83343 163.031
131.199 24.1473 37.1819 2.82936 163.002
131.299 24.0976 37.2113 2.82529 162.972
131.399 24.048 37.2407 2.8212 162.943
131.499 23.9984 37.27 2.81711 162.914
131.599 23.9488 37.2993 2.813 162.884
131.699 23.8992 37.3285 2.80889 162.855
131.799 23.8496 37.3577 2.80477 162.826
131.899 23.8 37.3868 2.80064 162.797
131.999 23.7504 37.4159 2.79649 162.768
132.099 23.7008 37.445 2.79234 162.739
132.199 23.6512 37.474 2.78818 162.71
132.299 23.6015 37.503 2.78401 162.681
132.399 23.5519 37.5319 2.77983 162.652
132.499 23.5023 37.5608 2.77564 162.623
132.599 23.4527 37.5896 2.77144 162.594
132.699 23.4031 37.6184 2.76723 162.565
132.799 23.3535 37.6471 2.76301 162.537
132.899 23.3039 37.6758 2.75878 162.508
132.999 23.2543 37.7044 2.75455 162.479
133.099 23.2047 37.733 2.7503 162.451
133.199 23.1551 37.7616 2.74604 162.422
133.299 23.1055 37.7901 2.74177 162.394
133.399 23.0559 37.8185 2.7375 162.365
133.499 23.0063 37.8469 2.73321 162.337
133.599 22.9567 37.8753 2.72892 162.308
133.699 22.9071 37.9036 2.72461 162.28
133.799 22.8575 37.9319 2.7203 162.252
133.899 22.808 37.9601 2.71598 162.224
133.999 22.7584 37.9882 2.71165 162.196
134.099 22.7088 38.0164 2.7073 162.167
134.199 22.6592 38.0444 2.70295 162.139
134.299 22.6096 38.0725 2.69859 162.111
134.399 22.56 38.1004 2.69422 162.083
134.499 22.5104 38.1284 2.68984 162.055
134.599 22.4608 38.1563 2.68545 162.028
134.699 22.4112 38.1841 2.68106 162
134.799 22.3616 38.2119 2.67665 161.972
134.899 22.312 38.2396 2.67223 161.944
134.999 22.2625 38.2673 2.66781 161.916
135.099 22.2129 38.295 2.66337 161.889
135.199 22.1633 38.3225 2.65893 161.861
135.299 22.1137 38.3501 2.65447 161.834
135.399 22.0641 38.3776 2.65001 161.806
135.499 22.0145 38.405 2.64554 161.779
135.599 21.965 38.4324 2.64106 161.751
135.699 21.9154 38.4598 2.63657 161.724
135.799 21.8658 38.4871 2.63207 161.697
135.899 21.8162 38.5144 2.62756 161.669
135.999 21.7666 38.5416 2.62304 161.642
136.099 21.7171 38.5687 2.61852 161.615
136.199 21.6675 38.5958 2.61398 161.588
136.299 21.6179 38.6229 2.60943 161.561
136.399 21.5683 38.6499 2.60488 161.534
136.499 21.5188 38.6768 2.60032 161.507
136.599 21.4692 38.7038 2.59574 161.48
136.699 21.4196 38.7306 2.59116 161.453
136.799 21.37 38.7574 2.58657 161.426
136.899 21.3205 38.7842 2.58197 161.4
136.999 21.2709 38.8109 2.57737 161.373
137.099 21.2213 38.8375 2.57275 161.346
137.199 21.1717 38.8642 2.56812 161.32
137.299 21.1222 38.8907 2.56349 161.293
137.399 21.0726 38.9172 2.55884 161.267
137.499 21.023 38.9437 2.55419 161.24
137.599 20.9735 38.9701 2.54953 161.214
137.699 20.9239 38.9965 2.54486 161.187
137.799 20.8743 39.0228 2.54018 161.161
137.899 20.8248 39.049 2.53549 161.135
137.999 20.7752 39.0752 2.53079 161.109
138.099 20.7256 39.1014 2.52608 161.082
138.199 20.6761 39.1275 2.52137 161.056
138.299 20.6265 39.1535 2.51664 161.03
138.399 20.5769 39.1795 2.51191 161.004
138.499 20.5274 39.2055 2.50717 160.978
138.599 20.4778 39.2314 2.50242 160.952
138.699 20.4283 39.2572 2.49766 160.927
138.799 20.3787 39.283 2.49289 160.901
138.899 20.3291 39.3088 2.48811 160.875
138.999 20.2796 39.3345 2.48333 160.849
139.099 20.23 39.3601 2.47853 160.824
139.199 20.1805 39.3857 2.47373 160.798
139.299 20.1309 39.4113 2.46892 160.772
139.399 20.0814 39.4368 2.4641 160.747
139.499 20.0318 39.4622 2.45927 160.722
139.599 19.9822 39.4876 2.45443 160.696
139.699 19.9327 39.5129 2.44959 160.671
139.799 19.8831 39.5382 2.44473 160.646
139.899 19.8336 39.5634 2.43987 160.62
139.999 19.784 39.5886 2.435 160.595
140.099 19.7345 39.6137 2.43011 160.57
140.199 19.6849 39.6388 2.42523 160.545
140.299 19.6354 39.6638 2.42033 160.52
140.399 19.5858 39.6888 2.41542 160.495
140.499 19.5363 39.7137 2.41051 160.47
140.599 19.4867 39.7386 2.40558 160.445
140.699 19.4372 39.7634 2.40065 160.42
140.799 19.3876 39.7881 2.39571 160.396
140.899 19.3381 39.8128 2.39076 160.371
140.999 19.2886 39.8375 2.38581 160.346
141.099 19.239 39.8621 2.38084 160.322
141.199 19.1895 39.8866 2.37587 160.297
141.299 19.1399 39.9111 2.37089 160.273
141.399 19.0904 39.9355 2.3659 160.248
141.499 19.0408 39.9599 2.3609 160.224
141.599 18.9913 39.9843 2.35589 160.2
141.699 18.9417 40.0085 2.35088 160.175
141.799 18.8922 40.0328 2.34585 160.151
141.899 18.8427 40.0569 2.34082 160.127
141.999 18.7931 40.081 2.33578 160.103
142.099 18.7436 40.1051 2.33073 160.079
142.199 18.6941 40.1291 2.32567 160.055
142.299 18.6445 40.1531 2.32061 160.031
142.399 18.595 40.177 2.31554 160.007
142.499 18.5454 40.2008 2.31046 159.983
142.6 18.4959 40.2246 2.30537 159.959
142.7 18.4464 40.2483 2.30027 159.935
142.8 18.3968 40.272 2.29516 159.912
142.9 18.3473 40.2957 2.29005 159.888
143 18.2978 40.3192 2.28493 159.865
143.1 18.2482 40.3428 2.2798 159.841
143.2 18.1987 40.3662 2.27466 159.818
143.3 18.1492 40.3896 2.26951 159.794
143.4 18.0996 40.413 2.26436 159.771
143.5 18.0501 40.4363 2.2592 159.747
143.6 18.0006 40.4595 2.25403 159.724
143.7 17.9511 40.4827 2.24885 159.701
143.8 17.9015 40.5059 2.24366 159.678
143.9 17.852 40.5289 2.23847 159.655
144 17.8025 40.552 2.23327 159.632
144.1 17.7529 40.5749 2.22806 159.609
144.2 17.7034 40.5979 2.22284 159.586
144.3 17.6539 40.6207 2.21761 159.563
144.4 17.6044 40.6435 2.21238 159.54
144.5 17.5548 40.6663 2.20714 159.517
144.6 17.5053 40.689 2.20189 159.495
144.7 17.4558 40.7116 2.19663 159.472
144.8 17.4063 40.7342 2.19137 159.45
144.9 17.3568 40.7567 2.18609 159.427
145 17.3072 40.7792 2.18081 159.405
145.1 17.2577 40.8016 2.17552 159.382
145.2 17.2082 40.8239 2.17023 159.36
145.3 17.1587 40.8463 2.16493 159.338
145.4 17.1092 40.8685 2.15961 159.315
145.5 17.0596 40.8907 2.15429 159.293
145.6 17.0101 40.9128 2.14897 159.271
145.7 16.9606 40.9349 2.14363 159.249
145.8 16.9111 40.9569 2.13829 159.227
145.9 16.8616 40.9789 2.13294 159.205
146 16.8121 41.0008 2.12758 159.183
146.1 16.7625 41.0226 2.12222 159.161
146.2 16.713 41.0444 2.11685 159.139
146.3 16.6635 41.0662 2.11147 159.118
146.4 16.614 41.0879 2.10608 159.096
146.5 16.5645 41.1095 2.10069 159.074
146.6 16.515 41.131 2.09528 159.053
146.7 16.4655 41.1526 2.08987 159.031
146.8 16.4159 41.174 2.08446 159.01
146.9 16.3664 41.1954 2.07903 158.988
147 16.3169 41.2167 2.0736 158.967
147.1 16.2674 41.238 2.06816 158.946
147.2 16.2179 41.2593 2.06271 158.925
147.3 16.1684 41.2804 2.05726 158.903
147.4 16.1189 41.3015 2.0518 158.882
147.5 16.0694 41.3226 2.04633 158.861
147.6 16.0199 41.3436 2.04085 158.84
147.7 15.9704 41.3645 2.03537 158.819
147.8 15.9209 41.3854 2.02988 158.798
147.9 15.8714 41.4062 2.02438 158.778
148 15.8219 41.427 2.01887 158.757
148.1 15.7724 41.4477 2.01336 158.736
148.2 15.7229 41.4683 2.00784 158.715
148.3 15.6733 41.4889 2.00231 158.695
148.4 15.6238 41.5094 1.99678 158.674
148.5 15.5743 41.5299 1.99124 158.654
148.6 15.5248 41.5503 1.98569 158.633
148.7 15.4753 41.5707 1.98013 158.613
148.8 15.4258 41.591 1.97457 158.593
148.9 15.3763 41.6112 1.969 158.573
149 15.3268 41.6314 1.96343 158.552
149.1 15.2773 41.6515 1.95784 158.532
149.2 15.2278 41.6716 1.95225 158.512
149.3 15.1783 41.6916 1.94665 158.492
149.4 15.1289 41.7115 1.94105 158.472
149.5 15.0794 41.7314 1.93544 158.452
149.6 15.0299 41.7513 1.92982 158.432
149.7 14.9804 41.771 1.92419 158.413
149.8 14.9309 41.7907 1.91856 158.393
149.9 14.8814 41.8104 1.91292 158.373
150 14.8319 41.83 1.90727 158.354
150.1 14.7824 41.8495 1.90162 158.334
150.2 14.7329 41.869 1.89596 158.315
150.3 14.6834 41.8884 1.89029 158.295
150.4 14.6339 41.9078 1.88462 158.276
150.5 14.5844 41.9271 1.87894 158.257
150.6 14.5349 41.9463 1.87325 158.237
150.7 14.4854 41.9655 1.86756 158.218
150.8 14.4359 41.9846 1.86186 158.199
150.9 14.3865 42.0037 1.85615 158.18
151 14.337 42.0227 1.85044 158.161
151.1 14.2875 42.0416 1.84472 158.142
151.2 14.238 42.0605 1.83899 158.123
151.3 14.1885 42.0793 1.83326 158.104
151.4 14.139 42.0981 1.82752 158.086
151.5 14.0895 42.1168 1.82177 158.067
151.6 14.04 42.1354 1.81602 158.048
151.7 13.9906 42.154 1.81026 158.03
151.8 13.9411 42.1725 1.80449 158.011
151.9 13.8916 42.191 1.79872 157.993
152 13.8421 42.2094 1.79294 157.974
152.1 13.7926 42.2277 1.78715 157.956
152.2 13.7431 42.246 1.78136 157.938
152.3 13.6936 42.2642 1.77556 157.92
152.4 13.6442 42.2823 1.76975 157.901
152.5 13.5947 42.3004 1.76394 157.883
152.6 13.5452 42.3185 1.75812 157.865
152.7 13.4957 42.3365 1.7523 157.847
152.8 13.4462 42.3544 1.74647 157.829
152.9 13.3968 42.3722 1.74063 157.812
153 13.3473 42.39 1.73479 157.794
153.1 13.2978 42.4077 1.72894 157.776
153.2 13.2483 42.4254 1.72308 157.758
153.3 13.1988 42.443 1.71722 157.741
153.4 13.1494 42.4606 1.71135 157.723
153.5 13.0999 42.4781 1.70548 157.706
153.6 13.0504 42.4955 1.6996 157.688
153.7 13.0009 42.5129 1.69371 157.671
153.8 12.9515 42.5302 1.68782 157.654
153.9 12.902 42.5474 1.68192 157.636
154 12.8525 42.5646 1.67602 157.619
154.1 12.803 42.5817 1.6701 157.602
154.2 12.7536 42.5988 1.66419 157.585
154.3 12.7041 42.6158 1.65826 157.568
154.4 12.6546 42.6327 1.65234 157.551
154.5 12.6051 42.6496 1.6464 157.534
154.6 12.5557 42.6664 1.64046 157.517
154.7 12.5062 42.6832 1.63451 157.501
154.8 12.4567 42.6998 1.62856 157.484
154.9 12.4073 42.7165 1.6226 157.467
155 12.3578 42.733 1.61664 157.451
155.1 12.3083 42.7495 1.61067 157.434
155.2 12.2588 42.766 1.60469 157.418
155.3 12.2094 42.7824 1.59871 157.401
155.4 12.1599 42.7987 1.59272 157.385
155.5 12.1104 42.8149 1.58673 157.369
155.6 12.061 42.8311 1.58073 157.353
155.7 12.0115 42.8473 1.57472 157.336
155.8 11.962 42.8633 1.56871 157.32
155.9 11.9126 42.8793 1.56269 157.304
156 11.8631 42.8953 1.55667 157.288
156.1 11.8136 42.9112 1.55064 157.273
156.2 11.7642 42.927 1.54461 157.257
156.3 11.7147 42.9427 1.53857 157.241
156.4 11.6652 42.9584 1.53253 157.225
156.5 11.6158 42.9741 1.52648 157.21
156.6 11.5663 42.9896 1.52042 157.194
156.7 11.5168 43.0052 1.51436 157.179
156.8 11.4674 43.0206 1.50829 157.163
156.9 11.4179 43.036 1.50222 157.148
157 11.3685 43.0513 1.49614 157.132
157.1 11.319 43.0666 1.49006 157.117
157.2 11.2695 43.0818 1.48397 157.102
157.3 11.2201 43.0969 1.47788 157.087
157.4 11.1706 43.1119 1.47178 157.072
157.5 11.1211 43.127 1.46567 157.057
157.6 11.0717 43.1419 1.45956 157.042
157.7 11.0222 43.1568 1.45345 157.027
157.8 10.9728 43.1716 1.44733 157.012
157.9 10.9233 43.1863 1.4412 156.997
158 10.8738 43.201 1.43507 156.983
158.1 10.8244 43.2157 1.42893 156.968
158.2 10.7749 43.2302 1.42279 156.954
158.3 10.7255 43.2447 1.41664 156.939
158.4 10.676 43.2591 1.41049 156.925
158.5 10.6266 43.2735 1.40434 156.91
158.6 10.5771 43.2878 1.39817 156.896
158.7 10.5276 43.3021 1.39201 156.882
158.8 10.4782 43.3163 1.38583 156.868
158.9 10.4287 43.3304 1.37966 156.853
159.001 10.3793 43.3444 1.37347 156.839
159.101 10.3298 43.3584 1.36729 156.825
159.201 10.2804 43.3723 1.3611 156.811
159.301 10.2309 43.3862 1.3549 156.798
159.401 10.1815 43.4 1.3487 156.784
159.501 10.132 43.4137 1.34249 156.77
159.601 10.0826 43.4274 1.33628 156.756
159.701 10.0331 43.441 1.33006 156.743
159.801 9.98366 43.4546 1.32384 156.729
159.901 9.9342 43.468 1.31761 156.716
160.001 9.88475 43.4814 1.31138 156.702
160.101 9.8353 43.4948 1.30514 156.689
160.201 9.78585 43.5081 1.2989 156.676
160.301 9.7364 43.5213 1.29266 156.662
160.401 9.68695 43.5345 1.28641 156.649
160.501 9.6375 43.5475 1.28015 156.636
160.601 9.58805 43.5606 1.27389 156.623
160.701 9.5386 43.5735 1.26763 156.61
160.801 9.48915 43.5864 1.26136 156.597
160.901 9.4397 43.5993 1.25508 156.584
161.001 9.39026 43.612 1.24881 156.572
161.101 9.34081 43.6248 1.24252 156.559
161.201 9.29136 43.6374 1.23624 156.546
161.301 9.24191 43.65 1.22994 156.534
161.401 9.19247 43.6625 1.22365 156.521
161.501 9.14302 43.6749 1.21735 156.509
161.601 9.09357 43.6873 1.21104 156.496
161.701 9.04413 43.6996 1.20473 156.484
161.801 8.99468 43.7119 1.19842 156.472
161.901 8.94524 43.7241 1.1921 156.46
162.001 8.89579 43.7362 1.18578 156.448
162.101 8.84635 43.7482 1.17945 156.436
162.201 8.7969 43.7602 1.17312 156.424
162.301 8.74746 43.7722 1.16678 156.412
162.401 8.69802 43.784 1.16044 156.4
162.501 8.64857 43.7958 1.1541 156.388
162.601 8.59913 43.8076 1.14775 156.376
162.701 8.54969 43.8192 1.1414 156.365
162.801 8.50024 43.8308 1.13504 156.353
162.901 8.4508 43.8424 1.12868 156.341
163.001 8.40136 43.8538 1.12231 156.33
163.101 8.35192 43.8652 1.11595 156.319
163.201 8.30248 43.8766 1.10957 156.307
163.301 8.25304 43.8879 1.10319 156.296
163.401 8.2036 43.8991 1.09681 156.285
163.501 8.15416 43.9102 1.09043 156.274
163.601 8.10472 43.9213 1.08404 156.262
163.701 8.05528 43.9323 1.07764 156.251
163.801 8.00584 43.9433 1.07125 156.241
163.901 7.9564 43.9541 1.06485 156.23
164.001 7.90696 43.965 1.05844 156.219
164.101 7.85752 43.9757 1.05203 156.208
164.201 7.80808 43.9864 1.04562 156.197
164.301 7.75864 43.997 1.0392 156.187
164.401 7.7092 44.0076 1.03278 156.176
164.501 7.65977 44.0181 1.02636 156.166
164.601 7.61033 44.0285 1.01993 156.155
164.701 7.56089 44.0388 1.0135 156.145
164.801 7.51146 44.0491 1.00706 156.135
164.901 7.46202 44.0594 1.00062 156.124
165.001 7.41258 44.0695 0.99418 156.114
165.101 7.36315 44.0796 0.987733 156.104
165.201 7.31371 44.0896 0.981283 156.094
165.301 7.26428 44.0996 0.974829 156.084
165.401 7.21484 44.1095 0.968372 156.074
165.501 7.16541 44.1193 0.961911 156.064
165.601 7.11597 44.1291 0.955446 156.055
165.701 7.06654 44.1388 0.948978 156.045
165.801 7.0171 44.1484 0.942507 156.035
165.901 6.96767 44.158 0.936032 156.026
166.001 6.91823 44.1675 0.929553 156.016
166.101 6.8688 44.1769 0.923072 156.007
166.201 6.81937 44.1863 0.916586 155.997
166.301 6.76993 44.1956 0.910098 155.988
166.401 6.7205 44.2048 0.903606 155.979
166.501 6.67107 44.214 0.897111 155.97
166.601 6.62164 44.2231 0.890612 155.961
166.701 6.5722 44.2321 0.884111 155.952
166.801 6.52277 44.2411 0.877606 155.943
166.901 6.47334 44.25 0.871097 155.934
167.001 6.42391 44.2588 0.864586 155.925
167.101 6.37448 44.2676 0.858071 155.916
167.201 6.32505 44.2763 0.851554 155.907
167.301 6.27562 44.2849 0.845033 155.899
167.401 6.22619 44.2935 0.838509 155.89
167.501 6.17676 44.302 0.831982 155.882
167.601 6.12733 44.3104 0.825451 155.873
167.701 6.0779 44.3188 0.818918 155.865
167.801 6.02847 44.3271 0.812382 155.857
167.901 5.97904 44.3353 0.805843 155.848
168.001 5.92961 44.3435 0.799301 155.84
168.101 5.88018 44.3516 0.792756 155.832
168.201 5.83075 44.3596 0.786208 155.824
168.301 5.78132 44.3676 0.779657 155.816
168.401 5.73189 44.3755 0.773103 155.808
168.501 5.68246 44.3833 0.766546 155.8
168.601 5.63304 44.3911 0.759987 155.793
168.701 5.58361 44.3988 0.753425 155.785
168.801 5.53418 44.4064 0.74686 155.777
168.901 5.48475 44.414 0.740292 155.77
169.001 5.43533 44.4215 0.733722 155.762
169.101 5.3859 44.4289 0.727149 155.755
169.201 5.33647 44.4363 0.720573 155.747
169.301 5.28705 44.4436 0.713994 155.74
169.401 5.23762 44.4508 0.707413 155.733
169.501 5.18819 44.458 0.700829 155.726
169.601 5.13877 44.4651 0.694243 155.719
169.701 5.08934 44.4721 0.687654 155.712
169.801 5.03991 44.4791 0.681063 155.705
169.901 4.99049 44.486 0.674469 155.698
170.001 4.94106 44.4928 0.667872 155.691
170.101 4.89164 44.4995 0.661274 155.684
170.201 4.84221 44.5062 0.654672 155.678
170.301 4.79279 44.5129 0.648069 155.671
170.401 4.74336 44.5194 0.641463 155.664
170.501 4.69394 44.5259 0.634854 155.658
170.601 4.64452 44.5323 0.628243 155.651
170.701 4.59509 44.5387 0.62163 155.645
170.801 4.54567 44.545 0.615015 155.639
170.901 4.49624 44.5512 0.608397 155.633
171.001 4.44682 44.5573 0.601777 155.626
171.101 4.3974 44.5634 0.595155 155.62
171.201 4.34797 44.5695 0.588531 155.614
171.301 4.29855 44.5754 0.581904 155.608
171.401 4.24913 44.5813 0.575276 155.602
171.501 4.1997 44.5871 0.568645 155.597
171.601 4.15028 44.5929 0.562012 155.591
171.701 4.10086 44.5985 0.555377 155.585
171.801 4.05144 44.6041 0.54874 155.58
171.901 4.00201 44.6097 0.542101 155.574
172.001 3.95259 44.6152 0.53546 155.569
172.101 3.90317 44.6206 0.528817 155.563
172.201 3.85375 44.6259 0.522172 155.558
172.301 3.80432 44.6312 0.515526 155.553
172.401 3.7549 44.6364 0.508877 155.547
172.501 3.70548 44.6415 0.502226 155.542
172.601 3.65606 44.6466 0.495574 155.537
172.701 3.60664 44.6516 0.48892 155.532
172.801 3.55722 44.6566 0.482263 155.527
172.901 3.5078 44.6614 0.475606 155.522
173.001 3.45838 44.6662 0.468946 155.518
173.101 3.40896 44.671 0.462285 155.513
173.201 3.35953 44.6756 0.455622 155.508
173.301 3.31011 44.6802 0.448957 155.504
173.401 3.26069 44.6848 0.44229 155.499
173.501 3.21127 44.6892 0.435622 155.495
173.601 3.16185 44.6936 0.428953 155.49
173.701 3.11243 44.6979 0.422281 155.486
173.801 3.06301 44.7022 0.415609 155.482
173.901 3.01359 44.7064 0.408934 155.477
174.001 2.96417 44.7105 0.402259 155.473
174.101 2.91475 44.7146 0.395581 155.469
174.201 2.86533 44.7186 0.388902 155.465
174.301 2.81591 44.7225 0.382222 155.461
174.401 2.7665 44.7263 0.375541 155.457
174.501 2.71708 44.7301 0.368858 155.454
174.601 2.66766 44.7338 0.362173 155.45
174.701 2.61824 44.7375 0.355488 155.446
174.801 2.56882 44.7411 0.348801 155.443
174.901 2.5194 44.7446 0.342112 155.439
175.001 2.46998 44.748 0.335423 155.436
175.101 2.42056 44.7514 0.328732 155.432
175.201 2.37114 44.7547 0.32204 155.429
175.301 2.32173 44.7579 0.315347 155.426
175.402 2.27231 44.7611 0.308652 155.423
175.502 2.22289 44.7642 0.301957 155.42
175.602 2.17347 44.7672 0.29526 155.417
175.702 2.12405 44.7702 0.288562 155.414
175.802 2.07463 44.7731 0.281864 155.411
175.902 2.02522 44.7759 0.275164 155.408
176.002 1.9758 44.7787 0.268463 155.405
176.102 1.92638 44.7814 0.261761 155.402
176.202 1.87696 44.784 0.255058 155.4
176.302 1.82754 44.7866 0.248354 155.397
176.402 1.77813 44.7891 0.24165 155.395
176.502 1.72871 44.7915 0.234944 155.392
176.602 1.67929 44.7938 0.228238 155.39
176.702 1.62987 44.7961 0.221531 155.388
176.802 1.58046 44.7983 0.214823 155.385
176.902 1.53104 44.8005 0.208114 155.383
177.002 1.48162 44.8026 0.201404 155.381
177.102 1.4322 44.8046 0.194694 155.379
177.202 1.38279 44.8065 0.187982 155.377
177.302 1.33337 44.8084 0.181271 155.375
177.402 1.28395 44.8102 0.174558 155.374
177.502 1.23454 44.8119 0.167845 155.372
177.602 1.18512 44.8136 0.161131 155.37
177.702 1.1357 44.8152 0.154417 155.369
177.802 1.08628 44.8168 0.147702 155.367
177.902 1.03687 44.8182 0.140987 155.366
178.002 0.987451 44.8196 0.134271 155.364
178.102 0.938034 44.821 0.127554 155.363
178.202 0.888617 44.8222 0.120837 155.362
178.302 0.839201 44.8234 0.11412 155.36
178.402 0.789784 44.8245 0.107402 155.359
178.502 0.740367 44.8256 0.100684 155.358
178.602 0.69095 44.8266 0.0939653 155.357
178.702 0.641534 44.8275 0.0872464 155.356
178.802 0.592117 44.8284 0.0805271 155.355
178.902 0.5427 44.8291 0.0738076 155.355
179.002 0.493284 44.8299 0.0670877 155.354
179.102 0.443867 44.8305 0.0603677 155.353
179.202 0.39445 44.8311 0.0536474 155.353
179.302 0.345034 44.8316 0.0469269 155.352
179.402 0.295617 44.832 0.0402062 155.352
179.502 0.246201 44.8324 0.0334854 155.351
179.602 0.196784 44.8327 0.0267645 155.351
179.702 0.147368 44.833 0.0200435 155.351
179.802 0.097951 44.8331 0.0133224 155.351
179.902 0.0485345 44.8332 0.00660121 155.351
