0 3.11493e-14 0.909497 0 181.323
0.1 0.443918 0.909564 0.0140485 181.323
0.2 0.887764 0.909765 0.0280969 181.323
0.3 1.33146 0.9101 0.0421453 181.323
0.4 1.77495 0.91057 0.0561936 181.322
0.5 2.21814 0.911173 0.0702418 181.322
0.6 2.66096 0.91191 0.0842899 181.321
0.7 3.10336 0.912781 0.0983379 181.32
0.8 3.54525 0.913786 0.112386 181.319
0.9 3.98656 0.914925 0.126433 181.318
1 4.42722 0.916198 0.14048 181.317
1.1 4.86716 0.917605 0.154527 181.315
1.2 5.30632 0.919146 0.168574 181.314
1.3 5.74462 0.920821 0.182621 181.312
1.4 6.182 0.92263 0.196667 181.31
1.5 6.61839 0.924573 0.210712 181.308
1.6 7.05372 0.92665 0.224758 181.306
1.7 7.48793 0.92886 0.238803 181.304
1.8 7.92095 0.931205 0.252847 181.302
1.9 8.35272 0.933684 0.266891 181.299
2 8.78318 0.936297 0.280935 181.296
2.1 9.21227 0.939043 0.294978 181.294
2.2 9.63992 0.941924 0.30902 181.291
2.3 10.0661 0.944938 0.323062 181.288
2.4 10.4907 0.948087 0.337103 181.285
2.5 10.9137 0.951369 0.351144 181.281
2.6 11.335 0.954785 0.365183 181.278
2.7 11.7546 0.958335 0.379223 181.274
2.8 12.1725 0.962019 0.393261 181.271
2.9 12.5885 0.965837 0.407299 181.267
3 13.0026 0.969788 0.421336 181.263
3.1 13.4149 0.973873 0.435372 181.259
3.2 13.8251 0.978093 0.449408 181.255
3.3 14.2334 0.982446 0.463442 181.25
3.4 14.6396 0.986932 0.477476 181.246
3.5 15.0437 0.991553 0.491509 181.241
3.6 15.4456 0.996307 0.505541 181.236
3.7 15.8454 1.0012 0.519572 181.232
3.8 16.2429 1.00622 0.533602 181.227
3.9 16.6382 1.01137 0.547631 181.221
4 17.0312 1.01666 0.561659 181.216
4.1 17.4218 1.02208 0.575686 181.211
4.2 17.8101 1.02764 0.589711 181.205
4.3 18.196 1.03333 0.603736 181.199
4.4 18.5795 1.03916 0.61776 181.194
4.5 18.9605 1.04511 0.631782 181.188
4.6 19.3391 1.0512 0.645803 181.182
4.7 19.7151 1.05743 0.659823 181.175
4.8 20.0886 1.06379 0.673842 181.169
4.9 20.4596 1.07028 0.68786 181.162
5 20.828 1.0769 0.701876 181.156
5.1 21.1937 1.08366 0.715891 181.149
5.2 21.5569 1.09055 0.729905 181.142
5.3 21.9175 1.09758 0.743917 181.135
5.4 22.2754 1.10474 0.757928 181.128
5.5 22.6306 1.11203 0.771937 181.121
5.6 22.9832 1.11946 0.785945 181.113
5.7 23.333 1.12702 0.799952 181.106
5.8 23.6802 1.13471 0.813957 181.098
5.9 24.0247 1.14254 0.82796 181.09
6 24.3664 1.15049 0.841962 181.082
6.1 24.7054 1.15859 0.855962 181.074
6.2 25.0417 1.16681 0.869961 181.066
6.3 25.3753 1.17517 0.883958 181.058
6.4 25.7061 1.18366 0.897954 181.049
6.5 26.0342 1.19229 0.911948 181.04
6.6 26.3595 1.20105 0.92594 181.032
6.7 26.682 1.20994 0.93993 181.023
6.8 27.0018 1.21896 0.953919 181.014
6.9 27.3189 1.22812 0.967905 181.005
7 27.6332 1.23741 0.98189 180.995
7.1 27.9448 1.24684 0.995873 180.986
7.2 28.2536 1.25639 1.00985 180.976
7.3 28.5597 1.26608 1.02383 180.967
7.4 28.863 1.27591 1.03781 180.957
7.5 29.1636 1.28586 1.05179 180.947
7.6 29.4615 1.29595 1.06576 180.937
7.7 29.7567 1.30617 1.07973 180.927
7.79999 30.0491 1.31653 1.0937 180.916
7.89999 30.3389 1.32701 1.10767 180.906
7.99999 30.626 1.33763 1.12163 180.895
8.09999 30.9103 1.34838 1.1356 180.884
8.2 31.192 1.35927 1.14956 180.873
8.3 31.4711 1.37029 1.16352 180.862
8.4 31.7475 1.38144 1.17747 180.851
8.5 32.0212 1.39272 1.19143 180.84
8.6 32.2923 1.40414 1.20538 180.829
8.7 32.5608 1.41568 1.21933 180.817
8.8 32.8267 1.42736 1.23328 180.805
8.9 33.09 1.43918 1.24723 180.794
9 33.3507 1.45112 1.26117 180.782
9.1 33.6089 1.4632 1.27511 180.77
9.2 33.8645 1.47541 1.28905 180.757
9.3 34.1175 1.48775 1.30298 180.745
9.4 34.3681 1.50023 1.31692 180.733
9.5 34.6161 1.51283 1.33085 180.72
9.6 34.8617 1.52557 1.34478 180.707
9.7 35.1048 1.53844 1.3587 180.694
9.8 35.3454 1.55145 1.37263 180.681
9.9 35.5836 1.56458 1.38655 180.668
10 35.8193 1.57785 1.40047 180.655
10.1 36.0527 1.59125 1.41438 180.641
10.2 36.2836 1.60478 1.42829 180.628
10.3 36.5122 1.61844 1.4422 180.614
10.4 36.7385 1.63224 1.45611 180.601
10.5 36.9623 1.64616 1.47002 180.587
10.6 37.1839 1.66022 1.48392 180.573
10.7 37.4032 1.67441 1.49782 180.558
10.8 37.6202 1.68873 1.51172 180.544
10.9 37.8349 1.70319 1.52561 180.53
11 38.0473 1.71777 1.5395 180.515
11.1 38.2576 1.73249 1.55339 180.5
11.2 38.4656 1.74734 1.56727 180.485
11.3 38.6714 1.76231 1.58115 180.47
11.4 38.875 1.77743 1.59503 180.455
11.5 39.0765 1.79267 1.60891 180.44
11.6 39.2759 1.80804 1.62278 180.425
11.7 39.4731 1.82355 1.63665 180.409
11.8 39.6682 1.83918 1.65052 180.394
11.9 39.8612 1.85495 1.66438 180.378
12 40.0522 1.87085 1.67824 180.362
12.1 40.2411 1.88688 1.6921 180.346
12.2 40.428 1.90304 1.70596 180.33
12.3 40.6128 1.91933 1.71981 180.313
12.4 40.7957 1.93575 1.73365 180.297
12.5 40.9766 1.95231 1.7475 180.28
12.6 41.1555 1.96899 1.76134 180.264
12.7 41.3325 1.9858 1.77518 180.247
12.8 41.5075 2.00275 1.78901 180.23
12.9 41.6807 2.01983 1.80284 180.213
13 41.852 2.03703 1.81667 180.196
13.1 42.0214 2.05437 1.8305 180.178
13.2 42.1889 2.07184 1.84432 180.161
13.3 42.3546 2.08944 1.85813 180.143
13.4 42.5185 2.10717 1.87195 180.126
13.5 42.6806 2.12503 1.88576 180.108
13.6 42.8409 2.14302 1.89957 180.09
13.7 42.9994 2.16114 1.91337 180.072
13.8 43.1562 2.17939 1.92717 180.053
13.9 43.3112 2.19777 1.94096 180.035
14 43.4645 2.21628 1.95476 180.016
14.1 43.6162 2.23492 1.96854 179.998
14.2 43.7661 2.25369 1.98233 179.979
14.3 43.9144 2.27259 1.99611 179.96
14.4 44.061 2.29162 2.00989 179.941
14.5 44.206 2.31078 2.02366 179.922
14.6 44.3494 2.33007 2.03743 179.903
14.7 44.4912 2.34949 2.0512 179.883
14.8 44.6314 2.36903 2.06496 179.864
14.9 44.77 2.38871 2.07872 179.844
15 44.907 2.40852 2.09247 179.824
15.1 45.0426 2.42846 2.10622 179.804
15.2 45.1766 2.44853 2.11997 179.784
15.3 45.309 2.46872 2.13371 179.764
15.4 45.44 2.48905 2.14745 179.744
15.5 45.5695 2.5095 2.16118 179.723
15.6 45.6976 2.53009 2.17491 179.703
15.7 45.8242 2.5508 2.18864 179.682
15.8 45.9493 2.57164 2.20236 179.661
15.9 46.0731 2.59261 2.21608 179.64
16 46.1954 2.61371 2.22979 179.619
16.1 46.3164 2.63494 2.2435 179.598
16.2 46.4359 2.6563 2.2572 179.576
16.3 46.5541 2.67778 2.2709 179.555
16.4 46.671 2.6994 2.2846 179.533
16.5 46.7865 2.72114 2.29829 179.512
16.6 46.9007 2.74301 2.31198 179.49
16.7 47.0135 2.76501 2.32566 179.468
16.8 47.1251 2.78714 2.33934 179.446
16.9 47.2354 2.8094 2.35302 179.423
17 47.3444 2.83178 2.36669 179.401
17.1 47.4522 2.85429 2.38035 179.378
17.2 47.5587 2.87694 2.39401 179.356
17.3 47.664 2.89971 2.40767 179.333
17.4 47.7681 2.9226 2.42132 179.31
17.5 47.8709 2.94563 2.43497 179.287
17.6 47.9726 2.96878 2.44861 179.264
17.7 48.0731 2.99206 2.46225 179.241
17.8 48.1724 3.01547 2.47588 179.217
17.9 48.2705 3.039 2.48951 179.194
18 48.3675 3.06267 2.50313 179.17
18.1 48.4634 3.08646 2.51675 179.146
18.2 48.5581 3.11038 2.53037 179.122
18.3 48.6517 3.13442 2.54397 179.098
18.4 48.7442 3.1586 2.55758 179.074
18.5 48.8356 3.1829 2.57118 179.05
18.6 48.926 3.20732 2.58477 179.025
18.7 49.0153 3.23188 2.59836 179.001
18.8 49.1035 3.25656 2.61195 178.976
18.9 49.1906 3.28136 2.62553 178.951
19 49.2768 3.3063 2.6391 178.926
19.1 49.3619 3.33136 2.65267 178.901
19.2 49.4459 3.35655 2.66624 178.876
19.3 49.529 3.38186 2.6798 178.851
19.4 49.6111 3.4073 2.69335 178.825
19.5 49.6922 3.43287 2.7069 178.8
19.6 49.7723 3.45856 2.72044 178.774
19.7 49.8514 3.48438 2.73398 178.748
19.8 49.9296 3.51033 2.74752 178.722
19.9 50.0068 3.5364 2.76105 178.696
20 50.0831 3.5626 2.77457 178.67
20.1 50.1585 3.58893 2.78809 178.644
20.2 50.233 3.61538 2.8016 178.617
20.3 50.3065 3.64195 2.81511 178.591
20.4 50.3791 3.66865 2.82861 178.564
20.5 50.4509 3.69548 2.8421 178.537
20.6 50.5217 3.72243 2.8556 178.51
20.7 50.5917 3.74951 2.86908 178.483
20.8 50.6608 3.77671 2.88256 178.456
20.9 50.729 3.80404 2.89604 178.429
21 50.7964 3.8315 2.9095 178.401
21.1 50.863 3.85907 2.92297 178.374
21.2 50.9287 3.88678 2.93643 178.346
21.3 50.9936 3.91461 2.94988 178.318
21.4 51.0577 3.94256 2.96332 178.29
21.5 51.121 3.97064 2.97676 178.262
21.6 51.1834 3.99884 2.9902 178.234
21.7 51.2451 4.02717 3.00363 178.206
21.8 51.306 4.05562 3.01705 178.177
21.9 51.3661 4.0842 3.03047 178.149
22 51.4254 4.1129 3.04388 178.12
22.1 51.484 4.14173 3.05729 178.091
22.2 51.5418 4.17068 3.07069 178.062
22.3 51.5989 4.19975 3.08408 178.033
22.4 51.6552 4.22895 3.09747 178.004
22.5 51.7108 4.25827 3.11085 177.974
22.6 51.7656 4.28771 3.12423 177.945
22.7001 51.8197 4.31728 3.1376 177.915
22.8001 51.8732 4.34697 3.15097 177.886
22.9001 51.9259 4.37679 3.16432 177.856
23.0001 51.9779 4.40673 3.17768 177.826
23.1001 52.0292 4.43679 3.19102 177.796
23.2001 52.0798 4.46698 3.20436 177.766
23.3001 52.1298 4.49729 3.2177 177.735
23.4001 52.1791 4.52772 3.23102 177.705
23.5001 52.2277 4.55828 3.24435 177.674
23.6001 52.2756 4.58896 3.25766 177.644
23.7001 52.3229 4.61976 3.27097 177.613
23.8001 52.3695 4.65068 3.28427 177.582
23.9001 52.4155 4.68173 3.29757 177.551
24.0001 52.4609 4.7129 3.31086 177.52
24.1001 52.5056 4.74419 3.32414 177.489
24.2001 52.5497 4.7756 3.33742 177.457
24.3001 52.5932 4.80714 3.35069 177.426
24.4001 52.636 4.8388 3.36395 177.394
24.5001 52.6783 4.87058 3.37721 177.362
24.6001 52.7199 4.90248 3.39046 177.33
24.7001 52.761 4.9345 3.40371 177.298
24.8001 52.8015 4.96665 3.41694 177.266
24.9001 52.8413 4.99891 3.43018 177.234
25.0001 52.8806 5.0313 3.4434 177.201
25.1001 52.9193 5.06381 3.45662 177.169
25.2001 52.9575 5.09645 3.46983 177.136
25.3001 52.9951 5.1292 3.48303 177.104
25.4001 53.0321 5.16207 3.49623 177.071
25.5001 53.0686 5.19507 3.50942 177.038
25.6001 53.1045 5.22818 3.52261 177.005
25.7001 53.1398 5.26142 3.53579 176.971
25.8001 53.1747 5.29478 3.54896 176.938
25.9001 53.209 5.32826 3.56212 176.904
26.0001 53.2427 5.36186 3.57528 176.871
26.1001 53.276 5.39558 3.58843 176.837
26.2001 53.3087 5.42942 3.60157 176.803
26.3001 53.3409 5.46338 3.61471 176.769
26.4001 53.3726 5.49746 3.62783 176.735
26.5001 53.4037 5.53166 3.64096 176.701
26.6001 53.4344 5.56598 3.65407 176.667
26.7001 53.4646 5.60042 3.66718 176.632
26.8001 53.4943 5.63498 3.68028 176.598
26.9001 53.5235 5.66965 3.69337 176.563
27.0001 53.5522 5.70445 3.70646 176.528
27.1001 53.5804 5.73937 3.71954 176.493
27.2001 53.6082 5.77441 3.73261 176.458
27.3001 53.6354 5.80957 3.74567 176.423
27.4001 53.6622 5.84484 3.75873 176.388
27.5001 53.6886 5.88024 3.77178 176.353
27.6001 53.7145 5.91575 3.78482 176.317
27.7001 53.7399 5.95138 3.79786 176.281
27.8001 53.7649 5.98713 3.81089 176.246
27.9001 53.7894 6.023 3.82391 176.21
28.0001 53.8135 6.05899 3.83692 176.174
28.1001 53.8371 6.0951 3.84993 176.138
28.2001 53.8603 6.13132 3.86292 176.101
28.3001 53.8831 6.16766 3.87591 176.065
28.4001 53.9054 6.20413 3.8889 176.029
28.5001 53.9273 6.2407 3.90187 175.992
28.6001 53.9488 6.2774 3.91484 175.955
28.7001 53.9699 6.31421 3.9278 175.919
28.8001 53.9905 6.35115 3.94075 175.882
28.9001 54.0108 6.38819 3.9537 175.845
29.0001 54.0306 6.42536 3.96663 175.807
29.1001 54.05 6.46264 3.97956 175.77
29.2001 54.069 6.50004 3.99248 175.733
29.3001 54.0877 6.53756 4.0054 175.695
29.4001 54.1059 6.5752 4.0183 175.658
29.5001 54.1237 6.61295 4.0312 175.62
29.6001 54.1412 6.65082 4.04409 175.582
29.7001 54.1583 6.6888 4.05697 175.544
29.8001 54.175 6.7269 4.06984 175.506
29.9001 54.1913 6.76512 4.08271 175.468
30.0001 54.2072 6.80345 4.09557 175.429
30.1001 54.2228 6.8419 4.10842 175.391
30.2001 54.2379 6.88047 4.12126 175.352
30.3001 54.2528 6.91915 4.13409 175.314
30.4001 54.2672 6.95794 4.14692 175.275
30.5001 54.2813 6.99686 4.15973 175.236
30.6001 54.2951 7.03588 4.17254 175.197
30.7001 54.3085 7.07503 4.18534 175.158
30.8001 54.3215 7.11428 4.19814 175.118
30.9001 54.3342 7.15366 4.21092 175.079
31.0001 54.3465 7.19315 4.2237 175.04
31.1001 54.3585 7.23275 4.23647 175
31.2001 54.3702 7.27247 4.24922 174.96
31.3001 54.3815 7.3123 4.26198 174.92
31.4001 54.3925 7.35225 4.27472 174.88
31.5001 54.4031 7.39231 4.28745 174.84
31.6001 54.4134 7.43249 4.30018 174.8
31.7001 54.4234 7.47278 4.31289 174.76
31.8001 54.4331 7.51318 4.3256 174.72
31.9001 54.4425 7.5537 4.3383 174.679
32.0001 54.4515 7.59433 4.35099 174.638
32.1001 54.4602 7.63507 4.36368 174.598
32.2001 54.4686 7.67593 4.37635 174.557
32.3001 54.4767 7.7169 4.38902 174.516
32.4001 54.4845 7.75799 4.40167 174.475
32.5001 54.4919 7.79918 4.41432 174.434
32.6001 54.4991 7.8405 4.42696 174.392
32.7001 54.5059 7.88192 4.43959 174.351
32.8001 54.5125 7.92346 4.45221 174.309
32.9001 54.5188 7.9651 4.46483 174.268
33.0001 54.5247 8.00687 4.47743 174.226
33.1001 54.5304 8.04874 4.49002 174.184
33.2001 54.5358 8.09073 4.50261 174.142
33.3001 54.5409 8.13283 4.51519 174.1
33.4001 54.5457 8.17504 4.52776 174.058
33.5001 54.5502 8.21736 4.54032 174.015
33.6001 54.5545 8.25979 4.55287 173.973
33.7001 54.5585 8.30234 4.56541 173.93
33.8001 54.5622 8.345 4.57794 173.888
33.9001 54.5656 8.38776 4.59046 173.845
34.0001 54.5687 8.43064 4.60298 173.802
34.1001 54.5716 8.47363 4.61548 173.759
34.2001 54.5742 8.51674 4.62798 173.716
34.3 54.5765 8.55995 4.64046 173.673
34.4 54.5786 8.60327 4.65294 173.629
34.5 54.5804 8.64671 4.66541 173.586
34.6 54.5819 8.69025 4.67787 173.542
34.7 54.5832 8.73391 4.69031 173.499
34.8 54.5842 8.77767 4.70275 173.455
34.9 54.585 8.82155 4.71518 173.411
35 54.5855 8.86553 4.72761 173.367
35.1 54.5858 8.90962 4.74002 173.323
35.2 54.5858 8.95383 4.75242 173.279
35.3 54.5856 8.99814 4.76481 173.235
35.4 54.5851 9.04257 4.77719 173.19
35.5 54.5844 9.0871 4.78957 173.146
35.6 54.5834 9.13174 4.80193 173.101
35.7 54.5822 9.17649 4.81428 173.056
35.8 54.5808 9.22135 4.82663 173.011
35.9 54.5791 9.26632 4.83896 172.966
36 54.5772 9.31139 4.85129 172.921
36.1 54.575 9.35658 4.8636 172.876
36.2 54.5727 9.40187 4.87591 172.831
36.3 54.57 9.44727 4.88821 172.785
36.4 54.5672 9.49278 4.90049 172.74
36.5 54.5641 9.5384 4.91277 172.694
36.6 54.5609 9.58412 4.92503 172.649
36.7 54.5573 9.62996 4.93729 172.603
36.8 54.5536 9.6759 4.94954 172.557
36.9 54.5496 9.72194 4.96177 172.511
37 54.5455 9.7681 4.974 172.465
37.1 54.5411 9.81436 4.98622 172.418
37.2 54.5365 9.86073 4.99842 172.372
37.3 54.5316 9.9072 5.01062 172.326
37.4 54.5266 9.95378 5.0228 172.279
37.5 54.5214 10.0005 5.03498 172.232
37.6 54.5159 10.0473 5.04715 172.185
37.7 54.5102 10.0942 5.0593 172.139
37.8 54.5044 10.1412 5.07145 172.092
37.9 54.4983 10.1883 5.08358 172.044
38 54.492 10.2355 5.09571 171.997
38.1 54.4855 10.2828 5.10782 171.95
38.2 54.4788 10.3303 5.11993 171.902
38.3 54.472 10.3778 5.13202 171.855
38.4 54.4649 10.4254 5.1441 171.807
38.5 54.4576 10.4732 5.15618 171.76
38.6 54.4501 10.521 5.16824 171.712
38.7 54.4424 10.569 5.18029 171.664
38.8 54.4346 10.617 5.19233 171.616
38.9 54.4265 10.6652 5.20436 171.568
39 54.4183 10.7135 5.21638 171.519
39.1 54.4099 10.7618 5.22839 171.471
39.2 54.4012 10.8103 5.24039 171.422
39.3 54.3924 10.8589 5.25238 171.374
39.4 54.3834 10.9076 5.26436 171.325
39.5 54.3743 10.9564 5.27633 171.276
39.6 54.3649 11.0053 5.28828 171.227
39.7 54.3554 11.0543 5.30023 171.178
39.8 54.3457 11.1033 5.31216 171.129
39.9 54.3358 11.1525 5.32409 171.08
40 54.3257 11.2018 5.336 171.031
40.1 54.3154 11.2513 5.3479 170.981
40.2 54.305 11.3008 5.3598 170.932
40.3 54.2944 11.3504 5.37168 170.882
40.4 54.2836 11.4001 5.38355 170.833
40.5 54.2727 11.4499 5.3954 170.783
40.6 54.2616 11.4998 5.40725 170.733
40.7 54.2503 11.5498 5.41909 170.683
40.7999 54.2388 11.6 5.43091 170.633
40.8999 54.2272 11.6502 5.44273 170.583
40.9999 54.2154 11.7005 5.45453 170.532
41.0999 54.2035 11.7509 5.46632 170.482
41.1999 54.1914 11.8014 5.4781 170.431
41.2999 54.1791 11.8521 5.48987 170.381
41.3999 54.1666 11.9028 5.50163 170.33
41.4999 54.154 11.9536 5.51338 170.279
41.5999 54.1413 12.0045 5.52511 170.228
41.6999 54.1284 12.0556 5.53684 170.177
41.7999 54.1153 12.1067 5.54855 170.126
41.8999 54.1021 12.1579 5.56025 170.075
41.9999 54.0887 12.2093 5.57194 170.023
42.0999 54.0751 12.2607 5.58362 169.972
42.1999 54.0614 12.3122 5.59529 169.921
42.2999 54.0476 12.3638 5.60694 169.869
42.3999 54.0336 12.4156 5.61859 169.817
42.4999 54.0194 12.4674 5.63022 169.765
42.5999 54.0051 12.5193 5.64184 169.713
42.6999 53.9907 12.5713 5.65345 169.661
42.7999 53.9761 12.6234 5.66504 169.609
42.8999 53.9613 12.6757 5.67663 169.557
42.9999 53.9465 12.728 5.6882 169.505
43.0999 53.9314 12.7804 5.69977 169.452
43.1999 53.9162 12.8329 5.71132 169.4
43.2999 53.9009 12.8855 5.72286 169.347
43.3999 53.8855 12.9382 5.73438 169.295
43.4999 53.8699 12.991 5.7459 169.242
43.5999 53.8541 13.0439 5.7574 169.189
43.6999 53.8382 13.0969 5.76889 169.136
43.7999 53.8222 13.15 5.78037 169.083
43.8999 53.806 13.2032 5.79184 169.03
43.9999 53.7898 13.2565 5.80329 168.976
44.0999 53.7733 13.3099 5.81473 168.923
44.1999 53.7568 13.3634 5.82617 168.869
44.2999 53.74 13.4169 5.83758 168.816
44.3999 53.7232 13.4706 5.84899 168.762
44.4999 53.7062 13.5244 5.86039 168.708
44.5999 53.6891 13.5782 5.87177 168.655
44.6999 53.6719 13.6322 5.88314 168.601
44.7999 53.6546 13.6862 5.8945 168.546
44.8999 53.6371 13.7404 5.90584 168.492
44.9999 53.6194 13.7946 5.91717 168.438
45.0999 53.6017 13.849 5.92849 168.384
45.1999 53.5838 13.9034 5.9398 168.329
45.2999 53.5658 13.9579 5.9511 168.275
45.3999 53.5477 14.0126 5.96238 168.22
45.4999 53.5294 14.0673 5.97365 168.165
45.5999 53.5111 14.1221 5.98491 168.111
45.6999 53.4926 14.177 5.99616 168.056
45.7999 53.474 14.232 6.00739 168.001
45.8999 53.4552 14.2871 6.01861 167.946
45.9999 53.4363 14.3423 6.02982 167.89
46.0999 53.4174 14.3976 6.04102 167.835
46.1999 53.3983 14.4529 6.0522 167.78
46.2999 53.379 14.5084 6.06337 167.724
46.3999 53.3597 14.5639 6.07453 167.669
46.4999 53.3402 14.6196 6.08567 167.613
46.5999 53.3207 14.6753 6.0968 167.557
46.6999 53.301 14.7312 6.10792 167.502
46.7999 53.2812 14.7871 6.11903 167.446
46.8999 53.2613 14.8431 6.13012 167.39
46.9999 53.2412 14.8992 6.1412 167.334
47.0999 53.2211 14.9554 6.15227 167.277
47.1999 53.2008 15.0117 6.16333 167.221
47.2999 53.1805 15.0681 6.17437 167.165
47.3998 53.16 15.1246 6.1854 167.108
47.4998 53.1394 15.1811 6.19641 167.052
47.5998 53.1187 15.2378 6.20741 166.995
47.6998 53.0979 15.2945 6.2184 166.938
47.7998 53.0769 15.3514 6.22938 166.881
47.8998 53.0559 15.4083 6.24034 166.824
47.9998 53.0348 15.4653 6.25129 166.767
48.0998 53.0135 15.5224 6.26223 166.71
48.1998 52.9922 15.5796 6.27315 166.653
48.2998 52.9707 15.6369 6.28406 166.596
48.3998 52.9492 15.6942 6.29496 166.539
48.4998 52.9275 15.7517 6.30584 166.481
48.5998 52.9058 15.8093 6.31671 166.423
48.6998 52.8839 15.8669 6.32757 166.366
48.7998 52.8619 15.9246 6.33841 166.308
48.8998 52.8398 15.9824 6.34924 166.25
48.9998 52.8177 16.0403 6.36005 166.192
49.0998 52.7954 16.0983 6.37086 166.134
49.1998 52.773 16.1564 6.38165 166.076
49.2998 52.7505 16.2146 6.39242 166.018
49.3998 52.728 16.2728 6.40318 165.96
49.4998 52.7053 16.3312 6.41393 165.902
49.5998 52.6825 16.3896 6.42466 165.843
49.6998 52.6596 16.4481 6.43538 165.785
49.7998 52.6367 16.5067 6.44609 165.726
49.8998 52.6136 16.5654 6.45678 165.667
49.9998 52.5905 16.6242 6.46746 165.609
50.0998 52.5672 16.683 6.47813 165.55
50.1998 52.5439 16.742 6.48878 165.491
50.2998 52.5204 16.801 6.49942 165.432
50.3998 52.4969 16.8601 6.51004 165.373
50.4998 52.4733 16.9193 6.52065 165.313
50.5998 52.4495 16.9786 6.53125 165.254
50.6998 52.4257 17.038 6.54183 165.195
50.7998 52.4018 17.0975 6.55239 165.135
50.8998 52.3778 17.157 6.56295 165.076
50.9998 52.3537 17.2166 6.57349 165.016
51.0998 52.3296 17.2763 6.58401 164.956
51.1998 52.3053 17.3361 6.59452 164.897
51.2998 52.2809 17.396 6.60502 164.837
51.3998 52.2565 17.456 6.6155 164.777
51.4998 52.232 17.516 6.62597 164.717
51.5998 52.2074 17.5762 6.63642 164.657
51.6998 52.1826 17.6364 6.64686 164.596
51.7998 52.1579 17.6967 6.65729 164.536
51.8998 52.133 17.757 6.6677 164.476
51.9998 52.108 17.8175 6.6781 164.415
52.0998 52.083 17.8781 6.68848 164.355
52.1998 52.0578 17.9387 6.69885 164.294
52.2998 52.0326 17.9994 6.7092 164.233
52.3998 52.0073 18.0602 6.71954 164.173
52.4998 51.9819 18.1211 6.72986 164.112
52.5998 51.9565 18.182 6.74017 164.051
52.6998 51.9309 18.243 6.75047 163.99
52.7998 51.9053 18.3042 6.76075 163.929
52.8998 51.8796 18.3654 6.77101 163.867
52.9998 51.8538 18.4266 6.78126 163.806
53.0998 51.8279 18.488 6.7915 163.745
53.1998 51.8019 18.5494 6.80172 163.683
53.2998 51.7759 18.611 6.81192 163.622
53.3998 51.7498 18.6726 6.82212 163.56
53.4998 51.7236 18.7342 6.83229 163.499
53.5998 51.6973 18.796 6.84245 163.437
53.6998 51.671 18.8578 6.8526 163.375
53.7998 51.6446 18.9198 6.86273 163.313
53.8997 51.6181 18.9818 6.87285 163.251
53.9997 51.5915 19.0438 6.88295 163.189
54.0997 51.5648 19.106 6.89304 163.127
54.1997 51.5381 19.1682 6.90311 163.065
54.2997 51.5113 19.2305 6.91316 163.002
54.3997 51.4844 19.2929 6.92321 162.94
54.4997 51.4574 19.3554 6.93323 162.877
54.5997 51.4304 19.418 6.94324 162.815
54.6997 51.4033 19.4806 6.95324 162.752
54.7997 51.3761 19.5433 6.96322 162.689
54.8997 51.3488 19.6061 6.97318 162.627
54.9997 51.3215 19.6689 6.98313 162.564
55.0997 51.2941 19.7318 6.99307 162.501
55.1997 51.2666 19.7949 7.00299 162.438
55.2997 51.2391 19.8579 7.01289 162.375
55.3997 51.2115 19.9211 7.02278 162.312
55.4997 51.1838 19.9843 7.03265 162.248
55.5997 51.156 20.0477 7.04251 162.185
55.6997 51.1282 20.1111 7.05235 162.122
55.7997 51.1003 20.1745 7.06217 162.058
55.8997 51.0723 20.2381 7.07198 161.995
55.9997 51.0443 20.3017 7.08178 161.931
56.0997 51.0162 20.3654 7.09156 161.867
56.1997 50.988 20.4291 7.10132 161.804
56.2997 50.9598 20.493 7.11107 161.74
56.3997 50.9315 20.5569 7.1208 161.676
56.4997 50.9031 20.6209 7.13052 161.612
56.5997 50.8747 20.6849 7.14022 161.548
56.6997 50.8461 20.7491 7.1499 161.484
56.7997 50.8176 20.8133 7.15957 161.419
56.8997 50.7889 20.8776 7.16922 161.355
56.9997 50.7602 20.9419 7.17886 161.291
57.0997 50.7314 21.0064 7.18848 161.226
57.1997 50.7026 21.0709 7.19808 161.162
57.2997 50.6737 21.1354 7.20767 161.097
57.3997 50.6447 21.2001 7.21724 161.033
57.4997 50.6157 21.2648 7.2268 160.968
57.5997 50.5866 21.3296 7.23634 160.903
57.6997 50.5574 21.3945 7.24586 160.838
57.7997 50.5282 21.4594 7.25537 160.773
57.8997 50.4989 21.5244 7.26486 160.708
57.9997 50.4696 21.5895 7.27434 160.643
58.0997 50.4402 21.6546 7.2838 160.578
58.1997 50.4107 21.7199 7.29324 160.513
58.2997 50.3812 21.7851 7.30266 160.448
58.3997 50.3516 21.8505 7.31207 160.382
58.4997 50.3219 21.9159 7.32147 160.317
58.5997 50.2922 21.9814 7.33084 160.251
58.6997 50.2624 22.047 7.3402 160.186
58.7997 50.2326 22.1126 7.34955 160.12
58.8997 50.2027 22.1784 7.35888 160.054
58.9997 50.1727 22.2441 7.36819 159.989
59.0997 50.1427 22.31 7.37748 159.923
59.1997 50.1126 22.3759 7.38676 159.857
59.2997 50.0825 22.4419 7.39602 159.791
59.3997 50.0523 22.5079 7.40526 159.725
59.4997 50.022 22.5741 7.41449 159.659
59.5997 49.9917 22.6403 7.4237 159.592
59.6997 49.9614 22.7065 7.43289 159.526
59.7997 49.9309 22.7728 7.44207 159.46
59.8997 49.9005 22.8392 7.45123 159.394
59.9997 49.8699 22.9057 7.46038 159.327
60.0997 49.8393 22.9722 7.4695 159.261
60.1997 49.8087 23.0388 7.47861 159.194
60.2997 49.778 23.1055 7.4877 159.127
60.3997 49.7472 23.1722 7.49678 159.061
60.4996 49.7164 23.239 7.50584 158.994
60.5996 49.6855 23.3059 7.51488 158.927
60.6996 49.6546 23.3728 7.5239 158.86
60.7996 49.6236 23.4398 7.53291 158.793
60.8996 49.5926 23.5068 7.5419 158.726
60.9996 49.5615 23.5739 7.55087 158.659
61.0996 49.5304 23.6411 7.55983 158.592
61.1996 49.4992 23.7084 7.56877 158.524
61.2996 49.4679 23.7757 7.57769 158.457
61.3996 49.4366 23.8431 7.58659 158.39
61.4996 49.4052 23.9105 7.59548 158.322
61.5996 49.3738 23.978 7.60435 158.255
61.6996 49.3424 24.0456 7.6132 158.187
61.7996 49.3109 24.1132 7.62203 158.12
61.8996 49.2793 24.1809 7.63085 158.052
61.9996 49.2477 24.2487 7.63965 157.984
62.0996 49.216 24.3165 7.64843 157.916
62.1996 49.1843 24.3844 7.65719 157.848
62.2996 49.1525 24.4524 7.66594 157.78
62.3996 49.1207 24.5204 7.67467 157.712
62.4996 49.0889 24.5884 7.68338 157.644
62.5996 49.0569 24.6566 7.69207 157.576
62.6996 49.025 24.7248 7.70075 157.508
62.7996 48.9929 24.793 7.7094 157.44
62.8996 48.9609 24.8614 7.71804 157.371
62.9996 48.9288 24.9297 7.72667 157.303
63.0996 48.8966 24.9982 7.73527 157.235
63.1996 48.8644 25.0667 7.74386 157.166
63.2996 48.8321 25.1353 7.75242 157.097
63.3996 48.7998 25.2039 7.76097 157.029
63.4996 48.7675 25.2726 7.76951 156.96
63.5996 48.735 25.3413 7.77802 156.891
63.6996 48.7026 25.4101 7.78652 156.823
63.7996 48.6701 25.479 7.795 156.754
63.8996 48.6375 25.5479 7.80346 156.685
63.9996 48.6049 25.6169 7.8119 156.616
64.0996 48.5723 25.6859 7.82032 156.547
64.1996 48.5396 25.755 7.82873 156.478
64.2996 48.5069 25.8242 7.83711 156.409
64.3996 48.4741 25.8934 7.84548 156.339
64.4996 48.4413 25.9626 7.85383 156.27
64.5996 48.4084 26.032 7.86217 156.201
64.6996 48.3755 26.1014 7.87048 156.131
64.7996 48.3425 26.1708 7.87878 156.062
64.8996 48.3095 26.2403 7.88705 155.992
64.9996 48.2765 26.3099 7.89531 155.923
65.0996 48.2434 26.3795 7.90355 155.853
65.1996 48.2102 26.4492 7.91178 155.784
65.2996 48.177 26.5189 7.91998 155.714
65.3996 48.1438 26.5887 7.92816 155.644
65.4996 48.1105 26.6585 7.93633 155.574
65.5996 48.0772 26.7284 7.94448 155.504
65.6996 48.0439 26.7984 7.9526 155.434
65.7996 48.0105 26.8684 7.96071 155.364
65.8996 47.977 26.9384 7.96881 155.294
65.9996 47.9435 27.0085 7.97688 155.224
66.0996 47.91 27.0787 7.98493 155.154
66.1996 47.8764 27.1489 7.99297 155.084
66.2996 47.8428 27.2192 8.00098 155.014
66.3996 47.8091 27.2895 8.00898 154.943
66.4996 47.7754 27.3599 8.01696 154.873
66.5996 47.7417 27.4304 8.02492 154.802
66.6996 47.7079 27.5009 8.03286 154.732
66.7996 47.6741 27.5714 8.04078 154.661
66.8996 47.6402 27.642 8.04868 154.591
66.9995 47.6063 27.7126 8.05656 154.52
67.0995 47.5724 27.7834 8.06443 154.449
67.1995 47.5384 27.8541 8.07227 154.379
67.2995 47.5044 27.9249 8.0801 154.308
67.3995 47.4703 27.9958 8.0879 154.237
67.4995 47.4362 28.0667 8.09569 154.166
67.5995 47.402 28.1376 8.10346 154.095
67.6995 47.3678 28.2087 8.11121 154.024
67.7995 47.3336 28.2797 8.11893 153.953
67.8995 47.2993 28.3508 8.12664 153.882
67.9995 47.265 28.422 8.13433 153.811
68.0995 47.2307 28.4932 8.14201 153.74
68.1995 47.1963 28.5645 8.14966 153.668
68.2995 47.1619 28.6358 8.15729 153.597
68.3995 47.1274 28.7072 8.1649 153.526
68.4995 47.0929 28.7786 8.17249 153.454
68.5995 47.0584 28.85 8.18007 153.383
68.6995 47.0238 28.9215 8.18762 153.311
68.7995 46.9892 28.9931 8.19515 153.24
68.8995 46.9545 29.0647 8.20267 153.168
68.9995 46.9199 29.1364 8.21016 153.096
69.0995 46.8851 29.2081 8.21764 153.025
69.1995 46.8504 29.2798 8.22509 152.953
69.2995 46.8156 29.3516 8.23253 152.881
69.3995 46.7807 29.4235 8.23994 152.809
69.4995 46.7459 29.4954 8.24734 152.737
69.5995 46.711 29.5673 8.25471 152.665
69.6995 46.676 29.6393 8.26207 152.593
69.7995 46.641 29.7113 8.2694 152.521
69.8995 46.606 29.7834 8.27672 152.449
69.9995 46.5709 29.8555 8.28401 152.377
70.0995 46.5359 29.9277 8.29129 152.305
70.1995 46.5007 29.9999 8.29854 152.233
70.2995 46.4656 30.0722 8.30578 152.161
70.3995 46.4304 30.1445 8.31299 152.088
70.4995 46.3951 30.2169 8.32019 152.016
70.5995 46.3599 30.2893 8.32736 151.943
70.6995 46.3246 30.3617 8.33451 151.871
70.7995 46.2892 30.4342 8.34165 151.799
70.8995 46.2539 30.5067 8.34876 151.726
70.9995 46.2185 30.5793 8.35585 151.653
71.0995 46.183 30.6519 8.36293 151.581
71.1995 46.1475 30.7246 8.36998 151.508
71.2995 46.112 30.7973 8.37701 151.435
71.3995 46.0765 30.87 8.38402 151.363
71.4995 46.0409 30.9428 8.39101 151.29
71.5995 46.0053 31.0157 8.39798 151.217
71.6995 45.9697 31.0885 8.40493 151.144
71.7995 45.934 31.1615 8.41186 151.071
71.8995 45.8983 31.2344 8.41877 150.998
71.9995 45.8625 31.3074 8.42566 150.925
72.0995 45.8268 31.3805 8.43252 150.852
72.1995 45.791 31.4535 8.43937 150.779
72.2995 45.7551 31.5267 8.44619 150.706
72.3995 45.7193 31.5998 8.453 150.633
72.4995 45.6833 31.673 8.45978 150.56
72.5995 45.6474 31.7463 8.46654 150.486
72.6995 45.6114 31.8196 8.47329 150.413
72.7995 45.5754 31.8929 8.48001 150.34
72.8995 45.5394 31.9663 8.48671 150.266
72.9995 45.5033 32.0397 8.49339 150.193
73.0995 45.4673 32.1131 8.50004 150.12
73.1995 45.4311 32.1866 8.50668 150.046
73.2995 45.395 32.2601 8.5133 149.973
73.3995 45.3588 32.3337 8.51989 149.899
73.4995 45.3226 32.4073 8.52646 149.825
73.5994 45.2863 32.4809 8.53301 149.752
73.6994 45.25 32.5546 8.53955 149.678
73.7994 45.2137 32.6283 8.54606 149.604
73.8994 45.1774 32.7021 8.55254 149.531
73.9994 45.141 32.7759 8.55901 149.457
74.0994 45.1046 32.8497 8.56546 149.383
74.1994 45.0682 32.9235 8.57188 149.309
74.2994 45.0317 32.9974 8.57828 149.235
74.3994 44.9952 33.0714 8.58466 149.161
74.4994 44.9587 33.1453 8.59102 149.087
74.5994 44.9221 33.2194 8.59736 149.013
74.6994 44.8855 33.2934 8.60368 148.939
74.7994 44.8489 33.3675 8.60997 148.865
74.8994 44.8123 33.4416 8.61625 148.791
74.9994 44.7756 33.5157 8.6225 148.717
75.0994 44.7389 33.5899 8.62873 148.643
75.1994 44.7022 33.6641 8.63494 148.569
75.2994 44.6654 33.7384 8.64113 148.494
75.3994 44.6287 33.8127 8.64729 148.42
75.4994 44.5918 33.887 8.65343 148.346
75.5994 44.555 33.9613 8.65955 148.271
75.6994 44.5181 34.0357 8.66565 148.197
75.7994 44.4812 34.1101 8.67173 148.123
75.8994 44.4443 34.1846 8.67779 148.048
75.9994 44.4073 34.2591 8.68382 147.974
76.0994 44.3704 34.3336 8.68983 147.899
76.1994 44.3334 34.4081 8.69582 147.825
76.2994 44.2963 34.4827 8.70179 147.75
76.3994 44.2592 34.5573 8.70774 147.675
76.4994 44.2222 34.632 8.71366 147.601
76.5994 44.185 34.7066 8.71956 147.526
76.6994 44.1479 34.7814 8.72544 147.451
76.7994 44.1107 34.8561 8.7313 147.377
76.8994 44.0735 34.9309 8.73713 147.302
76.9994 44.0363 35.0057 8.74294 147.227
77.0994 43.999 35.0805 8.74873 147.152
77.1994 43.9617 35.1553 8.7545 147.077
77.2994 43.9244 35.2302 8.76024 147.003
77.3994 43.8871 35.3051 8.76597 146.928
77.4994 43.8497 35.3801 8.77167 146.853
77.5994 43.8123 35.4551 8.77735 146.778
77.6994 43.7749 35.5301 8.783 146.703
77.7994 43.7375 35.6051 8.78863 146.628
77.8994 43.7 35.6802 8.79424 146.553
77.9994 43.6625 35.7553 8.79983 146.477
78.0994 43.625 35.8304 8.8054 146.402
78.1994 43.5875 35.9055 8.81094 146.327
78.2994 43.5499 35.9807 8.81646 146.252
78.3994 43.5123 36.0559 8.82196 146.177
78.4994 43.4747 36.1311 8.82743 146.102
78.5994 43.437 36.2064 8.83288 146.026
78.6994 43.3994 36.2816 8.83831 145.951
78.7994 43.3617 36.3569 8.84372 145.876
78.8994 43.324 36.4323 8.8491 145.8
78.9994 43.2862 36.5076 8.85446 145.725
79.0994 43.2484 36.583 8.85979 145.65
79.1994 43.2107 36.6584 8.86511 145.574
79.2994 43.1728 36.7339 8.8704 145.499
79.3994 43.135 36.8093 8.87567 145.423
79.4994 43.0971 36.8848 8.88091 145.348
79.5994 43.0592 36.9603 8.88613 145.272
79.6994 43.0213 37.0358 8.89133 145.197
79.7994 42.9834 37.1114 8.89651 145.121
79.8994 42.9454 37.187 8.90166 145.046
79.9994 42.9074 37.2626 8.90679 144.97
80.0993 42.8694 37.3382 8.91189 144.895
80.1993 42.8314 37.4138 8.91698 144.819
80.2993 42.7933 37.4895 8.92204 144.743
80.3993 42.7552 37.5652 8.92707 144.668
80.4993 42.7171 37.6409 8.93208 144.592
80.5993 42.679 37.7167 8.93707 144.516
80.6993 42.6408 37.7924 8.94204 144.44
80.7993 42.6027 37.8682 8.94698 144.365
80.8993 42.5645 37.944 8.9519 144.289
80.9993 42.5262 38.0198 8.95679 144.213
81.0993 42.488 38.0957 8.96166 144.137
81.1993 42.4497 38.1716 8.96651 144.061
81.2993 42.4114 38.2474 8.97134 143.985
81.3993 42.3731 38.3233 8.97614 143.909
81.4993 42.3348 38.3993 8.98091 143.833
81.5993 42.2964 38.4752 8.98567 143.758
81.6993 42.258 38.5512 8.99039 143.682
81.7993 42.2196 38.6272 8.9951 143.606
81.8993 42.1812 38.7032 8.99978 143.53
81.9993 42.1428 38.7792 9.00444 143.454
82.0993 42.1043 38.8552 9.00907 143.377
82.1993 42.0658 38.9313 9.01368 143.301
82.2993 42.0273 39.0074 9.01827 143.225
82.3993 41.9888 39.0835 9.02283 143.149
82.4993 41.9502 39.1596 9.02737 143.073
82.5993 41.9116 39.2357 9.03188 142.997
82.6993 41.873 39.3119 9.03637 142.921
82.7993 41.8344 39.388 9.04084 142.845
82.8993 41.7958 39.4642 9.04528 142.769
82.9993 41.7571 39.5404 9.04969 142.692
83.0993 41.7184 39.6166 9.05409 142.616
83.1993 41.6797 39.6929 9.05846 142.54
83.2993 41.641 39.7691 9.0628 142.464
83.3993 41.6022 39.8454 9.06712 142.387
83.4993 41.5635 39.9217 9.07142 142.311
83.5993 41.5247 39.998 9.07569 142.235
83.6993 41.4859 40.0743 9.07994 142.158
83.7993 41.447 40.1506 9.08416 142.082
83.8993 41.4082 40.2269 9.08836 142.006
83.9993 41.3693 40.3033 9.09253 141.929
84.0993 41.3304 40.3797 9.09668 141.853
84.1993 41.2915 40.456 9.1008 141.777
84.2993 41.2526 40.5324 9.1049 141.7
84.3993 41.2136 40.6088 9.10898 141.624
84.4993 41.1746 40.6853 9.11303 141.547
84.5993 41.1356 40.7617 9.11706 141.471
84.6993 41.0966 40.8381 9.12106 141.395
84.7993 41.0576 40.9146 9.12503 141.318
84.8993 41.0185 40.9911 9.12899 141.242
84.9993 40.9795 41.0676 9.13291 141.165
85.0993 40.9404 41.1441 9.13682 141.089
85.1993 40.9012 41.2206 9.14069 141.012
85.2993 40.8621 41.2971 9.14454 140.936
85.3993 40.823 41.3736 9.14837 140.859
85.4993 40.7838 41.4501 9.15218 140.783
85.5993 40.7446 41.5267 9.15595 140.706
85.6993 40.7054 41.6033 9.15971 140.629
85.7993 40.6662 41.6798 9.16343 140.553
85.8993 40.6269 41.7564 9.16714 140.476
85.9993 40.5876 41.833 9.17081 140.4
86.0993 40.5483 41.9096 9.17447 140.323
86.1993 40.509 41.9862 9.17809 140.247
86.2993 40.4697 42.0628 9.18169 140.17
86.3993 40.4304 42.1394 9.18527 140.093
86.4993 40.391 42.2161 9.18882 140.017
86.5993 40.3516 42.2927 9.19235 139.94
86.6992 40.3122 42.3694 9.19585 139.863
86.7992 40.2728 42.446 9.19932 139.787
86.8992 40.2334 42.5227 9.20277 139.71
86.9992 40.1939 42.5994 9.2062 139.633
87.0992 40.1544 42.676 9.2096 139.557
87.1992 40.115 42.7527 9.21297 139.48
87.2992 40.0754 42.8294 9.21632 139.403
87.3992 40.0359 42.9061 9.21964 139.327
87.4992 39.9964 42.9828 9.22294 139.25
87.5992 39.9568 43.0595 9.22621 139.173
87.6992 39.9172 43.1362 9.22946 139.097
87.7992 39.8776 43.213 9.23268 139.02
87.8992 39.838 43.2897 9.23587 138.943
87.9992 39.7984 43.3664 9.23904 138.866
88.0992 39.7587 43.4432 9.24218 138.79
88.1992 39.719 43.5199 9.2453 138.713
88.2992 39.6794 43.5966 9.24839 138.636
88.3992 39.6397 43.6734 9.25146 138.559
88.4992 39.5999 43.7501 9.2545 138.483
88.5992 39.5602 43.8269 9.25751 138.406
88.6992 39.5204 43.9037 9.2605 138.329
88.7992 39.4807 43.9804 9.26346 138.252
88.8992 39.4409 44.0572 9.2664 138.176
88.9992 39.4011 44.134 9.26931 138.099
89.0992 39.3612 44.2107 9.27219 138.022
89.1992 39.3214 44.2875 9.27505 137.945
89.2992 39.2815 44.3643 9.27788 137.868
89.3992 39.2416 44.441 9.28069 137.792
89.4992 39.2018 44.5178 9.28347 137.715
89.5992 39.1618 44.5946 9.28622 137.638
89.6992 39.1219 44.6714 9.28895 137.561
89.7992 39.082 44.7482 9.29165 137.485
89.8992 39.042 44.8249 9.29432 137.408
89.9992 39.002 44.9017 9.29697 137.331
90.0992 38.962 44.9785 9.29959 137.254
90.1992 38.922 45.0553 9.30219 137.177
90.2992 38.882 45.1321 9.30476 137.101
90.3992 38.842 45.2088 9.3073 137.024
90.4992 38.8019 45.2856 9.30982 136.947
90.5992 38.7618 45.3624 9.31231 136.87
90.6992 38.7217 45.4392 9.31477 136.794
90.7992 38.6816 45.516 9.31721 136.717
90.8992 38.6415 45.5927 9.31962 136.64
90.9992 38.6014 45.6695 9.322 136.563
91.0992 38.5612 45.7463 9.32436 136.486
91.1992 38.521 45.823 9.32669 136.41
91.2992 38.4809 45.8998 9.32899 136.333
91.3992 38.4407 45.9766 9.33127 136.256
91.4992 38.4004 46.0533 9.33352 136.179
91.5992 38.3602 46.1301 9.33574 136.103
91.6992 38.32 46.2068 9.33794 136.026
91.7992 38.2797 46.2836 9.3401 135.949
91.8992 38.2394 46.3603 9.34225 135.872
91.9992 38.1991 46.437 9.34436 135.796
92.0992 38.1588 46.5138 9.34645 135.719
92.1992 38.1185 46.5905 9.34851 135.642
92.2992 38.0781 46.6672 9.35055 135.566
92.3992 38.0378 46.7439 9.35256 135.489
92.4992 37.9974 46.8206 9.35454 135.412
92.5992 37.957 46.8973 9.35649 135.335
92.6992 37.9166 46.974 9.35842 135.259
92.7992 37.8762 47.0507 9.36032 135.182
92.8992 37.8358 47.1274 9.36219 135.105
92.9992 37.7953 47.2041 9.36403 135.029
93.0992 37.7549 47.2808 9.36585 134.952
93.1992 37.7144 47.3574 9.36764 134.875
93.2991 37.6739 47.4341 9.36941 134.799
93.3991 37.6334 47.5107 9.37114 134.722
93.4991 37.5929 47.5874 9.37285 134.645
93.5991 37.5523 47.664 9.37453 134.569
93.6991 37.5118 47.7406 9.37619 134.492
93.7991 37.4712 47.8173 9.37781 134.415
93.8991 37.4307 47.8939 9.37941 134.339
93.9991 37.3901 47.9705 9.38098 134.262
94.0991 37.3495 48.0471 9.38253 134.186
94.1991 37.3088 48.1236 9.38404 134.109
94.2991 37.2682 48.2002 9.38553 134.033
94.3991 37.2276 48.2768 9.387 133.956
94.4991 37.1869 48.3533 9.38843 133.879
94.5991 37.1462 48.4299 9.38984 133.803
94.6991 37.1055 48.5064 9.39121 133.726
94.7991 37.0648 48.5829 9.39256 133.65
94.8991 37.0241 48.6594 9.39389 133.573
94.9991 36.9834 48.7359 9.39518 133.497
95.0991 36.9426 48.8124 9.39645 133.42
95.1991 36.9019 48.8889 9.39769 133.344
95.2991 36.8611 48.9653 9.3989 133.267
95.3991 36.8203 49.0418 9.40009 133.191
95.4991 36.7795 49.1182 9.40124 133.115
95.5991 36.7387 49.1946 9.40237 133.038
95.6991 36.6979 49.271 9.40347 132.962
95.7991 36.657 49.3474 9.40454 132.885
95.8991 36.6162 49.4238 9.40559 132.809
95.9991 36.5753 49.5002 9.4066 132.733
96.0991 36.5344 49.5765 9.40759 132.656
96.1991 36.4935 49.6529 9.40855 132.58
96.2991 36.4526 49.7292 9.40949 132.504
96.3991 36.4117 49.8055 9.41039 132.427
96.4991 36.3708 49.8818 9.41126 132.351
96.5991 36.3298 49.9581 9.41211 132.275
96.6991 36.2888 50.0343 9.41293 132.198
96.7991 36.2479 50.1106 9.41372 132.122
96.8991 36.2069 50.1868 9.41449 132.046
96.9991 36.1659 50.263 9.41522 131.97
97.0991 36.1249 50.3392 9.41593 131.894
97.1991 36.0839 50.4154 9.4166 131.817
97.2991 36.0428 50.4916 9.41725 131.741
97.3991 36.0018 50.5677 9.41788 131.665
97.4991 35.9607 50.6439 9.41847 131.589
97.5991 35.9196 50.72 9.41903 131.513
97.6991 35.8785 50.7961 9.41957 131.437
97.7991 35.8374 50.8722 9.42007 131.361
97.8991 35.7963 50.9482 9.42055 131.285
97.9991 35.7552 51.0243 9.421 131.208
98.0991 35.7141 51.1003 9.42143 131.132
98.1991 35.6729 51.1763 9.42182 131.056
98.2991 35.6317 51.2523 9.42218 130.98
98.3991 35.5906 51.3282 9.42252 130.905
98.4991 35.5494 51.4042 9.42282 130.829
98.5991 35.5082 51.4801 9.4231 130.753
98.6991 35.467 51.556 9.42335 130.677
98.7991 35.4257 51.6319 9.42357 130.601
98.8991 35.3845 51.7078 9.42376 130.525
98.9991 35.3432 51.7836 9.42393 130.449
99.0991 35.302 51.8595 9.42406 130.373
99.1991 35.2607 51.9353 9.42417 130.297
99.2991 35.2194 52.011 9.42424 130.222
99.3991 35.1781 52.0868 9.42429 130.146
99.4991 35.1368 52.1625 9.42431 130.07
99.5991 35.0955 52.2383 9.4243 129.994
99.6991 35.0542 52.3139 9.42426 129.919
99.799 35.0128 52.3896 9.42419 129.843
99.899 34.9715 52.4653 9.42409 129.767
99.999 34.9301 52.5409 9.42397 129.692
100.099 34.8887 52.6165 9.42381 129.616
100.199 34.8473 52.6921 9.42363 129.541
100.299 34.8059 52.7676 9.42341 129.465
100.399 34.7645 52.8432 9.42317 129.39
100.499 34.7231 52.9187 9.4229 129.314
100.599 34.6816 52.9942 9.42259 129.239
100.699 34.6402 53.0696 9.42226 129.163
100.799 34.5987 53.145 9.4219 129.088
100.899 34.5573 53.2205 9.42151 129.012
100.999 34.5158 53.2958 9.42109 128.937
101.099 34.4743 53.3712 9.42065 128.862
101.199 34.4328 53.4465 9.42017 128.786
101.299 34.3913 53.5218 9.41966 128.711
101.399 34.3497 53.5971 9.41912 128.636
101.499 34.3082 53.6724 9.41856 128.56
101.599 34.2667 53.7476 9.41796 128.485
101.699 34.2251 53.8228 9.41734 128.41
101.799 34.1835 53.898 9.41668 128.335
101.899 34.1419 53.9731 9.416 128.26
101.999 34.1003 54.0482 9.41529 128.185
102.099 34.0587 54.1233 9.41454 128.109
102.199 34.0171 54.1984 9.41377 128.034
102.299 33.9755 54.2734 9.41297 127.959
102.399 33.9339 54.3484 9.41214 127.884
102.499 33.8922 54.4234 9.41127 127.809
102.599 33.8506 54.4983 9.41038 127.734
102.699 33.8089 54.5733 9.40946 127.659
102.799 33.7672 54.6481 9.40851 127.585
102.899 33.7255 54.723 9.40753 127.51
102.999 33.6838 54.7978 9.40652 127.435
103.099 33.6421 54.8726 9.40548 127.36
103.199 33.6004 54.9474 9.40441 127.285
103.299 33.5587 55.0221 9.40331 127.211
103.399 33.5169 55.0968 9.40218 127.136
103.499 33.4752 55.1715 9.40102 127.061
103.599 33.4334 55.2462 9.39983 126.987
103.699 33.3916 55.3208 9.39861 126.912
103.799 33.3498 55.3954 9.39736 126.837
103.899 33.308 55.4699 9.39608 126.763
103.999 33.2662 55.5444 9.39477 126.688
104.099 33.2244 55.6189 9.39343 126.614
104.199 33.1826 55.6934 9.39206 126.539
104.299 33.1408 55.7678 9.39066 126.465
104.399 33.0989 55.8422 9.38923 126.391
104.499 33.0571 55.9165 9.38777 126.316
104.599 33.0152 55.9908 9.38628 126.242
104.699 32.9733 56.0651 9.38476 126.168
104.799 32.9314 56.1394 9.38321 126.093
104.899 32.8895 56.2136 9.38163 126.019
104.999 32.8476 56.2878 9.38001 125.945
105.099 32.8057 56.3619 9.37837 125.871
105.199 32.7638 56.436 9.3767 125.797
105.299 32.7219 56.5101 9.375 125.723
105.399 32.6799 56.5841 9.37326 125.649
105.499 32.638 56.6581 9.3715 125.575
105.599 32.596 56.7321 9.36971 125.501
105.699 32.554 56.8061 9.36788 125.427
105.799 32.512 56.88 9.36603 125.353
105.899 32.47 56.9538 9.36414 125.279
105.999 32.428 57.0276 9.36223 125.205
106.099 32.386 57.1014 9.36028 125.131
106.199 32.344 57.1752 9.35831 125.058
106.299 32.302 57.2489 9.3563 124.984
106.399 32.2599 57.3226 9.35426 124.91
106.499 32.2179 57.3962 9.3522 124.837
106.599 32.1758 57.4698 9.3501 124.763
106.699 32.1338 57.5434 9.34797 124.689
106.799 32.0917 57.6169 9.34581 124.616
106.899 32.0496 57.6904 9.34362 124.542
106.999 32.0075 57.7638 9.3414 124.469
107.099 31.9654 57.8372 9.33914 124.396
107.199 31.9233 57.9106 9.33686 124.322
107.299 31.8811 57.9839 9.33455 124.249
107.399 31.839 58.0572 9.3322 124.176
107.499 31.7969 58.1305 9.32983 124.102
107.599 31.7547 58.2037 9.32742 124.029
107.699 31.7126 58.2768 9.32499 123.956
107.799 31.6704 58.35 9.32252 123.883
107.899 31.6282 58.423 9.32002 123.81
107.999 31.586 58.4961 9.31749 123.737
108.099 31.5438 58.5691 9.31493 123.664
108.199 31.5016 58.6421 9.31234 123.591
108.299 31.4594 58.715 9.30972 123.518
108.399 31.4172 58.7879 9.30707 123.445
108.499 31.3749 58.8607 9.30438 123.372
108.599 31.3327 58.9335 9.30167 123.299
108.699 31.2905 59.0062 9.29892 123.227
108.799 31.2482 59.0789 9.29615 123.154
108.899 31.2059 59.1516 9.29334 123.081
108.999 31.1637 59.2242 9.2905 123.009
109.099 31.1214 59.2968 9.28763 122.936
109.199 31.0791 59.3693 9.28473 122.863
109.299 31.0368 59.4418 9.2818 122.791
109.399 30.9945 59.5143 9.27883 122.718
109.499 30.9521 59.5867 9.27584 122.646
109.599 30.9098 59.659 9.27281 122.574
109.699 30.8675 59.7313 9.26976 122.501
109.799 30.8251 59.8036 9.26667 122.429
109.899 30.7828 59.8758 9.26355 122.357
109.999 30.7404 59.948 9.2604 122.285
110.099 30.698 60.0201 9.25722 122.213
110.199 30.6557 60.0922 9.25401 122.141
110.299 30.6133 60.1642 9.25076 122.069
110.399 30.5709 60.2362 9.24749 121.997
110.499 30.5285 60.3082 9.24418 121.925
110.599 30.4861 60.3801 9.24084 121.853
110.699 30.4437 60.4519 9.23747 121.781
110.799 30.4012 60.5237 9.23407 121.709
110.899 30.3588 60.5955 9.23064 121.637
110.999 30.3163 60.6672 9.22717 121.566
111.099 30.2739 60.7388 9.22368 121.494
111.199 30.2314 60.8104 9.22015 121.422
111.299 30.189 60.882 9.2166 121.351
111.399 30.1465 60.9535 9.21301 121.279
111.499 30.104 61.025 9.20938 121.208
111.599 30.0615 61.0964 9.20573 121.136
111.699 30.019 61.1677 9.20205 121.065
111.799 29.9765 61.2391 9.19833 120.994
111.899 29.934 61.3103 9.19459 120.922
111.999 29.8915 61.3815 9.19081 120.851
112.099 29.8489 61.4527 9.187 120.78
112.199 29.8064 61.5238 9.18316 120.709
112.299 29.7638 61.5949 9.17928 120.638
112.399 29.7213 61.6659 9.17538 120.567
112.499 29.6787 61.7369 9.17144 120.496
112.599 29.6361 61.8078 9.16747 120.425
112.699 29.5936 61.8786 9.16347 120.354
112.799 29.551 61.9494 9.15944 120.283
112.899 29.5084 62.0202 9.15538 120.213
112.999 29.4658 62.0909 9.15128 120.142
113.099 29.4232 62.1616 9.14715 120.071
113.199 29.3806 62.2322 9.143 120.001
113.299 29.3379 62.3027 9.13881 119.93
113.399 29.2953 62.3732 9.13458 119.86
113.499 29.2527 62.4436 9.13033 119.789
113.599 29.21 62.514 9.12604 119.719
113.699 29.1674 62.5843 9.12173 119.648
113.799 29.1247 62.6546 9.11738 119.578
113.899 29.082 62.7249 9.113 119.508
113.999 29.0393 62.795 9.10858 119.438
114.099 28.9967 62.8651 9.10414 119.368
114.199 28.954 62.9352 9.09966 119.298
114.299 28.9113 63.0052 9.09515 119.228
114.399 28.8686 63.0752 9.09061 119.158
114.499 28.8259 63.1451 9.08604 119.088
114.599 28.7831 63.2149 9.08144 119.018
114.699 28.7404 63.2847 9.0768 118.948
114.799 28.6977 63.3544 9.07213 118.878
114.899 28.6549 63.4241 9.06743 118.809
114.999 28.6122 63.4937 9.0627 118.739
115.099 28.5694 63.5633 9.05794 118.669
115.199 28.5267 63.6328 9.05314 118.6
115.299 28.4839 63.7022 9.04831 118.531
115.399 28.4411 63.7716 9.04345 118.461
115.499 28.3983 63.8409 9.03856 118.392
115.599 28.3555 63.9102 9.03364 118.323
115.699 28.3127 63.9794 9.02868 118.253
115.799 28.2699 64.0486 9.02369 118.184
115.899 28.2271 64.1177 9.01867 118.115
115.999 28.1843 64.1867 9.01362 118.046
116.099 28.1415 64.2557 9.00853 117.977
116.199 28.0986 64.3246 9.00342 117.908
116.299 28.0558 64.3935 8.99827 117.839
116.399 28.0129 64.4623 8.99309 117.77
116.499 27.9701 64.531 8.98787 117.702
116.599 27.9272 64.5997 8.98263 117.633
116.699 27.8844 64.6683 8.97735 117.564
116.799 27.8415 64.7369 8.97204 117.496
116.899 27.7986 64.8054 8.9667 117.427
116.999 27.7557 64.8738 8.96133 117.359
117.099 27.7128 64.9422 8.95592 117.291
117.199 27.6699 65.0105 8.95048 117.222
117.299 27.627 65.0788 8.94501 117.154
117.399 27.5841 65.147 8.93951 117.086
117.499 27.5412 65.2151 8.93398 117.018
117.599 27.4982 65.2832 8.92841 116.95
117.699 27.4553 65.3512 8.92281 116.882
117.799 27.4124 65.4192 8.91718 116.814
117.899 27.3694 65.4871 8.91151 116.746
117.999 27.3265 65.5549 8.90582 116.678
118.099 27.2835 65.6227 8.90009 116.61
118.199 27.2405 65.6904 8.89433 116.542
118.299 27.1975 65.758 8.88854 116.475
118.399 27.1546 65.8256 8.88271 116.407
118.499 27.1116 65.8931 8.87685 116.34
118.599 27.0686 65.9605 8.87096 116.272
118.699 27.0256 66.0279 8.86504 116.205
118.799 26.9826 66.0952 8.85909 116.138
118.899 26.9396 66.1625 8.8531 116.07
118.999 26.8966 66.2297 8.84708 116.003
119.099 26.8535 66.2968 8.84103 115.936
119.199 26.8105 66.3638 8.83495 115.869
119.299 26.7675 66.4308 8.82883 115.802
119.399 26.7244 66.4978 8.82268 115.735
119.499 26.6814 66.5646 8.8165 115.668
119.599 26.6383 66.6314 8.81029 115.601
119.699 26.5952 66.6981 8.80404 115.535
119.799 26.5522 66.7648 8.79777 115.468
119.899 26.5091 66.8314 8.79145 115.401
119.999 26.466 66.8979 8.78511 115.335
120.099 26.4229 66.9644 8.77874 115.268
120.199 26.3798 67.0308 8.77233 115.202
120.299 26.3367 67.0971 8.76589 115.136
120.399 26.2936 67.1634 8.75942 115.069
120.499 26.2505 67.2296 8.75291 115.003
120.599 26.2074 67.2957 8.74638 114.937
120.699 26.1643 67.3617 8.73981 114.871
120.799 26.1212 67.4277 8.7332 114.805
120.899 26.078 67.4936 8.72657 114.739
120.999 26.0349 67.5595 8.7199 114.673
121.099 25.9917 67.6253 8.7132 114.607
121.199 25.9486 67.691 8.70647 114.542
121.299 25.9054 67.7566 8.69971 114.476
121.399 25.8623 67.8222 8.69291 114.411
121.499 25.8191 67.8877 8.68608 114.345
121.599 25.7759 67.9531 8.67922 114.28
121.699 25.7327 68.0185 8.67233 114.214
121.799 25.6895 68.0838 8.6654 114.149
121.899 25.6463 68.149 8.65844 114.084
121.999 25.6031 68.2142 8.65145 114.019
122.099 25.5599 68.2792 8.64443 113.954
122.199 25.5167 68.3442 8.63737 113.889
122.299 25.4735 68.4092 8.63028 113.824
122.399 25.4303 68.474 8.62316 113.759
122.499 25.3871 68.5388 8.61601 113.694
122.599 25.3438 68.6036 8.60882 113.629
122.699 25.3006 68.6682 8.6016 113.565
122.799 25.2573 68.7328 8.59435 113.5
122.899 25.2141 68.7973 8.58707 113.435
122.999 25.1708 68.8617 8.57975 113.371
123.099 25.1276 68.9261 8.5724 113.307
123.199 25.0843 68.9904 8.56502 113.242
123.299 25.041 69.0546 8.55761 113.178
123.399 24.9978 69.1187 8.55016 113.114
123.499 24.9545 69.1828 8.54268 113.05
123.599 24.9112 69.2468 8.53517 112.986
123.699 24.8679 69.3107 8.52763 112.922
123.799 24.8246 69.3745 8.52005 112.858
123.899 24.7813 69.4383 8.51244 112.794
123.999 24.738 69.502 8.5048 112.731
124.099 24.6947 69.5656 8.49713 112.667
124.199 24.6513 69.6291 8.48942 112.604
124.299 24.608 69.6926 8.48169 112.54
124.399 24.5647 69.756 8.47392 112.477
124.499 24.5214 69.8193 8.46611 112.413
124.599 24.478 69.8826 8.45828 112.35
124.699 24.4347 69.9457 8.45041 112.287
124.799 24.3913 70.0088 8.44251 112.224
124.899 24.348 70.0718 8.43457 112.161
124.999 24.3046 70.1348 8.42661 112.098
125.099 24.2612 70.1976 8.41861 112.035
125.199 24.2178 70.2604 8.41058 111.972
125.299 24.1745 70.3231 8.40252 111.91
125.399 24.1311 70.3857 8.39442 111.847
125.499 24.0877 70.4483 8.3863 111.784
125.599 24.0443 70.5107 8.37814 111.722
125.699 24.0009 70.5731 8.36994 111.66
125.799 23.9575 70.6355 8.36172 111.597
125.899 23.9141 70.6977 8.35346 111.535
125.999 23.8707 70.7598 8.34517 111.473
126.099 23.8273 70.8219 8.33685 111.411
126.199 23.7838 70.8839 8.3285 111.349
126.299 23.7404 70.9458 8.32011 111.287
126.399 23.697 71.0077 8.31169 111.225
126.499 23.6535 71.0694 8.30324 111.163
126.599 23.6101 71.1311 8.29475 111.102
126.699 23.5666 71.1927 8.28624 111.04
126.799 23.5232 71.2543 8.27769 110.978
126.899 23.4797 71.3157 8.26911 110.917
126.999 23.4363 71.3771 8.26049 110.856
127.099 23.3928 71.4383 8.25185 110.794
127.199 23.3493 71.4995 8.24317 110.733
127.299 23.3058 71.5607 8.23446 110.672
127.399 23.2623 71.6217 8.22572 110.611
127.499 23.2189 71.6827 8.21694 110.55
127.599 23.1754 71.7435 8.20813 110.489
127.699 23.1319 71.8043 8.19929 110.428
127.799 23.0884 71.865 8.19042 110.368
127.899 23.0449 71.9257 8.18152 110.307
127.999 23.0013 71.9862 8.17258 110.247
128.099 22.9578 72.0467 8.16361 110.186
128.199 22.9143 72.1071 8.15461 110.126
128.299 22.8708 72.1674 8.14558 110.065
128.399 22.8272 72.2276 8.13651 110.005
128.499 22.7837 72.2877 8.12741 109.945
128.599 22.7402 72.3478 8.11828 109.885
128.699 22.6966 72.4077 8.10912 109.825
128.799 22.6531 72.4676 8.09992 109.765
128.899 22.6095 72.5274 8.09069 109.705
128.999 22.5659 72.5871 8.08143 109.646
129.099 22.5224 72.6468 8.07214 109.586
129.199 22.4788 72.7063 8.06282 109.526
129.299 22.4352 72.7658 8.05346 109.467
129.399 22.3916 72.8252 8.04407 109.408
129.499 22.3481 72.8845 8.03465 109.348
129.599 22.3045 72.9437 8.0252 109.289
129.699 22.2609 73.0028 8.01572 109.23
129.799 22.2173 73.0618 8.0062 109.171
129.899 22.1737 73.1208 7.99665 109.112
129.999 22.1301 73.1797 7.98707 109.053
130.099 22.0865 73.2384 7.97746 108.994
130.199 22.0428 73.2971 7.96781 108.936
130.299 21.9992 73.3557 7.95813 108.877
130.399 21.9556 73.4143 7.94842 108.818
130.499 21.912 73.4727 7.93868 108.76
130.599 21.8683 73.531 7.92891 108.702
130.699 21.8247 73.5893 7.9191 108.643
130.799 21.7811 73.6475 7.90927 108.585
130.899 21.7374 73.7055 7.8994 108.527
130.999 21.6938 73.7635 7.8895 108.469
131.099 21.6501 73.8215 7.87956 108.411
131.199 21.6064 73.8793 7.8696 108.353
131.299 21.5628 73.937 7.8596 108.296
131.399 21.5191 73.9947 7.84957 108.238
131.499 21.4754 74.0522 7.83951 108.181
131.599 21.4318 74.1097 7.82942 108.123
131.699 21.3881 74.167 7.8193 108.066
131.799 21.3444 74.2243 7.80914 108.008
131.899 21.3007 74.2815 7.79895 107.951
131.999 21.257 74.3386 7.78873 107.894
132.099 21.2133 74.3957 7.77848 107.837
132.199 21.1696 74.4526 7.7682 107.78
132.299 21.1259 74.5094 7.75788 107.723
132.399 21.0822 74.5662 7.74753 107.667
132.499 21.0385 74.6228 7.73716 107.61
132.599 20.9948 74.6794 7.72675 107.553
132.699 20.9511 74.7359 7.7163 107.497
132.799 20.9073 74.7923 7.70583 107.44
132.899 20.8636 74.8486 7.69532 107.384
132.999 20.8199 74.9048 7.68479 107.328
133.099 20.7761 74.9609 7.67422 107.272
133.199 20.7324 75.0169 7.66362 107.216
133.299 20.6886 75.0728 7.65299 107.16
133.399 20.6449 75.1287 7.64232 107.104
133.499 20.6011 75.1844 7.63163 107.048
133.599 20.5574 75.2401 7.6209 106.993
133.699 20.5136 75.2956 7.61014 106.937
133.799 20.4699 75.3511 7.59936 106.882
133.899 20.4261 75.4065 7.58853 106.826
133.999 20.3823 75.4618 7.57768 106.771
134.099 20.3385 75.517 7.5668 106.716
134.199 20.2948 75.5721 7.55588 106.661
134.299 20.251 75.6271 7.54494 106.606
134.399 20.2072 75.682 7.53396 106.551
134.499 20.1634 75.7368 7.52295 106.496
134.599 20.1196 75.7915 7.51191 106.441
134.699 20.0758 75.8461 7.50084 106.387
134.799 20.032 75.9007 7.48973 106.332
134.899 19.9882 75.9551 7.4786 106.278
134.999 19.9444 76.0095 7.46743 106.223
135.099 19.9006 76.0637 7.45624 106.169
135.199 19.8567 76.1179 7.44501 106.115
135.299 19.8129 76.1719 7.43375 106.061
135.399 19.7691 76.2259 7.42246 106.007
135.499 19.7253 76.2798 7.41114 105.953
135.599 19.6814 76.3335 7.39979 105.899
135.699 19.6376 76.3872 7.3884 105.846
135.799 19.5937 76.4408 7.37699 105.792
135.899 19.5499 76.4943 7.36554 105.738
135.999 19.5061 76.5477 7.35407 105.685
136.099 19.4622 76.601 7.34256 105.632
136.199 19.4183 76.6542 7.33102 105.579
136.299 19.3745 76.7073 7.31945 105.525
136.399 19.3306 76.7603 7.30785 105.472
136.499 19.2868 76.8132 7.29622 105.42
136.599 19.2429 76.866 7.28456 105.367
136.699 19.199 76.9187 7.27287 105.314
136.799 19.1551 76.9713 7.26114 105.261
136.899 19.1113 77.0238 7.24939 105.209
136.999 19.0674 77.0762 7.2376 105.157
137.099 19.0235 77.1286 7.22579 105.104
137.199 18.9796 77.1808 7.21394 105.052
137.299 18.9357 77.2329 7.20206 105
137.399 18.8918 77.2849 7.19016 104.948
137.499 18.8479 77.3368 7.17822 104.896
137.599 18.804 77.3887 7.16625 104.844
137.699 18.7601 77.4404 7.15425 104.792
137.799 18.7162 77.492 7.14222 104.741
137.899 18.6723 77.5436 7.13016 104.689
137.999 18.6283 77.595 7.11807 104.638
138.099 18.5844 77.6463 7.10595 104.586
138.199 18.5405 77.6976 7.09379 104.535
138.299 18.4966 77.7487 7.08161 104.484
138.399 18.4526 77.7997 7.0694 104.433
138.499 18.4087 77.8507 7.05716 104.382
138.599 18.3648 77.9015 7.04488 104.331
138.699 18.3208 77.9522 7.03258 104.281
138.799 18.2769 78.0028 7.02025 104.23
138.899 18.2329 78.0534 7.00788 104.179
138.999 18.189 78.1038 6.99549 104.129
139.099 18.145 78.1541 6.98306 104.079
139.199 18.1011 78.2044 6.97061 104.028
139.299 18.0571 78.2545 6.95813 103.978
139.399 18.0131 78.3045 6.94561 103.928
139.499 17.9692 78.3544 6.93307 103.878
139.599 17.9252 78.4042 6.92049 103.829
139.699 17.8812 78.454 6.90789 103.779
139.799 17.8372 78.5036 6.89525 103.729
139.899 17.7933 78.5531 6.88259 103.68
139.999 17.7493 78.6025 6.8699 103.63
140.099 17.7053 78.6518 6.85717 103.581
140.199 17.6613 78.701 6.84442 103.532
140.299 17.6173 78.7501 6.83164 103.483
140.399 17.5733 78.7991 6.81882 103.434
140.499 17.5293 78.848 6.80598 103.385
140.599 17.4853 78.8968 6.79311 103.336
140.699 17.4413 78.9455 6.78021 103.287
140.799 17.3973 78.9941 6.76727 103.239
140.899 17.3533 79.0425 6.75431 103.19
140.999 17.3093 79.0909 6.74132 103.142
141.099 17.2652 79.1392 6.7283 103.094
141.199 17.2212 79.1874 6.71525 103.045
141.299 17.1772 79.2354 6.70217 102.997
141.399 17.1332 79.2834 6.68907 102.949
141.499 17.0891 79.3312 6.67593 102.902
141.599 17.0451 79.379 6.66276 102.854
141.699 17.0011 79.4266 6.64957 102.806
141.799 16.957 79.4742 6.63634 102.759
141.899 16.913 79.5216 6.62309 102.711
141.999 16.8689 79.5689 6.6098 102.664
142.099 16.8249 79.6161 6.59649 102.617
142.199 16.7808 79.6633 6.58315 102.569
142.299 16.7368 79.7103 6.56978 102.522
142.399 16.6927 79.7572 6.55638 102.476
142.499 16.6487 79.804 6.54295 102.429
142.6 16.6046 79.8507 6.52949 102.382
142.7 16.5605 79.8973 6.51601 102.335
142.8 16.5165 79.9437 6.50249 102.289
142.9 16.4724 79.9901 6.48895 102.243
143 16.4283 80.0364 6.47538 102.196
143.1 16.3843 80.0825 6.46177 102.15
143.2 16.3402 80.1286 6.44814 102.104
143.3 16.2961 80.1745 6.43449 102.058
143.4 16.252 80.2204 6.4208 102.012
143.5 16.2079 80.2661 6.40708 101.967
143.6 16.1638 80.3117 6.39334 101.921
143.7 16.1197 80.3572 6.37957 101.876
143.8 16.0756 80.4026 6.36576 101.83
143.9 16.0315 80.4479 6.35193 101.785
144 15.9874 80.4931 6.33808 101.74
144.1 15.9433 80.5382 6.32419 101.695
144.2 15.8992 80.5832 6.31028 101.65
144.3 15.8551 80.628 6.29633 101.605
144.4 15.811 80.6728 6.28236 101.56
144.5 15.7669 80.7174 6.26836 101.515
144.6 15.7228 80.762 6.25434 101.471
144.7 15.6786 80.8064 6.24028 101.426
144.8 15.6345 80.8507 6.2262 101.382
144.9 15.5904 80.8949 6.21209 101.338
145 15.5463 80.939 6.19795 101.294
145.1 15.5021 80.983 6.18378 101.25
145.2 15.458 81.0269 6.16959 101.206
145.3 15.4139 81.0707 6.15537 101.162
145.4 15.3697 81.1143 6.14112 101.118
145.5 15.3256 81.1579 6.12684 101.075
145.6 15.2814 81.2013 6.11254 101.031
145.7 15.2373 81.2446 6.0982 100.988
145.8 15.1931 81.2878 6.08384 100.945
145.9 15.149 81.3309 6.06946 100.902
146 15.1048 81.3739 6.05504 100.859
146.1 15.0607 81.4168 6.0406 100.816
146.2 15.0165 81.4596 6.02613 100.773
146.3 14.9723 81.5023 6.01163 100.73
146.4 14.9282 81.5448 5.99711 100.688
146.5 14.884 81.5872 5.98255 100.646
146.6 14.8398 81.6296 5.96798 100.603
146.7 14.7957 81.6718 5.95337 100.561
146.8 14.7515 81.7139 5.93874 100.519
146.9 14.7073 81.7559 5.92408 100.477
147 14.6631 81.7977 5.90939 100.435
147.1 14.619 81.8395 5.89468 100.393
147.2 14.5748 81.8812 5.87994 100.352
147.3 14.5306 81.9227 5.86517 100.31
147.4 14.4864 81.9641 5.85038 100.269
147.5 14.4422 82.0054 5.83556 100.227
147.6 14.398 82.0466 5.82071 100.186
147.7 14.3538 82.0877 5.80583 100.145
147.8 14.3096 82.1287 5.79093 100.104
147.9 14.2654 82.1696 5.77601 100.063
148 14.2212 82.2103 5.76105 100.022
148.1 14.177 82.251 5.74607 99.9818
148.2 14.1328 82.2915 5.73107 99.9413
148.3 14.0886 82.3319 5.71604 99.9009
148.4 14.0444 82.3722 5.70098 99.8606
148.5 14.0001 82.4124 5.68589 99.8204
148.6 13.9559 82.4524 5.67078 99.7803
148.7 13.9117 82.4924 5.65564 99.7404
148.8 13.8675 82.5322 5.64048 99.7005
148.9 13.8233 82.5719 5.62529 99.6608
149 13.779 82.6115 5.61008 99.6212
149.1 13.7348 82.651 5.59484 99.5817
149.2 13.6906 82.6904 5.57957 99.5424
149.3 13.6463 82.7297 5.56428 99.5031
149.4 13.6021 82.7688 5.54896 99.4639
149.5 13.5579 82.8078 5.53362 99.4249
149.6 13.5136 82.8467 5.51825 99.386
149.7 13.4694 82.8855 5.50285 99.3472
149.8 13.4251 82.9242 5.48743 99.3085
149.9 13.3809 82.9628 5.47199 99.27
150 13.3366 83.0012 5.45652 99.2315
150.1 13.2924 83.0396 5.44102 99.1932
150.2 13.2481 83.0778 5.4255 99.1549
150.3 13.2039 83.1159 5.40995 99.1168
150.4 13.1596 83.1539 5.39438 99.0789
150.5 13.1154 83.1918 5.37878 99.041
150.6 13.0711 83.2295 5.36316 99.0032
150.7 13.0268 83.2671 5.34751 98.9656
150.8 12.9826 83.3047 5.33184 98.9281
150.9 12.9383 83.3421 5.31615 98.8907
151 12.894 83.3794 5.30043 98.8534
151.1 12.8498 83.4165 5.28468 98.8162
151.2 12.8055 83.4536 5.26891 98.7792
151.3 12.7612 83.4905 5.25311 98.7422
151.4 12.7169 83.5273 5.23729 98.7054
151.5 12.6726 83.564 5.22145 98.6687
151.6 12.6284 83.6006 5.20558 98.6321
151.7 12.5841 83.6371 5.18969 98.5957
151.8 12.5398 83.6734 5.17377 98.5593
151.9 12.4955 83.7096 5.15783 98.5231
152 12.4512 83.7457 5.14186 98.487
152.1 12.4069 83.7817 5.12587 98.451
152.2 12.3626 83.8176 5.10986 98.4151
152.3 12.3183 83.8534 5.09382 98.3794
152.4 12.274 83.889 5.07776 98.3438
152.5 12.2297 83.9245 5.06167 98.3082
152.6 12.1854 83.9599 5.04556 98.2728
152.7 12.1411 83.9952 5.02943 98.2376
152.8 12.0968 84.0303 5.01327 98.2024
152.9 12.0525 84.0654 4.99709 98.1674
153 12.0082 84.1003 4.98089 98.1324
153.1 11.9639 84.1351 4.96466 98.0976
153.2 11.9196 84.1698 4.94841 98.063
153.3 11.8752 84.2043 4.93214 98.0284
153.4 11.8309 84.2388 4.91584 97.994
153.5 11.7866 84.2731 4.89952 97.9596
153.6 11.7423 84.3073 4.88318 97.9254
153.7 11.698 84.3414 4.86681 97.8914
153.8 11.6536 84.3754 4.85042 97.8574
153.9 11.6093 84.4092 4.83401 97.8236
154 11.565 84.4429 4.81757 97.7898
154.1 11.5206 84.4765 4.80111 97.7562
154.2 11.4763 84.51 4.78463 97.7228
154.3 11.432 84.5434 4.76812 97.6894
154.4 11.3876 84.5766 4.7516 97.6562
154.5 11.3433 84.6097 4.73505 97.623
154.6 11.299 84.6427 4.71848 97.59
154.7 11.2546 84.6756 4.70188 97.5572
154.8 11.2103 84.7083 4.68526 97.5244
154.9 11.1659 84.741 4.66863 97.4918
155 11.1216 84.7735 4.65196 97.4593
155.1 11.0772 84.8059 4.63528 97.4269
155.2 11.0329 84.8381 4.61858 97.3946
155.3 10.9885 84.8703 4.60185 97.3625
155.4 10.9442 84.9023 4.5851 97.3304
155.5 10.8998 84.9342 4.56833 97.2985
155.6 10.8555 84.966 4.55153 97.2667
155.7 10.8111 84.9977 4.53472 97.2351
155.8 10.7667 85.0292 4.51788 97.2035
155.9 10.7224 85.0606 4.50102 97.1721
156 10.678 85.0919 4.48414 97.1408
156.1 10.6336 85.1231 4.46724 97.1097
156.2 10.5893 85.1541 4.45032 97.0786
156.3 10.5449 85.185 4.43337 97.0477
156.4 10.5005 85.2158 4.41641 97.0169
156.5 10.4562 85.2465 4.39942 96.9862
156.6 10.4118 85.2771 4.38241 96.9557
156.7 10.3674 85.3075 4.36539 96.9252
156.8 10.323 85.3378 4.34834 96.8949
156.9 10.2787 85.368 4.33127 96.8647
157 10.2343 85.3981 4.31417 96.8347
157.1 10.1899 85.428 4.29706 96.8047
157.2 10.1455 85.4578 4.27993 96.7749
157.3 10.1011 85.4875 4.26278 96.7452
157.4 10.0567 85.5171 4.2456 96.7156
157.5 10.0123 85.5466 4.22841 96.6862
157.6 9.96795 85.5759 4.21119 96.6569
157.7 9.92356 85.6051 4.19396 96.6277
157.8 9.87917 85.6341 4.1767 96.5986
157.9 9.83477 85.6631 4.15943 96.5696
158 9.79038 85.6919 4.14213 96.5408
158.1 9.74598 85.7206 4.12481 96.5121
158.2 9.70158 85.7492 4.10748 96.4835
158.3 9.65718 85.7777 4.09012 96.4551
158.4 9.61277 85.806 4.07275 96.4268
158.5 9.56837 85.8342 4.05535 96.3986
158.6 9.52397 85.8623 4.03794 96.3705
158.7 9.47956 85.8902 4.0205 96.3425
158.8 9.43515 85.9181 4.00305 96.3147
158.9 9.39074 85.9458 3.98558 96.287
159.001 9.34633 85.9733 3.96808 96.2594
159.101 9.30192 86.0008 3.95057 96.232
159.201 9.2575 86.0281 3.93304 96.2046
159.301 9.21309 86.0553 3.91549 96.1774
159.401 9.16867 86.0824 3.89792 96.1503
159.501 9.12425 86.1094 3.88033 96.1234
159.601 9.07983 86.1362 3.86273 96.0966
159.701 9.03541 86.1629 3.8451 96.0699
159.801 8.99099 86.1895 3.82745 96.0433
159.901 8.94656 86.2159 3.80979 96.0168
160.001 8.90214 86.2422 3.79211 95.9905
160.101 8.85771 86.2684 3.77441 95.9643
160.201 8.81329 86.2945 3.75669 95.9382
160.301 8.76886 86.3205 3.73895 95.9123
160.401 8.72443 86.3463 3.7212 95.8865
160.501 8.67999 86.372 3.70342 95.8608
160.601 8.63556 86.3975 3.68563 95.8352
160.701 8.59113 86.423 3.66782 95.8098
160.801 8.54669 86.4483 3.65 95.7844
160.901 8.50225 86.4735 3.63215 95.7593
161.001 8.45781 86.4985 3.61429 95.7342
161.101 8.41337 86.5235 3.59641 95.7093
161.201 8.36893 86.5483 3.57851 95.6845
161.301 8.32449 86.573 3.56059 95.6598
161.401 8.28005 86.5975 3.54266 95.6352
161.501 8.2356 86.622 3.52471 95.6108
161.601 8.19116 86.6463 3.50674 95.5865
161.701 8.14671 86.6704 3.48875 95.5623
161.801 8.10226 86.6945 3.47075 95.5383
161.901 8.05781 86.7184 3.45273 95.5144
162.001 8.01336 86.7422 3.43469 95.4906
162.101 7.96891 86.7658 3.41664 95.4669
162.201 7.92445 86.7894 3.39857 95.4434
162.301 7.88 86.8128 3.38048 95.42
162.401 7.83554 86.8361 3.36238 95.3967
162.501 7.79109 86.8592 3.34426 95.3735
162.601 7.74663 86.8823 3.32612 95.3505
162.701 7.70217 86.9052 3.30797 95.3276
162.801 7.65771 86.9279 3.2898 95.3048
162.901 7.61325 86.9506 3.27162 95.2822
163.001 7.56878 86.9731 3.25341 95.2597
163.101 7.52432 86.9955 3.2352 95.2373
163.201 7.47986 87.0177 3.21696 95.215
163.301 7.43539 87.0398 3.19871 95.1929
163.401 7.39092 87.0618 3.18045 95.1709
163.501 7.34645 87.0837 3.16217 95.149
163.601 7.30198 87.1055 3.14387 95.1273
163.701 7.25751 87.1271 3.12556 95.1057
163.801 7.21304 87.1486 3.10723 95.0842
163.901 7.16857 87.1699 3.08889 95.0628
164.001 7.1241 87.1911 3.07053 95.0416
164.101 7.07962 87.2122 3.05215 95.0205
164.201 7.03514 87.2332 3.03377 94.9995
164.301 6.99067 87.2541 3.01536 94.9787
164.401 6.94619 87.2748 2.99694 94.958
164.501 6.90171 87.2954 2.97851 94.9374
164.601 6.85723 87.3158 2.96006 94.9169
164.701 6.81275 87.3361 2.9416 94.8966
164.801 6.76827 87.3563 2.92312 94.8764
164.901 6.72378 87.3764 2.90463 94.8563
165.001 6.6793 87.3963 2.88612 94.8364
165.101 6.63481 87.4161 2.8676 94.8166
165.201 6.59033 87.4358 2.84907 94.7969
165.301 6.54584 87.4554 2.83052 94.7774
165.401 6.50135 87.4748 2.81195 94.758
165.501 6.45686 87.4941 2.79338 94.7387
165.601 6.41237 87.5132 2.77478 94.7195
165.701 6.36788 87.5323 2.75618 94.7005
165.801 6.32339 87.5512 2.73756 94.6816
165.901 6.2789 87.5699 2.71893 94.6628
166.001 6.2344 87.5886 2.70028 94.6442
166.101 6.18991 87.6071 2.68162 94.6257
166.201 6.14541 87.6255 2.66295 94.6073
166.301 6.10092 87.6437 2.64426 94.589
166.401 6.05642 87.6618 2.62556 94.5709
166.501 6.01192 87.6798 2.60685 94.5529
166.601 5.96742 87.6977 2.58813 94.5351
166.701 5.92292 87.7154 2.56939 94.5173
166.801 5.87842 87.733 2.55064 94.4997
166.901 5.83392 87.7505 2.53187 94.4823
167.001 5.78942 87.7678 2.5131 94.4649
167.101 5.74491 87.785 2.49431 94.4477
167.201 5.70041 87.8021 2.47551 94.4306
167.301 5.6559 87.8191 2.45669 94.4137
167.401 5.6114 87.8359 2.43787 94.3969
167.501 5.56689 87.8525 2.41903 94.3802
167.601 5.52238 87.8691 2.40018 94.3636
167.701 5.47787 87.8855 2.38131 94.3472
167.801 5.43336 87.9018 2.36244 94.3309
167.901 5.38885 87.918 2.34355 94.3148
168.001 5.34434 87.934 2.32466 94.2987
168.101 5.29983 87.9499 2.30575 94.2828
168.201 5.25532 87.9657 2.28682 94.2671
168.301 5.2108 87.9813 2.26789 94.2514
168.401 5.16629 87.9968 2.24895 94.2359
168.501 5.12177 88.0122 2.22999 94.2206
168.601 5.07726 88.0274 2.21103 94.2053
168.701 5.03274 88.0425 2.19205 94.1902
168.801 4.98823 88.0575 2.17306 94.1752
168.901 4.94371 88.0724 2.15406 94.1604
169.001 4.89919 88.0871 2.13505 94.1457
169.101 4.85467 88.1017 2.11603 94.1311
169.201 4.81015 88.1161 2.097 94.1166
169.301 4.76563 88.1304 2.07795 94.1023
169.401 4.72111 88.1446 2.0589 94.0881
169.501 4.67659 88.1587 2.03984 94.0741
169.601 4.63206 88.1726 2.02077 94.0601
169.701 4.58754 88.1864 2.00168 94.0463
169.801 4.54301 88.2001 1.98259 94.0327
169.901 4.49849 88.2136 1.96348 94.0192
170.001 4.45396 88.227 1.94437 94.0058
170.101 4.40944 88.2403 1.92525 93.9925
170.201 4.36491 88.2534 1.90612 93.9794
170.301 4.32038 88.2664 1.88697 93.9664
170.401 4.27586 88.2793 1.86782 93.9535
170.501 4.23133 88.292 1.84866 93.9407
170.601 4.1868 88.3046 1.82949 93.9281
170.701 4.14227 88.3171 1.81031 93.9157
170.801 4.09774 88.3294 1.79112 93.9033
170.901 4.05321 88.3416 1.77192 93.8911
171.001 4.00867 88.3537 1.75271 93.879
171.101 3.96414 88.3657 1.7335 93.8671
171.201 3.91961 88.3775 1.71427 93.8553
171.301 3.87507 88.3891 1.69504 93.8436
171.401 3.83054 88.4007 1.6758 93.8321
171.501 3.78601 88.4121 1.65655 93.8206
171.601 3.74147 88.4234 1.63729 93.8094
171.701 3.69693 88.4345 1.61802 93.7982
171.801 3.6524 88.4456 1.59875 93.7872
171.901 3.60786 88.4564 1.57946 93.7763
172.001 3.56332 88.4672 1.56017 93.7656
172.101 3.51879 88.4778 1.54087 93.7549
172.201 3.47425 88.4883 1.52157 93.7445
172.301 3.42971 88.4986 1.50225 93.7341
172.401 3.38517 88.5089 1.48293 93.7239
172.501 3.34063 88.519 1.4636 93.7138
172.601 3.29609 88.5289 1.44426 93.7038
172.701 3.25155 88.5387 1.42492 93.694
172.801 3.20701 88.5484 1.40557 93.6843
172.901 3.16246 88.558 1.38621 93.6748
173.001 3.11792 88.5674 1.36684 93.6653
173.101 3.07338 88.5767 1.34747 93.6561
173.201 3.02884 88.5858 1.32809 93.6469
173.301 2.98429 88.5949 1.3087 93.6379
173.401 2.93975 88.6038 1.28931 93.629
173.501 2.8952 88.6125 1.26991 93.6202
173.601 2.85066 88.6211 1.25051 93.6116
173.701 2.80611 88.6296 1.23109 93.6031
173.801 2.76157 88.638 1.21167 93.5948
173.901 2.71702 88.6462 1.19225 93.5865
174.001 2.67248 88.6543 1.17282 93.5784
174.101 2.62793 88.6623 1.15338 93.5705
174.201 2.58338 88.6701 1.13394 93.5627
174.301 2.53883 88.6778 1.11449 93.555
174.401 2.49429 88.6853 1.09504 93.5474
174.501 2.44974 88.6928 1.07558 93.54
174.601 2.40519 88.7 1.05611 93.5327
174.701 2.36064 88.7072 1.03664 93.5255
174.801 2.31609 88.7142 1.01717 93.5185
174.901 2.27154 88.7211 0.997689 93.5116
175.001 2.22699 88.7279 0.978203 93.5049
175.101 2.18244 88.7345 0.958712 93.4982
175.201 2.13789 88.741 0.939217 93.4918
175.301 2.09334 88.7473 0.919717 93.4854
175.402 2.04879 88.7536 0.900212 93.4792
175.502 2.00423 88.7597 0.880702 93.4731
175.602 1.95968 88.7656 0.861188 93.4671
175.702 1.91513 88.7714 0.84167 93.4613
175.802 1.87058 88.7771 0.822147 93.4556
175.902 1.82602 88.7827 0.80262 93.4501
176.002 1.78147 88.7881 0.78309 93.4446
176.102 1.73692 88.7934 0.763555 93.4394
176.202 1.69236 88.7985 0.744016 93.4342
176.302 1.64781 88.8036 0.724474 93.4292
176.402 1.60326 88.8085 0.704927 93.4243
176.502 1.5587 88.8132 0.685378 93.4195
176.602 1.51415 88.8178 0.665824 93.4149
176.702 1.46959 88.8223 0.646268 93.4104
176.802 1.42504 88.8267 0.626708 93.4061
176.902 1.38048 88.8309 0.607145 93.4019
177.002 1.33593 88.835 0.587578 93.3978
177.102 1.29137 88.8389 0.568009 93.3938
177.202 1.24682 88.8427 0.548437 93.39
177.302 1.20226 88.8464 0.528862 93.3863
177.402 1.1577 88.85 0.509285 93.3828
177.502 1.11315 88.8534 0.489704 93.3794
177.602 1.06859 88.8566 0.470122 93.3761
177.702 1.02403 88.8598 0.450537 93.373
177.802 0.979478 88.8628 0.430949 93.3699
177.902 0.934921 88.8657 0.41136 93.3671
178.002 0.890364 88.8684 0.391768 93.3643
178.102 0.845807 88.871 0.372175 93.3617
178.202 0.801249 88.8735 0.352579 93.3592
178.302 0.756692 88.8759 0.332982 93.3569
178.402 0.712135 88.8781 0.313383 93.3547
178.502 0.667577 88.8801 0.293782 93.3526
178.602 0.623019 88.8821 0.27418 93.3507
178.702 0.578461 88.8839 0.254577 93.3489
178.802 0.533904 88.8856 0.234972 93.3472
178.902 0.489346 88.8871 0.215366 93.3456
179.002 0.444788 88.8885 0.195759 93.3442
179.102 0.400229 88.8898 0.176151 93.343
179.202 0.355671 88.8909 0.156542 93.3418
179.302 0.311113 88.8919 0.136932 93.3408
179.402 0.266555 88.8928 0.117322 93.34
179.502 0.221996 88.8935 0.0977106 93.3392
179.602 0.177438 88.8941 0.0780991 93.3386
179.702 0.13288 88.8946 0.0584871 93.3382
179.802 0.0883214 88.8949 0.0388749 93.3378
179.902 0.043763 88.8951 0.0192625 93.3376
