0 1.4824e-14 1.08556 0 160.86
0.1 0.211266 1.08558 0.00464198 160.86
0.2 0.422521 1.08565 0.00928394 160.86
0.3 0.633756 1.08575 0.0139259 160.86
0.4 0.844958 1.08591 0.0185678 160.86
0.5 1.05612 1.0861 0.0232096 160.86
0.6 1.26723 1.08634 0.0278514 160.86
0.7 1.47827 1.08663 0.0324932 160.859
0.8 1.68924 1.08695 0.0371348 160.859
0.9 1.90013 1.08733 0.0417763 160.859
1 2.11093 1.08774 0.0464178 160.858
1.1 2.32162 1.0882 0.0510591 160.858
1.2 2.53219 1.0887 0.0557002 160.857
1.3 2.74264 1.08924 0.0603413 160.857
1.4 2.95295 1.08983 0.0649821 160.856
1.5 3.16312 1.09047 0.0696228 160.855
1.6 3.37313 1.09114 0.0742633 160.855
1.7 3.58297 1.09186 0.0789037 160.854
1.8 3.79264 1.09262 0.0835438 160.853
1.9 4.00212 1.09343 0.0881837 160.852
2 4.2114 1.09428 0.0928233 160.852
2.1 4.42048 1.09518 0.0974627 160.851
2.2 4.62934 1.09611 0.102102 160.85
2.3 4.83797 1.0971 0.106741 160.849
2.4 5.04637 1.09812 0.111379 160.848
2.5 5.25452 1.09919 0.116018 160.847
2.6 5.46241 1.1003 0.120656 160.846
2.7 5.67004 1.10146 0.125293 160.844
2.8 5.87739 1.10266 0.129931 160.843
2.9 6.08446 1.1039 0.134568 160.842
3 6.29123 1.10518 0.139204 160.841
3.1 6.4977 1.10651 0.143841 160.839
3.2 6.70385 1.10789 0.148477 160.838
3.3 6.90969 1.1093 0.153112 160.837
3.4 7.11519 1.11077 0.157747 160.835
3.5 7.32034 1.11227 0.162382 160.834
3.6 7.52515 1.11382 0.167016 160.832
3.7 7.7296 1.11541 0.17165 160.83
3.8 7.93368 1.11704 0.176283 160.829
3.9 8.13738 1.11872 0.180916 160.827
4 8.3407 1.12044 0.185549 160.825
4.1 8.54363 1.12221 0.190181 160.824
4.2 8.74615 1.12402 0.194812 160.822
4.3 8.94826 1.12587 0.199443 160.82
4.4 9.14995 1.12776 0.204074 160.818
4.5 9.35121 1.1297 0.208704 160.816
4.6 9.55203 1.13169 0.213333 160.814
4.7 9.75241 1.13371 0.217962 160.812
4.8 9.95234 1.13578 0.22259 160.81
4.9 10.1518 1.1379 0.227218 160.808
5 10.3508 1.14005 0.231845 160.806
5.1 10.5493 1.14225 0.236471 160.804
5.2 10.7474 1.1445 0.241097 160.801
5.3 10.9449 1.14678 0.245722 160.799
5.4 11.142 1.14911 0.250346 160.797
5.5 11.3385 1.15149 0.25497 160.794
5.6 11.5345 1.1539 0.259593 160.792
5.7 11.7301 1.15637 0.264216 160.79
5.8 11.925 1.15887 0.268838 160.787
5.9 12.1195 1.16142 0.273459 160.784
6 12.3134 1.16401 0.278079 160.782
6.1 12.5068 1.16664 0.282699 160.779
6.2 12.6996 1.16932 0.287318 160.777
6.3 12.8918 1.17204 0.291936 160.774
6.4 13.0835 1.17481 0.296553 160.771
6.5 13.2746 1.17761 0.30117 160.768
6.6 13.4651 1.18046 0.305786 160.765
6.7 13.6551 1.18336 0.310401 160.763
6.8 13.8444 1.1863 0.315015 160.76
6.9 14.0332 1.18928 0.319628 160.757
7 14.2213 1.1923 0.324241 160.754
7.1 14.4088 1.19537 0.328852 160.751
7.2 14.5958 1.19848 0.333463 160.747
7.3 14.7821 1.20163 0.338073 160.744
7.4 14.9678 1.20483 0.342682 160.741
7.5 15.1528 1.20807 0.34729 160.738
7.6 15.3372 1.21136 0.351897 160.735
7.7 15.521 1.21468 0.356504 160.731
7.79999 15.7041 1.21805 0.361109 160.728
7.89999 15.8866 1.22147 0.365713 160.724
7.99999 16.0685 1.22492 0.370317 160.721
8.09999 16.2496 1.22842 0.374919 160.717
8.2 16.4301 1.23197 0.379521 160.714
8.3 16.61 1.23555 0.384121 160.71
8.4 16.7892 1.23918 0.388721 160.707
8.5 16.9677 1.24286 0.393319 160.703
8.6 17.1455 1.24657 0.397916 160.699
8.7 17.3226 1.25033 0.402513 160.696
8.8 17.4991 1.25413 0.407108 160.692
8.9 17.6748 1.25798 0.411702 160.688
9 17.8499 1.26187 0.416295 160.684
9.1 18.0242 1.2658 0.420887 160.68
9.2 18.1979 1.26977 0.425478 160.676
9.3 18.3709 1.27379 0.430068 160.672
9.4 18.5431 1.27785 0.434657 160.668
9.5 18.7147 1.28196 0.439244 160.664
9.6 18.8855 1.2861 0.443831 160.66
9.7 19.0556 1.29029 0.448416 160.656
9.8 19.225 1.29453 0.453 160.651
9.9 19.3937 1.2988 0.457583 160.647
10 19.5616 1.30312 0.462164 160.643
10.1 19.7289 1.30748 0.466745 160.638
10.2 19.8954 1.31189 0.471324 160.634
10.3 20.0611 1.31633 0.475902 160.63
10.4 20.2262 1.32082 0.480479 160.625
10.5 20.3905 1.32536 0.485054 160.621
10.6 20.554 1.32993 0.489628 160.616
10.7 20.7169 1.33455 0.494201 160.611
10.8 20.879 1.33921 0.498773 160.607
10.9 21.0403 1.34392 0.503343 160.602
11 21.2009 1.34867 0.507912 160.597
11.1 21.3608 1.35346 0.512479 160.592
11.2 21.5199 1.35829 0.517045 160.588
11.3 21.6782 1.36317 0.52161 160.583
11.4 21.8359 1.36809 0.526174 160.578
11.5 21.9927 1.37305 0.530736 160.573
11.6 22.1488 1.37805 0.535297 160.568
11.7 22.3042 1.3831 0.539856 160.563
11.8 22.4588 1.38819 0.544414 160.558
11.9 22.6127 1.39332 0.54897 160.553
12 22.7658 1.3985 0.553525 160.547
12.1 22.9181 1.40372 0.558079 160.542
12.2 23.0697 1.40898 0.562631 160.537
12.3 23.2206 1.41428 0.567181 160.532
12.4 23.3707 1.41962 0.57173 160.526
12.5 23.52 1.42501 0.576278 160.521
12.6 23.6686 1.43044 0.580824 160.515
12.7 23.8164 1.43592 0.585368 160.51
12.8 23.9634 1.44143 0.589911 160.504
12.9 24.1097 1.44699 0.594453 160.499
13 24.2553 1.45259 0.598992 160.493
13.1 24.4001 1.45824 0.603531 160.488
13.2 24.5441 1.46392 0.608067 160.482
13.3 24.6874 1.46965 0.612602 160.476
13.4 24.8299 1.47542 0.617136 160.47
13.5 24.9717 1.48124 0.621667 160.465
13.6 25.1127 1.48709 0.626198 160.459
13.7 25.2529 1.49299 0.630726 160.453
13.8 25.3924 1.49893 0.635253 160.447
13.9 25.5312 1.50492 0.639778 160.441
14 25.6692 1.51094 0.644302 160.435
14.1 25.8064 1.51701 0.648823 160.429
14.2 25.9429 1.52312 0.653343 160.423
14.3 26.0786 1.52927 0.657862 160.417
14.4 26.2136 1.53547 0.662378 160.41
14.5 26.3479 1.5417 0.666893 160.404
14.6 26.4814 1.54798 0.671406 160.398
14.7 26.6141 1.5543 0.675918 160.392
14.8 26.7461 1.56067 0.680427 160.385
14.9 26.8774 1.56707 0.684935 160.379
15 27.0079 1.57352 0.689441 160.372
15.1 27.1376 1.58001 0.693945 160.366
15.2 27.2667 1.58654 0.698447 160.359
15.3 27.395 1.59312 0.702947 160.353
15.4 27.5225 1.59973 0.707446 160.346
15.5 27.6493 1.60639 0.711943 160.34
15.6 27.7754 1.61309 0.716437 160.333
15.7 27.9008 1.61983 0.72093 160.326
15.8 28.0254 1.62662 0.725421 160.319
15.9 28.1493 1.63345 0.72991 160.312
16 28.2724 1.64031 0.734398 160.306
16.1 28.3949 1.64722 0.738883 160.299
16.2 28.5166 1.65418 0.743366 160.292
16.3 28.6375 1.66117 0.747847 160.285
16.4 28.7578 1.66821 0.752327 160.278
16.5 28.8773 1.67528 0.756804 160.271
16.6 28.9962 1.6824 0.761279 160.264
16.7 29.1143 1.68957 0.765753 160.256
16.8 29.2317 1.69677 0.770224 160.249
16.9 29.3483 1.70401 0.774693 160.242
17 29.4643 1.7113 0.77916 160.235
17.1 29.5796 1.71863 0.783625 160.227
17.2 29.6941 1.726 0.788088 160.22
17.3 29.808 1.73341 0.792549 160.212
17.4 29.9211 1.74086 0.797008 160.205
17.5 30.0335 1.74836 0.801465 160.198
17.6 30.1453 1.7559 0.80592 160.19
17.7 30.2563 1.76347 0.810372 160.182
17.8 30.3667 1.77109 0.814823 160.175
17.9 30.4764 1.77876 0.819271 160.167
18 30.5853 1.78646 0.823717 160.159
18.1 30.6936 1.7942 0.828161 160.152
18.2 30.8012 1.80199 0.832602 160.144
18.3 30.9082 1.80982 0.837042 160.136
18.4 31.0144 1.81768 0.841479 160.128
18.5 31.12 1.82559 0.845914 160.12
18.6 31.2249 1.83355 0.850347 160.112
18.7 31.3291 1.84154 0.854777 160.104
18.8 31.4326 1.84957 0.859206 160.096
18.9 31.5355 1.85765 0.863632 160.088
19 31.6377 1.86576 0.868055 160.08
19.1 31.7392 1.87392 0.872477 160.072
19.2 31.8401 1.88212 0.876896 160.064
19.3 31.9403 1.89036 0.881313 160.056
19.4 32.0399 1.89864 0.885727 160.047
19.5 32.1388 1.90697 0.890139 160.039
19.6 32.2371 1.91533 0.894549 160.031
19.7 32.3347 1.92374 0.898956 160.022
19.8 32.4317 1.93218 0.903361 160.014
19.9 32.528 1.94067 0.907764 160.005
20 32.6237 1.9492 0.912164 159.997
20.1 32.7187 1.95777 0.916562 159.988
20.2 32.8131 1.96638 0.920957 159.98
20.3 32.9069 1.97503 0.92535 159.971
20.4 33 1.98372 0.92974 159.962
20.5 33.0926 1.99245 0.934128 159.953
20.6 33.1844 2.00122 0.938514 159.945
20.7 33.2757 2.01004 0.942896 159.936
20.8 33.3663 2.01889 0.947277 159.927
20.9 33.4564 2.02779 0.951655 159.918
21 33.5458 2.03673 0.95603 159.909
21.1 33.6346 2.0457 0.960403 159.9
21.2 33.7228 2.05472 0.964774 159.891
21.3 33.8103 2.06378 0.969141 159.882
21.4 33.8973 2.07288 0.973507 159.873
21.5 33.9837 2.08202 0.977869 159.864
21.6 34.0694 2.0912 0.982229 159.855
21.7 34.1546 2.10042 0.986587 159.845
21.8 34.2392 2.10968 0.990942 159.836
21.9 34.3232 2.11899 0.995294 159.827
22 34.4066 2.12833 0.999643 159.818
22.1 34.4894 2.13771 1.00399 159.808
22.2 34.5716 2.14714 1.00833 159.799
22.3 34.6533 2.1566 1.01268 159.789
22.4 34.7343 2.1661 1.01701 159.78
22.5 34.8148 2.17565 1.02135 159.77
22.6 34.8947 2.18523 1.02568 159.761
22.7001 34.9741 2.19486 1.03001 159.751
22.8001 35.0528 2.20453 1.03434 159.741
22.9001 35.1311 2.21423 1.03867 159.732
23.0001 35.2087 2.22398 1.04299 159.722
23.1001 35.2858 2.23376 1.04731 159.712
23.2001 35.3623 2.24359 1.05163 159.702
23.3001 35.4383 2.25346 1.05594 159.692
23.4001 35.5137 2.26336 1.06025 159.683
23.5001 35.5886 2.27331 1.06456 159.673
23.6001 35.6629 2.28329 1.06887 159.663
23.7001 35.7367 2.29332 1.07317 159.653
23.8001 35.8099 2.30339 1.07747 159.643
23.9001 35.8826 2.31349 1.08177 159.632
24.0001 35.9548 2.32364 1.08606 159.622
24.1001 36.0264 2.33383 1.09035 159.612
24.2001 36.0975 2.34405 1.09464 159.602
24.3001 36.168 2.35432 1.09893 159.592
24.4001 36.2381 2.36462 1.10321 159.581
24.5001 36.3076 2.37497 1.10749 159.571
24.6001 36.3766 2.38535 1.11176 159.561
24.7001 36.445 2.39578 1.11604 159.55
24.8001 36.513 2.40624 1.12031 159.54
24.9001 36.5804 2.41674 1.12458 159.529
25.0001 36.6474 2.42729 1.12884 159.519
25.1001 36.7138 2.43787 1.1331 159.508
25.2001 36.7797 2.44849 1.13736 159.497
25.3001 36.8451 2.45915 1.14162 159.487
25.4001 36.91 2.46986 1.14587 159.476
25.5001 36.9744 2.4806 1.15012 159.465
25.6001 37.0383 2.49138 1.15437 159.455
25.7001 37.1018 2.5022 1.15861 159.444
25.8001 37.1647 2.51305 1.16285 159.433
25.9001 37.2271 2.52395 1.16709 159.422
26.0001 37.2891 2.53489 1.17132 159.411
26.1001 37.3505 2.54587 1.17555 159.4
26.2001 37.4115 2.55688 1.17978 159.389
26.3001 37.472 2.56794 1.18401 159.378
26.4001 37.5321 2.57903 1.18823 159.367
26.5001 37.5916 2.59016 1.19245 159.356
26.6001 37.6507 2.60133 1.19666 159.345
26.7001 37.7093 2.61255 1.20087 159.333
26.8001 37.7675 2.62379 1.20508 159.322
26.9001 37.8251 2.63508 1.20929 159.311
27.0001 37.8824 2.64641 1.21349 159.299
27.1001 37.9391 2.65778 1.21769 159.288
27.2001 37.9954 2.66918 1.22189 159.277
27.3001 38.0513 2.68063 1.22608 159.265
27.4001 38.1067 2.69211 1.23027 159.254
27.5001 38.1616 2.70363 1.23445 159.242
27.6001 38.2161 2.71519 1.23864 159.231
27.7001 38.2702 2.72679 1.24282 159.219
27.8001 38.3238 2.73843 1.24699 159.207
27.9001 38.3769 2.75011 1.25116 159.196
28.0001 38.4297 2.76182 1.25533 159.184
28.1001 38.482 2.77357 1.2595 159.172
28.2001 38.5338 2.78537 1.26366 159.161
28.3001 38.5852 2.7972 1.26782 159.149
28.4001 38.6362 2.80906 1.27198 159.137
28.5001 38.6868 2.82097 1.27613 159.125
28.6001 38.7369 2.83292 1.28028 159.113
28.7001 38.7867 2.8449 1.28443 159.101
28.8001 38.8359 2.85692 1.28857 159.089
28.9001 38.8848 2.86898 1.29271 159.077
29.0001 38.9333 2.88108 1.29684 159.065
29.1001 38.9813 2.89322 1.30098 159.053
29.2001 39.029 2.90539 1.3051 159.041
29.3001 39.0762 2.9176 1.30923 159.028
29.4001 39.123 2.92986 1.31335 159.016
29.5001 39.1694 2.94214 1.31747 159.004
29.6001 39.2154 2.95447 1.32158 158.991
29.7001 39.261 2.96684 1.32569 158.979
29.8001 39.3063 2.97924 1.3298 158.967
29.9001 39.3511 2.99168 1.3339 158.954
30.0001 39.3955 3.00416 1.338 158.942
30.1001 39.4395 3.01667 1.3421 158.929
30.2001 39.4831 3.02923 1.34619 158.917
30.3001 39.5264 3.04182 1.35028 158.904
30.4001 39.5692 3.05445 1.35437 158.891
30.5001 39.6117 3.06711 1.35845 158.879
30.6001 39.6538 3.07982 1.36253 158.866
30.7001 39.6955 3.09256 1.36661 158.853
30.8001 39.7368 3.10534 1.37068 158.841
30.9001 39.7778 3.11816 1.37474 158.828
31.0001 39.8184 3.13101 1.37881 158.815
31.1001 39.8586 3.1439 1.38287 158.802
31.2001 39.8984 3.15683 1.38693 158.789
31.3001 39.9379 3.1698 1.39098 158.776
31.4001 39.977 3.1828 1.39503 158.763
31.5001 40.0157 3.19584 1.39907 158.75
31.6001 40.0541 3.20892 1.40311 158.737
31.7001 40.0921 3.22203 1.40715 158.724
31.8001 40.1297 3.23519 1.41119 158.711
31.9001 40.167 3.24838 1.41522 158.698
32.0001 40.204 3.2616 1.41924 158.684
32.1001 40.2406 3.27487 1.42326 158.671
32.2001 40.2768 3.28817 1.42728 158.658
32.3001 40.3127 3.3015 1.4313 158.644
32.4001 40.3482 3.31488 1.43531 158.631
32.5001 40.3834 3.32829 1.43932 158.618
32.6001 40.4182 3.34174 1.44332 158.604
32.7001 40.4528 3.35522 1.44732 158.591
32.8001 40.4869 3.36874 1.45131 158.577
32.9001 40.5207 3.3823 1.45531 158.564
33.0001 40.5542 3.39589 1.45929 158.55
33.1001 40.5874 3.40952 1.46328 158.536
33.2001 40.6202 3.42319 1.46726 158.523
33.3001 40.6527 3.43689 1.47123 158.509
33.4001 40.6849 3.45063 1.47521 158.495
33.5001 40.7167 3.46441 1.47917 158.481
33.6001 40.7482 3.47822 1.48314 158.468
33.7001 40.7794 3.49207 1.4871 158.454
33.8001 40.8102 3.50596 1.49105 158.44
33.9001 40.8408 3.51988 1.49501 158.426
34.0001 40.871 3.53384 1.49895 158.412
34.1001 40.9009 3.54783 1.5029 158.398
34.2001 40.9305 3.56186 1.50684 158.384
34.3 40.9598 3.57593 1.51077 158.37
34.4 40.9887 3.59003 1.51471 158.356
34.5 41.0174 3.60417 1.51863 158.342
34.6 41.0457 3.61835 1.52256 158.328
34.7 41.0737 3.63256 1.52648 158.313
34.8 41.1015 3.6468 1.53039 158.299
34.9 41.1289 3.66109 1.5343 158.285
35 41.156 3.6754 1.53821 158.27
35.1 41.1828 3.68976 1.54211 158.256
35.2 41.2094 3.70415 1.54601 158.242
35.3 41.2356 3.71857 1.54991 158.227
35.4 41.2615 3.73303 1.5538 158.213
35.5 41.2871 3.74753 1.55768 158.198
35.6 41.3125 3.76206 1.56157 158.184
35.7 41.3375 3.77663 1.56544 158.169
35.8 41.3623 3.79123 1.56932 158.155
35.9 41.3867 3.80587 1.57319 158.14
36 41.4109 3.82054 1.57705 158.125
36.1 41.4348 3.83525 1.58091 158.111
36.2 41.4584 3.84999 1.58477 158.096
36.3 41.4817 3.86477 1.58862 158.081
36.4 41.5048 3.87959 1.59247 158.066
36.5 41.5276 3.89444 1.59631 158.051
36.6 41.55 3.90932 1.60015 158.037
36.7 41.5723 3.92424 1.60399 158.022
36.8 41.5942 3.93919 1.60782 158.007
36.9 41.6159 3.95418 1.61165 157.992
37 41.6373 3.96921 1.61547 157.977
37.1 41.6584 3.98427 1.61929 157.962
37.2 41.6792 3.99936 1.6231 157.947
37.3 41.6998 4.01449 1.62691 157.931
37.4 41.7201 4.02965 1.63071 157.916
37.5 41.7402 4.04485 1.63451 157.901
37.6 41.76 4.06008 1.63831 157.886
37.7 41.7795 4.07535 1.6421 157.871
37.8 41.7988 4.09065 1.64589 157.855
37.9 41.8178 4.10599 1.64967 157.84
38 41.8365 4.12136 1.65345 157.825
38.1 41.855 4.13676 1.65722 157.809
38.2 41.8732 4.1522 1.66099 157.794
38.3 41.8912 4.16767 1.66475 157.778
38.4 41.909 4.18318 1.66851 157.763
38.5 41.9264 4.19872 1.67227 157.747
38.6 41.9437 4.2143 1.67602 157.732
38.7 41.9606 4.22991 1.67977 157.716
38.8 41.9774 4.24555 1.68351 157.7
38.9 41.9938 4.26123 1.68725 157.685
39 42.0101 4.27694 1.69098 157.669
39.1 42.0261 4.29269 1.69471 157.653
39.2 42.0418 4.30847 1.69843 157.637
39.3 42.0573 4.32428 1.70215 157.622
39.4 42.0726 4.34013 1.70586 157.606
39.5 42.0876 4.35601 1.70957 157.59
39.6 42.1024 4.37193 1.71328 157.574
39.7 42.117 4.38788 1.71698 157.558
39.8 42.1313 4.40386 1.72068 157.542
39.9 42.1454 4.41987 1.72437 157.526
40 42.1593 4.43592 1.72805 157.51
40.1 42.1729 4.452 1.73173 157.494
40.2 42.1863 4.46812 1.73541 157.478
40.3 42.1994 4.48427 1.73908 157.462
40.4 42.2124 4.50045 1.74275 157.445
40.5 42.2251 4.51667 1.74641 157.429
40.6 42.2376 4.53292 1.75007 157.413
40.7 42.2498 4.5492 1.75373 157.397
40.7999 42.2619 4.56551 1.75737 157.38
40.8999 42.2737 4.58186 1.76102 157.364
40.9999 42.2853 4.59824 1.76466 157.348
41.0999 42.2967 4.61465 1.76829 157.331
41.1999 42.3078 4.6311 1.77192 157.315
41.2999 42.3187 4.64758 1.77555 157.298
41.3999 42.3295 4.66409 1.77917 157.282
41.4999 42.34 4.68064 1.78278 157.265
41.5999 42.3503 4.69722 1.78639 157.249
41.6999 42.3603 4.71383 1.79 157.232
41.7999 42.3702 4.73047 1.7936 157.215
41.8999 42.3799 4.74714 1.79719 157.199
41.9999 42.3893 4.76385 1.80078 157.182
42.0999 42.3986 4.78059 1.80437 157.165
42.1999 42.4076 4.79736 1.80795 157.149
42.2999 42.4164 4.81417 1.81152 157.132
42.3999 42.425 4.83101 1.81509 157.115
42.4999 42.4334 4.84788 1.81866 157.098
42.5999 42.4416 4.86478 1.82222 157.081
42.6999 42.4496 4.88171 1.82578 157.064
42.7999 42.4575 4.89868 1.82933 157.047
42.8999 42.4651 4.91567 1.83287 157.03
42.9999 42.4725 4.9327 1.83642 157.013
43.0999 42.4797 4.94977 1.83995 156.996
43.1999 42.4867 4.96686 1.84348 156.979
43.2999 42.4935 4.98398 1.84701 156.962
43.3999 42.5001 5.00114 1.85053 156.945
43.4999 42.5065 5.01833 1.85405 156.928
43.5999 42.5128 5.03555 1.85756 156.91
43.6999 42.5188 5.0528 1.86106 156.893
43.7999 42.5246 5.07009 1.86456 156.876
43.8999 42.5303 5.0874 1.86806 156.859
43.9999 42.5357 5.10475 1.87155 156.841
44.0999 42.541 5.12212 1.87503 156.824
44.1999 42.5461 5.13953 1.87851 156.806
44.2999 42.551 5.15697 1.88199 156.789
44.3999 42.5557 5.17445 1.88546 156.771
44.4999 42.5603 5.19195 1.88892 156.754
44.5999 42.5646 5.20948 1.89238 156.736
44.6999 42.5688 5.22705 1.89584 156.719
44.7999 42.5727 5.24464 1.89929 156.701
44.8999 42.5765 5.26227 1.90273 156.684
44.9999 42.5802 5.27993 1.90617 156.666
45.0999 42.5836 5.29762 1.9096 156.648
45.1999 42.5869 5.31533 1.91303 156.631
45.2999 42.5899 5.33309 1.91646 156.613
45.3999 42.5928 5.35087 1.91987 156.595
45.4999 42.5956 5.36868 1.92329 156.577
45.5999 42.5981 5.38652 1.92669 156.559
45.6999 42.6005 5.40439 1.9301 156.542
45.7999 42.6027 5.42229 1.93349 156.524
45.8999 42.6047 5.44023 1.93689 156.506
45.9999 42.6066 5.45819 1.94027 156.488
46.0999 42.6083 5.47619 1.94365 156.47
46.1999 42.6098 5.49421 1.94703 156.452
46.2999 42.6112 5.51226 1.9504 156.434
46.3999 42.6123 5.53035 1.95376 156.416
46.4999 42.6134 5.54846 1.95712 156.397
46.5999 42.6142 5.56661 1.96048 156.379
46.6999 42.6149 5.58478 1.96383 156.361
46.7999 42.6154 5.60299 1.96717 156.343
46.8999 42.6158 5.62122 1.97051 156.325
46.9999 42.6159 5.63949 1.97384 156.306
47.0999 42.616 5.65778 1.97717 156.288
47.1999 42.6158 5.6761 1.98049 156.27
47.2999 42.6155 5.69446 1.98381 156.251
47.3998 42.6151 5.71284 1.98712 156.233
47.4998 42.6145 5.73125 1.99042 156.215
47.5998 42.6137 5.7497 1.99372 156.196
47.6998 42.6127 5.76817 1.99702 156.178
47.7998 42.6117 5.78667 2.0003 156.159
47.8998 42.6104 5.8052 2.00359 156.141
47.9998 42.609 5.82376 2.00687 156.122
48.0998 42.6074 5.84235 2.01014 156.104
48.1998 42.6057 5.86096 2.01341 156.085
48.2998 42.6039 5.87961 2.01667 156.066
48.3998 42.6018 5.89829 2.01992 156.048
48.4998 42.5997 5.91699 2.02317 156.029
48.5998 42.5974 5.93572 2.02642 156.01
48.6998 42.5949 5.95449 2.02966 155.991
48.7998 42.5923 5.97328 2.03289 155.973
48.8998 42.5895 5.9921 2.03612 155.954
48.9998 42.5866 6.01095 2.03934 155.935
49.0998 42.5835 6.02982 2.04256 155.916
49.1998 42.5803 6.04873 2.04577 155.897
49.2998 42.5769 6.06766 2.04897 155.878
49.3998 42.5734 6.08663 2.05217 155.859
49.4998 42.5698 6.10562 2.05537 155.84
49.5998 42.566 6.12464 2.05856 155.821
49.6998 42.562 6.14368 2.06174 155.802
49.7998 42.5579 6.16276 2.06492 155.783
49.8998 42.5537 6.18186 2.06809 155.764
49.9998 42.5493 6.201 2.07125 155.745
50.0998 42.5448 6.22016 2.07441 155.726
50.1998 42.5402 6.23934 2.07757 155.707
50.2998 42.5354 6.25856 2.08072 155.687
50.3998 42.5305 6.2778 2.08386 155.668
50.4998 42.5254 6.29708 2.08699 155.649
50.5998 42.5202 6.31638 2.09013 155.63
50.6998 42.5149 6.3357 2.09325 155.61
50.7998 42.5094 6.35506 2.09637 155.591
50.8998 42.5038 6.37444 2.09948 155.571
50.9998 42.498 6.39385 2.10259 155.552
51.0998 42.4921 6.41329 2.10569 155.533
51.1998 42.4861 6.43275 2.10879 155.513
51.2998 42.48 6.45224 2.11188 155.494
51.3998 42.4737 6.47176 2.11497 155.474
51.4998 42.4673 6.49131 2.11805 155.455
51.5998 42.4607 6.51088 2.12112 155.435
51.6998 42.4541 6.53049 2.12419 155.415
51.7998 42.4472 6.55011 2.12725 155.396
51.8998 42.4403 6.56977 2.1303 155.376
51.9998 42.4333 6.58945 2.13335 155.356
52.0998 42.4261 6.60916 2.13639 155.337
52.1998 42.4187 6.62889 2.13943 155.317
52.2998 42.4113 6.64866 2.14246 155.297
52.3998 42.4037 6.66844 2.14549 155.277
52.4998 42.396 6.68826 2.14851 155.258
52.5998 42.3882 6.7081 2.15152 155.238
52.6998 42.3802 6.72797 2.15453 155.218
52.7998 42.3722 6.74787 2.15753 155.198
52.8998 42.364 6.76779 2.16053 155.178
52.9998 42.3557 6.78773 2.16352 155.158
53.0998 42.3472 6.80771 2.1665 155.138
53.1998 42.3386 6.82771 2.16948 155.118
53.2998 42.33 6.84773 2.17245 155.098
53.3998 42.3211 6.86779 2.17542 155.078
53.4998 42.3122 6.88787 2.17838 155.058
53.5998 42.3032 6.90797 2.18133 155.038
53.6998 42.294 6.9281 2.18428 155.018
53.7998 42.2847 6.94826 2.18722 154.998
53.8997 42.2753 6.96844 2.19016 154.977
53.9997 42.2658 6.98864 2.19309 154.957
54.0997 42.2562 7.00888 2.19601 154.937
54.1997 42.2464 7.02914 2.19893 154.917
54.2997 42.2365 7.04942 2.20184 154.896
54.3997 42.2265 7.06973 2.20474 154.876
54.4997 42.2164 7.09007 2.20764 154.856
54.5997 42.2062 7.11043 2.21053 154.835
54.6997 42.1959 7.13081 2.21342 154.815
54.7997 42.1855 7.15122 2.2163 154.795
54.8997 42.1749 7.17166 2.21917 154.774
54.9997 42.1642 7.19212 2.22204 154.754
55.0997 42.1535 7.21261 2.2249 154.733
55.1997 42.1426 7.23312 2.22776 154.713
55.2997 42.1316 7.25365 2.23061 154.692
55.3997 42.1205 7.27421 2.23345 154.672
55.4997 42.1092 7.2948 2.23629 154.651
55.5997 42.0979 7.31541 2.23912 154.63
55.6997 42.0865 7.33604 2.24194 154.61
55.7997 42.0749 7.3567 2.24476 154.589
55.8997 42.0633 7.37739 2.24757 154.569
55.9997 42.0515 7.3981 2.25038 154.548
56.0997 42.0396 7.41883 2.25318 154.527
56.1997 42.0276 7.43959 2.25597 154.506
56.2997 42.0156 7.46037 2.25876 154.486
56.3997 42.0034 7.48117 2.26154 154.465
56.4997 41.9911 7.502 2.26431 154.444
56.5997 41.9787 7.52286 2.26708 154.423
56.6997 41.9662 7.54373 2.26984 154.402
56.7997 41.9536 7.56464 2.2726 154.381
56.8997 41.9408 7.58556 2.27534 154.36
56.9997 41.928 7.60651 2.27809 154.339
57.0997 41.9151 7.62748 2.28082 154.318
57.1997 41.9021 7.64848 2.28355 154.297
57.2997 41.889 7.6695 2.28628 154.276
57.3997 41.8758 7.69055 2.28899 154.255
57.4997 41.8624 7.71161 2.2917 154.234
57.5997 41.849 7.7327 2.29441 154.213
57.6997 41.8355 7.75382 2.2971 154.192
57.7997 41.8219 7.77496 2.29979 154.171
57.8997 41.8082 7.79612 2.30248 154.15
57.9997 41.7943 7.8173 2.30516 154.129
58.0997 41.7804 7.83851 2.30783 154.107
58.1997 41.7664 7.85974 2.31049 154.086
58.2997 41.7523 7.88099 2.31315 154.065
58.3997 41.7381 7.90227 2.3158 154.044
58.4997 41.7238 7.92357 2.31845 154.022
58.5997 41.7094 7.94489 2.32109 154.001
58.6997 41.6949 7.96623 2.32372 153.98
58.7997 41.6803 7.9876 2.32635 153.958
58.8997 41.6656 8.00899 2.32897 153.937
58.9997 41.6509 8.0304 2.33158 153.915
59.0997 41.636 8.05184 2.33419 153.894
59.1997 41.621 8.0733 2.33679 153.873
59.2997 41.606 8.09478 2.33938 153.851
59.3997 41.5908 8.11628 2.34197 153.83
59.4997 41.5756 8.1378 2.34455 153.808
59.5997 41.5602 8.15935 2.34712 153.787
59.6997 41.5448 8.18092 2.34969 153.765
59.7997 41.5293 8.20251 2.35225 153.743
59.8997 41.5137 8.22412 2.3548 153.722
59.9997 41.498 8.24575 2.35735 153.7
60.0997 41.4822 8.26741 2.35989 153.678
60.1997 41.4663 8.28909 2.36242 153.657
60.2997 41.4504 8.31079 2.36495 153.635
60.3997 41.4343 8.33251 2.36747 153.613
60.4996 41.4182 8.35425 2.36999 153.592
60.5996 41.4019 8.37601 2.37249 153.57
60.6996 41.3856 8.3978 2.37499 153.548
60.7996 41.3692 8.41961 2.37749 153.526
60.8996 41.3527 8.44143 2.37997 153.504
60.9996 41.3362 8.46328 2.38245 153.483
61.0996 41.3195 8.48515 2.38493 153.461
61.1996 41.3027 8.50705 2.3874 153.439
61.2996 41.2859 8.52896 2.38986 153.417
61.3996 41.269 8.55089 2.39231 153.395
61.4996 41.252 8.57285 2.39476 153.373
61.5996 41.2349 8.59482 2.3972 153.351
61.6996 41.2177 8.61682 2.39963 153.329
61.7996 41.2005 8.63883 2.40205 153.307
61.8996 41.1831 8.66087 2.40447 153.285
61.9996 41.1657 8.68293 2.40689 153.263
62.0996 41.1482 8.70501 2.40929 153.241
62.1996 41.1306 8.72711 2.41169 153.219
62.2996 41.1129 8.74923 2.41408 153.197
62.3996 41.0952 8.77136 2.41647 153.175
62.4996 41.0773 8.79352 2.41885 153.152
62.5996 41.0594 8.8157 2.42122 153.13
62.6996 41.0414 8.8379 2.42358 153.108
62.7996 41.0234 8.86012 2.42594 153.086
62.8996 41.0052 8.88236 2.42829 153.064
62.9996 40.987 8.90462 2.43064 153.041
63.0996 40.9687 8.9269 2.43298 153.019
63.1996 40.9503 8.9492 2.43531 152.997
63.2996 40.9318 8.97152 2.43763 152.974
63.3996 40.9132 8.99386 2.43995 152.952
63.4996 40.8946 9.01622 2.44226 152.93
63.5996 40.8759 9.03859 2.44456 152.907
63.6996 40.8571 9.06099 2.44685 152.885
63.7996 40.8383 9.08341 2.44914 152.862
63.8996 40.8193 9.10584 2.45143 152.84
63.9996 40.8003 9.1283 2.4537 152.818
64.0996 40.7812 9.15077 2.45597 152.795
64.1996 40.7621 9.17326 2.45823 152.773
64.2996 40.7428 9.19577 2.46048 152.75
64.3996 40.7235 9.2183 2.46273 152.728
64.4996 40.7041 9.24085 2.46497 152.705
64.5996 40.6847 9.26342 2.4672 152.682
64.6996 40.6651 9.28601 2.46943 152.66
64.7996 40.6455 9.30861 2.47165 152.637
64.8996 40.6259 9.33124 2.47386 152.615
64.9996 40.6061 9.35388 2.47607 152.592
65.0996 40.5863 9.37654 2.47826 152.569
65.1996 40.5664 9.39922 2.48045 152.547
65.2996 40.5464 9.42192 2.48264 152.524
65.3996 40.5263 9.44464 2.48482 152.501
65.4996 40.5062 9.46737 2.48698 152.479
65.5996 40.486 9.49012 2.48915 152.456
65.6996 40.4658 9.51289 2.4913 152.433
65.7996 40.4454 9.53568 2.49345 152.41
65.8996 40.425 9.55849 2.49559 152.387
65.9996 40.4046 9.58131 2.49773 152.365
66.0996 40.384 9.60415 2.49985 152.342
66.1996 40.3634 9.62701 2.50197 152.319
66.2996 40.3427 9.64989 2.50409 152.296
66.3996 40.322 9.67278 2.50619 152.273
66.4996 40.3012 9.69569 2.50829 152.25
66.5996 40.2803 9.71862 2.51038 152.227
66.6996 40.2593 9.74157 2.51246 152.204
66.7996 40.2383 9.76453 2.51454 152.181
66.8996 40.2172 9.78752 2.51661 152.158
66.9995 40.196 9.81051 2.51867 152.135
67.0995 40.1748 9.83353 2.52073 152.112
67.1995 40.1535 9.85656 2.52278 152.089
67.2995 40.1321 9.87961 2.52482 152.066
67.3995 40.1107 9.90268 2.52685 152.043
67.4995 40.0892 9.92576 2.52888 152.02
67.5995 40.0677 9.94886 2.5309 151.997
67.6995 40.046 9.97197 2.53291 151.974
67.7995 40.0243 9.99511 2.53491 151.951
67.8995 40.0026 10.0183 2.53691 151.928
67.9995 39.9808 10.0414 2.5389 151.904
68.0995 39.9589 10.0646 2.54088 151.881
68.1995 39.9369 10.0878 2.54286 151.858
68.2995 39.9149 10.111 2.54483 151.835
68.3995 39.8928 10.1342 2.54679 151.812
68.4995 39.8707 10.1575 2.54874 151.788
68.5995 39.8485 10.1808 2.55069 151.765
68.6995 39.8262 10.204 2.55263 151.742
68.7995 39.8039 10.2273 2.55456 151.719
68.8995 39.7815 10.2506 2.55648 151.695
68.9995 39.759 10.274 2.5584 151.672
69.0995 39.7365 10.2973 2.56031 151.649
69.1995 39.7139 10.3207 2.56221 151.625
69.2995 39.6913 10.344 2.56411 151.602
69.3995 39.6686 10.3674 2.56599 151.578
69.4995 39.6458 10.3908 2.56787 151.555
69.5995 39.623 10.4142 2.56975 151.532
69.6995 39.6001 10.4377 2.57161 151.508
69.7995 39.5772 10.4611 2.57347 151.485
69.8995 39.5541 10.4846 2.57532 151.461
69.9995 39.5311 10.5081 2.57716 151.438
70.0995 39.508 10.5316 2.579 151.414
70.1995 39.4848 10.5551 2.58083 151.391
70.2995 39.4615 10.5786 2.58265 151.367
70.3995 39.4382 10.6021 2.58446 151.344
70.4995 39.4148 10.6257 2.58627 151.32
70.5995 39.3914 10.6493 2.58807 151.297
70.6995 39.3679 10.6728 2.58986 151.273
70.7995 39.3444 10.6964 2.59164 151.249
70.8995 39.3208 10.72 2.59342 151.226
70.9995 39.2972 10.7437 2.59519 151.202
71.0995 39.2734 10.7673 2.59695 151.179
71.1995 39.2497 10.791 2.5987 151.155
71.2995 39.2258 10.8146 2.60045 151.131
71.3995 39.202 10.8383 2.60218 151.108
71.4995 39.178 10.862 2.60392 151.084
71.5995 39.154 10.8857 2.60564 151.06
71.6995 39.13 10.9094 2.60735 151.036
71.7995 39.1059 10.9332 2.60906 151.013
71.8995 39.0817 10.9569 2.61076 150.989
71.9995 39.0575 10.9807 2.61246 150.965
72.0995 39.0332 11.0045 2.61414 150.941
72.1995 39.0089 11.0282 2.61582 150.918
72.2995 38.9845 11.0521 2.61749 150.894
72.3995 38.96 11.0759 2.61916 150.87
72.4995 38.9355 11.0997 2.62081 150.846
72.5995 38.911 11.1235 2.62246 150.822
72.6995 38.8864 11.1474 2.6241 150.799
72.7995 38.8617 11.1713 2.62573 150.775
72.8995 38.837 11.1952 2.62736 150.751
72.9995 38.8122 11.219 2.62897 150.727
73.0995 38.7874 11.243 2.63058 150.703
73.1995 38.7626 11.2669 2.63219 150.679
73.2995 38.7376 11.2908 2.63378 150.655
73.3995 38.7127 11.3148 2.63537 150.631
73.4995 38.6876 11.3387 2.63695 150.607
73.5994 38.6625 11.3627 2.63852 150.583
73.6994 38.6374 11.3867 2.64008 150.559
73.7994 38.6122 11.4107 2.64164 150.535
73.8994 38.587 11.4347 2.64319 150.511
73.9994 38.5617 11.4587 2.64473 150.487
74.0994 38.5364 11.4827 2.64626 150.463
74.1994 38.511 11.5068 2.64779 150.439
74.2994 38.4855 11.5308 2.6493 150.415
74.3994 38.46 11.5549 2.65081 150.391
74.4994 38.4345 11.579 2.65232 150.367
74.5994 38.4089 11.6031 2.65381 150.343
74.6994 38.3832 11.6272 2.6553 150.319
74.7994 38.3575 11.6513 2.65678 150.295
74.8994 38.3318 11.6754 2.65825 150.271
74.9994 38.306 11.6995 2.65971 150.246
75.0994 38.2802 11.7237 2.66117 150.222
75.1994 38.2543 11.7478 2.66262 150.198
75.2994 38.2283 11.772 2.66406 150.174
75.3994 38.2023 11.7962 2.66549 150.15
75.4994 38.1763 11.8204 2.66691 150.126
75.5994 38.1502 11.8446 2.66833 150.101
75.6994 38.1241 11.8688 2.66974 150.077
75.7994 38.0979 11.893 2.67114 150.053
75.8994 38.0717 11.9173 2.67254 150.029
75.9994 38.0454 11.9415 2.67392 150.004
76.0994 38.019 11.9658 2.6753 149.98
76.1994 37.9927 11.99 2.67667 149.956
76.2994 37.9663 12.0143 2.67803 149.932
76.3994 37.9398 12.0386 2.67939 149.907
76.4994 37.9133 12.0629 2.68073 149.883
76.5994 37.8867 12.0872 2.68207 149.859
76.6994 37.8601 12.1115 2.6834 149.834
76.7994 37.8334 12.1358 2.68473 149.81
76.8994 37.8067 12.1602 2.68604 149.786
76.9994 37.78 12.1845 2.68735 149.761
77.0994 37.7532 12.2089 2.68865 149.737
77.1994 37.7263 12.2333 2.68994 149.713
77.2994 37.6995 12.2576 2.69123 149.688
77.3994 37.6725 12.282 2.6925 149.664
77.4994 37.6455 12.3064 2.69377 149.639
77.5994 37.6185 12.3308 2.69503 149.615
77.6994 37.5915 12.3552 2.69628 149.591
77.7994 37.5643 12.3797 2.69753 149.566
77.8994 37.5372 12.4041 2.69876 149.542
77.9994 37.51 12.4285 2.69999 149.517
78.0994 37.4827 12.453 2.70121 149.493
78.1994 37.4554 12.4775 2.70243 149.468
78.2994 37.4281 12.5019 2.70363 149.444
78.3994 37.4007 12.5264 2.70483 149.42
78.4994 37.3733 12.5509 2.70602 149.395
78.5994 37.3459 12.5754 2.7072 149.371
78.6994 37.3183 12.5999 2.70837 149.346
78.7994 37.2908 12.6244 2.70953 149.322
78.8994 37.2632 12.6489 2.71069 149.297
78.9994 37.2356 12.6735 2.71184 149.272
79.0994 37.2079 12.698 2.71298 149.248
79.1994 37.1802 12.7225 2.71411 149.223
79.2994 37.1524 12.7471 2.71524 149.199
79.3994 37.1246 12.7717 2.71636 149.174
79.4994 37.0967 12.7962 2.71747 149.15
79.5994 37.0688 12.8208 2.71857 149.125
79.6994 37.0409 12.8454 2.71966 149.101
79.7994 37.0129 12.87 2.72074 149.076
79.8994 36.9849 12.8946 2.72182 149.051
79.9994 36.9569 12.9192 2.72289 149.027
80.0993 36.9288 12.9438 2.72395 149.002
80.1993 36.9006 12.9684 2.725 148.977
80.2993 36.8724 12.9931 2.72605 148.953
80.3993 36.8442 13.0177 2.72709 148.928
80.4993 36.816 13.0424 2.72812 148.904
80.5993 36.7877 13.067 2.72914 148.879
80.6993 36.7593 13.0917 2.73015 148.854
80.7993 36.7309 13.1163 2.73115 148.83
80.8993 36.7025 13.141 2.73215 148.805
80.9993 36.674 13.1657 2.73314 148.78
81.0993 36.6455 13.1904 2.73412 148.756
81.1993 36.617 13.2151 2.73509 148.731
81.2993 36.5884 13.2398 2.73605 148.706
81.3993 36.5598 13.2645 2.73701 148.681
81.4993 36.5311 13.2892 2.73796 148.657
81.5993 36.5024 13.3139 2.7389 148.632
81.6993 36.4737 13.3387 2.73983 148.607
81.7993 36.4449 13.3634 2.74075 148.582
81.8993 36.4161 13.3881 2.74167 148.558
81.9993 36.3872 13.4129 2.74258 148.533
82.0993 36.3583 13.4376 2.74348 148.508
82.1993 36.3294 13.4624 2.74437 148.483
82.2993 36.3004 13.4872 2.74525 148.459
82.3993 36.2714 13.5119 2.74612 148.434
82.4993 36.2424 13.5367 2.74699 148.409
82.5993 36.2133 13.5615 2.74785 148.384
82.6993 36.1842 13.5863 2.7487 148.36
82.7993 36.155 13.6111 2.74954 148.335
82.8993 36.1258 13.6359 2.75038 148.31
82.9993 36.0966 13.6607 2.7512 148.285
83.0993 36.0673 13.6855 2.75202 148.26
83.1993 36.038 13.7103 2.75283 148.236
83.2993 36.0087 13.7351 2.75363 148.211
83.3993 35.9793 13.76 2.75442 148.186
83.4993 35.9499 13.7848 2.75521 148.161
83.5993 35.9204 13.8096 2.75598 148.136
83.6993 35.8909 13.8345 2.75675 148.111
83.7993 35.8614 13.8593 2.75751 148.087
83.8993 35.8318 13.8842 2.75826 148.062
83.9993 35.8022 13.909 2.75901 148.037
84.0993 35.7726 13.9339 2.75974 148.012
84.1993 35.7429 13.9587 2.76047 147.987
84.2993 35.7132 13.9836 2.76119 147.962
84.3993 35.6835 14.0085 2.7619 147.937
84.4993 35.6537 14.0334 2.7626 147.913
84.5993 35.6239 14.0582 2.7633 147.888
84.6993 35.594 14.0831 2.76398 147.863
84.7993 35.5642 14.108 2.76466 147.838
84.8993 35.5342 14.1329 2.76533 147.813
84.9993 35.5043 14.1578 2.76599 147.788
85.0993 35.4743 14.1827 2.76665 147.763
85.1993 35.4443 14.2076 2.76729 147.738
85.2993 35.4142 14.2325 2.76793 147.713
85.3993 35.3841 14.2574 2.76856 147.688
85.4993 35.354 14.2823 2.76918 147.664
85.5993 35.3239 14.3073 2.76979 147.639
85.6993 35.2937 14.3322 2.77039 147.614
85.7993 35.2634 14.3571 2.77099 147.589
85.8993 35.2332 14.382 2.77157 147.564
85.9993 35.2029 14.407 2.77215 147.539
86.0993 35.1726 14.4319 2.77272 147.514
86.1993 35.1422 14.4568 2.77328 147.489
86.2993 35.1118 14.4818 2.77384 147.464
86.3993 35.0814 14.5067 2.77438 147.439
86.4993 35.0509 14.5317 2.77492 147.414
86.5993 35.0204 14.5566 2.77545 147.389
86.6992 34.9899 14.5816 2.77597 147.364
86.7992 34.9594 14.6065 2.77648 147.339
86.8992 34.9288 14.6315 2.77698 147.314
86.9992 34.8981 14.6564 2.77748 147.289
87.0992 34.8675 14.6814 2.77797 147.265
87.1992 34.8368 14.7064 2.77845 147.24
87.2992 34.8061 14.7313 2.77892 147.215
87.3992 34.7753 14.7563 2.77938 147.19
87.4992 34.7445 14.7813 2.77983 147.165
87.5992 34.7137 14.8062 2.78028 147.14
87.6992 34.6829 14.8312 2.78071 147.115
87.7992 34.652 14.8562 2.78114 147.09
87.8992 34.6211 14.8811 2.78156 147.065
87.9992 34.5902 14.9061 2.78197 147.04
88.0992 34.5592 14.9311 2.78238 147.015
88.1992 34.5282 14.9561 2.78277 146.99
88.2992 34.4971 14.9811 2.78316 146.965
88.3992 34.4661 15.0061 2.78354 146.94
88.4992 34.435 15.031 2.78391 146.915
88.5992 34.4039 15.056 2.78427 146.89
88.6992 34.3727 15.081 2.78462 146.865
88.7992 34.3415 15.106 2.78497 146.84
88.8992 34.3103 15.131 2.7853 146.815
88.9992 34.279 15.156 2.78563 146.79
89.0992 34.2478 15.181 2.78595 146.765
89.1992 34.2165 15.206 2.78626 146.74
89.2992 34.1851 15.2309 2.78656 146.715
89.3992 34.1537 15.2559 2.78686 146.69
89.4992 34.1224 15.2809 2.78714 146.665
89.5992 34.0909 15.3059 2.78742 146.64
89.6992 34.0595 15.3309 2.78769 146.615
89.7992 34.028 15.3559 2.78795 146.59
89.8992 33.9965 15.3809 2.7882 146.565
89.9992 33.9649 15.4059 2.78845 146.54
90.0992 33.9333 15.4309 2.78868 146.515
90.1992 33.9017 15.4559 2.78891 146.49
90.2992 33.8701 15.4809 2.78913 146.465
90.3992 33.8384 15.5059 2.78934 146.44
90.4992 33.8067 15.5309 2.78954 146.415
90.5992 33.775 15.5559 2.78973 146.39
90.6992 33.7433 15.5808 2.78991 146.365
90.7992 33.7115 15.6058 2.79009 146.34
90.8992 33.6797 15.6308 2.79026 146.315
90.9992 33.6479 15.6558 2.79042 146.29
91.0992 33.616 15.6808 2.79057 146.265
91.1992 33.5841 15.7058 2.79071 146.24
91.2992 33.5522 15.7308 2.79084 146.215
91.3992 33.5202 15.7558 2.79097 146.19
91.4992 33.4883 15.7808 2.79109 146.165
91.5992 33.4562 15.8057 2.79119 146.14
91.6992 33.4242 15.8307 2.79129 146.115
91.7992 33.3922 15.8557 2.79138 146.09
91.8992 33.3601 15.8807 2.79147 146.065
91.9992 33.328 15.9057 2.79154 146.04
92.0992 33.2958 15.9306 2.79161 146.015
92.1992 33.2637 15.9556 2.79166 145.99
92.2992 33.2315 15.9806 2.79171 145.965
92.3992 33.1992 16.0056 2.79175 145.94
92.4992 33.167 16.0305 2.79179 145.915
92.5992 33.1347 16.0555 2.79181 145.89
92.6992 33.1024 16.0805 2.79182 145.865
92.7992 33.0701 16.1054 2.79183 145.84
92.8992 33.0377 16.1304 2.79183 145.815
92.9992 33.0053 16.1554 2.79182 145.791
93.0992 32.9729 16.1803 2.7918 145.766
93.1992 32.9405 16.2053 2.79177 145.741
93.2991 32.908 16.2302 2.79173 145.716
93.3991 32.8755 16.2552 2.79169 145.691
93.4991 32.843 16.2801 2.79164 145.666
93.5991 32.8105 16.3051 2.79157 145.641
93.6991 32.7779 16.33 2.7915 145.616
93.7991 32.7453 16.355 2.79142 145.591
93.8991 32.7127 16.3799 2.79134 145.566
93.9991 32.6801 16.4048 2.79124 145.541
94.0991 32.6474 16.4298 2.79114 145.516
94.1991 32.6147 16.4547 2.79102 145.491
94.2991 32.582 16.4796 2.7909 145.466
94.3991 32.5492 16.5045 2.79077 145.441
94.4991 32.5164 16.5295 2.79063 145.416
94.5991 32.4836 16.5544 2.79049 145.392
94.6991 32.4508 16.5793 2.79033 145.367
94.7991 32.418 16.6042 2.79017 145.342
94.8991 32.3851 16.6291 2.78999 145.317
94.9991 32.3522 16.654 2.78981 145.292
95.0991 32.3193 16.6789 2.78962 145.267
95.1991 32.2863 16.7038 2.78942 145.242
95.2991 32.2534 16.7287 2.78922 145.217
95.3991 32.2204 16.7536 2.789 145.192
95.4991 32.1873 16.7784 2.78878 145.167
95.5991 32.1543 16.8033 2.78854 145.143
95.6991 32.1212 16.8282 2.7883 145.118
95.7991 32.0881 16.8531 2.78805 145.093
95.8991 32.055 16.8779 2.78779 145.068
95.9991 32.0219 16.9028 2.78753 145.043
96.0991 31.9887 16.9276 2.78725 145.018
96.1991 31.9555 16.9525 2.78697 144.993
96.2991 31.9223 16.9773 2.78667 144.969
96.3991 31.8891 17.0022 2.78637 144.944
96.4991 31.8558 17.027 2.78606 144.919
96.5991 31.8225 17.0518 2.78574 144.894
96.6991 31.7892 17.0767 2.78542 144.869
96.7991 31.7559 17.1015 2.78508 144.844
96.8991 31.7225 17.1263 2.78474 144.82
96.9991 31.6891 17.1511 2.78438 144.795
97.0991 31.6557 17.1759 2.78402 144.77
97.1991 31.6223 17.2007 2.78365 144.745
97.2991 31.5889 17.2255 2.78327 144.72
97.3991 31.5554 17.2503 2.78289 144.696
97.4991 31.5219 17.2751 2.78249 144.671
97.5991 31.4884 17.2999 2.78209 144.646
97.6991 31.4548 17.3246 2.78168 144.621
97.7991 31.4213 17.3494 2.78125 144.597
97.8991 31.3877 17.3741 2.78082 144.572
97.9991 31.3541 17.3989 2.78039 144.547
98.0991 31.3204 17.4237 2.77994 144.522
98.1991 31.2868 17.4484 2.77948 144.498
98.2991 31.2531 17.4731 2.77902 144.473
98.3991 31.2194 17.4979 2.77854 144.448
98.4991 31.1857 17.5226 2.77806 144.423
98.5991 31.1519 17.5473 2.77757 144.399
98.6991 31.1182 17.572 2.77707 144.374
98.7991 31.0844 17.5967 2.77657 144.349
98.8991 31.0506 17.6214 2.77605 144.325
98.9991 31.0167 17.6461 2.77553 144.3
99.0991 30.9829 17.6708 2.77499 144.275
99.1991 30.949 17.6954 2.77445 144.25
99.2991 30.9151 17.7201 2.7739 144.226
99.3991 30.8812 17.7448 2.77334 144.201
99.4991 30.8473 17.7694 2.77277 144.176
99.5991 30.8133 17.7941 2.7722 144.152
99.6991 30.7793 17.8187 2.77161 144.127
99.799 30.7453 17.8434 2.77102 144.103
99.899 30.7113 17.868 2.77042 144.078
99.999 30.6772 17.8926 2.76981 144.053
100.099 30.6432 17.9172 2.76919 144.029
100.199 30.6091 17.9418 2.76856 144.004
100.299 30.575 17.9664 2.76792 143.979
100.399 30.5408 17.991 2.76728 143.955
100.499 30.5067 18.0156 2.76663 143.93
100.599 30.4725 18.0401 2.76596 143.906
100.699 30.4383 18.0647 2.76529 143.881
100.799 30.4041 18.0893 2.76461 143.857
100.899 30.3699 18.1138 2.76393 143.832
100.999 30.3356 18.1383 2.76323 143.808
101.099 30.3013 18.1629 2.76252 143.783
101.199 30.267 18.1874 2.76181 143.759
101.299 30.2327 18.2119 2.76109 143.734
101.399 30.1984 18.2364 2.76036 143.709
101.499 30.164 18.2609 2.75962 143.685
101.599 30.1296 18.2854 2.75887 143.661
101.699 30.0952 18.3099 2.75811 143.636
101.799 30.0608 18.3344 2.75735 143.612
101.899 30.0264 18.3588 2.75657 143.587
101.999 29.9919 18.3833 2.75579 143.563
102.099 29.9574 18.4077 2.755 143.538
102.199 29.9229 18.4321 2.7542 143.514
102.299 29.8884 18.4566 2.75339 143.489
102.399 29.8539 18.481 2.75257 143.465
102.499 29.8193 18.5054 2.75175 143.441
102.599 29.7848 18.5298 2.75091 143.416
102.699 29.7502 18.5542 2.75007 143.392
102.799 29.7155 18.5785 2.74922 143.367
102.899 29.6809 18.6029 2.74836 143.343
102.999 29.6463 18.6273 2.74749 143.319
103.099 29.6116 18.6516 2.74661 143.294
103.199 29.5769 18.676 2.74573 143.27
103.299 29.5422 18.7003 2.74483 143.246
103.399 29.5074 18.7246 2.74393 143.221
103.499 29.4727 18.7489 2.74302 143.197
103.599 29.4379 18.7732 2.7421 143.173
103.699 29.4031 18.7975 2.74117 143.148
103.799 29.3683 18.8218 2.74023 143.124
103.899 29.3335 18.846 2.73929 143.1
103.999 29.2986 18.8703 2.73833 143.076
104.099 29.2638 18.8945 2.73737 143.051
104.199 29.2289 18.9188 2.7364 143.027
104.299 29.194 18.943 2.73542 143.003
104.399 29.1591 18.9672 2.73443 142.979
104.499 29.1241 18.9914 2.73343 142.954
104.599 29.0892 19.0156 2.73242 142.93
104.699 29.0542 19.0398 2.73141 142.906
104.799 29.0192 19.064 2.73039 142.882
104.899 28.9842 19.0881 2.72935 142.858
104.999 28.9492 19.1123 2.72831 142.834
105.099 28.9141 19.1364 2.72726 142.809
105.199 28.8791 19.1605 2.72621 142.785
105.299 28.844 19.1847 2.72514 142.761
105.399 28.8089 19.2088 2.72407 142.737
105.499 28.7738 19.2328 2.72298 142.713
105.599 28.7386 19.2569 2.72189 142.689
105.699 28.7035 19.281 2.72079 142.665
105.799 28.6683 19.305 2.71968 142.641
105.899 28.6331 19.3291 2.71856 142.617
105.999 28.5979 19.3531 2.71744 142.593
106.099 28.5627 19.3771 2.7163 142.569
106.199 28.5274 19.4011 2.71516 142.545
106.299 28.4922 19.4251 2.71401 142.521
106.399 28.4569 19.4491 2.71285 142.497
106.499 28.4216 19.4731 2.71168 142.473
106.599 28.3863 19.4971 2.7105 142.449
106.699 28.3509 19.521 2.70931 142.425
106.799 28.3156 19.5449 2.70812 142.401
106.899 28.2802 19.5689 2.70691 142.377
106.999 28.2448 19.5928 2.7057 142.353
107.099 28.2094 19.6167 2.70448 142.329
107.199 28.174 19.6405 2.70325 142.305
107.299 28.1386 19.6644 2.70202 142.281
107.399 28.1031 19.6883 2.70077 142.258
107.499 28.0677 19.7121 2.69952 142.234
107.599 28.0322 19.7359 2.69825 142.21
107.699 27.9967 19.7598 2.69698 142.186
107.799 27.9612 19.7836 2.6957 142.162
107.899 27.9256 19.8074 2.69441 142.139
107.999 27.8901 19.8311 2.69311 142.115
108.099 27.8545 19.8549 2.69181 142.091
108.199 27.8189 19.8786 2.69049 142.067
108.299 27.7833 19.9024 2.68917 142.044
108.399 27.7477 19.9261 2.68784 142.02
108.499 27.7121 19.9498 2.6865 141.996
108.599 27.6764 19.9735 2.68515 141.972
108.699 27.6408 19.9972 2.68379 141.949
108.799 27.6051 20.0209 2.68243 141.925
108.899 27.5694 20.0445 2.68105 141.901
108.999 27.5337 20.0682 2.67967 141.878
109.099 27.4979 20.0918 2.67828 141.854
109.199 27.4622 20.1154 2.67688 141.831
109.299 27.4264 20.139 2.67547 141.807
109.399 27.3907 20.1626 2.67406 141.783
109.499 27.3549 20.1861 2.67263 141.76
109.599 27.3191 20.2097 2.6712 141.736
109.699 27.2832 20.2332 2.66975 141.713
109.799 27.2474 20.2567 2.6683 141.689
109.899 27.2115 20.2803 2.66684 141.666
109.999 27.1757 20.3038 2.66538 141.642
110.099 27.1398 20.3272 2.6639 141.619
110.199 27.1039 20.3507 2.66242 141.595
110.299 27.068 20.3741 2.66092 141.572
110.399 27.032 20.3976 2.65942 141.548
110.499 26.9961 20.421 2.65791 141.525
110.599 26.9601 20.4444 2.65639 141.502
110.699 26.9241 20.4678 2.65487 141.478
110.799 26.8881 20.4912 2.65333 141.455
110.899 26.8521 20.5145 2.65179 141.431
110.999 26.8161 20.5379 2.65023 141.408
111.099 26.7801 20.5612 2.64867 141.385
111.199 26.744 20.5845 2.6471 141.361
111.299 26.7079 20.6078 2.64552 141.338
111.399 26.6718 20.6311 2.64394 141.315
111.499 26.6357 20.6543 2.64234 141.292
111.599 26.5996 20.6776 2.64074 141.268
111.699 26.5635 20.7008 2.63913 141.245
111.799 26.5274 20.724 2.63751 141.222
111.899 26.4912 20.7472 2.63588 141.199
111.999 26.455 20.7704 2.63424 141.176
112.099 26.4188 20.7936 2.6326 141.152
112.199 26.3826 20.8167 2.63094 141.129
112.299 26.3464 20.8399 2.62928 141.106
112.399 26.3102 20.863 2.62761 141.083
112.499 26.2739 20.8861 2.62593 141.06
112.599 26.2377 20.9091 2.62424 141.037
112.699 26.2014 20.9322 2.62255 141.014
112.799 26.1651 20.9553 2.62084 140.991
112.899 26.1288 20.9783 2.61913 140.968
112.999 26.0925 21.0013 2.61741 140.945
113.099 26.0561 21.0243 2.61568 140.922
113.199 26.0198 21.0473 2.61394 140.899
113.299 25.9834 21.0703 2.6122 140.876
113.399 25.9471 21.0932 2.61044 140.853
113.499 25.9107 21.1161 2.60868 140.83
113.599 25.8743 21.139 2.60691 140.807
113.699 25.8378 21.1619 2.60513 140.784
113.799 25.8014 21.1848 2.60334 140.761
113.899 25.765 21.2077 2.60154 140.738
113.999 25.7285 21.2305 2.59974 140.715
114.099 25.692 21.2533 2.59792 140.693
114.199 25.6556 21.2761 2.5961 140.67
114.299 25.6191 21.2989 2.59427 140.647
114.399 25.5825 21.3217 2.59243 140.624
114.499 25.546 21.3445 2.59059 140.601
114.599 25.5095 21.3672 2.58873 140.579
114.699 25.4729 21.3899 2.58687 140.556
114.799 25.4363 21.4126 2.585 140.533
114.899 25.3998 21.4353 2.58312 140.511
114.999 25.3632 21.458 2.58123 140.488
115.099 25.3266 21.4806 2.57933 140.465
115.199 25.2899 21.5032 2.57742 140.443
115.299 25.2533 21.5258 2.57551 140.42
115.399 25.2167 21.5484 2.57359 140.397
115.499 25.18 21.571 2.57166 140.375
115.599 25.1433 21.5935 2.56972 140.352
115.699 25.1066 21.6161 2.56777 140.33
115.799 25.0699 21.6386 2.56582 140.307
115.899 25.0332 21.6611 2.56386 140.285
115.999 24.9965 21.6835 2.56188 140.262
116.099 24.9597 21.706 2.5599 140.24
116.199 24.923 21.7284 2.55792 140.217
116.299 24.8862 21.7508 2.55592 140.195
116.399 24.8495 21.7732 2.55391 140.173
116.499 24.8127 21.7956 2.5519 140.15
116.599 24.7759 21.818 2.54988 140.128
116.699 24.739 21.8403 2.54785 140.106
116.799 24.7022 21.8626 2.54581 140.083
116.899 24.6654 21.8849 2.54377 140.061
116.999 24.6285 21.9072 2.54171 140.039
117.099 24.5916 21.9295 2.53965 140.016
117.199 24.5548 21.9517 2.53758 139.994
117.299 24.5179 21.9739 2.5355 139.972
117.399 24.481 21.9961 2.53341 139.95
117.499 24.444 22.0183 2.53132 139.928
117.599 24.4071 22.0405 2.52922 139.905
117.699 24.3702 22.0626 2.5271 139.883
117.799 24.3332 22.0847 2.52498 139.861
117.899 24.2962 22.1068 2.52286 139.839
117.999 24.2593 22.1289 2.52072 139.817
118.099 24.2223 22.151 2.51857 139.795
118.199 24.1853 22.173 2.51642 139.773
118.299 24.1483 22.195 2.51426 139.751
118.399 24.1112 22.217 2.51209 139.729
118.499 24.0742 22.239 2.50991 139.707
118.599 24.0371 22.261 2.50773 139.685
118.699 24.0001 22.2829 2.50554 139.663
118.799 23.963 22.3048 2.50333 139.641
118.899 23.9259 22.3267 2.50112 139.619
118.999 23.8888 22.3486 2.49891 139.597
119.099 23.8517 22.3704 2.49668 139.575
119.199 23.8146 22.3922 2.49444 139.554
119.299 23.7774 22.414 2.4922 139.532
119.399 23.7403 22.4358 2.48995 139.51
119.499 23.7031 22.4576 2.48769 139.488
119.599 23.666 22.4793 2.48543 139.467
119.699 23.6288 22.5011 2.48315 139.445
119.799 23.5916 22.5228 2.48087 139.423
119.899 23.5544 22.5444 2.47858 139.401
119.999 23.5172 22.5661 2.47628 139.38
120.099 23.4799 22.5877 2.47397 139.358
120.199 23.4427 22.6093 2.47166 139.337
120.299 23.4054 22.6309 2.46933 139.315
120.399 23.3682 22.6525 2.467 139.293
120.499 23.3309 22.674 2.46466 139.272
120.599 23.2936 22.6956 2.46231 139.25
120.699 23.2563 22.7171 2.45996 139.229
120.799 23.219 22.7386 2.45759 139.207
120.899 23.1817 22.76 2.45522 139.186
120.999 23.1444 22.7814 2.45284 139.164
121.099 23.107 22.8029 2.45045 139.143
121.199 23.0697 22.8243 2.44806 139.122
121.299 23.0323 22.8456 2.44566 139.1
121.399 22.9949 22.867 2.44324 139.079
121.499 22.9575 22.8883 2.44082 139.058
121.599 22.9201 22.9096 2.4384 139.036
121.699 22.8827 22.9309 2.43596 139.015
121.799 22.8453 22.9521 2.43352 138.994
121.899 22.8079 22.9733 2.43106 138.973
121.999 22.7704 22.9946 2.4286 138.951
122.099 22.733 23.0157 2.42614 138.93
122.199 22.6955 23.0369 2.42366 138.909
122.299 22.6581 23.058 2.42118 138.888
122.399 22.6206 23.0792 2.41869 138.867
122.499 22.5831 23.1002 2.41619 138.846
122.599 22.5456 23.1213 2.41368 138.825
122.699 22.5081 23.1424 2.41116 138.804
122.799 22.4705 23.1634 2.40864 138.783
122.899 22.433 23.1844 2.40611 138.762
122.999 22.3954 23.2053 2.40357 138.741
123.099 22.3579 23.2263 2.40102 138.72
123.199 22.3203 23.2472 2.39847 138.699
123.299 22.2827 23.2681 2.39591 138.678
123.399 22.2452 23.289 2.39333 138.657
123.499 22.2076 23.3099 2.39076 138.636
123.599 22.1699 23.3307 2.38817 138.615
123.699 22.1323 23.3515 2.38558 138.594
123.799 22.0947 23.3723 2.38297 138.574
123.899 22.0571 23.393 2.38036 138.553
123.999 22.0194 23.4138 2.37775 138.532
124.099 21.9817 23.4345 2.37512 138.511
124.199 21.9441 23.4552 2.37249 138.491
124.299 21.9064 23.4758 2.36985 138.47
124.399 21.8687 23.4965 2.3672 138.449
124.499 21.831 23.5171 2.36454 138.429
124.599 21.7933 23.5377 2.36187 138.408
124.699 21.7556 23.5582 2.3592 138.388
124.799 21.7178 23.5787 2.35652 138.367
124.899 21.6801 23.5993 2.35383 138.347
124.999 21.6423 23.6197 2.35114 138.326
125.099 21.6046 23.6402 2.34843 138.306
125.199 21.5668 23.6606 2.34572 138.285
125.299 21.529 23.6811 2.343 138.265
125.399 21.4912 23.7014 2.34028 138.244
125.499 21.4534 23.7218 2.33754 138.224
125.599 21.4156 23.7421 2.3348 138.204
125.699 21.3778 23.7624 2.33205 138.183
125.799 21.34 23.7827 2.32929 138.163
125.899 21.3021 23.803 2.32653 138.143
125.999 21.2643 23.8232 2.32375 138.123
126.099 21.2264 23.8434 2.32097 138.102
126.199 21.1885 23.8636 2.31818 138.082
126.299 21.1507 23.8838 2.31539 138.062
126.399 21.1128 23.9039 2.31258 138.042
126.499 21.0749 23.924 2.30977 138.022
126.599 21.037 23.9441 2.30695 138.002
126.699 20.9991 23.9641 2.30413 137.982
126.799 20.9611 23.9842 2.30129 137.962
126.899 20.9232 24.0042 2.29845 137.942
126.999 20.8853 24.0241 2.2956 137.922
127.099 20.8473 24.0441 2.29274 137.902
127.199 20.8093 24.064 2.28988 137.882
127.299 20.7714 24.0839 2.28701 137.862
127.399 20.7334 24.1038 2.28413 137.842
127.499 20.6954 24.1236 2.28124 137.822
127.599 20.6574 24.1434 2.27834 137.802
127.699 20.6194 24.1632 2.27544 137.783
127.799 20.5814 24.183 2.27253 137.763
127.899 20.5434 24.2027 2.26961 137.743
127.999 20.5053 24.2224 2.26669 137.723
128.099 20.4673 24.2421 2.26375 137.704
128.199 20.4292 24.2618 2.26081 137.684
128.299 20.3911 24.2814 2.25786 137.665
128.399 20.3531 24.301 2.25491 137.645
128.499 20.315 24.3206 2.25194 137.625
128.599 20.2769 24.3401 2.24897 137.606
128.699 20.2388 24.3596 2.246 137.586
128.799 20.2007 24.3791 2.24301 137.567
128.899 20.1626 24.3986 2.24002 137.547
128.999 20.1244 24.418 2.23702 137.528
129.099 20.0863 24.4375 2.23401 137.508
129.199 20.0482 24.4568 2.23099 137.489
129.299 20.01 24.4762 2.22797 137.47
129.399 19.9718 24.4955 2.22494 137.45
129.499 19.9337 24.5148 2.2219 137.431
129.599 19.8955 24.5341 2.21886 137.412
129.699 19.8573 24.5533 2.2158 137.393
129.799 19.8191 24.5726 2.21274 137.373
129.899 19.7809 24.5918 2.20968 137.354
129.999 19.7427 24.6109 2.2066 137.335
130.099 19.7045 24.6301 2.20352 137.316
130.199 19.6662 24.6492 2.20043 137.297
130.299 19.628 24.6682 2.19733 137.278
130.399 19.5897 24.6873 2.19423 137.259
130.499 19.5515 24.7063 2.19112 137.24
130.599 19.5132 24.7253 2.188 137.221
130.699 19.475 24.7443 2.18487 137.202
130.799 19.4367 24.7632 2.18174 137.183
130.899 19.3984 24.7821 2.1786 137.164
130.999 19.3601 24.801 2.17545 137.145
131.099 19.3218 24.8198 2.17229 137.126
131.199 19.2835 24.8387 2.16913 137.107
131.299 19.2451 24.8575 2.16596 137.088
131.399 19.2068 24.8762 2.16278 137.07
131.499 19.1685 24.895 2.1596 137.051
131.599 19.1301 24.9137 2.15641 137.032
131.699 19.0918 24.9323 2.15321 137.014
131.799 19.0534 24.951 2.15 136.995
131.899 19.015 24.9696 2.14679 136.976
131.999 18.9767 24.9882 2.14357 136.958
132.099 18.9383 25.0068 2.14034 136.939
132.199 18.8999 25.0253 2.13711 136.921
132.299 18.8615 25.0438 2.13386 136.902
132.399 18.8231 25.0623 2.13062 136.884
132.499 18.7847 25.0807 2.12736 136.865
132.599 18.7462 25.0991 2.1241 136.847
132.699 18.7078 25.1175 2.12082 136.828
132.799 18.6694 25.1359 2.11755 136.81
132.899 18.6309 25.1542 2.11426 136.792
132.999 18.5925 25.1725 2.11097 136.773
133.099 18.554 25.1907 2.10767 136.755
133.199 18.5155 25.209 2.10437 136.737
133.299 18.477 25.2272 2.10105 136.719
133.399 18.4385 25.2454 2.09773 136.701
133.499 18.4001 25.2635 2.0944 136.682
133.599 18.3615 25.2816 2.09107 136.664
133.699 18.323 25.2997 2.08773 136.646
133.799 18.2845 25.3178 2.08438 136.628
133.899 18.246 25.3358 2.08103 136.61
133.999 18.2075 25.3538 2.07766 136.592
134.099 18.1689 25.3718 2.07429 136.574
134.199 18.1304 25.3897 2.07092 136.556
134.299 18.0918 25.4076 2.06753 136.538
134.399 18.0533 25.4255 2.06414 136.52
134.499 18.0147 25.4433 2.06075 136.503
134.599 17.9761 25.4611 2.05734 136.485
134.699 17.9375 25.4789 2.05393 136.467
134.799 17.8989 25.4967 2.05051 136.449
134.899 17.8603 25.5144 2.04709 136.432
134.999 17.8217 25.5321 2.04366 136.414
135.099 17.7831 25.5497 2.04022 136.396
135.199 17.7445 25.5674 2.03677 136.379
135.299 17.7059 25.585 2.03332 136.361
135.399 17.6672 25.6025 2.02986 136.343
135.499 17.6286 25.6201 2.02639 136.326
135.599 17.5899 25.6376 2.02292 136.308
135.699 17.5513 25.655 2.01944 136.291
135.799 17.5126 25.6725 2.01595 136.273
135.899 17.4739 25.6899 2.01246 136.256
135.999 17.4353 25.7073 2.00896 136.239
136.099 17.3966 25.7246 2.00545 136.221
136.199 17.3579 25.7419 2.00194 136.204
136.299 17.3192 25.7592 1.99842 136.187
136.399 17.2805 25.7765 1.99489 136.169
136.499 17.2418 25.7937 1.99136 136.152
136.599 17.203 25.8109 1.98782 136.135
136.699 17.1643 25.828 1.98427 136.118
136.799 17.1256 25.8452 1.98071 136.101
136.899 17.0868 25.8623 1.97715 136.084
136.999 17.0481 25.8793 1.97358 136.067
137.099 17.0093 25.8964 1.97001 136.05
137.199 16.9706 25.9134 1.96643 136.033
137.299 16.9318 25.9303 1.96284 136.016
137.399 16.893 25.9473 1.95925 135.999
137.499 16.8543 25.9642 1.95565 135.982
137.599 16.8155 25.981 1.95204 135.965
137.699 16.7767 25.9979 1.94842 135.948
137.799 16.7379 26.0147 1.9448 135.931
137.899 16.6991 26.0315 1.94118 135.914
137.999 16.6603 26.0482 1.93754 135.898
138.099 16.6214 26.0649 1.9339 135.881
138.199 16.5826 26.0816 1.93025 135.864
138.299 16.5438 26.0982 1.9266 135.848
138.399 16.5049 26.1148 1.92294 135.831
138.499 16.4661 26.1314 1.91927 135.814
138.599 16.4272 26.148 1.9156 135.798
138.699 16.3884 26.1645 1.91192 135.781
138.799 16.3495 26.181 1.90823 135.765
138.899 16.3106 26.1974 1.90454 135.748
138.999 16.2718 26.2138 1.90084 135.732
139.099 16.2329 26.2302 1.89714 135.716
139.199 16.194 26.2466 1.89342 135.699
139.299 16.1551 26.2629 1.8897 135.683
139.399 16.1162 26.2792 1.88598 135.667
139.499 16.0773 26.2954 1.88225 135.65
139.599 16.0384 26.3116 1.87851 135.634
139.699 15.9994 26.3278 1.87477 135.618
139.799 15.9605 26.344 1.87102 135.602
139.899 15.9216 26.3601 1.86726 135.586
139.999 15.8826 26.3762 1.86349 135.57
140.099 15.8437 26.3922 1.85972 135.554
140.199 15.8047 26.4082 1.85595 135.538
140.299 15.7658 26.4242 1.85217 135.522
140.399 15.7268 26.4402 1.84838 135.506
140.499 15.6878 26.4561 1.84458 135.49
140.599 15.6489 26.472 1.84078 135.474
140.699 15.6099 26.4878 1.83697 135.458
140.799 15.5709 26.5036 1.83316 135.442
140.899 15.5319 26.5194 1.82934 135.426
140.999 15.4929 26.5352 1.82551 135.411
141.099 15.4539 26.5509 1.82168 135.395
141.199 15.4149 26.5665 1.81784 135.379
141.299 15.3758 26.5822 1.814 135.364
141.399 15.3368 26.5978 1.81015 135.348
141.499 15.2978 26.6134 1.80629 135.333
141.599 15.2587 26.6289 1.80243 135.317
141.699 15.2197 26.6444 1.79856 135.301
141.799 15.1807 26.6599 1.79468 135.286
141.899 15.1416 26.6753 1.7908 135.271
141.999 15.1025 26.6908 1.78691 135.255
142.099 15.0635 26.7061 1.78302 135.24
142.199 15.0244 26.7215 1.77912 135.224
142.299 14.9853 26.7368 1.77521 135.209
142.399 14.9462 26.752 1.7713 135.194
142.499 14.9072 26.7673 1.76738 135.179
142.6 14.8681 26.7825 1.76345 135.163
142.7 14.829 26.7976 1.75952 135.148
142.8 14.7899 26.8128 1.75559 135.133
142.9 14.7507 26.8279 1.75165 135.118
143 14.7116 26.8429 1.7477 135.103
143.1 14.6725 26.8579 1.74374 135.088
143.2 14.6334 26.8729 1.73978 135.073
143.3 14.5942 26.8879 1.73582 135.058
143.4 14.5551 26.9028 1.73184 135.043
143.5 14.516 26.9177 1.72786 135.028
143.6 14.4768 26.9325 1.72388 135.013
143.7 14.4377 26.9474 1.71989 134.999
143.8 14.3985 26.9621 1.71589 134.984
143.9 14.3593 26.9769 1.71189 134.969
144 14.3202 26.9916 1.70788 134.954
144.1 14.281 27.0063 1.70387 134.94
144.2 14.2418 27.0209 1.69985 134.925
144.3 14.2026 27.0355 1.69583 134.91
144.4 14.1634 27.0501 1.6918 134.896
144.5 14.1242 27.0646 1.68776 134.881
144.6 14.085 27.0791 1.68372 134.867
144.7 14.0458 27.0936 1.67967 134.852
144.8 14.0066 27.108 1.67561 134.838
144.9 13.9674 27.1224 1.67155 134.824
145 13.9282 27.1367 1.66749 134.809
145.1 13.8889 27.1511 1.66342 134.795
145.2 13.8497 27.1653 1.65934 134.781
145.3 13.8105 27.1796 1.65526 134.766
145.4 13.7712 27.1938 1.65117 134.752
145.5 13.732 27.208 1.64707 134.738
145.6 13.6927 27.2221 1.64297 134.724
145.7 13.6534 27.2362 1.63887 134.71
145.8 13.6142 27.2503 1.63476 134.696
145.9 13.5749 27.2643 1.63064 134.682
146 13.5356 27.2783 1.62652 134.668
146.1 13.4964 27.2923 1.62239 134.654
146.2 13.4571 27.3062 1.61826 134.64
146.3 13.4178 27.3201 1.61412 134.626
146.4 13.3785 27.3339 1.60997 134.612
146.5 13.3392 27.3478 1.60582 134.598
146.6 13.2999 27.3615 1.60167 134.584
146.7 13.2606 27.3753 1.5975 134.571
146.8 13.2213 27.389 1.59334 134.557
146.9 13.182 27.4026 1.58917 134.543
147 13.1426 27.4163 1.58499 134.53
147.1 13.1033 27.4299 1.58081 134.516
147.2 13.064 27.4434 1.57662 134.502
147.3 13.0246 27.457 1.57242 134.489
147.4 12.9853 27.4704 1.56822 134.475
147.5 12.9459 27.4839 1.56402 134.462
147.6 12.9066 27.4973 1.55981 134.449
147.7 12.8672 27.5107 1.55559 134.435
147.8 12.8279 27.524 1.55137 134.422
147.9 12.7885 27.5373 1.54714 134.409
148 12.7491 27.5506 1.54291 134.395
148.1 12.7098 27.5638 1.53868 134.382
148.2 12.6704 27.577 1.53443 134.369
148.3 12.631 27.5902 1.53019 134.356
148.4 12.5916 27.6033 1.52593 134.343
148.5 12.5522 27.6163 1.52167 134.33
148.6 12.5128 27.6294 1.51741 134.317
148.7 12.4734 27.6424 1.51314 134.304
148.8 12.434 27.6554 1.50887 134.291
148.9 12.3946 27.6683 1.50459 134.278
149 12.3552 27.6812 1.50031 134.265
149.1 12.3158 27.694 1.49602 134.252
149.2 12.2763 27.7069 1.49172 134.239
149.3 12.2369 27.7196 1.48742 134.226
149.4 12.1975 27.7324 1.48312 134.214
149.5 12.158 27.7451 1.47881 134.201
149.6 12.1186 27.7577 1.47449 134.188
149.7 12.0791 27.7704 1.47017 134.176
149.8 12.0397 27.783 1.46585 134.163
149.9 12.0002 27.7955 1.46152 134.15
150 11.9608 27.808 1.45718 134.138
150.1 11.9213 27.8205 1.45284 134.125
150.2 11.8818 27.833 1.44849 134.113
150.3 11.8424 27.8454 1.44414 134.101
150.4 11.8029 27.8577 1.43979 134.088
150.5 11.7634 27.8701 1.43543 134.076
150.6 11.7239 27.8823 1.43106 134.064
150.7 11.6844 27.8946 1.42669 134.051
150.8 11.645 27.9068 1.42232 134.039
150.9 11.6055 27.919 1.41794 134.027
151 11.566 27.9311 1.41355 134.015
151.1 11.5264 27.9432 1.40916 134.003
151.2 11.4869 27.9553 1.40476 133.991
151.3 11.4474 27.9673 1.40036 133.979
151.4 11.4079 27.9793 1.39596 133.967
151.5 11.3684 27.9912 1.39155 133.955
151.6 11.3289 28.0031 1.38714 133.943
151.7 11.2893 28.015 1.38272 133.931
151.8 11.2498 28.0268 1.37829 133.919
151.9 11.2103 28.0386 1.37386 133.907
152 11.1707 28.0504 1.36943 133.896
152.1 11.1312 28.0621 1.36499 133.884
152.2 11.0916 28.0738 1.36055 133.872
152.3 11.0521 28.0854 1.3561 133.86
152.4 11.0125 28.097 1.35165 133.849
152.5 10.973 28.1086 1.34719 133.837
152.6 10.9334 28.1201 1.34273 133.826
152.7 10.8938 28.1316 1.33826 133.814
152.8 10.8542 28.143 1.33379 133.803
152.9 10.8147 28.1544 1.32932 133.791
153 10.7751 28.1658 1.32484 133.78
153.1 10.7355 28.1771 1.32035 133.769
153.2 10.6959 28.1884 1.31586 133.757
153.3 10.6563 28.1997 1.31137 133.746
153.4 10.6167 28.2109 1.30687 133.735
153.5 10.5771 28.2221 1.30236 133.724
153.6 10.5375 28.2332 1.29786 133.713
153.7 10.4979 28.2443 1.29334 133.702
153.8 10.4583 28.2553 1.28883 133.691
153.9 10.4187 28.2664 1.28431 133.68
154 10.3791 28.2773 1.27978 133.669
154.1 10.3395 28.2883 1.27525 133.658
154.2 10.2998 28.2992 1.27072 133.647
154.3 10.2602 28.31 1.26618 133.636
154.4 10.2206 28.3208 1.26163 133.625
154.5 10.1809 28.3316 1.25709 133.614
154.6 10.1413 28.3424 1.25253 133.604
154.7 10.1017 28.3531 1.24798 133.593
154.8 10.062 28.3637 1.24342 133.582
154.9 10.0224 28.3744 1.23885 133.572
155 9.98272 28.3849 1.23428 133.561
155.1 9.94307 28.3955 1.22971 133.55
155.2 9.90341 28.406 1.22513 133.54
155.3 9.86374 28.4165 1.22055 133.529
155.4 9.82408 28.4269 1.21596 133.519
155.5 9.78441 28.4373 1.21137 133.509
155.6 9.74474 28.4476 1.20677 133.498
155.7 9.70506 28.4579 1.20217 133.488
155.8 9.66538 28.4682 1.19757 133.478
155.9 9.6257 28.4784 1.19296 133.467
156 9.58601 28.4886 1.18835 133.457
156.1 9.54632 28.4987 1.18374 133.447
156.2 9.50663 28.5088 1.17912 133.437
156.3 9.46693 28.5189 1.17449 133.427
156.4 9.42724 28.5289 1.16986 133.417
156.5 9.38753 28.5389 1.16523 133.407
156.6 9.34783 28.5489 1.16059 133.397
156.7 9.30812 28.5588 1.15595 133.387
156.8 9.26841 28.5686 1.15131 133.377
156.9 9.22869 28.5785 1.14666 133.367
157 9.18897 28.5883 1.14201 133.358
157.1 9.14925 28.598 1.13735 133.348
157.2 9.10953 28.6077 1.13269 133.338
157.3 9.0698 28.6174 1.12803 133.329
157.4 9.03007 28.627 1.12336 133.319
157.5 8.99033 28.6366 1.11868 133.309
157.6 8.9506 28.6461 1.11401 133.3
157.7 8.91086 28.6556 1.10933 133.29
157.8 8.87111 28.6651 1.10464 133.281
157.9 8.83137 28.6745 1.09996 133.271
158 8.79162 28.6839 1.09526 133.262
158.1 8.75187 28.6933 1.09057 133.253
158.2 8.71211 28.7026 1.08587 133.243
158.3 8.67235 28.7118 1.08117 133.234
158.4 8.63259 28.721 1.07646 133.225
158.5 8.59283 28.7302 1.07175 133.216
158.6 8.55306 28.7394 1.06703 133.207
158.7 8.51329 28.7485 1.06232 133.197
158.8 8.47352 28.7575 1.05759 133.188
158.9 8.43374 28.7665 1.05287 133.179
159.001 8.39397 28.7755 1.04814 133.17
159.101 8.35419 28.7845 1.04341 133.161
159.201 8.3144 28.7934 1.03867 133.153
159.301 8.27461 28.8022 1.03393 133.144
159.401 8.23483 28.811 1.02919 133.135
159.501 8.19503 28.8198 1.02444 133.126
159.601 8.15524 28.8285 1.01969 133.117
159.701 8.11544 28.8372 1.01493 133.109
159.801 8.07564 28.8459 1.01017 133.1
159.901 8.03584 28.8545 1.00541 133.091
160.001 7.99603 28.8631 1.00065 133.083
160.101 7.95622 28.8716 0.995879 133.074
160.201 7.91641 28.8801 0.991107 133.066
160.301 7.8766 28.8885 0.986331 133.057
160.401 7.83678 28.8969 0.981552 133.049
160.501 7.79696 28.9053 0.976769 133.041
160.601 7.75714 28.9136 0.971983 133.032
160.701 7.71731 28.9219 0.967194 133.024
160.801 7.67749 28.9301 0.962401 133.016
160.901 7.63766 28.9383 0.957605 133.008
161.001 7.59782 28.9465 0.952805 132.999
161.101 7.55799 28.9546 0.948002 132.991
161.201 7.51815 28.9627 0.943196 132.983
161.301 7.47831 28.9707 0.938387 132.975
161.401 7.43847 28.9787 0.933574 132.967
161.501 7.39863 28.9867 0.928758 132.959
161.601 7.35878 28.9946 0.923939 132.951
161.701 7.31893 29.0024 0.919116 132.943
161.801 7.27908 29.0103 0.91429 132.936
161.901 7.23922 29.018 0.909461 132.928
162.001 7.19936 29.0258 0.904629 132.92
162.101 7.1595 29.0335 0.899794 132.912
162.201 7.11964 29.0412 0.894955 132.905
162.301 7.07978 29.0488 0.890114 132.897
162.401 7.03991 29.0564 0.885269 132.89
162.501 7.00004 29.0639 0.880421 132.882
162.601 6.96017 29.0714 0.87557 132.875
162.701 6.9203 29.0788 0.870716 132.867
162.801 6.88042 29.0863 0.865859 132.86
162.901 6.84054 29.0936 0.860999 132.852
163.001 6.80066 29.101 0.856136 132.845
163.101 6.76078 29.1082 0.851269 132.838
163.201 6.7209 29.1155 0.8464 132.83
163.301 6.68101 29.1227 0.841528 132.823
163.401 6.64112 29.1298 0.836653 132.816
163.501 6.60123 29.137 0.831775 132.809
163.601 6.56133 29.144 0.826894 132.802
163.701 6.52144 29.1511 0.82201 132.795
163.801 6.48154 29.1581 0.817124 132.788
163.901 6.44164 29.165 0.812234 132.781
164.001 6.40174 29.1719 0.807342 132.774
164.101 6.36183 29.1788 0.802446 132.767
164.201 6.32193 29.1856 0.797548 132.76
164.301 6.28202 29.1924 0.792647 132.753
164.401 6.24211 29.1992 0.787744 132.747
164.501 6.20219 29.2059 0.782837 132.74
164.601 6.16228 29.2125 0.777928 132.733
164.701 6.12236 29.2191 0.773016 132.727
164.801 6.08244 29.2257 0.768101 132.72
164.901 6.04252 29.2322 0.763184 132.714
165.001 6.0026 29.2387 0.758264 132.707
165.101 5.96267 29.2452 0.753341 132.701
165.201 5.92275 29.2516 0.748416 132.694
165.301 5.88282 29.2579 0.743488 132.688
165.401 5.84289 29.2643 0.738557 132.682
165.501 5.80295 29.2705 0.733624 132.675
165.601 5.76302 29.2768 0.728688 132.669
165.701 5.72308 29.283 0.72375 132.663
165.801 5.68314 29.2891 0.718809 132.657
165.901 5.6432 29.2952 0.713866 132.651
166.001 5.60326 29.3013 0.70892 132.645
166.101 5.56332 29.3073 0.703971 132.639
166.201 5.52337 29.3133 0.69902 132.633
166.301 5.48342 29.3193 0.694067 132.627
166.401 5.44347 29.3252 0.689111 132.621
166.501 5.40352 29.331 0.684153 132.615
166.601 5.36357 29.3368 0.679192 132.609
166.701 5.32362 29.3426 0.674229 132.603
166.801 5.28366 29.3483 0.669264 132.598
166.901 5.2437 29.354 0.664296 132.592
167.001 5.20374 29.3597 0.659326 132.586
167.101 5.16378 29.3653 0.654353 132.581
167.201 5.12382 29.3708 0.649379 132.575
167.301 5.08385 29.3763 0.644402 132.57
167.401 5.04388 29.3818 0.639422 132.564
167.501 5.00391 29.3872 0.634441 132.559
167.601 4.96394 29.3926 0.629457 132.553
167.701 4.92397 29.398 0.624471 132.548
167.801 4.884 29.4033 0.619483 132.543
167.901 4.84402 29.4085 0.614492 132.537
168.001 4.80405 29.4138 0.6095 132.532
168.101 4.76407 29.4189 0.604505 132.527
168.201 4.72409 29.4241 0.599508 132.522
168.301 4.68411 29.4292 0.594509 132.517
168.401 4.64413 29.4342 0.589508 132.512
168.501 4.60414 29.4392 0.584505 132.507
168.601 4.56416 29.4442 0.5795 132.502
168.701 4.52417 29.4491 0.574493 132.497
168.801 4.48418 29.454 0.569484 132.492
168.901 4.44419 29.4588 0.564472 132.487
169.001 4.4042 29.4636 0.559459 132.482
169.101 4.36421 29.4683 0.554444 132.478
169.201 4.32421 29.473 0.549427 132.473
169.301 4.28422 29.4777 0.544408 132.468
169.401 4.24422 29.4823 0.539387 132.464
169.501 4.20422 29.4869 0.534364 132.459
169.601 4.16422 29.4914 0.529339 132.454
169.701 4.12422 29.4959 0.524312 132.45
169.801 4.08422 29.5004 0.519284 132.446
169.901 4.04421 29.5048 0.514254 132.441
170.001 4.00421 29.5091 0.509221 132.437
170.101 3.9642 29.5134 0.504187 132.432
170.201 3.92419 29.5177 0.499152 132.428
170.301 3.88418 29.522 0.494114 132.424
170.401 3.84417 29.5261 0.489075 132.42
170.501 3.80416 29.5303 0.484034 132.416
170.601 3.76415 29.5344 0.478991 132.412
170.701 3.72413 29.5385 0.473947 132.407
170.801 3.68412 29.5425 0.468901 132.403
170.901 3.6441 29.5464 0.463853 132.399
171.001 3.60408 29.5504 0.458804 132.396
171.101 3.56407 29.5543 0.453753 132.392
171.201 3.52405 29.5581 0.4487 132.388
171.301 3.48402 29.5619 0.443646 132.384
171.401 3.444 29.5657 0.438591 132.38
171.501 3.40398 29.5694 0.433533 132.377
171.601 3.36395 29.5731 0.428475 132.373
171.701 3.32393 29.5767 0.423414 132.369
171.801 3.2839 29.5803 0.418353 132.366
171.901 3.24387 29.5838 0.413289 132.362
172.001 3.20384 29.5873 0.408225 132.359
172.101 3.16381 29.5908 0.403158 132.355
172.201 3.12378 29.5942 0.398091 132.352
172.301 3.08375 29.5976 0.393022 132.348
172.401 3.04372 29.6009 0.387951 132.345
172.501 3.00368 29.6042 0.38288 132.342
172.601 2.96365 29.6074 0.377807 132.338
172.701 2.92361 29.6106 0.372732 132.335
172.801 2.88358 29.6138 0.367656 132.332
172.901 2.84354 29.6169 0.362579 132.329
173.001 2.8035 29.6199 0.357501 132.326
173.101 2.76346 29.623 0.352421 132.323
173.201 2.72342 29.6259 0.347341 132.32
173.301 2.68338 29.6289 0.342259 132.317
173.401 2.64334 29.6318 0.337175 132.314
173.501 2.60329 29.6346 0.332091 132.311
173.601 2.56325 29.6374 0.327005 132.308
173.701 2.52321 29.6402 0.321918 132.306
173.801 2.48316 29.6429 0.316831 132.303
173.901 2.44311 29.6456 0.311741 132.3
174.001 2.40307 29.6482 0.306651 132.298
174.101 2.36302 29.6508 0.30156 132.295
174.201 2.32297 29.6534 0.296468 132.293
174.301 2.28292 29.6559 0.291374 132.29
174.401 2.24287 29.6583 0.28628 132.288
174.501 2.20282 29.6607 0.281185 132.285
174.601 2.16277 29.6631 0.276088 132.283
174.701 2.12272 29.6654 0.270991 132.28
174.801 2.08266 29.6677 0.265893 132.278
174.901 2.04261 29.67 0.260793 132.276
175.001 2.00255 29.6722 0.255693 132.274
175.101 1.9625 29.6743 0.250592 132.272
175.201 1.92244 29.6764 0.24549 132.269
175.301 1.88239 29.6785 0.240387 132.267
175.402 1.84233 29.6805 0.235284 132.265
175.502 1.80227 29.6825 0.230179 132.263
175.602 1.76222 29.6845 0.225074 132.261
175.702 1.72216 29.6864 0.219968 132.26
175.802 1.6821 29.6882 0.214861 132.258
175.902 1.64204 29.69 0.209753 132.256
176.002 1.60198 29.6918 0.204645 132.254
176.102 1.56192 29.6935 0.199536 132.252
176.202 1.52186 29.6952 0.194426 132.251
176.302 1.48179 29.6968 0.189315 132.249
176.402 1.44173 29.6984 0.184204 132.248
176.502 1.40167 29.6999 0.179092 132.246
176.602 1.36161 29.7015 0.17398 132.244
176.702 1.32154 29.7029 0.168867 132.243
176.802 1.28148 29.7043 0.163753 132.242
176.902 1.24141 29.7057 0.158639 132.24
177.002 1.20135 29.707 0.153524 132.239
177.102 1.16128 29.7083 0.148409 132.238
177.202 1.12122 29.7096 0.143293 132.236
177.302 1.08115 29.7108 0.138176 132.235
177.402 1.04109 29.7119 0.13306 132.234
177.502 1.00102 29.713 0.127942 132.233
177.602 0.960953 29.7141 0.122824 132.232
177.702 0.920886 29.7151 0.117706 132.231
177.802 0.880819 29.7161 0.112588 132.23
177.902 0.840751 29.717 0.107468 132.229
178.002 0.800683 29.7179 0.102349 132.228
178.102 0.760615 29.7188 0.0972293 132.227
178.202 0.720546 29.7196 0.0921091 132.226
178.302 0.680477 29.7203 0.0869887 132.226
178.402 0.640408 29.7211 0.0818679 132.225
178.502 0.600339 29.7217 0.0767468 132.224
178.602 0.56027 29.7224 0.0716255 132.224
178.702 0.5202 29.723 0.0665039 132.223
178.802 0.48013 29.7235 0.0613821 132.222
178.902 0.44006 29.724 0.0562601 132.222
179.002 0.39999 29.7245 0.0511378 132.221
179.102 0.35992 29.7249 0.0460154 132.221
179.202 0.31985 29.7252 0.0408929 132.221
179.302 0.279779 29.7256 0.0357701 132.22
179.402 0.239709 29.7259 0.0306473 132.22
179.502 0.199638 29.7261 0.0255243 132.22
179.602 0.159568 29.7263 0.0204013 132.22
179.702 0.119497 29.7264 0.0152782 132.219
179.802 0.0794263 29.7266 0.010155 132.219
179.902 0.0393555 29.7266 0.00503178 132.219
