0 3.98034e-15 4.27341 0 153.964
0.1 0.0567265 4.27342 0.00252985 153.964
0.2 0.113452 4.27346 0.0050597 153.964
0.3 0.170177 4.27352 0.00758953 153.964
0.4 0.2269 4.2736 0.0101193 153.964
0.5 0.283621 4.2737 0.0126491 153.964
0.6 0.340338 4.27383 0.0151789 153.964
0.7 0.397053 4.27398 0.0177086 153.964
0.8 0.453763 4.27416 0.0202382 153.964
0.9 0.510468 4.27435 0.0227678 153.964
1 0.567169 4.27458 0.0252974 153.963
1.1 0.623863 4.27482 0.0278268 153.963
1.2 0.680551 4.27509 0.0303562 153.963
1.3 0.737233 4.27538 0.0328855 153.963
1.4 0.793906 4.27569 0.0354147 153.962
1.5 0.850572 4.27603 0.0379438 153.962
1.6 0.907228 4.27639 0.0404728 153.962
1.7 0.963876 4.27677 0.0430017 153.961
1.8 1.02051 4.27718 0.0455305 153.961
1.9 1.07714 4.27761 0.0480591 153.96
2 1.13376 4.27806 0.0505876 153.96
2.1 1.19036 4.27854 0.053116 153.959
2.2 1.24695 4.27904 0.0556442 153.959
2.3 1.30353 4.27956 0.0581722 153.958
2.4 1.3601 4.28011 0.0607001 153.958
2.5 1.41665 4.28068 0.0632278 153.957
2.6 1.47319 4.28127 0.0657553 153.957
2.7 1.52971 4.28189 0.0682827 153.956
2.8 1.58622 4.28253 0.0708099 153.955
2.9 1.64271 4.28319 0.0733368 153.955
3 1.69918 4.28388 0.0758636 153.954
3.1 1.75564 4.28459 0.0783901 153.953
3.2 1.81208 4.28532 0.0809164 153.953
3.3 1.8685 4.28607 0.0834425 153.952
3.4 1.9249 4.28685 0.0859684 153.951
3.5 1.98128 4.28765 0.088494 153.95
3.6 2.03765 4.28848 0.0910193 153.949
3.7 2.09399 4.28933 0.0935445 153.949
3.8 2.15031 4.2902 0.0960693 153.948
3.9 2.2066 4.29109 0.0985939 153.947
4 2.26288 4.29201 0.101118 153.946
4.1 2.31913 4.29295 0.103642 153.945
4.2 2.37536 4.29392 0.106166 153.944
4.3 2.43156 4.29491 0.108689 153.943
4.4 2.48774 4.29592 0.111212 153.942
4.5 2.5439 4.29695 0.113735 153.941
4.6 2.60002 4.29801 0.116258 153.94
4.7 2.65613 4.29909 0.11878 153.939
4.8 2.7122 4.30019 0.121302 153.938
4.9 2.76825 4.30132 0.123823 153.937
5 2.82427 4.30247 0.126344 153.935
5.1 2.88026 4.30364 0.128865 153.934
5.2 2.93622 4.30484 0.131385 153.933
5.3 2.99215 4.30606 0.133906 153.932
5.4 3.04805 4.3073 0.136425 153.931
5.5 3.10392 4.30857 0.138944 153.929
5.6 3.15976 4.30985 0.141463 153.928
5.7 3.21557 4.31117 0.143982 153.927
5.8 3.27135 4.3125 0.1465 153.925
5.9 3.32709 4.31386 0.149018 153.924
6 3.3828 4.31524 0.151535 153.923
6.1 3.43847 4.31665 0.154052 153.921
6.2 3.49411 4.31807 0.156568 153.92
6.3 3.54971 4.31952 0.159084 153.918
6.4 3.60528 4.321 0.161599 153.917
6.5 3.66081 4.3225 0.164115 153.915
6.6 3.71631 4.32402 0.166629 153.914
6.7 3.77177 4.32556 0.169143 153.912
6.8 3.82719 4.32712 0.171657 153.911
6.9 3.88257 4.32871 0.17417 153.909
7 3.93791 4.33033 0.176683 153.908
7.1 3.99321 4.33196 0.179195 153.906
7.2 4.04848 4.33362 0.181706 153.904
7.3 4.1037 4.3353 0.184218 153.903
7.4 4.15888 4.33701 0.186728 153.901
7.5 4.21402 4.33874 0.189238 153.899
7.6 4.26911 4.34049 0.191748 153.897
7.7 4.32417 4.34226 0.194257 153.896
7.79999 4.37918 4.34406 0.196765 153.894
7.89999 4.43415 4.34588 0.199273 153.892
7.99999 4.48907 4.34772 0.201781 153.89
8.09999 4.54395 4.34959 0.204287 153.888
8.2 4.59878 4.35148 0.206794 153.886
8.3 4.65357 4.35339 0.209299 153.885
8.4 4.70831 4.35532 0.211804 153.883
8.5 4.76301 4.35728 0.214309 153.881
8.6 4.81765 4.35926 0.216813 153.879
8.7 4.87225 4.36127 0.219316 153.877
8.8 4.9268 4.3633 0.221819 153.875
8.9 4.98131 4.36535 0.224321 153.873
9 5.03576 4.36742 0.226822 153.87
9.1 5.09016 4.36952 0.229323 153.868
9.2 5.14451 4.37163 0.231823 153.866
9.3 5.19881 4.37378 0.234322 153.864
9.4 5.25306 4.37594 0.236821 153.862
9.5 5.30726 4.37813 0.239319 153.86
9.6 5.36141 4.38034 0.241817 153.858
9.7 5.4155 4.38257 0.244313 153.855
9.8 5.46954 4.38483 0.246809 153.853
9.9 5.52353 4.38711 0.249305 153.851
10 5.57746 4.38941 0.251799 153.848
10.1 5.63133 4.39174 0.254293 153.846
10.2 5.68515 4.39409 0.256787 153.844
10.3 5.73892 4.39646 0.259279 153.841
10.4 5.79263 4.39885 0.261771 153.839
10.5 5.84628 4.40127 0.264262 153.837
10.6 5.89988 4.40371 0.266752 153.834
10.7 5.95341 4.40617 0.269242 153.832
10.8 6.00689 4.40866 0.27173 153.829
10.9 6.06031 4.41117 0.274218 153.827
11 6.11368 4.4137 0.276706 153.824
11.1 6.16698 4.41625 0.279192 153.822
11.2 6.22022 4.41883 0.281678 153.819
11.3 6.2734 4.42143 0.284163 153.816
11.4 6.32652 4.42405 0.286647 153.814
11.5 6.37958 4.4267 0.28913 153.811
11.6 6.43258 4.42937 0.291612 153.809
11.7 6.48551 4.43206 0.294094 153.806
11.8 6.53838 4.43477 0.296575 153.803
11.9 6.59119 4.43751 0.299055 153.8
12 6.64394 4.44027 0.301534 153.798
12.1 6.69662 4.44305 0.304012 153.795
12.2 6.74924 4.44586 0.30649 153.792
12.3 6.80179 4.44868 0.308966 153.789
12.4 6.85427 4.45153 0.311442 153.786
12.5 6.90669 4.45441 0.313917 153.783
12.6 6.95905 4.4573 0.316391 153.781
12.7 7.01133 4.46022 0.318864 153.778
12.8 7.06355 4.46316 0.321336 153.775
12.9 7.1157 4.46613 0.323807 153.772
13 7.16779 4.46911 0.326277 153.769
13.1 7.2198 4.47212 0.328747 153.766
13.2 7.27175 4.47515 0.331215 153.763
13.3 7.32363 4.47821 0.333683 153.76
13.4 7.37543 4.48128 0.336149 153.757
13.5 7.42717 4.48438 0.338615 153.754
13.6 7.47884 4.48751 0.34108 153.75
13.7 7.53043 4.49065 0.343543 153.747
13.8 7.58196 4.49382 0.346006 153.744
13.9 7.63341 4.49701 0.348468 153.741
14 7.68479 4.50022 0.350928 153.738
14.1 7.7361 4.50346 0.353388 153.734
14.2 7.78733 4.50672 0.355847 153.731
14.3 7.83849 4.51 0.358305 153.728
14.4 7.88958 4.5133 0.360762 153.725
14.5 7.94059 4.51662 0.363217 153.721
14.6 7.99153 4.51997 0.365672 153.718
14.7 8.04239 4.52334 0.368126 153.715
14.8 8.09318 4.52674 0.370578 153.711
14.9 8.14389 4.53015 0.37303 153.708
15 8.19453 4.53359 0.375481 153.704
15.1 8.24508 4.53705 0.37793 153.701
15.2 8.29557 4.54053 0.380379 153.697
15.3 8.34597 4.54404 0.382826 153.694
15.4 8.3963 4.54757 0.385272 153.69
15.5 8.44655 4.55112 0.387717 153.687
15.6 8.49672 4.55469 0.390162 153.683
15.7 8.54681 4.55828 0.392604 153.68
15.8 8.59682 4.5619 0.395046 153.676
15.9 8.64675 4.56554 0.397487 153.672
16 8.6966 4.5692 0.399927 153.669
16.1 8.74638 4.57289 0.402365 153.665
16.2 8.79607 4.57659 0.404803 153.661
16.3 8.84568 4.58032 0.407239 153.658
16.4 8.89521 4.58407 0.409674 153.654
16.5 8.94466 4.58785 0.412108 153.65
16.6 8.99402 4.59164 0.414541 153.646
16.7 9.0433 4.59546 0.416972 153.642
16.8 9.09251 4.5993 0.419403 153.639
16.9 9.14162 4.60317 0.421832 153.635
17 9.19066 4.60705 0.42426 153.631
17.1 9.23961 4.61096 0.426687 153.627
17.2 9.28847 4.61489 0.429112 153.623
17.3 9.33725 4.61884 0.431537 153.619
17.4 9.38595 4.62282 0.43396 153.615
17.5 9.43456 4.62681 0.436382 153.611
17.6 9.48309 4.63083 0.438803 153.607
17.7 9.53153 4.63487 0.441222 153.603
17.8 9.57988 4.63893 0.443641 153.599
17.9 9.62815 4.64302 0.446058 153.595
18 9.67633 4.64713 0.448473 153.591
18.1 9.72443 4.65125 0.450888 153.587
18.2 9.77243 4.65541 0.453301 153.582
18.3 9.82035 4.65958 0.455713 153.578
18.4 9.86818 4.66378 0.458124 153.574
18.5 9.91593 4.66799 0.460533 153.57
18.6 9.96358 4.67223 0.462941 153.566
18.7 10.0111 4.67649 0.465348 153.561
18.8 10.0586 4.68078 0.467753 153.557
18.9 10.106 4.68508 0.470157 153.553
19 10.1533 4.68941 0.47256 153.548
19.1 10.2005 4.69376 0.474961 153.544
19.2 10.2476 4.69813 0.477361 153.54
19.3 10.2947 4.70253 0.47976 153.535
19.4 10.3416 4.70694 0.482157 153.531
19.5 10.3884 4.71138 0.484553 153.527
19.6 10.4352 4.71584 0.486948 153.522
19.7 10.4818 4.72032 0.489341 153.518
19.8 10.5284 4.72482 0.491733 153.513
19.9 10.5749 4.72935 0.494124 153.509
20 10.6213 4.7339 0.496513 153.504
20.1 10.6676 4.73846 0.4989 153.499
20.2 10.7138 4.74306 0.501287 153.495
20.3 10.7599 4.74767 0.503672 153.49
20.4 10.8059 4.7523 0.506055 153.486
20.5 10.8518 4.75696 0.508437 153.481
20.6 10.8976 4.76164 0.510818 153.476
20.7 10.9434 4.76634 0.513197 153.472
20.8 10.989 4.77106 0.515574 153.467
20.9 11.0345 4.7758 0.51795 153.462
21 11.08 4.78057 0.520325 153.457
21.1 11.1253 4.78535 0.522698 153.453
21.2 11.1706 4.79016 0.52507 153.448
21.3 11.2157 4.79499 0.527441 153.443
21.4 11.2608 4.79984 0.529809 153.438
21.5 11.3058 4.80472 0.532177 153.433
21.6 11.3506 4.80961 0.534542 153.428
21.7 11.3954 4.81453 0.536907 153.423
21.8 11.4401 4.81947 0.539269 153.418
21.9 11.4846 4.82443 0.541631 153.413
22 11.5291 4.82941 0.54399 153.408
22.1 11.5735 4.83441 0.546349 153.403
22.2 11.6178 4.83944 0.548705 153.398
22.3 11.662 4.84448 0.55106 153.393
22.4 11.7061 4.84955 0.553414 153.388
22.5 11.7501 4.85464 0.555766 153.383
22.6 11.7939 4.85975 0.558116 153.378
22.7001 11.8377 4.86488 0.560465 153.373
22.8001 11.8814 4.87004 0.562812 153.368
22.9001 11.925 4.87521 0.565158 153.363
23.0001 11.9685 4.88041 0.567502 153.357
23.1001 12.0119 4.88562 0.569844 153.352
23.2001 12.0552 4.89086 0.572185 153.347
23.3001 12.0984 4.89612 0.574524 153.342
23.4001 12.1415 4.90141 0.576861 153.336
23.5001 12.1845 4.90671 0.579197 153.331
23.6001 12.2274 4.91203 0.581531 153.326
23.7001 12.2702 4.91738 0.583864 153.321
23.8001 12.3129 4.92275 0.586195 153.315
23.9001 12.3554 4.92814 0.588524 153.31
24.0001 12.3979 4.93355 0.590852 153.304
24.1001 12.4403 4.93898 0.593178 153.299
24.2001 12.4826 4.94443 0.595502 153.293
24.3001 12.5248 4.9499 0.597825 153.288
24.4001 12.5669 4.9554 0.600146 153.283
24.5001 12.6088 4.96091 0.602465 153.277
24.6001 12.6507 4.96645 0.604782 153.271
24.7001 12.6925 4.97201 0.607098 153.266
24.8001 12.7342 4.97759 0.609412 153.26
24.9001 12.7757 4.98319 0.611724 153.255
25.0001 12.8172 4.98881 0.614035 153.249
25.1001 12.8586 4.99445 0.616344 153.243
25.2001 12.8998 5.00012 0.618651 153.238
25.3001 12.941 5.0058 0.620956 153.232
25.4001 12.982 5.01151 0.62326 153.226
25.5001 13.023 5.01723 0.625561 153.221
25.6001 13.0638 5.02298 0.627861 153.215
25.7001 13.1045 5.02875 0.63016 153.209
25.8001 13.1452 5.03454 0.632456 153.203
25.9001 13.1857 5.04035 0.634751 153.198
26.0001 13.2261 5.04618 0.637044 153.192
26.1001 13.2664 5.05203 0.639335 153.186
26.2001 13.3067 5.05791 0.641624 153.18
26.3001 13.3468 5.0638 0.643911 153.174
26.4001 13.3868 5.06972 0.646197 153.168
26.5001 13.4267 5.07565 0.648481 153.162
26.6001 13.4665 5.08161 0.650762 153.156
26.7001 13.5062 5.08759 0.653043 153.15
26.8001 13.5457 5.09359 0.655321 153.144
26.9001 13.5852 5.0996 0.657597 153.138
27.0001 13.6246 5.10564 0.659872 153.132
27.1001 13.6639 5.11171 0.662144 153.126
27.2001 13.703 5.11779 0.664415 153.12
27.3001 13.7421 5.12389 0.666684 153.114
27.4001 13.781 5.13001 0.668951 153.108
27.5001 13.8199 5.13615 0.671216 153.102
27.6001 13.8586 5.14232 0.673479 153.096
27.7001 13.8972 5.1485 0.67574 153.089
27.8001 13.9358 5.15471 0.677999 153.083
27.9001 13.9742 5.16093 0.680257 153.077
28.0001 14.0125 5.16718 0.682512 153.071
28.1001 14.0507 5.17345 0.684766 153.064
28.2001 14.0888 5.17973 0.687017 153.058
28.3001 14.1268 5.18604 0.689267 153.052
28.4001 14.1646 5.19237 0.691514 153.046
28.5001 14.2024 5.19872 0.69376 153.039
28.6001 14.2401 5.20509 0.696004 153.033
28.7001 14.2776 5.21148 0.698246 153.026
28.8001 14.3151 5.21789 0.700485 153.02
28.9001 14.3524 5.22432 0.702723 153.014
29.0001 14.3897 5.23077 0.704959 153.007
29.1001 14.4268 5.23724 0.707193 153.001
29.2001 14.4638 5.24373 0.709424 152.994
29.3001 14.5007 5.25024 0.711654 152.988
29.4001 14.5375 5.25677 0.713882 152.981
29.5001 14.5742 5.26333 0.716107 152.975
29.6001 14.6108 5.2699 0.718331 152.968
29.7001 14.6473 5.27649 0.720553 152.961
29.8001 14.6837 5.2831 0.722772 152.955
29.9001 14.7199 5.28974 0.72499 152.948
30.0001 14.7561 5.29639 0.727205 152.942
30.1001 14.7921 5.30306 0.729419 152.935
30.2001 14.8281 5.30976 0.73163 152.928
30.3001 14.8639 5.31647 0.733839 152.921
30.4001 14.8996 5.32321 0.736046 152.915
30.5001 14.9352 5.32996 0.738251 152.908
30.6001 14.9707 5.33673 0.740454 152.901
30.7001 15.0061 5.34353 0.742655 152.894
30.8001 15.0414 5.35034 0.744854 152.888
30.9001 15.0766 5.35717 0.74705 152.881
31.0001 15.1117 5.36403 0.749245 152.874
31.1001 15.1466 5.3709 0.751437 152.867
31.2001 15.1815 5.3778 0.753627 152.86
31.3001 15.2162 5.38471 0.755815 152.853
31.4001 15.2509 5.39164 0.758001 152.846
31.5001 15.2854 5.3986 0.760185 152.839
31.6001 15.3198 5.40557 0.762366 152.832
31.7001 15.3541 5.41256 0.764546 152.825
31.8001 15.3883 5.41957 0.766723 152.818
31.9001 15.4224 5.42661 0.768898 152.811
32.0001 15.4564 5.43366 0.771071 152.804
32.1001 15.4902 5.44073 0.773241 152.797
32.2001 15.524 5.44782 0.77541 152.79
32.3001 15.5577 5.45493 0.777576 152.783
32.4001 15.5912 5.46206 0.77974 152.776
32.5001 15.6246 5.46921 0.781902 152.769
32.6001 15.658 5.47638 0.784061 152.762
32.7001 15.6912 5.48357 0.786218 152.754
32.8001 15.7243 5.49078 0.788374 152.747
32.9001 15.7573 5.49801 0.790526 152.74
33.0001 15.7902 5.50526 0.792677 152.733
33.1001 15.8229 5.51253 0.794825 152.725
33.2001 15.8556 5.51982 0.796971 152.718
33.3001 15.8882 5.52712 0.799115 152.711
33.4001 15.9206 5.53445 0.801256 152.703
33.5001 15.953 5.54179 0.803396 152.696
33.6001 15.9852 5.54916 0.805532 152.689
33.7001 16.0173 5.55654 0.807667 152.681
33.8001 16.0493 5.56395 0.809799 152.674
33.9001 16.0812 5.57137 0.811929 152.667
34.0001 16.113 5.57881 0.814057 152.659
34.1001 16.1447 5.58627 0.816182 152.652
34.2001 16.1763 5.59376 0.818305 152.644
34.3 16.2078 5.60126 0.820426 152.637
34.4 16.2391 5.60878 0.822544 152.629
34.5 16.2704 5.61631 0.82466 152.622
34.6 16.3015 5.62387 0.826774 152.614
34.7 16.3325 5.63145 0.828885 152.606
34.8 16.3634 5.63904 0.830994 152.599
34.9 16.3943 5.64666 0.833101 152.591
35 16.425 5.65429 0.835205 152.584
35.1 16.4556 5.66195 0.837307 152.576
35.2 16.486 5.66962 0.839406 152.568
35.3 16.5164 5.67731 0.841503 152.561
35.4 16.5467 5.68502 0.843598 152.553
35.5 16.5768 5.69275 0.84569 152.545
35.6 16.6069 5.7005 0.84778 152.537
35.7 16.6368 5.70827 0.849867 152.53
35.8 16.6667 5.71605 0.851952 152.522
35.9 16.6964 5.72386 0.854034 152.514
36 16.726 5.73168 0.856115 152.506
36.1 16.7555 5.73952 0.858192 152.498
36.2 16.7849 5.74738 0.860267 152.491
36.3 16.8142 5.75526 0.86234 152.483
36.4 16.8434 5.76316 0.86441 152.475
36.5 16.8724 5.77108 0.866478 152.467
36.6 16.9014 5.77902 0.868543 152.459
36.7 16.9303 5.78697 0.870606 152.451
36.8 16.959 5.79494 0.872666 152.443
36.9 16.9876 5.80294 0.874724 152.435
37 17.0162 5.81095 0.876779 152.427
37.1 17.0446 5.81898 0.878832 152.419
37.2 17.0729 5.82702 0.880883 152.411
37.3 17.1011 5.83509 0.88293 152.403
37.4 17.1292 5.84318 0.884976 152.395
37.5 17.1572 5.85128 0.887018 152.387
37.6 17.1851 5.8594 0.889059 152.379
37.7 17.2128 5.86754 0.891096 152.37
37.8 17.2405 5.8757 0.893131 152.362
37.9 17.2681 5.88388 0.895164 152.354
38 17.2955 5.89207 0.897194 152.346
38.1 17.3229 5.90029 0.899221 152.338
38.2 17.3501 5.90852 0.901246 152.329
38.3 17.3772 5.91677 0.903268 152.321
38.4 17.4042 5.92504 0.905288 152.313
38.5 17.4311 5.93332 0.907305 152.305
38.6 17.4579 5.94163 0.90932 152.296
38.7 17.4846 5.94995 0.911331 152.288
38.8 17.5112 5.95829 0.913341 152.28
38.9 17.5377 5.96665 0.915347 152.271
39 17.5641 5.97503 0.917351 152.263
39.1 17.5903 5.98343 0.919353 152.254
39.2 17.6165 5.99184 0.921352 152.246
39.3 17.6425 6.00027 0.923348 152.238
39.4 17.6685 6.00872 0.925341 152.229
39.5 17.6943 6.01719 0.927332 152.221
39.6 17.7201 6.02567 0.92932 152.212
39.7 17.7457 6.03418 0.931306 152.204
39.8 17.7712 6.0427 0.933289 152.195
39.9 17.7966 6.05124 0.935269 152.187
40 17.8219 6.05979 0.937246 152.178
40.1 17.8471 6.06837 0.939221 152.17
40.2 17.8722 6.07696 0.941193 152.161
40.3 17.8972 6.08557 0.943163 152.152
40.4 17.9221 6.0942 0.945129 152.144
40.5 17.9469 6.10285 0.947093 152.135
40.6 17.9715 6.11151 0.949055 152.126
40.7 17.9961 6.12019 0.951013 152.118
40.7999 18.0205 6.12889 0.952969 152.109
40.8999 18.0449 6.13761 0.954922 152.1
40.9999 18.0691 6.14634 0.956872 152.092
41.0999 18.0933 6.15509 0.95882 152.083
41.1999 18.1173 6.16386 0.960765 152.074
41.2999 18.1412 6.17265 0.962707 152.065
41.3999 18.1651 6.18145 0.964646 152.056
41.4999 18.1888 6.19027 0.966583 152.048
41.5999 18.2124 6.19911 0.968517 152.039
41.6999 18.2359 6.20797 0.970448 152.03
41.7999 18.2593 6.21684 0.972376 152.021
41.8999 18.2826 6.22574 0.974302 152.012
41.9999 18.3058 6.23464 0.976224 152.003
42.0999 18.3289 6.24357 0.978144 151.994
42.1999 18.3519 6.25251 0.980061 151.985
42.2999 18.3748 6.26147 0.981975 151.976
42.3999 18.3975 6.27045 0.983887 151.967
42.4999 18.4202 6.27944 0.985795 151.958
42.5999 18.4428 6.28846 0.987701 151.949
42.6999 18.4652 6.29749 0.989604 151.94
42.7999 18.4876 6.30653 0.991504 151.931
42.8999 18.5099 6.31559 0.993401 151.922
42.9999 18.532 6.32467 0.995296 151.913
43.0999 18.5541 6.33377 0.997187 151.904
43.1999 18.576 6.34289 0.999076 151.895
43.2999 18.5978 6.35202 1.00096 151.886
43.3999 18.6196 6.36116 1.00284 151.877
43.4999 18.6412 6.37033 1.00472 151.868
43.5999 18.6628 6.37951 1.0066 151.858
43.6999 18.6842 6.38871 1.00848 151.849
43.7999 18.7055 6.39792 1.01035 151.84
43.8999 18.7267 6.40716 1.01222 151.831
43.9999 18.7479 6.41641 1.01408 151.821
44.0999 18.7689 6.42567 1.01594 151.812
44.1999 18.7898 6.43495 1.0178 151.803
44.2999 18.8106 6.44425 1.01966 151.794
44.3999 18.8313 6.45357 1.02151 151.784
44.4999 18.8519 6.4629 1.02336 151.775
44.5999 18.8724 6.47225 1.02521 151.766
44.6999 18.8928 6.48161 1.02706 151.756
44.7999 18.9131 6.491 1.0289 151.747
44.8999 18.9334 6.5004 1.03074 151.738
44.9999 18.9535 6.50981 1.03258 151.728
45.0999 18.9735 6.51924 1.03441 151.719
45.1999 18.9934 6.52869 1.03624 151.709
45.2999 19.0132 6.53815 1.03807 151.7
45.3999 19.0328 6.54763 1.03989 151.69
45.4999 19.0524 6.55713 1.04171 151.681
45.5999 19.0719 6.56664 1.04353 151.671
45.6999 19.0913 6.57617 1.04534 151.662
45.7999 19.1106 6.58572 1.04716 151.652
45.8999 19.1298 6.59528 1.04897 151.643
45.9999 19.1489 6.60486 1.05077 151.633
46.0999 19.1679 6.61445 1.05257 151.623
46.1999 19.1868 6.62406 1.05437 151.614
46.2999 19.2056 6.63369 1.05617 151.604
46.3999 19.2243 6.64333 1.05797 151.595
46.4999 19.2429 6.65299 1.05976 151.585
46.5999 19.2614 6.66267 1.06154 151.575
46.6999 19.2798 6.67236 1.06333 151.566
46.7999 19.2981 6.68206 1.06511 151.556
46.8999 19.3163 6.69179 1.06689 151.546
46.9999 19.3344 6.70152 1.06867 151.536
47.0999 19.3524 6.71128 1.07044 151.527
47.1999 19.3703 6.72105 1.07221 151.517
47.2999 19.3881 6.73083 1.07397 151.507
47.3998 19.4058 6.74064 1.07574 151.497
47.4998 19.4234 6.75045 1.0775 151.487
47.5998 19.4409 6.76029 1.07925 151.478
47.6998 19.4583 6.77014 1.08101 151.468
47.7998 19.4756 6.78 1.08276 151.458
47.8998 19.4928 6.78988 1.08451 151.448
47.9998 19.5099 6.79978 1.08625 151.438
48.0998 19.5269 6.80969 1.08799 151.428
48.1998 19.5439 6.81961 1.08973 151.418
48.2998 19.5607 6.82956 1.09147 151.408
48.3998 19.5774 6.83951 1.0932 151.398
48.4998 19.594 6.84949 1.09493 151.388
48.5998 19.6106 6.85947 1.09665 151.378
48.6998 19.627 6.86948 1.09837 151.368
48.7998 19.6433 6.8795 1.10009 151.358
48.8998 19.6596 6.88953 1.10181 151.348
48.9998 19.6757 6.89958 1.10352 151.338
49.0998 19.6918 6.90965 1.10523 151.328
49.1998 19.7077 6.91973 1.10694 151.318
49.2998 19.7236 6.92982 1.10864 151.308
49.3998 19.7393 6.93993 1.11034 151.298
49.4998 19.755 6.95006 1.11204 151.288
49.5998 19.7706 6.9602 1.11373 151.278
49.6998 19.786 6.97036 1.11542 151.268
49.7998 19.8014 6.98053 1.11711 151.257
49.8998 19.8167 6.99071 1.1188 151.247
49.9998 19.8319 7.00092 1.12048 151.237
50.0998 19.847 7.01113 1.12215 151.227
50.1998 19.862 7.02136 1.12383 151.217
50.2998 19.8769 7.03161 1.1255 151.206
50.3998 19.8917 7.04187 1.12717 151.196
50.4998 19.9064 7.05214 1.12883 151.186
50.5998 19.921 7.06244 1.13049 151.175
50.6998 19.9356 7.07274 1.13215 151.165
50.7998 19.95 7.08306 1.13381 151.155
50.8998 19.9643 7.09339 1.13546 151.145
50.9998 19.9786 7.10374 1.1371 151.134
51.0998 19.9927 7.11411 1.13875 151.124
51.1998 20.0068 7.12449 1.14039 151.113
51.2998 20.0207 7.13488 1.14203 151.103
51.3998 20.0346 7.14529 1.14366 151.093
51.4998 20.0484 7.15571 1.1453 151.082
51.5998 20.0621 7.16615 1.14692 151.072
51.6998 20.0757 7.1766 1.14855 151.061
51.7998 20.0892 7.18706 1.15017 151.051
51.8998 20.1026 7.19754 1.15179 151.04
51.9998 20.1159 7.20804 1.1534 151.03
52.0998 20.1291 7.21854 1.15502 151.019
52.1998 20.1423 7.22907 1.15662 151.009
52.2998 20.1553 7.2396 1.15823 150.998
52.3998 20.1682 7.25015 1.15983 150.988
52.4998 20.1811 7.26072 1.16143 150.977
52.5998 20.1939 7.2713 1.16302 150.967
52.6998 20.2065 7.28189 1.16462 150.956
52.7998 20.2191 7.2925 1.1662 150.945
52.8998 20.2316 7.30312 1.16779 150.935
52.9998 20.244 7.31376 1.16937 150.924
53.0998 20.2563 7.32441 1.17095 150.913
53.1998 20.2686 7.33507 1.17252 150.903
53.2998 20.2807 7.34575 1.17409 150.892
53.3998 20.2927 7.35644 1.17566 150.881
53.4998 20.3047 7.36715 1.17722 150.871
53.5998 20.3165 7.37787 1.17879 150.86
53.6998 20.3283 7.3886 1.18034 150.849
53.7998 20.34 7.39935 1.1819 150.839
53.8997 20.3516 7.41011 1.18345 150.828
53.9997 20.3631 7.42088 1.185 150.817
54.0997 20.3745 7.43167 1.18654 150.806
54.1997 20.3858 7.44247 1.18808 150.795
54.2997 20.3971 7.45329 1.18962 150.785
54.3997 20.4082 7.46412 1.19115 150.774
54.4997 20.4193 7.47496 1.19268 150.763
54.5997 20.4302 7.48582 1.19421 150.752
54.6997 20.4411 7.49668 1.19573 150.741
54.7997 20.4519 7.50757 1.19725 150.73
54.8997 20.4626 7.51846 1.19876 150.719
54.9997 20.4732 7.52937 1.20028 150.709
55.0997 20.4838 7.5403 1.20179 150.698
55.1997 20.4942 7.55123 1.20329 150.687
55.2997 20.5046 7.56218 1.20479 150.676
55.3997 20.5148 7.57314 1.20629 150.665
55.4997 20.525 7.58412 1.20779 150.654
55.5997 20.5351 7.59511 1.20928 150.643
55.6997 20.5451 7.60611 1.21077 150.632
55.7997 20.555 7.61713 1.21225 150.621
55.8997 20.5649 7.62816 1.21373 150.61
55.9997 20.5746 7.6392 1.21521 150.599
56.0997 20.5843 7.65025 1.21668 150.588
56.1997 20.5938 7.66132 1.21815 150.577
56.2997 20.6033 7.6724 1.21962 150.566
56.3997 20.6127 7.68349 1.22108 150.554
56.4997 20.622 7.6946 1.22254 150.543
56.5997 20.6313 7.70572 1.224 150.532
56.6997 20.6404 7.71685 1.22545 150.521
56.7997 20.6495 7.728 1.2269 150.51
56.8997 20.6585 7.73915 1.22835 150.499
56.9997 20.6674 7.75032 1.22979 150.488
57.0997 20.6762 7.76151 1.23123 150.476
57.1997 20.6849 7.7727 1.23266 150.465
57.2997 20.6935 7.78391 1.23409 150.454
57.3997 20.7021 7.79513 1.23552 150.443
57.4997 20.7105 7.80636 1.23694 150.432
57.5997 20.7189 7.81761 1.23836 150.42
57.6997 20.7272 7.82887 1.23978 150.409
57.7997 20.7354 7.84014 1.24119 150.398
57.8997 20.7436 7.85142 1.2426 150.386
57.9997 20.7516 7.86271 1.24401 150.375
58.0997 20.7596 7.87402 1.24541 150.364
58.1997 20.7675 7.88534 1.24681 150.353
58.2997 20.7753 7.89667 1.2482 150.341
58.3997 20.783 7.90802 1.24959 150.33
58.4997 20.7906 7.91937 1.25098 150.319
58.5997 20.7982 7.93074 1.25237 150.307
58.6997 20.8057 7.94212 1.25375 150.296
58.7997 20.8131 7.95352 1.25512 150.284
58.8997 20.8204 7.96492 1.2565 150.273
58.9997 20.8276 7.97634 1.25787 150.262
59.0997 20.8347 7.98777 1.25923 150.25
59.1997 20.8418 7.99921 1.26059 150.239
59.2997 20.8488 8.01066 1.26195 150.227
59.3997 20.8557 8.02213 1.26331 150.216
59.4997 20.8625 8.0336 1.26466 150.204
59.5997 20.8692 8.04509 1.266 150.193
59.6997 20.8759 8.05659 1.26735 150.181
59.7997 20.8825 8.0681 1.26869 150.17
59.8997 20.889 8.07963 1.27002 150.158
59.9997 20.8954 8.09116 1.27136 150.147
60.0997 20.9017 8.10271 1.27268 150.135
60.1997 20.908 8.11427 1.27401 150.124
60.2997 20.9141 8.12584 1.27533 150.112
60.3997 20.9202 8.13742 1.27665 150.1
60.4996 20.9262 8.14901 1.27796 150.089
60.5996 20.9322 8.16061 1.27927 150.077
60.6996 20.938 8.17223 1.28058 150.066
60.7996 20.9438 8.18386 1.28188 150.054
60.8996 20.9495 8.1955 1.28318 150.042
60.9996 20.9551 8.20715 1.28447 150.031
61.0996 20.9607 8.21881 1.28576 150.019
61.1996 20.9661 8.23048 1.28705 150.007
61.2996 20.9715 8.24216 1.28834 149.996
61.3996 20.9768 8.25386 1.28962 149.984
61.4996 20.982 8.26556 1.29089 149.972
61.5996 20.9872 8.27728 1.29216 149.961
61.6996 20.9923 8.28901 1.29343 149.949
61.7996 20.9973 8.30075 1.2947 149.937
61.8996 21.0022 8.3125 1.29596 149.925
61.9996 21.007 8.32426 1.29721 149.914
62.0996 21.0118 8.33603 1.29847 149.902
62.1996 21.0165 8.34781 1.29972 149.89
62.2996 21.0211 8.35961 1.30096 149.878
62.3996 21.0256 8.37141 1.30221 149.866
62.4996 21.03 8.38323 1.30344 149.855
62.5996 21.0344 8.39505 1.30468 149.843
62.6996 21.0387 8.40689 1.30591 149.831
62.7996 21.0429 8.41874 1.30713 149.819
62.8996 21.0471 8.4306 1.30836 149.807
62.9996 21.0512 8.44246 1.30958 149.795
63.0996 21.0552 8.45434 1.31079 149.784
63.1996 21.0591 8.46623 1.312 149.772
63.2996 21.0629 8.47813 1.31321 149.76
63.3996 21.0667 8.49004 1.31441 149.748
63.4996 21.0704 8.50196 1.31561 149.736
63.5996 21.074 8.5139 1.31681 149.724
63.6996 21.0776 8.52584 1.318 149.712
63.7996 21.081 8.53779 1.31919 149.7
63.8996 21.0844 8.54975 1.32037 149.688
63.9996 21.0877 8.56172 1.32155 149.676
64.0996 21.091 8.57371 1.32273 149.664
64.1996 21.0942 8.5857 1.3239 149.652
64.2996 21.0973 8.5977 1.32507 149.64
64.3996 21.1003 8.60972 1.32624 149.628
64.4996 21.1032 8.62174 1.3274 149.616
64.5996 21.1061 8.63377 1.32855 149.604
64.6996 21.1089 8.64582 1.32971 149.592
64.7996 21.1116 8.65787 1.33086 149.58
64.8996 21.1143 8.66993 1.332 149.568
64.9996 21.1169 8.682 1.33314 149.556
65.0996 21.1194 8.69409 1.33428 149.544
65.1996 21.1218 8.70618 1.33541 149.532
65.2996 21.1242 8.71828 1.33654 149.52
65.3996 21.1265 8.73039 1.33767 149.508
65.4996 21.1287 8.74252 1.33879 149.495
65.5996 21.1308 8.75465 1.33991 149.483
65.6996 21.1329 8.76679 1.34102 149.471
65.7996 21.1349 8.77894 1.34213 149.459
65.8996 21.1369 8.7911 1.34324 149.447
65.9996 21.1387 8.80327 1.34434 149.435
66.0996 21.1405 8.81545 1.34544 149.422
66.1996 21.1422 8.82763 1.34653 149.41
66.2996 21.1439 8.83983 1.34762 149.398
66.3996 21.1455 8.85204 1.34871 149.386
66.4996 21.147 8.86426 1.34979 149.374
66.5996 21.1484 8.87648 1.35087 149.361
66.6996 21.1498 8.88872 1.35194 149.349
66.7996 21.151 8.90096 1.35301 149.337
66.8996 21.1523 8.91321 1.35408 149.325
66.9995 21.1534 8.92548 1.35514 149.312
67.0995 21.1545 8.93775 1.3562 149.3
67.1995 21.1555 8.95003 1.35725 149.288
67.2995 21.1565 8.96232 1.3583 149.276
67.3995 21.1573 8.97462 1.35935 149.263
67.4995 21.1581 8.98692 1.36039 149.251
67.5995 21.1589 8.99924 1.36143 149.239
67.6995 21.1595 9.01157 1.36246 149.226
67.7995 21.1601 9.0239 1.36349 149.214
67.8995 21.1607 9.03624 1.36452 149.202
67.9995 21.1611 9.04859 1.36554 149.189
68.0995 21.1615 9.06095 1.36656 149.177
68.1995 21.1618 9.07332 1.36757 149.165
68.2995 21.1621 9.0857 1.36858 149.152
68.3995 21.1623 9.09809 1.36959 149.14
68.4995 21.1624 9.11048 1.37059 149.127
68.5995 21.1624 9.12289 1.37159 149.115
68.6995 21.1624 9.1353 1.37258 149.103
68.7995 21.1623 9.14772 1.37357 149.09
68.8995 21.1622 9.16015 1.37456 149.078
68.9995 21.162 9.17258 1.37554 149.065
69.0995 21.1617 9.18503 1.37652 149.053
69.1995 21.1613 9.19748 1.37749 149.04
69.2995 21.1609 9.20994 1.37846 149.028
69.3995 21.1604 9.22241 1.37942 149.015
69.4995 21.1598 9.23489 1.38039 149.003
69.5995 21.1592 9.24738 1.38134 148.991
69.6995 21.1585 9.25987 1.3823 148.978
69.7995 21.1578 9.27238 1.38324 148.966
69.8995 21.157 9.28489 1.38419 148.953
69.9995 21.1561 9.29741 1.38513 148.94
70.0995 21.1551 9.30993 1.38607 148.928
70.1995 21.1541 9.32247 1.387 148.915
70.2995 21.153 9.33501 1.38793 148.903
70.3995 21.1519 9.34756 1.38885 148.89
70.4995 21.1506 9.36012 1.38977 148.878
70.5995 21.1494 9.37268 1.39069 148.865
70.6995 21.148 9.38526 1.3916 148.853
70.7995 21.1466 9.39784 1.39251 148.84
70.8995 21.1451 9.41043 1.39341 148.827
70.9995 21.1436 9.42302 1.39431 148.815
71.0995 21.142 9.43563 1.39521 148.802
71.1995 21.1403 9.44824 1.3961 148.79
71.2995 21.1386 9.46086 1.39698 148.777
71.3995 21.1368 9.47349 1.39787 148.764
71.4995 21.1349 9.48612 1.39875 148.752
71.5995 21.133 9.49876 1.39962 148.739
71.6995 21.131 9.51141 1.40049 148.726
71.7995 21.129 9.52407 1.40136 148.714
71.8995 21.1268 9.53673 1.40222 148.701
71.9995 21.1247 9.5494 1.40308 148.689
72.0995 21.1224 9.56208 1.40393 148.676
72.1995 21.1201 9.57476 1.40478 148.663
72.2995 21.1178 9.58745 1.40563 148.65
72.3995 21.1153 9.60015 1.40647 148.638
72.4995 21.1128 9.61286 1.40731 148.625
72.5995 21.1103 9.62557 1.40814 148.612
72.6995 21.1077 9.63829 1.40897 148.6
72.7995 21.105 9.65102 1.40979 148.587
72.8995 21.1022 9.66375 1.41061 148.574
72.9995 21.0994 9.67649 1.41143 148.561
73.0995 21.0966 9.68924 1.41224 148.549
73.1995 21.0936 9.702 1.41305 148.536
73.2995 21.0906 9.71476 1.41385 148.523
73.3995 21.0876 9.72752 1.41465 148.51
73.4995 21.0845 9.7403 1.41545 148.498
73.5994 21.0813 9.75308 1.41624 148.485
73.6994 21.0781 9.76587 1.41703 148.472
73.7994 21.0748 9.77866 1.41781 148.459
73.8994 21.0714 9.79146 1.41859 148.446
73.9994 21.068 9.80427 1.41936 148.434
74.0994 21.0645 9.81708 1.42013 148.421
74.1994 21.061 9.8299 1.4209 148.408
74.2994 21.0574 9.84273 1.42166 148.395
74.3994 21.0537 9.85556 1.42242 148.382
74.4994 21.05 9.8684 1.42317 148.37
74.5994 21.0462 9.88124 1.42392 148.357
74.6994 21.0424 9.89409 1.42466 148.344
74.7994 21.0385 9.90695 1.4254 148.331
74.8994 21.0345 9.91981 1.42614 148.318
74.9994 21.0305 9.93268 1.42687 148.305
75.0994 21.0264 9.94556 1.4276 148.292
75.1994 21.0223 9.95844 1.42832 148.279
75.2994 21.0181 9.97133 1.42904 148.267
75.3994 21.0138 9.98422 1.42976 148.254
75.4994 21.0095 9.99712 1.43047 148.241
75.5994 21.0052 10.01 1.43117 148.228
75.6994 21.0007 10.0229 1.43187 148.215
75.7994 20.9962 10.0359 1.43257 148.202
75.8994 20.9917 10.0488 1.43327 148.189
75.9994 20.9871 10.0617 1.43395 148.176
76.0994 20.9824 10.0746 1.43464 148.163
76.1994 20.9777 10.0876 1.43532 148.15
76.2994 20.9729 10.1005 1.436 148.137
76.3994 20.9681 10.1135 1.43667 148.124
76.4994 20.9632 10.1264 1.43734 148.111
76.5994 20.9583 10.1394 1.438 148.099
76.6994 20.9532 10.1523 1.43866 148.086
76.7994 20.9482 10.1653 1.43931 148.073
76.8994 20.9431 10.1783 1.43997 148.06
76.9994 20.9379 10.1913 1.44061 148.047
77.0994 20.9326 10.2043 1.44125 148.034
77.1994 20.9274 10.2173 1.44189 148.021
77.2994 20.922 10.2303 1.44252 148.008
77.3994 20.9166 10.2433 1.44315 147.995
77.4994 20.9111 10.2563 1.44378 147.982
77.5994 20.9056 10.2693 1.4444 147.969
77.6994 20.9 10.2823 1.44501 147.956
77.7994 20.8944 10.2953 1.44563 147.943
77.8994 20.8887 10.3084 1.44623 147.93
77.9994 20.883 10.3214 1.44684 147.917
78.0994 20.8772 10.3344 1.44744 147.903
78.1994 20.8713 10.3475 1.44803 147.89
78.2994 20.8654 10.3605 1.44862 147.877
78.3994 20.8595 10.3736 1.44921 147.864
78.4994 20.8535 10.3866 1.44979 147.851
78.5994 20.8474 10.3997 1.45037 147.838
78.6994 20.8412 10.4127 1.45094 147.825
78.7994 20.8351 10.4258 1.45151 147.812
78.8994 20.8288 10.4389 1.45207 147.799
78.9994 20.8225 10.452 1.45263 147.786
79.0994 20.8162 10.4651 1.45319 147.773
79.1994 20.8098 10.4781 1.45374 147.76
79.2994 20.8033 10.4912 1.45428 147.747
79.3994 20.7968 10.5043 1.45483 147.734
79.4994 20.7903 10.5174 1.45536 147.72
79.5994 20.7837 10.5305 1.4559 147.707
79.6994 20.777 10.5436 1.45643 147.694
79.7994 20.7703 10.5568 1.45695 147.681
79.8994 20.7635 10.5699 1.45747 147.668
79.9994 20.7567 10.583 1.45799 147.655
80.0993 20.7498 10.5961 1.4585 147.642
80.1993 20.7428 10.6093 1.45901 147.629
80.2993 20.7358 10.6224 1.45951 147.616
80.3993 20.7288 10.6355 1.46001 147.602
80.4993 20.7217 10.6487 1.4605 147.589
80.5993 20.7146 10.6618 1.46099 147.576
80.6993 20.7074 10.675 1.46148 147.563
80.7993 20.7001 10.6881 1.46196 147.55
80.8993 20.6928 10.7013 1.46244 147.537
80.9993 20.6854 10.7144 1.46291 147.523
81.0993 20.678 10.7276 1.46338 147.51
81.1993 20.6706 10.7408 1.46384 147.497
81.2993 20.6631 10.7539 1.4643 147.484
81.3993 20.6555 10.7671 1.46476 147.471
81.4993 20.6479 10.7803 1.46521 147.458
81.5993 20.6402 10.7935 1.46565 147.444
81.6993 20.6325 10.8067 1.46609 147.431
81.7993 20.6247 10.8198 1.46653 147.418
81.8993 20.6169 10.833 1.46696 147.405
81.9993 20.609 10.8462 1.46739 147.392
82.0993 20.6011 10.8594 1.46782 147.378
82.1993 20.5931 10.8726 1.46823 147.365
82.2993 20.5851 10.8858 1.46865 147.352
82.3993 20.577 10.899 1.46906 147.339
82.4993 20.5689 10.9123 1.46947 147.326
82.5993 20.5607 10.9255 1.46987 147.312
82.6993 20.5525 10.9387 1.47027 147.299
82.7993 20.5442 10.9519 1.47066 147.286
82.8993 20.5359 10.9651 1.47105 147.273
82.9993 20.5275 10.9784 1.47143 147.26
83.0993 20.5191 10.9916 1.47181 147.246
83.1993 20.5106 11.0048 1.47219 147.233
83.2993 20.5021 11.018 1.47256 147.22
83.3993 20.4935 11.0313 1.47292 147.207
83.4993 20.4849 11.0445 1.47329 147.193
83.5993 20.4762 11.0578 1.47364 147.18
83.6993 20.4675 11.071 1.474 147.167
83.7993 20.4587 11.0843 1.47434 147.154
83.8993 20.4499 11.0975 1.47469 147.14
83.9993 20.441 11.1108 1.47503 147.127
84.0993 20.4321 11.124 1.47536 147.114
84.1993 20.4232 11.1373 1.47569 147.101
84.2993 20.4141 11.1505 1.47602 147.087
84.3993 20.4051 11.1638 1.47634 147.074
84.4993 20.396 11.1771 1.47666 147.061
84.5993 20.3868 11.1903 1.47697 147.048
84.6993 20.3776 11.2036 1.47728 147.034
84.7993 20.3683 11.2169 1.47759 147.021
84.8993 20.359 11.2301 1.47789 147.008
84.9993 20.3497 11.2434 1.47818 146.994
85.0993 20.3403 11.2567 1.47847 146.981
85.1993 20.3308 11.27 1.47876 146.968
85.2993 20.3214 11.2832 1.47904 146.955
85.3993 20.3118 11.2965 1.47932 146.941
85.4993 20.3022 11.3098 1.47959 146.928
85.5993 20.2926 11.3231 1.47986 146.915
85.6993 20.2829 11.3364 1.48012 146.902
85.7993 20.2732 11.3497 1.48038 146.888
85.8993 20.2634 11.363 1.48064 146.875
85.9993 20.2536 11.3763 1.48089 146.862
86.0993 20.2437 11.3896 1.48113 146.848
86.1993 20.2338 11.4029 1.48137 146.835
86.2993 20.2238 11.4161 1.48161 146.822
86.3993 20.2138 11.4294 1.48184 146.808
86.4993 20.2038 11.4427 1.48207 146.795
86.5993 20.1937 11.4561 1.4823 146.782
86.6992 20.1835 11.4694 1.48251 146.769
86.7992 20.1733 11.4827 1.48273 146.755
86.8992 20.1631 11.496 1.48294 146.742
86.9992 20.1528 11.5093 1.48314 146.729
87.0992 20.1425 11.5226 1.48335 146.715
87.1992 20.1321 11.5359 1.48354 146.702
87.2992 20.1217 11.5492 1.48373 146.689
87.3992 20.1112 11.5625 1.48392 146.675
87.4992 20.1007 11.5758 1.48411 146.662
87.5992 20.0901 11.5891 1.48428 146.649
87.6992 20.0795 11.6025 1.48446 146.635
87.7992 20.0689 11.6158 1.48463 146.622
87.8992 20.0582 11.6291 1.48479 146.609
87.9992 20.0475 11.6424 1.48495 146.595
88.0992 20.0367 11.6557 1.48511 146.582
88.1992 20.0259 11.669 1.48526 146.569
88.2992 20.015 11.6824 1.48541 146.556
88.3992 20.0041 11.6957 1.48555 146.542
88.4992 19.9931 11.709 1.48569 146.529
88.5992 19.9821 11.7223 1.48582 146.516
88.6992 19.9711 11.7357 1.48595 146.502
88.7992 19.96 11.749 1.48608 146.489
88.8992 19.9489 11.7623 1.4862 146.476
88.9992 19.9377 11.7756 1.48631 146.462
89.0992 19.9265 11.7889 1.48642 146.449
89.1992 19.9152 11.8023 1.48653 146.436
89.2992 19.9039 11.8156 1.48663 146.422
89.3992 19.8925 11.8289 1.48673 146.409
89.4992 19.8811 11.8423 1.48682 146.396
89.5992 19.8697 11.8556 1.48691 146.382
89.6992 19.8582 11.8689 1.487 146.369
89.7992 19.8467 11.8822 1.48707 146.356
89.8992 19.8351 11.8956 1.48715 146.342
89.9992 19.8235 11.9089 1.48722 146.329
90.0992 19.8119 11.9222 1.48729 146.316
90.1992 19.8002 11.9355 1.48735 146.302
90.2992 19.7885 11.9489 1.4874 146.289
90.3992 19.7767 11.9622 1.48746 146.276
90.4992 19.7649 11.9755 1.4875 146.262
90.5992 19.753 11.9888 1.48755 146.249
90.6992 19.7411 12.0022 1.48759 146.236
90.7992 19.7292 12.0155 1.48762 146.222
90.8992 19.7172 12.0288 1.48765 146.209
90.9992 19.7051 12.0421 1.48768 146.196
91.0992 19.6931 12.0555 1.4877 146.182
91.1992 19.681 12.0688 1.48771 146.169
91.2992 19.6688 12.0821 1.48772 146.156
91.3992 19.6566 12.0954 1.48773 146.142
91.4992 19.6444 12.1088 1.48773 146.129
91.5992 19.6321 12.1221 1.48773 146.116
91.6992 19.6198 12.1354 1.48772 146.103
91.7992 19.6074 12.1487 1.48771 146.089
91.8992 19.595 12.162 1.4877 146.076
91.9992 19.5826 12.1754 1.48768 146.063
92.0992 19.5701 12.1887 1.48765 146.049
92.1992 19.5576 12.202 1.48762 146.036
92.2992 19.545 12.2153 1.48759 146.023
92.3992 19.5324 12.2286 1.48755 146.009
92.4992 19.5198 12.2419 1.48751 145.996
92.5992 19.5071 12.2552 1.48746 145.983
92.6992 19.4944 12.2686 1.48741 145.969
92.7992 19.4816 12.2819 1.48735 145.956
92.8992 19.4688 12.2952 1.48729 145.943
92.9992 19.4559 12.3085 1.48723 145.929
93.0992 19.4431 12.3218 1.48716 145.916
93.1992 19.4301 12.3351 1.48708 145.903
93.2991 19.4172 12.3484 1.487 145.889
93.3991 19.4042 12.3617 1.48692 145.876
93.4991 19.3911 12.375 1.48683 145.863
93.5991 19.378 12.3883 1.48674 145.85
93.6991 19.3649 12.4016 1.48664 145.836
93.7991 19.3518 12.4149 1.48654 145.823
93.8991 19.3386 12.4282 1.48643 145.81
93.9991 19.3253 12.4415 1.48632 145.796
94.0991 19.312 12.4548 1.48621 145.783
94.1991 19.2987 12.4681 1.48609 145.77
94.2991 19.2854 12.4814 1.48596 145.757
94.3991 19.272 12.4947 1.48583 145.743
94.4991 19.2586 12.508 1.4857 145.73
94.5991 19.2451 12.5212 1.48556 145.717
94.6991 19.2316 12.5345 1.48542 145.703
94.7991 19.218 12.5478 1.48527 145.69
94.8991 19.2044 12.5611 1.48512 145.677
94.9991 19.1908 12.5744 1.48496 145.664
95.0991 19.1772 12.5876 1.4848 145.65
95.1991 19.1635 12.6009 1.48463 145.637
95.2991 19.1497 12.6142 1.48446 145.624
95.3991 19.136 12.6274 1.48429 145.61
95.4991 19.1221 12.6407 1.48411 145.597
95.5991 19.1083 12.654 1.48393 145.584
95.6991 19.0944 12.6672 1.48374 145.571
95.7991 19.0805 12.6805 1.48355 145.557
95.8991 19.0665 12.6938 1.48335 145.544
95.9991 19.0525 12.707 1.48315 145.531
96.0991 19.0385 12.7203 1.48294 145.518
96.1991 19.0244 12.7335 1.48273 145.504
96.2991 19.0103 12.7468 1.48251 145.491
96.3991 18.9962 12.76 1.48229 145.478
96.4991 18.982 12.7732 1.48207 145.465
96.5991 18.9677 12.7865 1.48184 145.451
96.6991 18.9535 12.7997 1.48161 145.438
96.7991 18.9392 12.813 1.48137 145.425
96.8991 18.9249 12.8262 1.48113 145.412
96.9991 18.9105 12.8394 1.48088 145.398
97.0991 18.8961 12.8526 1.48063 145.385
97.1991 18.8817 12.8659 1.48037 145.372
97.2991 18.8672 12.8791 1.48011 145.359
97.3991 18.8527 12.8923 1.47984 145.346
97.4991 18.8381 12.9055 1.47957 145.332
97.5991 18.8235 12.9187 1.4793 145.319
97.6991 18.8089 12.9319 1.47902 145.306
97.7991 18.7943 12.9451 1.47874 145.293
97.8991 18.7796 12.9583 1.47845 145.28
97.9991 18.7648 12.9715 1.47815 145.266
98.0991 18.7501 12.9847 1.47786 145.253
98.1991 18.7353 12.9979 1.47756 145.24
98.2991 18.7205 13.0111 1.47725 145.227
98.3991 18.7056 13.0243 1.47694 145.214
98.4991 18.6907 13.0375 1.47662 145.2
98.5991 18.6757 13.0507 1.4763 145.187
98.6991 18.6608 13.0638 1.47598 145.174
98.7991 18.6458 13.077 1.47565 145.161
98.8991 18.6307 13.0902 1.47531 145.148
98.9991 18.6156 13.1033 1.47498 145.135
99.0991 18.6005 13.1165 1.47463 145.121
99.1991 18.5854 13.1297 1.47429 145.108
99.2991 18.5702 13.1428 1.47393 145.095
99.3991 18.555 13.156 1.47358 145.082
99.4991 18.5397 13.1691 1.47322 145.069
99.5991 18.5245 13.1822 1.47285 145.056
99.6991 18.5091 13.1954 1.47248 145.043
99.799 18.4938 13.2085 1.47211 145.029
99.899 18.4784 13.2216 1.47173 145.016
99.999 18.463 13.2348 1.47134 145.003
100.099 18.4475 13.2479 1.47096 144.99
100.199 18.432 13.261 1.47056 144.977
100.299 18.4165 13.2741 1.47017 144.964
100.399 18.401 13.2872 1.46976 144.951
100.499 18.3854 13.3003 1.46936 144.938
100.599 18.3697 13.3134 1.46895 144.924
100.699 18.3541 13.3265 1.46853 144.911
100.799 18.3384 13.3396 1.46811 144.898
100.899 18.3227 13.3527 1.46769 144.885
100.999 18.3069 13.3658 1.46726 144.872
101.099 18.2911 13.3789 1.46683 144.859
101.199 18.2753 13.392 1.46639 144.846
101.299 18.2595 13.405 1.46595 144.833
101.399 18.2436 13.4181 1.4655 144.82
101.499 18.2276 13.4312 1.46505 144.807
101.599 18.2117 13.4442 1.46459 144.794
101.699 18.1957 13.4573 1.46413 144.781
101.799 18.1797 13.4703 1.46366 144.768
101.899 18.1636 13.4833 1.46319 144.755
101.999 18.1475 13.4964 1.46272 144.742
102.099 18.1314 13.5094 1.46224 144.728
102.199 18.1153 13.5224 1.46176 144.715
102.299 18.0991 13.5355 1.46127 144.702
102.399 18.0829 13.5485 1.46078 144.689
102.499 18.0666 13.5615 1.46028 144.676
102.599 18.0504 13.5745 1.45978 144.663
102.699 18.0341 13.5875 1.45927 144.65
102.799 18.0177 13.6005 1.45876 144.637
102.899 18.0013 13.6135 1.45825 144.624
102.999 17.9849 13.6265 1.45773 144.611
103.099 17.9685 13.6395 1.45721 144.598
103.199 17.952 13.6524 1.45668 144.585
103.299 17.9355 13.6654 1.45614 144.572
103.399 17.919 13.6784 1.45561 144.56
103.499 17.9024 13.6913 1.45507 144.547
103.599 17.8859 13.7043 1.45452 144.534
103.699 17.8692 13.7173 1.45397 144.521
103.799 17.8526 13.7302 1.45341 144.508
103.899 17.8359 13.7431 1.45285 144.495
103.999 17.8192 13.7561 1.45229 144.482
104.099 17.8024 13.769 1.45172 144.469
104.199 17.7856 13.7819 1.45115 144.456
104.299 17.7688 13.7948 1.45057 144.443
104.399 17.752 13.8077 1.44999 144.43
104.499 17.7351 13.8207 1.4494 144.417
104.599 17.7182 13.8336 1.44881 144.404
104.699 17.7013 13.8464 1.44821 144.391
104.799 17.6843 13.8593 1.44761 144.379
104.899 17.6673 13.8722 1.44701 144.366
104.999 17.6503 13.8851 1.4464 144.353
105.099 17.6333 13.898 1.44578 144.34
105.199 17.6162 13.9108 1.44516 144.327
105.299 17.5991 13.9237 1.44454 144.314
105.399 17.5819 13.9365 1.44391 144.301
105.499 17.5648 13.9494 1.44328 144.289
105.599 17.5476 13.9622 1.44265 144.276
105.699 17.5303 13.975 1.44201 144.263
105.799 17.5131 13.9879 1.44136 144.25
105.899 17.4958 14.0007 1.44071 144.237
105.999 17.4784 14.0135 1.44006 144.224
106.099 17.4611 14.0263 1.4394 144.212
106.199 17.4437 14.0391 1.43873 144.199
106.299 17.4263 14.0519 1.43807 144.186
106.399 17.4089 14.0647 1.43739 144.173
106.499 17.3914 14.0775 1.43672 144.16
106.599 17.3739 14.0902 1.43604 144.148
106.699 17.3564 14.103 1.43535 144.135
106.799 17.3388 14.1158 1.43466 144.122
106.899 17.3212 14.1285 1.43397 144.109
106.999 17.3036 14.1413 1.43327 144.097
107.099 17.286 14.154 1.43256 144.084
107.199 17.2683 14.1668 1.43186 144.071
107.299 17.2506 14.1795 1.43114 144.058
107.399 17.2329 14.1922 1.43043 144.046
107.499 17.2151 14.2049 1.42971 144.033
107.599 17.1974 14.2176 1.42898 144.02
107.699 17.1795 14.2303 1.42825 144.008
107.799 17.1617 14.243 1.42752 143.995
107.899 17.1438 14.2557 1.42678 143.982
107.999 17.1259 14.2684 1.42603 143.97
108.099 17.108 14.281 1.42529 143.957
108.199 17.0901 14.2937 1.42453 143.944
108.299 17.0721 14.3064 1.42378 143.932
108.399 17.0541 14.319 1.42302 143.919
108.499 17.036 14.3317 1.42225 143.906
108.599 17.018 14.3443 1.42148 143.894
108.699 16.9999 14.3569 1.4207 143.881
108.799 16.9817 14.3695 1.41993 143.868
108.899 16.9636 14.3821 1.41914 143.856
108.999 16.9454 14.3948 1.41835 143.843
109.099 16.9272 14.4073 1.41756 143.831
109.199 16.909 14.4199 1.41677 143.818
109.299 16.8907 14.4325 1.41596 143.805
109.399 16.8724 14.4451 1.41516 143.793
109.499 16.8541 14.4577 1.41435 143.78
109.599 16.8358 14.4702 1.41354 143.768
109.699 16.8174 14.4828 1.41272 143.755
109.799 16.799 14.4953 1.41189 143.743
109.899 16.7806 14.5078 1.41107 143.73
109.999 16.7622 14.5204 1.41023 143.718
110.099 16.7437 14.5329 1.4094 143.705
110.199 16.7252 14.5454 1.40856 143.693
110.299 16.7067 14.5579 1.40771 143.68
110.399 16.6881 14.5704 1.40686 143.668
110.499 16.6695 14.5829 1.40601 143.655
110.599 16.6509 14.5954 1.40515 143.643
110.699 16.6323 14.6078 1.40429 143.63
110.799 16.6136 14.6203 1.40342 143.618
110.899 16.5949 14.6328 1.40255 143.605
110.999 16.5762 14.6452 1.40167 143.593
111.099 16.5575 14.6576 1.40079 143.58
111.199 16.5387 14.6701 1.39991 143.568
111.299 16.5199 14.6825 1.39902 143.555
111.399 16.5011 14.6949 1.39812 143.543
111.499 16.4823 14.7073 1.39723 143.531
111.599 16.4634 14.7197 1.39632 143.518
111.699 16.4445 14.7321 1.39542 143.506
111.799 16.4256 14.7445 1.39451 143.493
111.899 16.4066 14.7568 1.39359 143.481
111.999 16.3877 14.7692 1.39267 143.469
112.099 16.3687 14.7815 1.39175 143.456
112.199 16.3497 14.7939 1.39082 143.444
112.299 16.3306 14.8062 1.38989 143.432
112.399 16.3115 14.8185 1.38895 143.419
112.499 16.2924 14.8309 1.38801 143.407
112.599 16.2733 14.8432 1.38706 143.395
112.699 16.2542 14.8555 1.38611 143.382
112.799 16.235 14.8678 1.38516 143.37
112.899 16.2158 14.88 1.3842 143.358
112.999 16.1966 14.8923 1.38324 143.346
113.099 16.1773 14.9046 1.38227 143.333
113.199 16.158 14.9168 1.3813 143.321
113.299 16.1387 14.9291 1.38032 143.309
113.399 16.1194 14.9413 1.37934 143.297
113.499 16.1001 14.9535 1.37835 143.284
113.599 16.0807 14.9657 1.37737 143.272
113.699 16.0613 14.978 1.37637 143.26
113.799 16.0419 14.9901 1.37537 143.248
113.899 16.0224 15.0023 1.37437 143.236
113.999 16.003 15.0145 1.37337 143.223
114.099 15.9835 15.0267 1.37235 143.211
114.199 15.9639 15.0388 1.37134 143.199
114.299 15.9444 15.051 1.37032 143.187
114.399 15.9248 15.0631 1.3693 143.175
114.499 15.9052 15.0753 1.36827 143.163
114.599 15.8856 15.0874 1.36724 143.151
114.699 15.866 15.0995 1.3662 143.138
114.799 15.8463 15.1116 1.36516 143.126
114.899 15.8266 15.1237 1.36411 143.114
114.999 15.8069 15.1358 1.36306 143.102
115.099 15.7872 15.1479 1.36201 143.09
115.199 15.7674 15.1599 1.36095 143.078
115.299 15.7476 15.172 1.35989 143.066
115.399 15.7278 15.184 1.35882 143.054
115.499 15.708 15.196 1.35775 143.042
115.599 15.6882 15.2081 1.35668 143.03
115.699 15.6683 15.2201 1.3556 143.018
115.799 15.6484 15.2321 1.35451 143.006
115.899 15.6285 15.2441 1.35343 142.994
115.999 15.6085 15.2561 1.35233 142.982
116.099 15.5885 15.268 1.35124 142.97
116.199 15.5685 15.28 1.35014 142.958
116.299 15.5485 15.2919 1.34903 142.946
116.399 15.5285 15.3039 1.34792 142.934
116.499 15.5084 15.3158 1.34681 142.922
116.599 15.4883 15.3277 1.34569 142.91
116.699 15.4682 15.3397 1.34457 142.898
116.799 15.4481 15.3516 1.34344 142.886
116.899 15.4279 15.3634 1.34231 142.874
116.999 15.4078 15.3753 1.34118 142.863
117.099 15.3876 15.3872 1.34004 142.851
117.199 15.3673 15.3991 1.3389 142.839
117.299 15.3471 15.4109 1.33775 142.827
117.399 15.3268 15.4227 1.3366 142.815
117.499 15.3065 15.4346 1.33544 142.803
117.599 15.2862 15.4464 1.33428 142.792
117.699 15.2659 15.4582 1.33312 142.78
117.799 15.2455 15.47 1.33195 142.768
117.899 15.2252 15.4818 1.33078 142.756
117.999 15.2048 15.4935 1.3296 142.744
118.099 15.1843 15.5053 1.32842 142.733
118.199 15.1639 15.517 1.32723 142.721
118.299 15.1434 15.5288 1.32604 142.709
118.399 15.1229 15.5405 1.32485 142.697
118.499 15.1024 15.5522 1.32365 142.686
118.599 15.0819 15.5639 1.32245 142.674
118.699 15.0613 15.5756 1.32124 142.662
118.799 15.0408 15.5873 1.32003 142.651
118.899 15.0202 15.599 1.31882 142.639
118.999 14.9996 15.6106 1.3176 142.627
119.099 14.9789 15.6223 1.31638 142.616
119.199 14.9583 15.6339 1.31515 142.604
119.299 14.9376 15.6456 1.31392 142.592
119.399 14.9169 15.6572 1.31268 142.581
119.499 14.8961 15.6688 1.31144 142.569
119.599 14.8754 15.6804 1.3102 142.558
119.699 14.8546 15.692 1.30895 142.546
119.799 14.8338 15.7035 1.3077 142.534
119.899 14.813 15.7151 1.30645 142.523
119.999 14.7922 15.7266 1.30519 142.511
120.099 14.7713 15.7382 1.30392 142.5
120.199 14.7505 15.7497 1.30265 142.488
120.299 14.7296 15.7612 1.30138 142.477
120.399 14.7087 15.7727 1.3001 142.465
120.499 14.6877 15.7842 1.29882 142.454
120.599 14.6668 15.7957 1.29754 142.442
120.699 14.6458 15.8071 1.29625 142.431
120.799 14.6248 15.8186 1.29496 142.419
120.899 14.6038 15.83 1.29366 142.408
120.999 14.5827 15.8415 1.29236 142.396
121.099 14.5617 15.8529 1.29105 142.385
121.199 14.5406 15.8643 1.28974 142.374
121.299 14.5195 15.8757 1.28843 142.362
121.399 14.4984 15.8871 1.28711 142.351
121.499 14.4772 15.8984 1.28579 142.339
121.599 14.4561 15.9098 1.28446 142.328
121.699 14.4349 15.9211 1.28313 142.317
121.799 14.4137 15.9325 1.2818 142.305
121.899 14.3924 15.9438 1.28046 142.294
121.999 14.3712 15.9551 1.27912 142.283
122.099 14.3499 15.9664 1.27777 142.272
122.199 14.3287 15.9777 1.27642 142.26
122.299 14.3074 15.9889 1.27507 142.249
122.399 14.286 16.0002 1.27371 142.238
122.499 14.2647 16.0114 1.27235 142.226
122.599 14.2433 16.0227 1.27098 142.215
122.699 14.2219 16.0339 1.26961 142.204
122.799 14.2005 16.0451 1.26824 142.193
122.899 14.1791 16.0563 1.26686 142.182
122.999 14.1577 16.0675 1.26548 142.17
123.099 14.1362 16.0786 1.26409 142.159
123.199 14.1147 16.0898 1.2627 142.148
123.299 14.0933 16.1009 1.26131 142.137
123.399 14.0717 16.1121 1.25991 142.126
123.499 14.0502 16.1232 1.25851 142.115
123.599 14.0286 16.1343 1.2571 142.104
123.699 14.0071 16.1454 1.25569 142.093
123.799 13.9855 16.1565 1.25427 142.081
123.899 13.9639 16.1675 1.25286 142.07
123.999 13.9422 16.1786 1.25143 142.059
124.099 13.9206 16.1896 1.25001 142.048
124.199 13.8989 16.2007 1.24858 142.037
124.299 13.8772 16.2117 1.24714 142.026
124.399 13.8555 16.2227 1.2457 142.015
124.499 13.8338 16.2337 1.24426 142.004
124.599 13.812 16.2447 1.24281 141.993
124.699 13.7903 16.2556 1.24136 141.982
124.799 13.7685 16.2666 1.23991 141.971
124.899 13.7467 16.2775 1.23845 141.96
124.999 13.7249 16.2884 1.23699 141.949
125.099 13.703 16.2993 1.23552 141.939
125.199 13.6812 16.3102 1.23405 141.928
125.299 13.6593 16.3211 1.23258 141.917
125.399 13.6374 16.332 1.2311 141.906
125.499 13.6155 16.3428 1.22962 141.895
125.599 13.5935 16.3537 1.22814 141.884
125.699 13.5716 16.3645 1.22665 141.873
125.799 13.5496 16.3753 1.22515 141.863
125.899 13.5276 16.3861 1.22366 141.852
125.999 13.5056 16.3969 1.22215 141.841
126.099 13.4836 16.4077 1.22065 141.83
126.199 13.4616 16.4185 1.21914 141.819
126.299 13.4395 16.4292 1.21763 141.809
126.399 13.4174 16.4399 1.21611 141.798
126.499 13.3954 16.4507 1.21459 141.787
126.599 13.3732 16.4614 1.21306 141.777
126.699 13.3511 16.4721 1.21154 141.766
126.799 13.329 16.4827 1.21 141.755
126.899 13.3068 16.4934 1.20847 141.745
126.999 13.2846 16.504 1.20693 141.734
127.099 13.2624 16.5147 1.20538 141.723
127.199 13.2402 16.5253 1.20384 141.713
127.299 13.218 16.5359 1.20229 141.702
127.399 13.1957 16.5465 1.20073 141.691
127.499 13.1734 16.5571 1.19917 141.681
127.599 13.1512 16.5677 1.19761 141.67
127.699 13.1289 16.5782 1.19604 141.66
127.799 13.1065 16.5887 1.19447 141.649
127.899 13.0842 16.5993 1.1929 141.639
127.999 13.0618 16.6098 1.19132 141.628
128.099 13.0395 16.6203 1.18974 141.618
128.199 13.0171 16.6307 1.18815 141.607
128.299 12.9947 16.6412 1.18656 141.597
128.399 12.9722 16.6517 1.18497 141.586
128.499 12.9498 16.6621 1.18337 141.576
128.599 12.9273 16.6725 1.18177 141.565
128.699 12.9049 16.6829 1.18016 141.555
128.799 12.8824 16.6933 1.17855 141.545
128.899 12.8599 16.7037 1.17694 141.534
128.999 12.8373 16.7141 1.17532 141.524
129.099 12.8148 16.7244 1.1737 141.513
129.199 12.7922 16.7348 1.17208 141.503
129.299 12.7697 16.7451 1.17045 141.493
129.399 12.7471 16.7554 1.16882 141.483
129.499 12.7245 16.7657 1.16719 141.472
129.599 12.7018 16.776 1.16555 141.462
129.699 12.6792 16.7862 1.16391 141.452
129.799 12.6565 16.7965 1.16226 141.441
129.899 12.6339 16.8067 1.16061 141.431
129.999 12.6112 16.8169 1.15896 141.421
130.099 12.5885 16.8271 1.1573 141.411
130.199 12.5657 16.8373 1.15564 141.401
130.299 12.543 16.8475 1.15397 141.39
130.399 12.5202 16.8576 1.1523 141.38
130.499 12.4975 16.8678 1.15063 141.37
130.599 12.4747 16.8779 1.14896 141.36
130.699 12.4519 16.888 1.14728 141.35
130.799 12.4291 16.8981 1.14559 141.34
130.899 12.4062 16.9082 1.14391 141.33
130.999 12.3834 16.9183 1.14222 141.32
131.099 12.3605 16.9283 1.14052 141.31
131.199 12.3376 16.9383 1.13882 141.3
131.299 12.3147 16.9484 1.13712 141.29
131.399 12.2918 16.9584 1.13542 141.28
131.499 12.2689 16.9684 1.13371 141.27
131.599 12.2459 16.9783 1.132 141.26
131.699 12.223 16.9883 1.13028 141.25
131.799 12.2 16.9982 1.12856 141.24
131.899 12.177 17.0082 1.12684 141.23
131.999 12.154 17.0181 1.12511 141.22
132.099 12.131 17.028 1.12338 141.21
132.199 12.1079 17.0379 1.12165 141.2
132.299 12.0849 17.0477 1.11991 141.19
132.399 12.0618 17.0576 1.11817 141.18
132.499 12.0387 17.0674 1.11642 141.171
132.599 12.0156 17.0772 1.11467 141.161
132.699 11.9925 17.087 1.11292 141.151
132.799 11.9694 17.0968 1.11117 141.141
132.899 11.9462 17.1066 1.10941 141.131
132.999 11.9231 17.1163 1.10764 141.122
133.099 11.8999 17.1261 1.10588 141.112
133.199 11.8767 17.1358 1.10411 141.102
133.299 11.8535 17.1455 1.10233 141.092
133.399 11.8303 17.1552 1.10056 141.083
133.499 11.8071 17.1649 1.09878 141.073
133.599 11.7838 17.1745 1.09699 141.063
133.699 11.7605 17.1842 1.09521 141.054
133.799 11.7373 17.1938 1.09341 141.044
133.899 11.714 17.2034 1.09162 141.034
133.999 11.6907 17.213 1.08982 141.025
134.099 11.6673 17.2226 1.08802 141.015
134.199 11.644 17.2322 1.08621 141.006
134.299 11.6207 17.2417 1.08441 140.996
134.399 11.5973 17.2512 1.08259 140.987
134.499 11.5739 17.2607 1.08078 140.977
134.599 11.5505 17.2702 1.07896 140.968
134.699 11.5271 17.2797 1.07714 140.958
134.799 11.5037 17.2892 1.07531 140.949
134.899 11.4803 17.2986 1.07348 140.939
134.999 11.4568 17.3081 1.07165 140.93
135.099 11.4333 17.3175 1.06981 140.92
135.199 11.4099 17.3269 1.06797 140.911
135.299 11.3864 17.3363 1.06613 140.902
135.399 11.3629 17.3456 1.06428 140.892
135.499 11.3393 17.355 1.06243 140.883
135.599 11.3158 17.3643 1.06058 140.874
135.699 11.2923 17.3736 1.05872 140.864
135.799 11.2687 17.3829 1.05686 140.855
135.899 11.2451 17.3922 1.055 140.846
135.999 11.2215 17.4015 1.05313 140.836
136.099 11.1979 17.4107 1.05126 140.827
136.199 11.1743 17.42 1.04939 140.818
136.299 11.1507 17.4292 1.04751 140.809
136.399 11.127 17.4384 1.04563 140.8
136.499 11.1034 17.4476 1.04374 140.79
136.599 11.0797 17.4567 1.04186 140.781
136.699 11.056 17.4659 1.03997 140.772
136.799 11.0323 17.475 1.03807 140.763
136.899 11.0086 17.4841 1.03617 140.754
136.999 10.9849 17.4932 1.03427 140.745
137.099 10.9611 17.5023 1.03237 140.736
137.199 10.9374 17.5114 1.03046 140.727
137.299 10.9136 17.5204 1.02855 140.717
137.399 10.8899 17.5294 1.02664 140.708
137.499 10.8661 17.5385 1.02472 140.699
137.599 10.8423 17.5474 1.0228 140.69
137.699 10.8184 17.5564 1.02088 140.681
137.799 10.7946 17.5654 1.01895 140.673
137.899 10.7708 17.5743 1.01702 140.664
137.999 10.7469 17.5833 1.01508 140.655
138.099 10.723 17.5922 1.01315 140.646
138.199 10.6992 17.6011 1.01121 140.637
138.299 10.6753 17.6099 1.00926 140.628
138.399 10.6513 17.6188 1.00732 140.619
138.499 10.6274 17.6276 1.00536 140.61
138.599 10.6035 17.6365 1.00341 140.601
138.699 10.5795 17.6453 1.00145 140.593
138.799 10.5556 17.654 0.999495 140.584
138.899 10.5316 17.6628 0.997532 140.575
138.999 10.5076 17.6716 0.995565 140.566
139.099 10.4836 17.6803 0.993596 140.558
139.199 10.4596 17.689 0.991623 140.549
139.299 10.4356 17.6977 0.989647 140.54
139.399 10.4116 17.7064 0.987667 140.532
139.499 10.3875 17.7151 0.985685 140.523
139.599 10.3635 17.7237 0.983699 140.514
139.699 10.3394 17.7323 0.981711 140.506
139.799 10.3153 17.741 0.979719 140.497
139.899 10.2912 17.7495 0.977724 140.488
139.999 10.2671 17.7581 0.975725 140.48
140.099 10.243 17.7667 0.973724 140.471
140.199 10.2188 17.7752 0.971719 140.463
140.299 10.1947 17.7837 0.969711 140.454
140.399 10.1705 17.7922 0.967701 140.446
140.499 10.1464 17.8007 0.965687 140.437
140.599 10.1222 17.8092 0.963669 140.429
140.699 10.098 17.8177 0.961649 140.42
140.799 10.0738 17.8261 0.959626 140.412
140.899 10.0496 17.8345 0.957599 140.403
140.999 10.0253 17.8429 0.95557 140.395
141.099 10.0011 17.8513 0.953537 140.387
141.199 9.97685 17.8596 0.951501 140.378
141.299 9.95259 17.868 0.949463 140.37
141.399 9.92831 17.8763 0.947421 140.362
141.499 9.90402 17.8846 0.945376 140.353
141.599 9.87973 17.8929 0.943328 140.345
141.699 9.85541 17.9012 0.941277 140.337
141.799 9.83109 17.9094 0.939222 140.328
141.899 9.80676 17.9176 0.937165 140.32
141.999 9.78241 17.9259 0.935105 140.312
142.099 9.75806 17.9341 0.933042 140.304
142.199 9.73369 17.9422 0.930976 140.296
142.299 9.70931 17.9504 0.928906 140.288
142.399 9.68492 17.9585 0.926834 140.279
142.499 9.66051 17.9667 0.924759 140.271
142.6 9.6361 17.9748 0.92268 140.263
142.7 9.61168 17.9828 0.920599 140.255
142.8 9.58724 17.9909 0.918515 140.247
142.9 9.56279 17.999 0.916428 140.239
143 9.53833 18.007 0.914337 140.231
143.1 9.51387 18.015 0.912244 140.223
143.2 9.48938 18.023 0.910148 140.215
143.3 9.46489 18.031 0.908049 140.207
143.4 9.44039 18.0389 0.905947 140.199
143.5 9.41588 18.0469 0.903842 140.191
143.6 9.39135 18.0548 0.901734 140.183
143.7 9.36682 18.0627 0.899623 140.175
143.8 9.34227 18.0706 0.897509 140.167
143.9 9.31771 18.0784 0.895393 140.159
144 9.29315 18.0863 0.893273 140.152
144.1 9.26857 18.0941 0.891151 140.144
144.2 9.24398 18.1019 0.889025 140.136
144.3 9.21938 18.1097 0.886897 140.128
144.4 9.19477 18.1175 0.884766 140.12
144.5 9.17015 18.1252 0.882632 140.113
144.6 9.14552 18.1329 0.880495 140.105
144.7 9.12087 18.1406 0.878355 140.097
144.8 9.09622 18.1483 0.876213 140.09
144.9 9.07156 18.156 0.874067 140.082
145 9.04689 18.1637 0.871919 140.074
145.1 9.0222 18.1713 0.869768 140.067
145.2 8.99751 18.1789 0.867614 140.059
145.3 8.9728 18.1865 0.865457 140.051
145.4 8.94809 18.1941 0.863298 140.044
145.5 8.92336 18.2016 0.861135 140.036
145.6 8.89863 18.2092 0.85897 140.029
145.7 8.87388 18.2167 0.856802 140.021
145.8 8.84913 18.2242 0.854631 140.014
145.9 8.82436 18.2317 0.852458 140.006
146 8.79959 18.2391 0.850282 139.999
146.1 8.7748 18.2466 0.848103 139.991
146.2 8.75 18.254 0.845921 139.984
146.3 8.7252 18.2614 0.843736 139.976
146.4 8.70038 18.2688 0.841549 139.969
146.5 8.67556 18.2762 0.839359 139.962
146.6 8.65072 18.2835 0.837166 139.954
146.7 8.62588 18.2908 0.834971 139.947
146.8 8.60102 18.2981 0.832772 139.94
146.9 8.57616 18.3054 0.830571 139.932
147 8.55128 18.3127 0.828368 139.925
147.1 8.5264 18.32 0.826162 139.918
147.2 8.5015 18.3272 0.823953 139.911
147.3 8.4766 18.3344 0.821741 139.904
147.4 8.45169 18.3416 0.819526 139.896
147.5 8.42676 18.3488 0.817309 139.889
147.6 8.40183 18.3559 0.81509 139.882
147.7 8.37689 18.363 0.812867 139.875
147.8 8.35194 18.3701 0.810642 139.868
147.9 8.32698 18.3772 0.808415 139.861
148 8.30201 18.3843 0.806185 139.854
148.1 8.27703 18.3914 0.803952 139.847
148.2 8.25204 18.3984 0.801716 139.84
148.3 8.22704 18.4054 0.799478 139.832
148.4 8.20203 18.4124 0.797237 139.825
148.5 8.17702 18.4194 0.794994 139.819
148.6 8.15199 18.4263 0.792748 139.812
148.7 8.12696 18.4333 0.7905 139.805
148.8 8.10191 18.4402 0.788249 139.798
148.9 8.07686 18.4471 0.785995 139.791
149 8.0518 18.4539 0.783739 139.784
149.1 8.02672 18.4608 0.78148 139.777
149.2 8.00164 18.4676 0.779219 139.77
149.3 7.97656 18.4745 0.776955 139.763
149.4 7.95146 18.4812 0.774689 139.757
149.5 7.92635 18.488 0.77242 139.75
149.6 7.90123 18.4948 0.770148 139.743
149.7 7.87611 18.5015 0.767874 139.736
149.8 7.85098 18.5082 0.765598 139.73
149.9 7.82583 18.5149 0.763319 139.723
150 7.80068 18.5216 0.761038 139.716
150.1 7.77552 18.5282 0.758754 139.71
150.2 7.75035 18.5349 0.756467 139.703
150.3 7.72518 18.5415 0.754179 139.696
150.4 7.69999 18.5481 0.751887 139.69
150.5 7.6748 18.5547 0.749594 139.683
150.6 7.64959 18.5612 0.747297 139.677
150.7 7.62438 18.5677 0.744999 139.67
150.8 7.59916 18.5743 0.742698 139.664
150.9 7.57393 18.5807 0.740394 139.657
151 7.5487 18.5872 0.738088 139.651
151.1 7.52345 18.5937 0.73578 139.644
151.2 7.4982 18.6001 0.733469 139.638
151.3 7.47294 18.6065 0.731156 139.631
151.4 7.44767 18.6129 0.728841 139.625
151.5 7.42239 18.6193 0.726523 139.619
151.6 7.3971 18.6256 0.724203 139.612
151.7 7.37181 18.6319 0.72188 139.606
151.8 7.34651 18.6383 0.719555 139.6
151.9 7.3212 18.6445 0.717228 139.593
152 7.29588 18.6508 0.714898 139.587
152.1 7.27055 18.6571 0.712566 139.581
152.2 7.24521 18.6633 0.710232 139.575
152.3 7.21987 18.6695 0.707895 139.568
152.4 7.19452 18.6757 0.705556 139.562
152.5 7.16916 18.6818 0.703215 139.556
152.6 7.14379 18.688 0.700872 139.55
152.7 7.11842 18.6941 0.698526 139.544
152.8 7.09304 18.7002 0.696178 139.538
152.9 7.06765 18.7063 0.693827 139.532
153 7.04225 18.7123 0.691475 139.526
153.1 7.01684 18.7184 0.68912 139.52
153.2 6.99143 18.7244 0.686763 139.513
153.3 6.96601 18.7304 0.684403 139.507
153.4 6.94058 18.7364 0.682042 139.502
153.5 6.91514 18.7423 0.679678 139.496
153.6 6.8897 18.7483 0.677312 139.49
153.7 6.86425 18.7542 0.674943 139.484
153.8 6.83879 18.7601 0.672573 139.478
153.9 6.81332 18.766 0.6702 139.472
154 6.78785 18.7718 0.667825 139.466
154.1 6.76237 18.7776 0.665448 139.46
154.2 6.73688 18.7835 0.663069 139.454
154.3 6.71138 18.7892 0.660687 139.449
154.4 6.68588 18.795 0.658304 139.443
154.5 6.66037 18.8008 0.655918 139.437
154.6 6.63485 18.8065 0.65353 139.431
154.7 6.60932 18.8122 0.65114 139.426
154.8 6.58379 18.8179 0.648748 139.42
154.9 6.55825 18.8235 0.646354 139.414
155 6.5327 18.8292 0.643957 139.409
155.1 6.50715 18.8348 0.641559 139.403
155.2 6.48159 18.8404 0.639158 139.397
155.3 6.45602 18.846 0.636756 139.392
155.4 6.43045 18.8515 0.634351 139.386
155.5 6.40486 18.8571 0.631944 139.381
155.6 6.37927 18.8626 0.629535 139.375
155.7 6.35368 18.8681 0.627124 139.37
155.8 6.32808 18.8736 0.624711 139.364
155.9 6.30247 18.879 0.622296 139.359
156 6.27685 18.8845 0.619879 139.353
156.1 6.25123 18.8899 0.61746 139.348
156.2 6.2256 18.8953 0.615039 139.343
156.3 6.19996 18.9006 0.612615 139.337
156.4 6.17432 18.906 0.61019 139.332
156.5 6.14867 18.9113 0.607763 139.327
156.6 6.12301 18.9166 0.605334 139.321
156.7 6.09734 18.9219 0.602903 139.316
156.8 6.07167 18.9271 0.60047 139.311
156.9 6.046 18.9324 0.598034 139.306
157 6.02031 18.9376 0.595597 139.3
157.1 5.99462 18.9428 0.593158 139.295
157.2 5.96893 18.948 0.590717 139.29
157.3 5.94323 18.9531 0.588275 139.285
157.4 5.91752 18.9583 0.58583 139.28
157.5 5.8918 18.9634 0.583383 139.275
157.6 5.86608 18.9685 0.580934 139.269
157.7 5.84035 18.9735 0.578484 139.264
157.8 5.81462 18.9786 0.576031 139.259
157.9 5.78888 18.9836 0.573577 139.254
158 5.76313 18.9886 0.571121 139.249
158.1 5.73738 18.9936 0.568663 139.244
158.2 5.71162 18.9985 0.566203 139.239
158.3 5.68585 19.0035 0.563741 139.234
158.4 5.66008 19.0084 0.561277 139.23
158.5 5.6343 19.0133 0.558812 139.225
158.6 5.60852 19.0182 0.556345 139.22
158.7 5.58273 19.023 0.553875 139.215
158.8 5.55693 19.0278 0.551404 139.21
158.9 5.53113 19.0327 0.548932 139.205
159.001 5.50532 19.0374 0.546457 139.2
159.101 5.47951 19.0422 0.543981 139.196
159.201 5.45369 19.0469 0.541503 139.191
159.301 5.42787 19.0517 0.539023 139.186
159.401 5.40204 19.0564 0.536541 139.182
159.501 5.3762 19.061 0.534058 139.177
159.601 5.35036 19.0657 0.531572 139.172
159.701 5.32451 19.0703 0.529085 139.168
159.801 5.29866 19.0749 0.526597 139.163
159.901 5.2728 19.0795 0.524106 139.158
160.001 5.24693 19.0841 0.521614 139.154
160.101 5.22106 19.0887 0.51912 139.149
160.201 5.19518 19.0932 0.516625 139.145
160.301 5.1693 19.0977 0.514128 139.14
160.401 5.14341 19.1022 0.511629 139.136
160.501 5.11752 19.1066 0.509128 139.131
160.601 5.09162 19.1111 0.506626 139.127
160.701 5.06572 19.1155 0.504122 139.122
160.801 5.03981 19.1199 0.501616 139.118
160.901 5.0139 19.1242 0.499109 139.114
161.001 4.98798 19.1286 0.4966 139.109
161.101 4.96205 19.1329 0.49409 139.105
161.201 4.93612 19.1372 0.491578 139.101
161.301 4.91019 19.1415 0.489064 139.096
161.401 4.88424 19.1458 0.486548 139.092
161.501 4.8583 19.15 0.484032 139.088
161.601 4.83235 19.1542 0.481513 139.084
161.701 4.80639 19.1584 0.478993 139.079
161.801 4.78043 19.1626 0.476471 139.075
161.901 4.75446 19.1668 0.473948 139.071
162.001 4.72849 19.1709 0.471423 139.067
162.101 4.70252 19.175 0.468897 139.063
162.201 4.67653 19.1791 0.466369 139.059
162.301 4.65055 19.1831 0.463839 139.055
162.401 4.62456 19.1872 0.461309 139.051
162.501 4.59856 19.1912 0.458776 139.047
162.601 4.57256 19.1952 0.456242 139.043
162.701 4.54655 19.1992 0.453707 139.039
162.801 4.52054 19.2031 0.45117 139.035
162.901 4.49453 19.207 0.448631 139.031
163.001 4.46851 19.211 0.446091 139.027
163.101 4.44248 19.2148 0.44355 139.023
163.201 4.41645 19.2187 0.441007 139.019
163.301 4.39042 19.2225 0.438463 139.015
163.401 4.36438 19.2264 0.435917 139.012
163.501 4.33833 19.2302 0.43337 139.008
163.601 4.31229 19.2339 0.430821 139.004
163.701 4.28623 19.2377 0.428271 139
163.801 4.26018 19.2414 0.42572 138.996
163.901 4.23411 19.2451 0.423167 138.993
164.001 4.20805 19.2488 0.420613 138.989
164.101 4.18198 19.2525 0.418057 138.985
164.201 4.1559 19.2561 0.4155 138.982
164.301 4.12982 19.2597 0.412942 138.978
164.401 4.10374 19.2633 0.410382 138.975
164.501 4.07765 19.2669 0.407821 138.971
164.601 4.05156 19.2704 0.405259 138.967
164.701 4.02546 19.274 0.402695 138.964
164.801 3.99936 19.2775 0.40013 138.96
164.901 3.97325 19.281 0.397564 138.957
165.001 3.94715 19.2844 0.394996 138.953
165.101 3.92103 19.2879 0.392427 138.95
165.201 3.89491 19.2913 0.389857 138.947
165.301 3.86879 19.2947 0.387286 138.943
165.401 3.84267 19.298 0.384713 138.94
165.501 3.81654 19.3014 0.382139 138.937
165.601 3.7904 19.3047 0.379563 138.933
165.701 3.76427 19.308 0.376987 138.93
165.801 3.73812 19.3113 0.374409 138.927
165.901 3.71198 19.3146 0.37183 138.923
166.001 3.68583 19.3178 0.36925 138.92
166.101 3.65968 19.321 0.366668 138.917
166.201 3.63352 19.3242 0.364086 138.914
166.301 3.60736 19.3274 0.361502 138.911
166.401 3.58119 19.3305 0.358917 138.907
166.501 3.55502 19.3336 0.35633 138.904
166.601 3.52885 19.3367 0.353743 138.901
166.701 3.50268 19.3398 0.351154 138.898
166.801 3.4765 19.3429 0.348565 138.895
166.901 3.45031 19.3459 0.345974 138.892
167.001 3.42413 19.3489 0.343382 138.889
167.101 3.39794 19.3519 0.340789 138.886
167.201 3.37174 19.3548 0.338194 138.883
167.301 3.34554 19.3578 0.335599 138.88
167.401 3.31934 19.3607 0.333003 138.877
167.501 3.29314 19.3636 0.330405 138.874
167.601 3.26693 19.3665 0.327806 138.871
167.701 3.24072 19.3693 0.325207 138.869
167.801 3.2145 19.3722 0.322606 138.866
167.901 3.18829 19.375 0.320004 138.863
168.001 3.16207 19.3777 0.317401 138.86
168.101 3.13584 19.3805 0.314797 138.857
168.201 3.10961 19.3832 0.312192 138.855
168.301 3.08338 19.3859 0.309586 138.852
168.401 3.05715 19.3886 0.306979 138.849
168.501 3.03091 19.3913 0.304371 138.847
168.601 3.00467 19.394 0.301762 138.844
168.701 2.97842 19.3966 0.299152 138.841
168.801 2.95218 19.3992 0.296541 138.839
168.901 2.92593 19.4018 0.293929 138.836
169.001 2.89967 19.4043 0.291316 138.834
169.101 2.87342 19.4068 0.288702 138.831
169.201 2.84716 19.4093 0.286087 138.829
169.301 2.8209 19.4118 0.283471 138.826
169.401 2.79463 19.4143 0.280854 138.824
169.501 2.76836 19.4167 0.278236 138.821
169.601 2.74209 19.4192 0.275618 138.819
169.701 2.71582 19.4215 0.272998 138.816
169.801 2.68954 19.4239 0.270378 138.814
169.901 2.66326 19.4263 0.267756 138.812
170.001 2.63698 19.4286 0.265134 138.809
170.101 2.6107 19.4309 0.262511 138.807
170.201 2.58441 19.4332 0.259887 138.805
170.301 2.55812 19.4354 0.257262 138.802
170.401 2.53183 19.4377 0.254637 138.8
170.501 2.50553 19.4399 0.25201 138.798
170.601 2.47923 19.4421 0.249383 138.796
170.701 2.45293 19.4442 0.246755 138.794
170.801 2.42663 19.4464 0.244126 138.792
170.901 2.40032 19.4485 0.241496 138.789
171.001 2.37401 19.4506 0.238866 138.787
171.101 2.3477 19.4527 0.236234 138.785
171.201 2.32139 19.4547 0.233602 138.783
171.301 2.29508 19.4567 0.230969 138.781
171.401 2.26876 19.4587 0.228336 138.779
171.501 2.24244 19.4607 0.225701 138.777
171.601 2.21611 19.4627 0.223066 138.775
171.701 2.18979 19.4646 0.22043 138.773
171.801 2.16346 19.4665 0.217794 138.771
171.901 2.13713 19.4684 0.215156 138.769
172.001 2.1108 19.4703 0.212518 138.768
172.101 2.08447 19.4721 0.20988 138.766
172.201 2.05813 19.4739 0.20724 138.764
172.301 2.03179 19.4757 0.2046 138.762
172.401 2.00545 19.4775 0.201959 138.76
172.501 1.97911 19.4793 0.199318 138.759
172.601 1.95277 19.481 0.196676 138.757
172.701 1.92642 19.4827 0.194033 138.755
172.801 1.90007 19.4844 0.19139 138.754
172.901 1.87372 19.486 0.188746 138.752
173.001 1.84737 19.4877 0.186101 138.75
173.101 1.82102 19.4893 0.183456 138.749
173.201 1.79466 19.4909 0.18081 138.747
173.301 1.7683 19.4924 0.178164 138.745
173.401 1.74194 19.494 0.175517 138.744
173.501 1.71558 19.4955 0.172869 138.742
173.601 1.68922 19.497 0.170221 138.741
173.701 1.66285 19.4985 0.167572 138.739
173.801 1.63649 19.4999 0.164923 138.738
173.901 1.61012 19.5014 0.162273 138.737
174.001 1.58375 19.5028 0.159622 138.735
174.101 1.55738 19.5041 0.156972 138.734
174.201 1.531 19.5055 0.15432 138.732
174.301 1.50463 19.5068 0.151668 138.731
174.401 1.47825 19.5081 0.149016 138.73
174.501 1.45187 19.5094 0.146363 138.728
174.601 1.42549 19.5107 0.143709 138.727
174.701 1.39911 19.5119 0.141056 138.726
174.801 1.37273 19.5132 0.138401 138.725
174.901 1.34635 19.5144 0.135746 138.724
175.001 1.31996 19.5155 0.133091 138.722
175.101 1.29357 19.5167 0.130436 138.721
175.201 1.26719 19.5178 0.127779 138.72
175.301 1.2408 19.5189 0.125123 138.719
175.402 1.21441 19.52 0.122466 138.718
175.502 1.18801 19.521 0.119809 138.717
175.602 1.16162 19.5221 0.117151 138.716
175.702 1.13523 19.5231 0.114493 138.715
175.802 1.10883 19.5241 0.111834 138.714
175.902 1.08243 19.525 0.109175 138.713
176.002 1.05604 19.526 0.106516 138.712
176.102 1.02964 19.5269 0.103857 138.711
176.202 1.00324 19.5278 0.101197 138.71
176.302 0.976838 19.5287 0.0985364 138.709
176.402 0.950436 19.5295 0.0958758 138.708
176.502 0.924033 19.5303 0.0932149 138.708
176.602 0.897629 19.5311 0.0905537 138.707
176.702 0.871225 19.5319 0.0878922 138.706
176.802 0.844819 19.5327 0.0852304 138.705
176.902 0.818413 19.5334 0.0825683 138.704
177.002 0.792005 19.5341 0.0799059 138.704
177.102 0.765597 19.5348 0.0772433 138.703
177.202 0.739188 19.5355 0.0745805 138.702
177.302 0.712778 19.5361 0.0719174 138.702
177.402 0.686368 19.5367 0.069254 138.701
177.502 0.659957 19.5373 0.0665904 138.701
177.602 0.633545 19.5379 0.0639266 138.7
177.702 0.607133 19.5384 0.0612626 138.699
177.802 0.58072 19.5389 0.0585984 138.699
177.902 0.554306 19.5394 0.055934 138.698
178.002 0.527892 19.5399 0.0532694 138.698
178.102 0.501477 19.5404 0.0506046 138.698
178.202 0.475061 19.5408 0.0479397 138.697
178.302 0.448646 19.5412 0.0452746 138.697
178.402 0.422229 19.5416 0.0426094 138.696
178.502 0.395813 19.542 0.039944 138.696
178.602 0.369396 19.5423 0.0372785 138.696
178.702 0.342978 19.5426 0.0346128 138.695
178.802 0.31656 19.5429 0.0319471 138.695
178.902 0.290142 19.5432 0.0292812 138.695
179.002 0.263724 19.5434 0.0266153 138.694
179.102 0.237305 19.5436 0.0239493 138.694
179.202 0.210886 19.5438 0.0212831 138.694
179.302 0.184467 19.544 0.0186169 138.694
179.402 0.158047 19.5441 0.0159507 138.694
179.502 0.131628 19.5443 0.0132844 138.694
179.602 0.105208 19.5444 0.010618 138.694
179.702 0.0787882 19.5445 0.00795167 138.693
179.802 0.0523683 19.5445 0.00528526 138.693
179.902 0.0259484 19.5446 0.00261884 138.693
