0 1.38272e-14 1.24128 0 167.21
0.1 0.197059 1.2413 0.00454076 167.21
0.2 0.39411 1.24137 0.00908151 167.21
0.3 0.591143 1.24148 0.0136222 167.21
0.4 0.788149 1.24163 0.0181629 167.21
0.5 0.98512 1.24183 0.0227036 167.21
0.6 1.18205 1.24208 0.0272441 167.209
0.7 1.37892 1.24236 0.0317847 167.209
0.8 1.57573 1.2427 0.0363251 167.209
0.9 1.77247 1.24308 0.0408654 167.208
1 1.96914 1.2435 0.0454056 167.208
1.1 2.16571 1.24396 0.0499457 167.208
1.2 2.36219 1.24447 0.0544857 167.207
1.3 2.55856 1.24503 0.0590255 167.206
1.4 2.75481 1.24563 0.0635652 167.206
1.5 2.95095 1.24627 0.0681047 167.205
1.6 3.14695 1.24696 0.072644 167.205
1.7 3.34281 1.24769 0.0771832 167.204
1.8 3.53852 1.24847 0.0817221 167.203
1.9 3.73408 1.24929 0.0862608 167.202
2 3.92947 1.25016 0.0907993 167.201
2.1 4.12468 1.25107 0.0953375 167.2
2.2 4.31971 1.25202 0.0998755 167.2
2.3 4.51455 1.25302 0.104413 167.199
2.4 4.70919 1.25407 0.108951 167.197
2.5 4.90363 1.25515 0.113488 167.196
2.6 5.09784 1.25629 0.118025 167.195
2.7 5.29183 1.25746 0.122561 167.194
2.8 5.48559 1.25868 0.127097 167.193
2.9 5.67911 1.25995 0.131633 167.192
3 5.87238 1.26126 0.136169 167.19
3.1 6.06539 1.26261 0.140704 167.189
3.2 6.25813 1.26401 0.145239 167.188
3.3 6.45061 1.26545 0.149773 167.186
3.4 6.6428 1.26694 0.154307 167.185
3.5 6.8347 1.26847 0.158841 167.183
3.6 7.02631 1.27005 0.163374 167.181
3.7 7.21761 1.27167 0.167907 167.18
3.8 7.4086 1.27333 0.172439 167.178
3.9 7.59927 1.27504 0.176971 167.176
4 7.78962 1.27679 0.181503 167.175
4.1 7.97963 1.27859 0.186034 167.173
4.2 8.1693 1.28043 0.190564 167.171
4.3 8.35862 1.28232 0.195094 167.169
4.4 8.54758 1.28425 0.199623 167.167
4.5 8.73618 1.28622 0.204152 167.165
4.6 8.92441 1.28824 0.208681 167.163
4.7 9.11226 1.2903 0.213208 167.161
4.8 9.29973 1.29241 0.217736 167.159
4.9 9.4868 1.29456 0.222262 167.157
5 9.67348 1.29676 0.226788 167.155
5.1 9.85975 1.299 0.231314 167.153
5.2 10.0456 1.30128 0.235839 167.15
5.3 10.231 1.30361 0.240363 167.148
5.4 10.4161 1.30598 0.244887 167.146
5.5 10.6007 1.3084 0.24941 167.143
5.6 10.7848 1.31086 0.253932 167.141
5.7 10.9685 1.31337 0.258454 167.138
5.8 11.1518 1.31592 0.262975 167.136
5.9 11.3346 1.31851 0.267495 167.133
6 11.5169 1.32115 0.272014 167.13
6.1 11.6988 1.32383 0.276533 167.128
6.2 11.8802 1.32656 0.281051 167.125
6.3 12.0611 1.32933 0.285569 167.122
6.4 12.2415 1.33214 0.290085 167.119
6.5 12.4214 1.335 0.294601 167.117
6.6 12.6009 1.3379 0.299116 167.114
6.7 12.7798 1.34085 0.30363 167.111
6.8 12.9583 1.34384 0.308144 167.108
6.9 13.1362 1.34687 0.312657 167.105
7 13.3136 1.34995 0.317168 167.102
7.1 13.4905 1.35308 0.321679 167.098
7.2 13.6668 1.35624 0.32619 167.095
7.3 13.8426 1.35946 0.330699 167.092
7.4 14.0179 1.36271 0.335207 167.089
7.5 14.1927 1.36601 0.339715 167.086
7.6 14.3669 1.36935 0.344221 167.082
7.7 14.5405 1.37274 0.348727 167.079
7.79999 14.7136 1.37617 0.353232 167.075
7.89999 14.8861 1.37965 0.357736 167.072
7.99999 15.0581 1.38317 0.362239 167.068
8.09999 15.2295 1.38673 0.366741 167.065
8.2 15.4003 1.39034 0.371242 167.061
8.3 15.5705 1.39399 0.375742 167.058
8.4 15.7402 1.39769 0.380241 167.054
8.5 15.9093 1.40143 0.384739 167.05
8.6 16.0778 1.40521 0.389236 167.046
8.7 16.2457 1.40904 0.393732 167.042
8.8 16.413 1.41291 0.398227 167.039
8.9 16.5797 1.41682 0.402721 167.035
9 16.7458 1.42078 0.407214 167.031
9.1 16.9113 1.42478 0.411705 167.027
9.2 17.0762 1.42883 0.416196 167.023
9.3 17.2405 1.43292 0.420686 167.019
9.4 17.4041 1.43706 0.425174 167.014
9.5 17.5672 1.44123 0.429661 167.01
9.6 17.7296 1.44546 0.434148 167.006
9.7 17.8914 1.44972 0.438633 167.002
9.8 18.0526 1.45403 0.443116 166.997
9.9 18.2131 1.45838 0.447599 166.993
10 18.373 1.46278 0.452081 166.989
10.1 18.5323 1.46722 0.456561 166.984
10.2 18.691 1.47171 0.46104 166.98
10.3 18.849 1.47623 0.465518 166.975
10.4 19.0063 1.48081 0.469995 166.971
10.5 19.1631 1.48542 0.47447 166.966
10.6 19.3191 1.49008 0.478944 166.961
10.7 19.4746 1.49478 0.483417 166.957
10.8 19.6293 1.49953 0.487889 166.952
10.9 19.7835 1.50432 0.492359 166.947
11 19.9369 1.50915 0.496828 166.942
11.1 20.0898 1.51403 0.501296 166.937
11.2 20.2419 1.51895 0.505762 166.933
11.3 20.3934 1.52392 0.510228 166.928
11.4 20.5443 1.52892 0.514691 166.923
11.5 20.6945 1.53398 0.519154 166.918
11.6 20.844 1.53907 0.523615 166.912
11.7 20.9928 1.54421 0.528074 166.907
11.8 21.141 1.54939 0.532532 166.902
11.9 21.2886 1.55462 0.536989 166.897
12 21.4354 1.55989 0.541445 166.892
12.1 21.5816 1.5652 0.545898 166.886
12.2 21.7271 1.57056 0.550351 166.881
12.3 21.872 1.57595 0.554802 166.876
12.4 22.0162 1.5814 0.559252 166.87
12.5 22.1597 1.58688 0.5637 166.865
12.6 22.3025 1.59241 0.568146 166.859
12.7 22.4447 1.59799 0.572591 166.854
12.8 22.5862 1.6036 0.577035 166.848
12.9 22.727 1.60926 0.581477 166.842
13 22.8672 1.61496 0.585917 166.837
13.1 23.0067 1.62071 0.590356 166.831
13.2 23.1455 1.6265 0.594794 166.825
13.3 23.2836 1.63233 0.59923 166.819
13.4 23.421 1.63821 0.603664 166.813
13.5 23.5578 1.64413 0.608096 166.807
13.6 23.6939 1.65009 0.612527 166.801
13.7 23.8294 1.65609 0.616957 166.795
13.8 23.9641 1.66214 0.621385 166.789
13.9 24.0982 1.66823 0.625811 166.783
14 24.2316 1.67437 0.630235 166.777
14.1 24.3643 1.68055 0.634658 166.771
14.2 24.4964 1.68677 0.639079 166.765
14.3 24.6278 1.69303 0.643499 166.758
14.4 24.7585 1.69934 0.647916 166.752
14.5 24.8885 1.70569 0.652332 166.746
14.6 25.0179 1.71208 0.656746 166.739
14.7 25.1466 1.71852 0.661159 166.733
14.8 25.2746 1.725 0.66557 166.727
14.9 25.402 1.73152 0.669979 166.72
15 25.5286 1.73808 0.674386 166.713
15.1 25.6546 1.74469 0.678791 166.707
15.2 25.78 1.75134 0.683195 166.7
15.3 25.9047 1.75803 0.687597 166.693
15.4 26.0287 1.76477 0.691997 166.687
15.5 26.152 1.77155 0.696395 166.68
15.6 26.2747 1.77837 0.700791 166.673
15.7 26.3967 1.78524 0.705186 166.666
15.8 26.518 1.79214 0.709579 166.659
15.9 26.6387 1.79909 0.713969 166.652
16 26.7587 1.80609 0.718358 166.645
16.1 26.8781 1.81312 0.722745 166.638
16.2 26.9968 1.8202 0.72713 166.631
16.3 27.1149 1.82732 0.731513 166.624
16.4 27.2323 1.83448 0.735894 166.617
16.5 27.349 1.84169 0.740273 166.61
16.6 27.4651 1.84894 0.744651 166.603
16.7 27.5805 1.85623 0.749026 166.595
16.8 27.6953 1.86356 0.753399 166.588
16.9 27.8094 1.87094 0.75777 166.581
17 27.9229 1.87836 0.76214 166.573
17.1 28.0357 1.88582 0.766507 166.566
17.2 28.1479 1.89332 0.770872 166.558
17.3 28.2594 1.90087 0.775235 166.551
17.4 28.3703 1.90846 0.779596 166.543
17.5 28.4806 1.91609 0.783955 166.535
17.6 28.5902 1.92376 0.788312 166.528
17.7 28.6991 1.93148 0.792667 166.52
17.8 28.8075 1.93924 0.79702 166.512
17.9 28.9152 1.94704 0.80137 166.504
18 29.0223 1.95488 0.805719 166.497
18.1 29.1287 1.96276 0.810065 166.489
18.2 29.2345 1.97069 0.814409 166.481
18.3 29.3397 1.97866 0.818751 166.473
18.4 29.4442 1.98667 0.823091 166.465
18.5 29.5482 1.99473 0.827429 166.457
18.6 29.6515 2.00282 0.831764 166.449
18.7 29.7541 2.01096 0.836098 166.441
18.8 29.8562 2.01914 0.840429 166.432
18.9 29.9577 2.02736 0.844757 166.424
19 30.0585 2.03562 0.849084 166.416
19.1 30.1587 2.04393 0.853408 166.408
19.2 30.2583 2.05228 0.85773 166.399
19.3 30.3573 2.06067 0.86205 166.391
19.4 30.4557 2.0691 0.866368 166.382
19.5 30.5535 2.07757 0.870683 166.374
19.6 30.6506 2.08609 0.874996 166.365
19.7 30.7472 2.09464 0.879306 166.357
19.8 30.8432 2.10324 0.883614 166.348
19.9 30.9386 2.11188 0.88792 166.34
20 31.0333 2.12057 0.892224 166.331
20.1 31.1275 2.12929 0.896525 166.322
20.2 31.2211 2.13806 0.900823 166.313
20.3 31.3141 2.14687 0.90512 166.305
20.4 31.4065 2.15571 0.909414 166.296
20.5 31.4984 2.16461 0.913705 166.287
20.6 31.5896 2.17354 0.917994 166.278
20.7 31.6803 2.18251 0.922281 166.269
20.8 31.7704 2.19153 0.926565 166.26
20.9 31.8599 2.20059 0.930847 166.251
21 31.9488 2.20968 0.935126 166.242
21.1 32.0371 2.21882 0.939403 166.233
21.2 32.1249 2.22801 0.943677 166.224
21.3 32.2121 2.23723 0.947948 166.214
21.4 32.2988 2.24649 0.952218 166.205
21.5 32.3849 2.2558 0.956484 166.196
21.6 32.4704 2.26515 0.960748 166.186
21.7 32.5554 2.27453 0.96501 166.177
21.8 32.6398 2.28396 0.969269 166.168
21.9 32.7236 2.29344 0.973525 166.158
22 32.8069 2.30295 0.977779 166.149
22.1 32.8896 2.3125 0.98203 166.139
22.2 32.9718 2.32209 0.986279 166.129
22.3 33.0535 2.33173 0.990525 166.12
22.4 33.1346 2.34141 0.994768 166.11
22.5 33.2151 2.35112 0.999009 166.1
22.6 33.2951 2.36088 1.00325 166.091
22.7001 33.3746 2.37068 1.00748 166.081
22.8001 33.4535 2.38052 1.01171 166.071
22.9001 33.5319 2.39041 1.01594 166.061
23.0001 33.6098 2.40033 1.02017 166.051
23.1001 33.6872 2.41029 1.0244 166.041
23.2001 33.764 2.4203 1.02862 166.031
23.3001 33.8403 2.43034 1.03284 166.021
23.4001 33.916 2.44043 1.03705 166.011
23.5001 33.9913 2.45055 1.04127 166.001
23.6001 34.066 2.46072 1.04548 165.991
23.7001 34.1402 2.47093 1.04969 165.981
23.8001 34.2139 2.48118 1.05389 165.97
23.9001 34.2871 2.49147 1.05809 165.96
24.0001 34.3598 2.5018 1.06229 165.95
24.1001 34.4319 2.51217 1.06649 165.939
24.2001 34.5036 2.52258 1.07068 165.929
24.3001 34.5747 2.53303 1.07487 165.918
24.4001 34.6454 2.54352 1.07906 165.908
24.5001 34.7156 2.55406 1.08325 165.897
24.6001 34.7852 2.56463 1.08743 165.887
24.7001 34.8544 2.57524 1.09161 165.876
24.8001 34.9231 2.5859 1.09579 165.866
24.9001 34.9912 2.59659 1.09996 165.855
25.0001 35.0589 2.60732 1.10413 165.844
25.1001 35.1262 2.6181 1.1083 165.833
25.2001 35.1929 2.62891 1.11246 165.823
25.3001 35.2591 2.63977 1.11662 165.812
25.4001 35.3249 2.65066 1.12078 165.801
25.5001 35.3902 2.6616 1.12494 165.79
25.6001 35.455 2.67257 1.12909 165.779
25.7001 35.5193 2.68359 1.13324 165.768
25.8001 35.5832 2.69465 1.13739 165.757
25.9001 35.6466 2.70574 1.14153 165.746
26.0001 35.7096 2.71688 1.14567 165.735
26.1001 35.772 2.72805 1.14981 165.723
26.2001 35.8341 2.73927 1.15394 165.712
26.3001 35.8956 2.75052 1.15808 165.701
26.4001 35.9567 2.76182 1.1622 165.69
26.5001 36.0173 2.77315 1.16633 165.678
26.6001 36.0775 2.78453 1.17045 165.667
26.7001 36.1373 2.79594 1.17457 165.656
26.8001 36.1966 2.80739 1.17869 165.644
26.9001 36.2554 2.81889 1.1828 165.633
27.0001 36.3138 2.83042 1.18691 165.621
27.1001 36.3717 2.84199 1.19101 165.61
27.2001 36.4293 2.8536 1.19512 165.598
27.3001 36.4863 2.86526 1.19922 165.586
27.4001 36.543 2.87695 1.20331 165.575
27.5001 36.5992 2.88868 1.20741 165.563
27.6001 36.6549 2.90045 1.2115 165.551
27.7001 36.7103 2.91226 1.21558 165.539
27.8001 36.7652 2.9241 1.21967 165.527
27.9001 36.8197 2.93599 1.22375 165.516
28.0001 36.8737 2.94792 1.22783 165.504
28.1001 36.9274 2.95989 1.2319 165.492
28.2001 36.9806 2.97189 1.23597 165.48
28.3001 37.0334 2.98394 1.24004 165.468
28.4001 37.0858 2.99602 1.2441 165.456
28.5001 37.1378 3.00814 1.24816 165.443
28.6001 37.1893 3.02031 1.25222 165.431
28.7001 37.2405 3.03251 1.25627 165.419
28.8001 37.2912 3.04475 1.26032 165.407
28.9001 37.3416 3.05702 1.26437 165.395
29.0001 37.3915 3.06934 1.26842 165.382
29.1001 37.441 3.0817 1.27246 165.37
29.2001 37.4902 3.09409 1.27649 165.357
29.3001 37.5389 3.10653 1.28053 165.345
29.4001 37.5872 3.119 1.28456 165.333
29.5001 37.6352 3.13151 1.28858 165.32
29.6001 37.6827 3.14406 1.29261 165.307
29.7001 37.7299 3.15665 1.29663 165.295
29.8001 37.7767 3.16928 1.30064 165.282
29.9001 37.8231 3.18194 1.30465 165.27
30.0001 37.8691 3.19465 1.30866 165.257
30.1001 37.9147 3.20739 1.31267 165.244
30.2001 37.9599 3.22017 1.31667 165.231
30.3001 38.0048 3.23299 1.32067 165.219
30.4001 38.0493 3.24585 1.32467 165.206
30.5001 38.0934 3.25875 1.32866 165.193
30.6001 38.1371 3.27168 1.33265 165.18
30.7001 38.1805 3.28465 1.33663 165.167
30.8001 38.2235 3.29767 1.34061 165.154
30.9001 38.2661 3.31071 1.34459 165.141
31.0001 38.3084 3.3238 1.34856 165.128
31.1001 38.3503 3.33693 1.35253 165.115
31.2001 38.3918 3.35009 1.3565 165.101
31.3001 38.433 3.36329 1.36046 165.088
31.4001 38.4738 3.37653 1.36442 165.075
31.5001 38.5142 3.38981 1.36837 165.062
31.6001 38.5543 3.40312 1.37233 165.048
31.7001 38.5941 3.41648 1.37627 165.035
31.8001 38.6335 3.42987 1.38022 165.022
31.9001 38.6725 3.44329 1.38416 165.008
32.0001 38.7112 3.45676 1.3881 164.995
32.1001 38.7496 3.47026 1.39203 164.981
32.2001 38.7876 3.48381 1.39596 164.968
32.3001 38.8253 3.49738 1.39988 164.954
32.4001 38.8626 3.511 1.40381 164.941
32.5001 38.8996 3.52465 1.40772 164.927
32.6001 38.9362 3.53835 1.41164 164.913
32.7001 38.9726 3.55207 1.41555 164.899
32.8001 39.0085 3.56584 1.41945 164.886
32.9001 39.0442 3.57964 1.42336 164.872
33.0001 39.0795 3.59348 1.42726 164.858
33.1001 39.1145 3.60736 1.43115 164.844
33.2001 39.1491 3.62128 1.43504 164.83
33.3001 39.1835 3.63523 1.43893 164.816
33.4001 39.2175 3.64922 1.44281 164.802
33.5001 39.2512 3.66325 1.44669 164.788
33.6001 39.2845 3.67731 1.45057 164.774
33.7001 39.3176 3.69141 1.45444 164.76
33.8001 39.3503 3.70555 1.45831 164.746
33.9001 39.3827 3.71972 1.46217 164.732
34.0001 39.4148 3.73393 1.46603 164.718
34.1001 39.4466 3.74818 1.46989 164.703
34.2001 39.4781 3.76247 1.47374 164.689
34.3 39.5092 3.77679 1.47759 164.675
34.4 39.5401 3.79114 1.48143 164.66
34.5 39.5706 3.80554 1.48527 164.646
34.6 39.6009 3.81997 1.48911 164.632
34.7 39.6308 3.83444 1.49294 164.617
34.8 39.6604 3.84894 1.49677 164.603
34.9 39.6898 3.86348 1.50059 164.588
35 39.7188 3.87806 1.50441 164.573
35.1 39.7475 3.89268 1.50823 164.559
35.2 39.776 3.90733 1.51204 164.544
35.3 39.8041 3.92201 1.51585 164.53
35.4 39.832 3.93674 1.51965 164.515
35.5 39.8595 3.95149 1.52345 164.5
35.6 39.8868 3.96629 1.52724 164.485
35.7 39.9138 3.98112 1.53104 164.47
35.8 39.9405 3.99599 1.53482 164.456
35.9 39.9669 4.01089 1.53861 164.441
36 39.993 4.02583 1.54238 164.426
36.1 40.0189 4.04081 1.54616 164.411
36.2 40.0444 4.05582 1.54993 164.396
36.3 40.0697 4.07086 1.55369 164.381
36.4 40.0947 4.08595 1.55746 164.366
36.5 40.1194 4.10106 1.56121 164.35
36.6 40.1439 4.11622 1.56497 164.335
36.7 40.168 4.13141 1.56872 164.32
36.8 40.1919 4.14663 1.57246 164.305
36.9 40.2156 4.16189 1.5762 164.29
37 40.2389 4.17719 1.57994 164.274
37.1 40.262 4.19252 1.58367 164.259
37.2 40.2848 4.20789 1.5874 164.244
37.3 40.3074 4.22329 1.59112 164.228
37.4 40.3297 4.23873 1.59484 164.213
37.5 40.3517 4.2542 1.59856 164.197
37.6 40.3735 4.26971 1.60227 164.182
37.7 40.395 4.28526 1.60597 164.166
37.8 40.4162 4.30084 1.60968 164.151
37.9 40.4372 4.31645 1.61337 164.135
38 40.4579 4.3321 1.61707 164.119
38.1 40.4784 4.34778 1.62076 164.104
38.2 40.4986 4.3635 1.62444 164.088
38.3 40.5186 4.37926 1.62812 164.072
38.4 40.5383 4.39504 1.6318 164.056
38.5 40.5577 4.41087 1.63547 164.041
38.6 40.5769 4.42673 1.63913 164.025
38.7 40.5959 4.44262 1.6428 164.009
38.8 40.6146 4.45855 1.64645 163.993
38.9 40.6331 4.47451 1.65011 163.977
39 40.6513 4.49051 1.65376 163.961
39.1 40.6693 4.50654 1.6574 163.945
39.2 40.687 4.5226 1.66104 163.929
39.3 40.7045 4.5387 1.66468 163.913
39.4 40.7218 4.55484 1.66831 163.897
39.5 40.7388 4.57101 1.67193 163.881
39.6 40.7556 4.58721 1.67555 163.864
39.7 40.7721 4.60345 1.67917 163.848
39.8 40.7884 4.61972 1.68278 163.832
39.9 40.8045 4.63602 1.68639 163.816
40 40.8203 4.65236 1.68999 163.799
40.1 40.8359 4.66874 1.69359 163.783
40.2 40.8513 4.68515 1.69719 163.766
40.3 40.8665 4.70159 1.70078 163.75
40.4 40.8814 4.71806 1.70436 163.733
40.5 40.8961 4.73457 1.70794 163.717
40.6 40.9105 4.75112 1.71152 163.7
40.7 40.9248 4.76769 1.71509 163.684
40.7999 40.9388 4.7843 1.71866 163.667
40.8999 40.9526 4.80095 1.72222 163.651
40.9999 40.9662 4.81763 1.72577 163.634
41.0999 40.9795 4.83434 1.72933 163.617
41.1999 40.9927 4.85108 1.73287 163.6
41.2999 41.0056 4.86786 1.73642 163.584
41.3999 41.0183 4.88467 1.73995 163.567
41.4999 41.0308 4.90152 1.74349 163.55
41.5999 41.043 4.91839 1.74702 163.533
41.6999 41.0551 4.9353 1.75054 163.516
41.7999 41.0669 4.95225 1.75406 163.499
41.8999 41.0786 4.96923 1.75757 163.482
41.9999 41.09 4.98624 1.76108 163.465
42.0999 41.1012 5.00328 1.76459 163.448
42.1999 41.1122 5.02036 1.76809 163.431
42.2999 41.123 5.03747 1.77158 163.414
42.3999 41.1336 5.05461 1.77507 163.397
42.4999 41.1439 5.07178 1.77856 163.38
42.5999 41.1541 5.08899 1.78204 163.363
42.6999 41.1641 5.10623 1.78551 163.345
42.7999 41.1739 5.12351 1.78898 163.328
42.8999 41.1834 5.14081 1.79245 163.311
42.9999 41.1928 5.15815 1.79591 163.293
43.0999 41.202 5.17552 1.79937 163.276
43.1999 41.2109 5.19292 1.80282 163.259
43.2999 41.2197 5.21036 1.80626 163.241
43.3999 41.2283 5.22783 1.80971 163.224
43.4999 41.2366 5.24533 1.81314 163.206
43.5999 41.2448 5.26286 1.81657 163.189
43.6999 41.2528 5.28042 1.82 163.171
43.7999 41.2606 5.29802 1.82342 163.154
43.8999 41.2682 5.31565 1.82684 163.136
43.9999 41.2756 5.33331 1.83025 163.118
44.0999 41.2828 5.351 1.83365 163.101
44.1999 41.2898 5.36873 1.83706 163.083
44.2999 41.2967 5.38648 1.84045 163.065
44.3999 41.3033 5.40427 1.84384 163.047
44.4999 41.3098 5.42209 1.84723 163.029
44.5999 41.3161 5.43994 1.85061 163.012
44.6999 41.3222 5.45783 1.85399 162.994
44.7999 41.3281 5.47574 1.85736 162.976
44.8999 41.3338 5.49369 1.86072 162.958
44.9999 41.3394 5.51167 1.86408 162.94
45.0999 41.3447 5.52968 1.86744 162.922
45.1999 41.3499 5.54772 1.87079 162.904
45.2999 41.3549 5.56579 1.87413 162.886
45.3999 41.3597 5.58389 1.87747 162.868
45.4999 41.3644 5.60203 1.88081 162.849
45.5999 41.3689 5.62019 1.88414 162.831
45.6999 41.3732 5.63839 1.88746 162.813
45.7999 41.3773 5.65661 1.89078 162.795
45.8999 41.3812 5.67487 1.8941 162.777
45.9999 41.385 5.69316 1.89741 162.758
46.0999 41.3886 5.71148 1.90071 162.74
46.1999 41.392 5.72983 1.90401 162.722
46.2999 41.3953 5.74822 1.9073 162.703
46.3999 41.3983 5.76663 1.91059 162.685
46.4999 41.4013 5.78507 1.91387 162.666
46.5999 41.404 5.80354 1.91715 162.648
46.6999 41.4066 5.82205 1.92042 162.629
46.7999 41.409 5.84058 1.92369 162.611
46.8999 41.4112 5.85915 1.92695 162.592
46.9999 41.4133 5.87774 1.93021 162.574
47.0999 41.4152 5.89637 1.93346 162.555
47.1999 41.417 5.91502 1.93671 162.536
47.2999 41.4186 5.93371 1.93995 162.518
47.3998 41.42 5.95243 1.94318 162.499
47.4998 41.4212 5.97117 1.94641 162.48
47.5998 41.4223 5.98995 1.94964 162.462
47.6998 41.4233 6.00876 1.95286 162.443
47.7998 41.4241 6.02759 1.95607 162.424
47.8998 41.4247 6.04646 1.95928 162.405
47.9998 41.4251 6.06535 1.96248 162.386
48.0998 41.4254 6.08428 1.96568 162.367
48.1998 41.4256 6.10323 1.96887 162.348
48.2998 41.4256 6.12222 1.97206 162.329
48.3998 41.4254 6.14123 1.97524 162.31
48.4998 41.4251 6.16028 1.97841 162.291
48.5998 41.4246 6.17935 1.98159 162.272
48.6998 41.424 6.19845 1.98475 162.253
48.7998 41.4232 6.21758 1.98791 162.234
48.8998 41.4223 6.23674 1.99106 162.215
48.9998 41.4212 6.25593 1.99421 162.196
49.0998 41.42 6.27515 1.99735 162.176
49.1998 41.4186 6.2944 2.00049 162.157
49.2998 41.4171 6.31368 2.00362 162.138
49.3998 41.4154 6.33299 2.00675 162.119
49.4998 41.4136 6.35232 2.00987 162.099
49.5998 41.4116 6.37169 2.01299 162.08
49.6998 41.4095 6.39108 2.0161 162.06
49.7998 41.4072 6.4105 2.0192 162.041
49.8998 41.4048 6.42995 2.0223 162.022
49.9998 41.4023 6.44943 2.02539 162.002
50.0998 41.3996 6.46894 2.02848 161.983
50.1998 41.3967 6.48847 2.03156 161.963
50.2998 41.3938 6.50804 2.03464 161.943
50.3998 41.3906 6.52763 2.03771 161.924
50.4998 41.3874 6.54725 2.04077 161.904
50.5998 41.384 6.5669 2.04383 161.885
50.6998 41.3804 6.58658 2.04688 161.865
50.7998 41.3768 6.60628 2.04993 161.845
50.8998 41.3729 6.62602 2.05297 161.826
50.9998 41.369 6.64578 2.05601 161.806
51.0998 41.3649 6.66557 2.05904 161.786
51.1998 41.3607 6.68539 2.06207 161.766
51.2998 41.3563 6.70523 2.06508 161.746
51.3998 41.3518 6.72511 2.0681 161.726
51.4998 41.3472 6.74501 2.07111 161.707
51.5998 41.3424 6.76493 2.07411 161.687
51.6998 41.3375 6.78489 2.0771 161.667
51.7998 41.3324 6.80487 2.08009 161.647
51.8998 41.3273 6.82489 2.08308 161.627
51.9998 41.322 6.84492 2.08606 161.607
52.0998 41.3166 6.86499 2.08903 161.587
52.1998 41.311 6.88508 2.092 161.566
52.2998 41.3053 6.9052 2.09496 161.546
52.3998 41.2995 6.92535 2.09792 161.526
52.4998 41.2935 6.94553 2.10087 161.506
52.5998 41.2875 6.96573 2.10381 161.486
52.6998 41.2813 6.98596 2.10675 161.466
52.7998 41.2749 7.00621 2.10968 161.445
52.8998 41.2685 7.02649 2.11261 161.425
52.9998 41.2619 7.0468 2.11553 161.405
53.0998 41.2552 7.06714 2.11844 161.384
53.1998 41.2484 7.0875 2.12135 161.364
53.2998 41.2414 7.10789 2.12425 161.344
53.3998 41.2343 7.12831 2.12715 161.323
53.4998 41.2271 7.14875 2.13004 161.303
53.5998 41.2198 7.16922 2.13293 161.282
53.6998 41.2124 7.18971 2.13581 161.262
53.7998 41.2048 7.21023 2.13868 161.241
53.8997 41.1971 7.23078 2.14155 161.221
53.9997 41.1893 7.25135 2.14441 161.2
54.0997 41.1814 7.27195 2.14726 161.18
54.1997 41.1733 7.29258 2.15011 161.159
54.2997 41.1652 7.31323 2.15296 161.138
54.3997 41.1569 7.33391 2.15579 161.118
54.4997 41.1485 7.35461 2.15863 161.097
54.5997 41.1399 7.37534 2.16145 161.076
54.6997 41.1313 7.3961 2.16427 161.055
54.7997 41.1226 7.41688 2.16708 161.035
54.8997 41.1137 7.43768 2.16989 161.014
54.9997 41.1047 7.45852 2.17269 160.993
55.0997 41.0956 7.47937 2.17549 160.972
55.1997 41.0864 7.50026 2.17828 160.951
55.2997 41.0771 7.52116 2.18106 160.93
55.3997 41.0676 7.5421 2.18383 160.909
55.4997 41.0581 7.56306 2.18661 160.888
55.5997 41.0484 7.58404 2.18937 160.867
55.6997 41.0387 7.60505 2.19213 160.846
55.7997 41.0288 7.62608 2.19488 160.825
55.8997 41.0188 7.64714 2.19763 160.804
55.9997 41.0087 7.66823 2.20037 160.783
56.0997 40.9985 7.68933 2.2031 160.762
56.1997 40.9881 7.71047 2.20583 160.741
56.2997 40.9777 7.73163 2.20855 160.72
56.3997 40.9672 7.75281 2.21127 160.699
56.4997 40.9565 7.77402 2.21397 160.678
56.5997 40.9458 7.79525 2.21668 160.656
56.6997 40.9349 7.8165 2.21937 160.635
56.7997 40.9239 7.83778 2.22206 160.614
56.8997 40.9129 7.85909 2.22475 160.592
56.9997 40.9017 7.88042 2.22743 160.571
57.0997 40.8904 7.90177 2.2301 160.55
57.1997 40.879 7.92315 2.23276 160.528
57.2997 40.8675 7.94455 2.23542 160.507
57.3997 40.8559 7.96598 2.23808 160.486
57.4997 40.8442 7.98743 2.24072 160.464
57.5997 40.8324 8.0089 2.24336 160.443
57.6997 40.8205 8.0304 2.246 160.421
57.7997 40.8085 8.05192 2.24863 160.4
57.8997 40.7964 8.07346 2.25125 160.378
57.9997 40.7842 8.09503 2.25386 160.356
58.0997 40.7719 8.11662 2.25647 160.335
58.1997 40.7595 8.13824 2.25907 160.313
58.2997 40.747 8.15988 2.26167 160.292
58.3997 40.7343 8.18154 2.26426 160.27
58.4997 40.7216 8.20322 2.26684 160.248
58.5997 40.7088 8.22493 2.26942 160.227
58.6997 40.6959 8.24666 2.27199 160.205
58.7997 40.6829 8.26842 2.27455 160.183
58.8997 40.6698 8.2902 2.27711 160.161
58.9997 40.6566 8.312 2.27966 160.14
59.0997 40.6433 8.33382 2.28221 160.118
59.1997 40.6299 8.35567 2.28475 160.096
59.2997 40.6165 8.37753 2.28728 160.074
59.3997 40.6029 8.39943 2.28981 160.052
59.4997 40.5892 8.42134 2.29232 160.03
59.5997 40.5754 8.44328 2.29484 160.008
59.6997 40.5616 8.46524 2.29734 159.986
59.7997 40.5476 8.48722 2.29984 159.964
59.8997 40.5336 8.50922 2.30234 159.942
59.9997 40.5194 8.53125 2.30482 159.92
60.0997 40.5052 8.5533 2.3073 159.898
60.1997 40.4909 8.57537 2.30978 159.876
60.2997 40.4764 8.59746 2.31225 159.854
60.3997 40.4619 8.61957 2.31471 159.832
60.4996 40.4473 8.64171 2.31716 159.81
60.5996 40.4326 8.66387 2.31961 159.788
60.6996 40.4179 8.68605 2.32205 159.765
60.7996 40.403 8.70825 2.32448 159.743
60.8996 40.388 8.73048 2.32691 159.721
60.9996 40.373 8.75272 2.32933 159.699
61.0996 40.3578 8.77499 2.33175 159.677
61.1996 40.3426 8.79728 2.33416 159.654
61.2996 40.3273 8.81959 2.33656 159.632
61.3996 40.3119 8.84192 2.33895 159.61
61.4996 40.2964 8.86427 2.34134 159.587
61.5996 40.2808 8.88664 2.34372 159.565
61.6996 40.2652 8.90904 2.3461 159.542
61.7996 40.2494 8.93145 2.34847 159.52
61.8996 40.2336 8.95389 2.35083 159.498
61.9996 40.2177 8.97635 2.35318 159.475
62.0996 40.2017 8.99883 2.35553 159.453
62.1996 40.1856 9.02132 2.35787 159.43
62.2996 40.1694 9.04384 2.36021 159.408
62.3996 40.1531 9.06639 2.36254 159.385
62.4996 40.1368 9.08895 2.36486 159.363
62.5996 40.1204 9.11153 2.36717 159.34
62.6996 40.1039 9.13413 2.36948 159.317
62.7996 40.0873 9.15675 2.37178 159.295
62.8996 40.0706 9.1794 2.37408 159.272
62.9996 40.0539 9.20206 2.37637 159.249
63.0996 40.037 9.22474 2.37865 159.227
63.1996 40.0201 9.24744 2.38092 159.204
63.2996 40.0031 9.27017 2.38319 159.181
63.3996 39.986 9.29291 2.38545 159.159
63.4996 39.9689 9.31567 2.38771 159.136
63.5996 39.9516 9.33846 2.38995 159.113
63.6996 39.9343 9.36126 2.3922 159.09
63.7996 39.9169 9.38408 2.39443 159.067
63.8996 39.8994 9.40692 2.39666 159.045
63.9996 39.8819 9.42979 2.39888 159.022
64.0996 39.8642 9.45267 2.40109 158.999
64.1996 39.8465 9.47557 2.4033 158.976
64.2996 39.8287 9.49849 2.4055 158.953
64.3996 39.8109 9.52143 2.40769 158.93
64.4996 39.7929 9.54438 2.40988 158.907
64.5996 39.7749 9.56736 2.41206 158.884
64.6996 39.7568 9.59036 2.41423 158.861
64.7996 39.7386 9.61337 2.41639 158.838
64.8996 39.7204 9.63641 2.41855 158.815
64.9996 39.7021 9.65946 2.4207 158.792
65.0996 39.6837 9.68253 2.42285 158.769
65.1996 39.6652 9.70562 2.42499 158.746
65.2996 39.6466 9.72873 2.42712 158.723
65.3996 39.628 9.75186 2.42924 158.7
65.4996 39.6093 9.77501 2.43136 158.677
65.5996 39.5905 9.79817 2.43347 158.653
65.6996 39.5717 9.82135 2.43557 158.63
65.7996 39.5528 9.84455 2.43767 158.607
65.8996 39.5338 9.86777 2.43976 158.584
65.9996 39.5147 9.89101 2.44184 158.561
66.0996 39.4956 9.91427 2.44391 158.537
66.1996 39.4764 9.93754 2.44598 158.514
66.2996 39.4571 9.96083 2.44804 158.491
66.3996 39.4377 9.98414 2.4501 158.467
66.4996 39.4183 10.0075 2.45215 158.444
66.5996 39.3988 10.0308 2.45419 158.421
66.6996 39.3792 10.0542 2.45622 158.397
66.7996 39.3596 10.0776 2.45825 158.374
66.8996 39.3399 10.101 2.46027 158.351
66.9995 39.3201 10.1244 2.46228 158.327
67.0995 39.3003 10.1478 2.46428 158.304
67.1995 39.2804 10.1713 2.46628 158.28
67.2995 39.2604 10.1947 2.46827 158.257
67.3995 39.2403 10.2182 2.47026 158.233
67.4995 39.2202 10.2417 2.47223 158.21
67.5995 39.2 10.2652 2.4742 158.186
67.6995 39.1798 10.2888 2.47616 158.163
67.7995 39.1594 10.3123 2.47812 158.139
67.8995 39.139 10.3359 2.48007 158.116
67.9995 39.1186 10.3595 2.48201 158.092
68.0995 39.098 10.3831 2.48394 158.068
68.1995 39.0775 10.4067 2.48587 158.045
68.2995 39.0568 10.4303 2.48779 158.021
68.3995 39.0361 10.454 2.4897 157.998
68.4995 39.0153 10.4776 2.49161 157.974
68.5995 38.9944 10.5013 2.49351 157.95
68.6995 38.9735 10.525 2.4954 157.927
68.7995 38.9525 10.5487 2.49728 157.903
68.8995 38.9315 10.5725 2.49916 157.879
68.9995 38.9103 10.5962 2.50103 157.855
69.0995 38.8892 10.62 2.50289 157.832
69.1995 38.8679 10.6438 2.50475 157.808
69.2995 38.8466 10.6676 2.5066 157.784
69.3995 38.8252 10.6914 2.50844 157.76
69.4995 38.8038 10.7152 2.51027 157.736
69.5995 38.7823 10.739 2.5121 157.712
69.6995 38.7607 10.7629 2.51392 157.689
69.7995 38.7391 10.7868 2.51573 157.665
69.8995 38.7174 10.8107 2.51753 157.641
69.9995 38.6957 10.8346 2.51933 157.617
70.0995 38.6739 10.8585 2.52112 157.593
70.1995 38.652 10.8824 2.5229 157.569
70.2995 38.63 10.9064 2.52468 157.545
70.3995 38.608 10.9303 2.52645 157.521
70.4995 38.586 10.9543 2.52821 157.497
70.5995 38.5639 10.9783 2.52996 157.473
70.6995 38.5417 11.0023 2.53171 157.449
70.7995 38.5195 11.0263 2.53345 157.425
70.8995 38.4972 11.0504 2.53518 157.401
70.9995 38.4748 11.0744 2.5369 157.377
71.0995 38.4524 11.0985 2.53862 157.353
71.1995 38.4299 11.1226 2.54033 157.329
71.2995 38.4074 11.1467 2.54203 157.305
71.3995 38.3848 11.1708 2.54373 157.281
71.4995 38.3621 11.1949 2.54542 157.257
71.5995 38.3394 11.2191 2.5471 157.232
71.6995 38.3166 11.2432 2.54877 157.208
71.7995 38.2938 11.2674 2.55044 157.184
71.8995 38.2709 11.2916 2.55209 157.16
71.9995 38.248 11.3157 2.55374 157.136
72.0995 38.225 11.34 2.55539 157.112
72.1995 38.2019 11.3642 2.55702 157.087
72.2995 38.1788 11.3884 2.55865 157.063
72.3995 38.1556 11.4127 2.56027 157.039
72.4995 38.1324 11.4369 2.56189 157.015
72.5995 38.1091 11.4612 2.56349 156.99
72.6995 38.0858 11.4855 2.56509 156.966
72.7995 38.0624 11.5098 2.56668 156.942
72.8995 38.0389 11.5341 2.56827 156.917
72.9995 38.0154 11.5584 2.56985 156.893
73.0995 37.9918 11.5828 2.57141 156.869
73.1995 37.9682 11.6071 2.57298 156.844
73.2995 37.9445 11.6315 2.57453 156.82
73.3995 37.9208 11.6559 2.57608 156.796
73.4995 37.897 11.6803 2.57762 156.771
73.5994 37.8732 11.7047 2.57915 156.747
73.6994 37.8493 11.7291 2.58067 156.722
73.7994 37.8253 11.7535 2.58219 156.698
73.8994 37.8013 11.778 2.5837 156.674
73.9994 37.7773 11.8024 2.5852 156.649
74.0994 37.7532 11.8269 2.58669 156.625
74.1994 37.729 11.8514 2.58818 156.6
74.2994 37.7048 11.8759 2.58966 156.576
74.3994 37.6805 11.9004 2.59113 156.551
74.4994 37.6562 11.9249 2.59259 156.527
74.5994 37.6319 11.9494 2.59405 156.502
74.6994 37.6074 11.9739 2.5955 156.478
74.7994 37.583 11.9985 2.59694 156.453
74.8994 37.5584 12.0231 2.59837 156.428
74.9994 37.5339 12.0476 2.5998 156.404
75.0994 37.5092 12.0722 2.60122 156.379
75.1994 37.4845 12.0968 2.60263 156.355
75.2994 37.4598 12.1214 2.60403 156.33
75.3994 37.435 12.146 2.60543 156.305
75.4994 37.4102 12.1707 2.60682 156.281
75.5994 37.3853 12.1953 2.6082 156.256
75.6994 37.3604 12.22 2.60957 156.232
75.7994 37.3354 12.2446 2.61094 156.207
75.8994 37.3104 12.2693 2.61229 156.182
75.9994 37.2853 12.294 2.61364 156.158
76.0994 37.2602 12.3187 2.61499 156.133
76.1994 37.235 12.3434 2.61632 156.108
76.2994 37.2097 12.3681 2.61765 156.083
76.3994 37.1845 12.3928 2.61897 156.059
76.4994 37.1591 12.4176 2.62028 156.034
76.5994 37.1338 12.4423 2.62158 156.009
76.6994 37.1083 12.4671 2.62288 155.984
76.7994 37.0829 12.4918 2.62417 155.96
76.8994 37.0573 12.5166 2.62545 155.935
76.9994 37.0318 12.5414 2.62672 155.91
77.0994 37.0061 12.5662 2.62799 155.885
77.1994 36.9805 12.591 2.62925 155.861
77.2994 36.9548 12.6158 2.6305 155.836
77.3994 36.929 12.6407 2.63174 155.811
77.4994 36.9032 12.6655 2.63297 155.786
77.5994 36.8773 12.6904 2.6342 155.761
77.6994 36.8514 12.7152 2.63542 155.736
77.7994 36.8255 12.7401 2.63663 155.711
77.8994 36.7995 12.765 2.63784 155.687
77.9994 36.7735 12.7898 2.63903 155.662
78.0994 36.7474 12.8147 2.64022 155.637
78.1994 36.7212 12.8396 2.6414 155.612
78.2994 36.6951 12.8646 2.64257 155.587
78.3994 36.6688 12.8895 2.64374 155.562
78.4994 36.6426 12.9144 2.64489 155.537
78.5994 36.6163 12.9394 2.64604 155.512
78.6994 36.5899 12.9643 2.64719 155.487
78.7994 36.5635 12.9893 2.64832 155.462
78.8994 36.537 13.0142 2.64945 155.437
78.9994 36.5106 13.0392 2.65056 155.412
79.0994 36.484 13.0642 2.65167 155.387
79.1994 36.4574 13.0892 2.65278 155.362
79.2994 36.4308 13.1142 2.65387 155.337
79.3994 36.4041 13.1392 2.65496 155.312
79.4994 36.3774 13.1642 2.65604 155.287
79.5994 36.3507 13.1892 2.65711 155.262
79.6994 36.3239 13.2143 2.65817 155.237
79.7994 36.297 13.2393 2.65923 155.212
79.8994 36.2701 13.2643 2.66028 155.187
79.9994 36.2432 13.2894 2.66132 155.162
80.0993 36.2162 13.3145 2.66235 155.137
80.1993 36.1892 13.3395 2.66337 155.112
80.2993 36.1621 13.3646 2.66439 155.087
80.3993 36.135 13.3897 2.6654 155.062
80.4993 36.1079 13.4148 2.6664 155.037
80.5993 36.0807 13.4399 2.66739 155.012
80.6993 36.0535 13.465 2.66838 154.987
80.7993 36.0262 13.4901 2.66935 154.961
80.8993 35.9989 13.5152 2.67032 154.936
80.9993 35.9716 13.5404 2.67128 154.911
81.0993 35.9442 13.5655 2.67224 154.886
81.1993 35.9167 13.5907 2.67318 154.861
81.2993 35.8892 13.6158 2.67412 154.836
81.3993 35.8617 13.641 2.67505 154.811
81.4993 35.8342 13.6661 2.67597 154.785
81.5993 35.8066 13.6913 2.67688 154.76
81.6993 35.7789 13.7165 2.67779 154.735
81.7993 35.7512 13.7417 2.67869 154.71
81.8993 35.7235 13.7668 2.67958 154.685
81.9993 35.6958 13.792 2.68046 154.659
82.0993 35.668 13.8172 2.68133 154.634
82.1993 35.6401 13.8425 2.6822 154.609
82.2993 35.6122 13.8677 2.68305 154.584
82.3993 35.5843 13.8929 2.6839 154.559
82.4993 35.5564 13.9181 2.68475 154.533
82.5993 35.5284 13.9433 2.68558 154.508
82.6993 35.5003 13.9686 2.68641 154.483
82.7993 35.4722 13.9938 2.68722 154.458
82.8993 35.4441 14.0191 2.68804 154.432
82.9993 35.416 14.0443 2.68884 154.407
83.0993 35.3878 14.0696 2.68963 154.382
83.1993 35.3595 14.0949 2.69042 154.357
83.2993 35.3313 14.1201 2.6912 154.331
83.3993 35.303 14.1454 2.69197 154.306
83.4993 35.2746 14.1707 2.69273 154.281
83.5993 35.2462 14.196 2.69348 154.256
83.6993 35.2178 14.2213 2.69423 154.23
83.7993 35.1893 14.2466 2.69497 154.205
83.8993 35.1608 14.2719 2.6957 154.18
83.9993 35.1323 14.2972 2.69642 154.154
84.0993 35.1037 14.3225 2.69713 154.129
84.1993 35.0751 14.3478 2.69784 154.104
84.2993 35.0465 14.3731 2.69853 154.078
84.3993 35.0178 14.3984 2.69922 154.053
84.4993 34.9891 14.4237 2.69991 154.028
84.5993 34.9603 14.4491 2.70058 154.002
84.6993 34.9315 14.4744 2.70124 153.977
84.7993 34.9027 14.4998 2.7019 153.952
84.8993 34.8738 14.5251 2.70255 153.926
84.9993 34.8449 14.5504 2.70319 153.901
85.0993 34.816 14.5758 2.70383 153.876
85.1993 34.787 14.6012 2.70445 153.85
85.2993 34.758 14.6265 2.70507 153.825
85.3993 34.7289 14.6519 2.70568 153.8
85.4993 34.6998 14.6772 2.70628 153.774
85.5993 34.6707 14.7026 2.70687 153.749
85.6993 34.6416 14.728 2.70746 153.724
85.7993 34.6124 14.7534 2.70803 153.698
85.8993 34.5832 14.7787 2.7086 153.673
85.9993 34.5539 14.8041 2.70916 153.647
86.0993 34.5246 14.8295 2.70971 153.622
86.1993 34.4953 14.8549 2.71026 153.597
86.2993 34.4659 14.8803 2.71079 153.571
86.3993 34.4365 14.9057 2.71132 153.546
86.4993 34.4071 14.9311 2.71184 153.52
86.5993 34.3776 14.9565 2.71235 153.495
86.6992 34.3481 14.9819 2.71285 153.47
86.7992 34.3186 15.0073 2.71335 153.444
86.8992 34.289 15.0327 2.71384 153.419
86.9992 34.2594 15.0581 2.71432 153.393
87.0992 34.2298 15.0835 2.71479 153.368
87.1992 34.2001 15.1089 2.71525 153.343
87.2992 34.1704 15.1344 2.7157 153.317
87.3992 34.1407 15.1598 2.71615 153.292
87.4992 34.1109 15.1852 2.71659 153.266
87.5992 34.0811 15.2106 2.71702 153.241
87.6992 34.0512 15.2361 2.71744 153.215
87.7992 34.0214 15.2615 2.71785 153.19
87.8992 33.9915 15.2869 2.71826 153.165
87.9992 33.9615 15.3123 2.71866 153.139
88.0992 33.9316 15.3378 2.71904 153.114
88.1992 33.9016 15.3632 2.71943 153.088
88.2992 33.8715 15.3886 2.7198 153.063
88.3992 33.8415 15.4141 2.72016 153.037
88.4992 33.8114 15.4395 2.72052 153.012
88.5992 33.7812 15.4649 2.72087 152.987
88.6992 33.7511 15.4904 2.72121 152.961
88.7992 33.7209 15.5158 2.72154 152.936
88.8992 33.6906 15.5413 2.72186 152.91
88.9992 33.6604 15.5667 2.72218 152.885
89.0992 33.6301 15.5922 2.72248 152.859
89.1992 33.5998 15.6176 2.72278 152.834
89.2992 33.5694 15.643 2.72307 152.808
89.3992 33.539 15.6685 2.72336 152.783
89.4992 33.5086 15.6939 2.72363 152.758
89.5992 33.4782 15.7194 2.7239 152.732
89.6992 33.4477 15.7448 2.72415 152.707
89.7992 33.4172 15.7703 2.7244 152.681
89.8992 33.3867 15.7957 2.72464 152.656
89.9992 33.3561 15.8212 2.72488 152.63
90.0992 33.3255 15.8466 2.7251 152.605
90.1992 33.2949 15.8721 2.72532 152.579
90.2992 33.2642 15.8975 2.72552 152.554
90.3992 33.2335 15.923 2.72572 152.529
90.4992 33.2028 15.9484 2.72592 152.503
90.5992 33.172 15.9738 2.7261 152.478
90.6992 33.1413 15.9993 2.72627 152.452
90.7992 33.1104 16.0247 2.72644 152.427
90.8992 33.0796 16.0502 2.7266 152.401
90.9992 33.0487 16.0756 2.72675 152.376
91.0992 33.0178 16.1011 2.72689 152.35
91.1992 32.9869 16.1265 2.72703 152.325
91.2992 32.956 16.1519 2.72715 152.3
91.3992 32.925 16.1774 2.72727 152.274
91.4992 32.8939 16.2028 2.72738 152.249
91.5992 32.8629 16.2283 2.72748 152.223
91.6992 32.8318 16.2537 2.72757 152.198
91.7992 32.8007 16.2791 2.72765 152.172
91.8992 32.7696 16.3046 2.72773 152.147
91.9992 32.7384 16.33 2.7278 152.122
92.0992 32.7072 16.3554 2.72786 152.096
92.1992 32.676 16.3809 2.72791 152.071
92.2992 32.6448 16.4063 2.72795 152.045
92.3992 32.6135 16.4317 2.72798 152.02
92.4992 32.5822 16.4571 2.72801 151.994
92.5992 32.5509 16.4826 2.72803 151.969
92.6992 32.5195 16.508 2.72804 151.944
92.7992 32.4881 16.5334 2.72804 151.918
92.8992 32.4567 16.5588 2.72803 151.893
92.9992 32.4253 16.5842 2.72801 151.867
93.0992 32.3938 16.6096 2.72799 151.842
93.1992 32.3623 16.635 2.72796 151.816
93.2991 32.3308 16.6604 2.72792 151.791
93.3991 32.2992 16.6858 2.72787 151.766
93.4991 32.2676 16.7112 2.72781 151.74
93.5991 32.236 16.7366 2.72774 151.715
93.6991 32.2044 16.762 2.72767 151.689
93.7991 32.1727 16.7874 2.72759 151.664
93.8991 32.141 16.8128 2.7275 151.639
93.9991 32.1093 16.8382 2.7274 151.613
94.0991 32.0776 16.8636 2.72729 151.588
94.1991 32.0458 16.889 2.72717 151.563
94.2991 32.014 16.9143 2.72705 151.537
94.3991 31.9822 16.9397 2.72692 151.512
94.4991 31.9503 16.9651 2.72678 151.486
94.5991 31.9185 16.9905 2.72663 151.461
94.6991 31.8866 17.0158 2.72647 151.436
94.7991 31.8546 17.0412 2.7263 151.41
94.8991 31.8227 17.0665 2.72613 151.385
94.9991 31.7907 17.0919 2.72595 151.36
95.0991 31.7587 17.1172 2.72576 151.334
95.1991 31.7266 17.1426 2.72556 151.309
95.2991 31.6946 17.1679 2.72535 151.284
95.3991 31.6625 17.1933 2.72513 151.258
95.4991 31.6304 17.2186 2.72491 151.233
95.5991 31.5983 17.2439 2.72468 151.208
95.6991 31.5661 17.2692 2.72444 151.182
95.7991 31.5339 17.2946 2.72419 151.157
95.8991 31.5017 17.3199 2.72393 151.132
95.9991 31.4695 17.3452 2.72366 151.106
96.0991 31.4372 17.3705 2.72339 151.081
96.1991 31.4049 17.3958 2.72311 151.056
96.2991 31.3726 17.4211 2.72281 151.03
96.3991 31.3403 17.4464 2.72251 151.005
96.4991 31.3079 17.4717 2.72221 150.98
96.5991 31.2755 17.4969 2.72189 150.955
96.6991 31.2431 17.5222 2.72157 150.929
96.7991 31.2107 17.5475 2.72123 150.904
96.8991 31.1782 17.5727 2.72089 150.879
96.9991 31.1457 17.598 2.72054 150.854
97.0991 31.1132 17.6233 2.72018 150.828
97.1991 31.0807 17.6485 2.71982 150.803
97.2991 31.0481 17.6738 2.71944 150.778
97.3991 31.0155 17.699 2.71906 150.753
97.4991 30.9829 17.7242 2.71867 150.727
97.5991 30.9503 17.7495 2.71826 150.702
97.6991 30.9176 17.7747 2.71786 150.677
97.7991 30.885 17.7999 2.71744 150.652
97.8991 30.8523 17.8251 2.71701 150.626
97.9991 30.8195 17.8503 2.71658 150.601
98.0991 30.7868 17.8755 2.71614 150.576
98.1991 30.754 17.9007 2.71569 150.551
98.2991 30.7212 17.9259 2.71523 150.526
98.3991 30.6884 17.951 2.71476 150.5
98.4991 30.6556 17.9762 2.71428 150.475
98.5991 30.6227 18.0014 2.7138 150.45
98.6991 30.5898 18.0265 2.71331 150.425
98.7991 30.5569 18.0517 2.71281 150.4
98.8991 30.524 18.0768 2.7123 150.375
98.9991 30.491 18.102 2.71178 150.35
99.0991 30.458 18.1271 2.71125 150.324
99.1991 30.425 18.1522 2.71072 150.299
99.2991 30.392 18.1773 2.71018 150.274
99.3991 30.3589 18.2024 2.70962 150.249
99.4991 30.3259 18.2275 2.70907 150.224
99.5991 30.2928 18.2526 2.7085 150.199
99.6991 30.2596 18.2777 2.70792 150.174
99.799 30.2265 18.3028 2.70734 150.149
99.899 30.1933 18.3279 2.70674 150.124
99.999 30.1602 18.3529 2.70614 150.099
100.099 30.127 18.378 2.70553 150.074
100.199 30.0937 18.403 2.70491 150.048
100.299 30.0605 18.4281 2.70428 150.023
100.399 30.0272 18.4531 2.70365 149.998
100.499 29.9939 18.4781 2.70301 149.973
100.599 29.9606 18.5032 2.70235 149.948
100.699 29.9273 18.5282 2.70169 149.923
100.799 29.8939 18.5532 2.70102 149.898
100.899 29.8605 18.5782 2.70035 149.873
100.999 29.8271 18.6031 2.69966 149.848
101.099 29.7937 18.6281 2.69897 149.823
101.199 29.7602 18.6531 2.69826 149.798
101.299 29.7268 18.678 2.69755 149.773
101.399 29.6933 18.703 2.69683 149.749
101.499 29.6598 18.7279 2.69611 149.724
101.599 29.6262 18.7529 2.69537 149.699
101.699 29.5927 18.7778 2.69462 149.674
101.799 29.5591 18.8027 2.69387 149.649
101.899 29.5255 18.8276 2.69311 149.624
101.999 29.4919 18.8525 2.69234 149.599
102.099 29.4583 18.8774 2.69156 149.574
102.199 29.4246 18.9023 2.69078 149.549
102.299 29.3909 18.9271 2.68998 149.524
102.399 29.3572 18.952 2.68918 149.5
102.499 29.3235 18.9768 2.68837 149.475
102.599 29.2898 19.0017 2.68755 149.45
102.699 29.256 19.0265 2.68672 149.425
102.799 29.2222 19.0513 2.68588 149.4
102.899 29.1884 19.0761 2.68503 149.375
102.999 29.1546 19.1009 2.68418 149.351
103.099 29.1208 19.1257 2.68332 149.326
103.199 29.0869 19.1505 2.68245 149.301
103.299 29.053 19.1753 2.68157 149.276
103.399 29.0191 19.2 2.68068 149.251
103.499 28.9852 19.2248 2.67979 149.227
103.599 28.9513 19.2495 2.67888 149.202
103.699 28.9173 19.2742 2.67797 149.177
103.799 28.8833 19.299 2.67705 149.153
103.899 28.8493 19.3237 2.67612 149.128
103.999 28.8153 19.3484 2.67518 149.103
104.099 28.7813 19.3731 2.67423 149.078
104.199 28.7472 19.3977 2.67328 149.054
104.299 28.7131 19.4224 2.67232 149.029
104.399 28.679 19.447 2.67135 149.004
104.499 28.6449 19.4717 2.67037 148.98
104.599 28.6108 19.4963 2.66938 148.955
104.699 28.5766 19.5209 2.66838 148.931
104.799 28.5424 19.5455 2.66738 148.906
104.899 28.5082 19.5701 2.66636 148.881
104.999 28.474 19.5947 2.66534 148.857
105.099 28.4398 19.6193 2.66431 148.832
105.199 28.4055 19.6439 2.66327 148.808
105.299 28.3713 19.6684 2.66223 148.783
105.399 28.337 19.693 2.66117 148.759
105.499 28.3027 19.7175 2.66011 148.734
105.599 28.2684 19.742 2.65904 148.71
105.699 28.234 19.7665 2.65796 148.685
105.799 28.1996 19.791 2.65687 148.661
105.899 28.1653 19.8155 2.65577 148.636
105.999 28.1309 19.8399 2.65466 148.612
106.099 28.0964 19.8644 2.65355 148.587
106.199 28.062 19.8888 2.65243 148.563
106.299 28.0275 19.9133 2.6513 148.538
106.399 27.9931 19.9377 2.65016 148.514
106.499 27.9586 19.9621 2.64901 148.489
106.599 27.9241 19.9865 2.64786 148.465
106.699 27.8895 20.0109 2.64669 148.441
106.799 27.855 20.0352 2.64552 148.416
106.899 27.8204 20.0596 2.64434 148.392
106.999 27.7858 20.0839 2.64315 148.368
107.099 27.7512 20.1082 2.64195 148.343
107.199 27.7166 20.1326 2.64075 148.319
107.299 27.682 20.1569 2.63953 148.295
107.399 27.6473 20.1812 2.63831 148.27
107.499 27.6127 20.2054 2.63708 148.246
107.599 27.578 20.2297 2.63584 148.222
107.699 27.5433 20.2539 2.63459 148.198
107.799 27.5085 20.2782 2.63334 148.173
107.899 27.4738 20.3024 2.63207 148.149
107.999 27.439 20.3266 2.6308 148.125
108.099 27.4043 20.3508 2.62952 148.101
108.199 27.3695 20.375 2.62823 148.077
108.299 27.3346 20.3991 2.62694 148.052
108.399 27.2998 20.4233 2.62563 148.028
108.499 27.265 20.4474 2.62432 148.004
108.599 27.2301 20.4716 2.62299 147.98
108.699 27.1952 20.4957 2.62166 147.956
108.799 27.1603 20.5198 2.62032 147.932
108.899 27.1254 20.5439 2.61898 147.908
108.999 27.0905 20.5679 2.61762 147.884
109.099 27.0555 20.592 2.61626 147.86
109.199 27.0206 20.616 2.61488 147.836
109.299 26.9856 20.64 2.6135 147.811
109.399 26.9506 20.664 2.61212 147.787
109.499 26.9156 20.688 2.61072 147.763
109.599 26.8805 20.712 2.60931 147.74
109.699 26.8455 20.736 2.6079 147.716
109.799 26.8104 20.7599 2.60648 147.692
109.899 26.7754 20.7839 2.60505 147.668
109.999 26.7403 20.8078 2.60361 147.644
110.099 26.7051 20.8317 2.60216 147.62
110.199 26.67 20.8556 2.60071 147.596
110.299 26.6349 20.8795 2.59924 147.572
110.399 26.5997 20.9033 2.59777 147.548
110.499 26.5645 20.9272 2.59629 147.524
110.599 26.5293 20.951 2.5948 147.501
110.699 26.4941 20.9748 2.59331 147.477
110.799 26.4589 20.9986 2.5918 147.453
110.899 26.4237 21.0224 2.59029 147.429
110.999 26.3884 21.0461 2.58877 147.405
111.099 26.3531 21.0699 2.58724 147.382
111.199 26.3178 21.0936 2.5857 147.358
111.299 26.2825 21.1173 2.58415 147.334
111.399 26.2472 21.141 2.5826 147.31
111.499 26.2119 21.1647 2.58104 147.287
111.599 26.1765 21.1884 2.57946 147.263
111.699 26.1411 21.212 2.57789 147.239
111.799 26.1058 21.2357 2.5763 147.216
111.899 26.0704 21.2593 2.5747 147.192
111.999 26.0349 21.2829 2.5731 147.169
112.099 25.9995 21.3065 2.57149 147.145
112.199 25.9641 21.3301 2.56987 147.121
112.299 25.9286 21.3536 2.56824 147.098
112.399 25.8931 21.3771 2.5666 147.074
112.499 25.8576 21.4007 2.56496 147.051
112.599 25.8221 21.4242 2.5633 147.027
112.699 25.7866 21.4476 2.56164 147.004
112.799 25.7511 21.4711 2.55997 146.98
112.899 25.7155 21.4946 2.55829 146.957
112.999 25.68 21.518 2.55661 146.934
113.099 25.6444 21.5414 2.55491 146.91
113.199 25.6088 21.5648 2.55321 146.887
113.299 25.5732 21.5882 2.5515 146.863
113.399 25.5375 21.6116 2.54978 146.84
113.499 25.5019 21.6349 2.54805 146.817
113.599 25.4663 21.6582 2.54632 146.793
113.699 25.4306 21.6815 2.54458 146.77
113.799 25.3949 21.7048 2.54282 146.747
113.899 25.3592 21.7281 2.54106 146.723
113.999 25.3235 21.7514 2.5393 146.7
114.099 25.2878 21.7746 2.53752 146.677
114.199 25.252 21.7978 2.53574 146.654
114.299 25.2163 21.821 2.53394 146.631
114.399 25.1805 21.8442 2.53214 146.607
114.499 25.1447 21.8674 2.53034 146.584
114.599 25.1089 21.8905 2.52852 146.561
114.699 25.0731 21.9136 2.52669 146.538
114.799 25.0373 21.9367 2.52486 146.515
114.899 25.0014 21.9598 2.52302 146.492
114.999 24.9656 21.9829 2.52117 146.469
115.099 24.9297 22.006 2.51931 146.446
115.199 24.8938 22.029 2.51745 146.423
115.299 24.8579 22.052 2.51557 146.4
115.399 24.822 22.075 2.51369 146.377
115.499 24.7861 22.098 2.5118 146.354
115.599 24.7501 22.1209 2.5099 146.331
115.699 24.7142 22.1439 2.508 146.308
115.799 24.6782 22.1668 2.50608 146.285
115.899 24.6422 22.1897 2.50416 146.262
115.999 24.6062 22.2126 2.50223 146.239
116.099 24.5702 22.2355 2.50029 146.216
116.199 24.5342 22.2583 2.49835 146.193
116.299 24.4982 22.2811 2.49639 146.17
116.399 24.4621 22.3039 2.49443 146.148
116.499 24.426 22.3267 2.49246 146.125
116.599 24.39 22.3495 2.49048 146.102
116.699 24.3539 22.3722 2.48849 146.079
116.799 24.3178 22.3949 2.4865 146.057
116.899 24.2817 22.4176 2.4845 146.034
116.999 24.2455 22.4403 2.48248 146.011
117.099 24.2094 22.463 2.48047 145.989
117.199 24.1732 22.4856 2.47844 145.966
117.299 24.1371 22.5082 2.4764 145.943
117.399 24.1009 22.5309 2.47436 145.921
117.499 24.0647 22.5534 2.47231 145.898
117.599 24.0285 22.576 2.47025 145.876
117.699 23.9923 22.5985 2.46818 145.853
117.799 23.956 22.6211 2.46611 145.83
117.899 23.9198 22.6436 2.46403 145.808
117.999 23.8835 22.666 2.46193 145.785
118.099 23.8472 22.6885 2.45984 145.763
118.199 23.811 22.7109 2.45773 145.741
118.299 23.7747 22.7333 2.45561 145.718
118.399 23.7383 22.7557 2.45349 145.696
118.499 23.702 22.7781 2.45136 145.673
118.599 23.6657 22.8005 2.44922 145.651
118.699 23.6293 22.8228 2.44707 145.629
118.799 23.593 22.8451 2.44492 145.606
118.899 23.5566 22.8674 2.44276 145.584
118.999 23.5202 22.8897 2.44059 145.562
119.099 23.4838 22.9119 2.43841 145.54
119.199 23.4474 22.9341 2.43622 145.517
119.299 23.411 22.9563 2.43403 145.495
119.399 23.3745 22.9785 2.43182 145.473
119.499 23.3381 23.0007 2.42961 145.451
119.599 23.3016 23.0228 2.42739 145.429
119.699 23.2652 23.0449 2.42517 145.407
119.799 23.2287 23.067 2.42293 145.385
119.899 23.1922 23.0891 2.42069 145.362
119.999 23.1557 23.1111 2.41844 145.34
120.099 23.1191 23.1332 2.41618 145.318
120.199 23.0826 23.1552 2.41392 145.296
120.299 23.0461 23.1772 2.41165 145.274
120.399 23.0095 23.1991 2.40936 145.252
120.499 22.9729 23.2211 2.40707 145.23
120.599 22.9363 23.243 2.40478 145.209
120.699 22.8998 23.2649 2.40247 145.187
120.799 22.8631 23.2867 2.40016 145.165
120.899 22.8265 23.3086 2.39784 145.143
120.999 22.7899 23.3304 2.39551 145.121
121.099 22.7533 23.3522 2.39317 145.099
121.199 22.7166 23.374 2.39083 145.078
121.299 22.6799 23.3957 2.38848 145.056
121.399 22.6433 23.4175 2.38612 145.034
121.499 22.6066 23.4392 2.38375 145.012
121.599 22.5699 23.4609 2.38138 144.991
121.699 22.5332 23.4825 2.37899 144.969
121.799 22.4964 23.5042 2.3766 144.947
121.899 22.4597 23.5258 2.3742 144.926
121.999 22.423 23.5474 2.3718 144.904
122.099 22.3862 23.5689 2.36938 144.883
122.199 22.3494 23.5905 2.36696 144.861
122.299 22.3127 23.612 2.36453 144.84
122.399 22.2759 23.6335 2.36209 144.818
122.499 22.2391 23.655 2.35965 144.797
122.599 22.2023 23.6764 2.3572 144.775
122.699 22.1654 23.6978 2.35474 144.754
122.799 22.1286 23.7192 2.35227 144.732
122.899 22.0918 23.7406 2.34979 144.711
122.999 22.0549 23.762 2.34731 144.69
123.099 22.018 23.7833 2.34482 144.668
123.199 21.9811 23.8046 2.34232 144.647
123.299 21.9443 23.8259 2.33981 144.626
123.399 21.9074 23.8472 2.33729 144.604
123.499 21.8704 23.8684 2.33477 144.583
123.599 21.8335 23.8896 2.33224 144.562
123.699 21.7966 23.9108 2.32971 144.541
123.799 21.7596 23.9319 2.32716 144.52
123.899 21.7227 23.9531 2.32461 144.498
123.999 21.6857 23.9742 2.32205 144.477
124.099 21.6487 23.9953 2.31948 144.456
124.199 21.6118 24.0163 2.3169 144.435
124.299 21.5748 24.0374 2.31432 144.414
124.399 21.5377 24.0584 2.31173 144.393
124.499 21.5007 24.0793 2.30913 144.372
124.599 21.4637 24.1003 2.30652 144.351
124.699 21.4267 24.1212 2.30391 144.33
124.799 21.3896 24.1422 2.30129 144.309
124.899 21.3525 24.163 2.29866 144.288
124.999 21.3155 24.1839 2.29602 144.268
125.099 21.2784 24.2047 2.29338 144.247
125.199 21.2413 24.2255 2.29073 144.226
125.299 21.2042 24.2463 2.28807 144.205
125.399 21.1671 24.2671 2.2854 144.184
125.499 21.13 24.2878 2.28273 144.164
125.599 21.0928 24.3085 2.28004 144.143
125.699 21.0557 24.3292 2.27735 144.122
125.799 21.0185 24.3498 2.27466 144.102
125.899 20.9814 24.3705 2.27195 144.081
125.999 20.9442 24.3911 2.26924 144.06
126.099 20.907 24.4116 2.26652 144.04
126.199 20.8698 24.4322 2.26379 144.019
126.299 20.8326 24.4527 2.26106 143.999
126.399 20.7954 24.4732 2.25832 143.978
126.499 20.7582 24.4937 2.25557 143.958
126.599 20.7209 24.5141 2.25281 143.937
126.699 20.6837 24.5345 2.25005 143.917
126.799 20.6464 24.5549 2.24728 143.897
126.899 20.6092 24.5753 2.2445 143.876
126.999 20.5719 24.5956 2.24171 143.856
127.099 20.5346 24.6159 2.23892 143.836
127.199 20.4973 24.6362 2.23611 143.815
127.299 20.46 24.6565 2.23331 143.795
127.399 20.4227 24.6767 2.23049 143.775
127.499 20.3854 24.6969 2.22767 143.755
127.599 20.348 24.7171 2.22483 143.734
127.699 20.3107 24.7372 2.222 143.714
127.799 20.2733 24.7573 2.21915 143.694
127.899 20.236 24.7774 2.2163 143.674
127.999 20.1986 24.7975 2.21344 143.654
128.099 20.1612 24.8175 2.21057 143.634
128.199 20.1238 24.8375 2.20769 143.614
128.299 20.0864 24.8575 2.20481 143.594
128.399 20.049 24.8775 2.20192 143.574
128.499 20.0116 24.8974 2.19902 143.554
128.599 19.9742 24.9173 2.19612 143.534
128.699 19.9367 24.9372 2.19321 143.514
128.799 19.8993 24.957 2.19029 143.494
128.899 19.8618 24.9769 2.18736 143.475
128.999 19.8244 24.9967 2.18443 143.455
129.099 19.7869 25.0164 2.18149 143.435
129.199 19.7494 25.0362 2.17854 143.415
129.299 19.7119 25.0559 2.17558 143.396
129.399 19.6744 25.0755 2.17262 143.376
129.499 19.6369 25.0952 2.16965 143.356
129.599 19.5994 25.1148 2.16667 143.337
129.699 19.5618 25.1344 2.16369 143.317
129.799 19.5243 25.154 2.1607 143.298
129.899 19.4867 25.1735 2.1577 143.278
129.999 19.4492 25.193 2.15469 143.258
130.099 19.4116 25.2125 2.15168 143.239
130.199 19.374 25.232 2.14866 143.22
130.299 19.3364 25.2514 2.14563 143.2
130.399 19.2989 25.2708 2.1426 143.181
130.499 19.2613 25.2901 2.13955 143.161
130.599 19.2236 25.3095 2.13651 143.142
130.699 19.186 25.3288 2.13345 143.123
130.799 19.1484 25.3481 2.13039 143.103
130.899 19.1108 25.3673 2.12732 143.084
130.999 19.0731 25.3865 2.12424 143.065
131.099 19.0355 25.4057 2.12115 143.046
131.199 18.9978 25.4249 2.11806 143.027
131.299 18.9601 25.444 2.11496 143.007
131.399 18.9224 25.4631 2.11186 142.988
131.499 18.8847 25.4822 2.10874 142.969
131.599 18.8471 25.5013 2.10563 142.95
131.699 18.8093 25.5203 2.1025 142.931
131.799 18.7716 25.5393 2.09936 142.912
131.899 18.7339 25.5582 2.09622 142.893
131.999 18.6962 25.5771 2.09308 142.874
132.099 18.6584 25.596 2.08992 142.855
132.199 18.6207 25.6149 2.08676 142.837
132.299 18.5829 25.6337 2.08359 142.818
132.399 18.5452 25.6526 2.08041 142.799
132.499 18.5074 25.6713 2.07723 142.78
132.599 18.4696 25.6901 2.07404 142.761
132.699 18.4318 25.7088 2.07084 142.743
132.799 18.394 25.7275 2.06764 142.724
132.899 18.3562 25.7461 2.06443 142.705
132.999 18.3184 25.7648 2.06121 142.687
133.099 18.2806 25.7834 2.05799 142.668
133.199 18.2428 25.8019 2.05476 142.65
133.299 18.2049 25.8205 2.05152 142.631
133.399 18.1671 25.839 2.04827 142.613
133.499 18.1292 25.8575 2.04502 142.594
133.599 18.0913 25.8759 2.04176 142.576
133.699 18.0535 25.8943 2.0385 142.557
133.799 18.0156 25.9127 2.03522 142.539
133.899 17.9777 25.931 2.03194 142.52
133.999 17.9398 25.9494 2.02866 142.502
134.099 17.9019 25.9677 2.02537 142.484
134.199 17.864 25.9859 2.02207 142.466
134.299 17.8261 26.0041 2.01876 142.447
134.399 17.7882 26.0223 2.01545 142.429
134.499 17.7502 26.0405 2.01212 142.411
134.599 17.7123 26.0587 2.0088 142.393
134.699 17.6743 26.0768 2.00546 142.375
134.799 17.6364 26.0948 2.00212 142.357
134.899 17.5984 26.1129 1.99878 142.339
134.999 17.5604 26.1309 1.99542 142.321
135.099 17.5225 26.1489 1.99206 142.303
135.199 17.4845 26.1668 1.98869 142.285
135.299 17.4465 26.1847 1.98532 142.267
135.399 17.4085 26.2026 1.98194 142.249
135.499 17.3705 26.2205 1.97855 142.231
135.599 17.3325 26.2383 1.97516 142.213
135.699 17.2944 26.2561 1.97176 142.195
135.799 17.2564 26.2738 1.96835 142.178
135.899 17.2184 26.2916 1.96494 142.16
135.999 17.1803 26.3093 1.96152 142.142
136.099 17.1423 26.3269 1.95809 142.125
136.199 17.1042 26.3445 1.95465 142.107
136.299 17.0661 26.3621 1.95121 142.089
136.399 17.0281 26.3797 1.94777 142.072
136.499 16.99 26.3972 1.94431 142.054
136.599 16.9519 26.4147 1.94085 142.037
136.699 16.9138 26.4322 1.93739 142.019
136.799 16.8757 26.4497 1.93391 142.002
136.899 16.8376 26.4671 1.93043 141.984
136.999 16.7994 26.4844 1.92695 141.967
137.099 16.7613 26.5018 1.92345 141.95
137.199 16.7232 26.5191 1.91996 141.932
137.299 16.685 26.5364 1.91645 141.915
137.399 16.6469 26.5536 1.91294 141.898
137.499 16.6087 26.5708 1.90942 141.881
137.599 16.5706 26.588 1.90589 141.864
137.699 16.5324 26.6051 1.90236 141.846
137.799 16.4942 26.6222 1.89882 141.829
137.899 16.456 26.6393 1.89528 141.812
137.999 16.4179 26.6564 1.89173 141.795
138.099 16.3797 26.6734 1.88817 141.778
138.199 16.3414 26.6904 1.88461 141.761
138.299 16.3032 26.7073 1.88104 141.744
138.399 16.265 26.7242 1.87746 141.727
138.499 16.2268 26.7411 1.87388 141.71
138.599 16.1886 26.7579 1.87029 141.694
138.699 16.1503 26.7747 1.86669 141.677
138.799 16.1121 26.7915 1.86309 141.66
138.899 16.0738 26.8083 1.85948 141.643
138.999 16.0356 26.825 1.85587 141.627
139.099 15.9973 26.8417 1.85225 141.61
139.199 15.959 26.8583 1.84862 141.593
139.299 15.9208 26.8749 1.84499 141.577
139.399 15.8825 26.8915 1.84135 141.56
139.499 15.8442 26.908 1.8377 141.543
139.599 15.8059 26.9246 1.83405 141.527
139.699 15.7676 26.941 1.83039 141.51
139.799 15.7293 26.9575 1.82673 141.494
139.899 15.6909 26.9739 1.82306 141.478
139.999 15.6526 26.9903 1.81938 141.461
140.099 15.6143 27.0066 1.8157 141.445
140.199 15.576 27.0229 1.81201 141.429
140.299 15.5376 27.0392 1.80831 141.412
140.399 15.4993 27.0554 1.80461 141.396
140.499 15.4609 27.0716 1.8009 141.38
140.599 15.4225 27.0878 1.79719 141.364
140.699 15.3842 27.1039 1.79347 141.348
140.799 15.3458 27.12 1.78974 141.331
140.899 15.3074 27.1361 1.78601 141.315
140.999 15.269 27.1521 1.78227 141.299
141.099 15.2306 27.1681 1.77853 141.283
141.199 15.1922 27.1841 1.77478 141.267
141.299 15.1538 27.2 1.77102 141.251
141.399 15.1154 27.2159 1.76726 141.236
141.499 15.077 27.2318 1.76349 141.22
141.599 15.0386 27.2476 1.75972 141.204
141.699 15.0001 27.2634 1.75594 141.188
141.799 14.9617 27.2792 1.75215 141.172
141.899 14.9233 27.2949 1.74836 141.157
141.999 14.8848 27.3106 1.74456 141.141
142.099 14.8463 27.3262 1.74076 141.125
142.199 14.8079 27.3418 1.73695 141.11
142.299 14.7694 27.3574 1.73313 141.094
142.399 14.7309 27.3729 1.72931 141.079
142.499 14.6925 27.3885 1.72548 141.063
142.6 14.654 27.4039 1.72165 141.048
142.7 14.6155 27.4194 1.71781 141.032
142.8 14.577 27.4348 1.71396 141.017
142.9 14.5385 27.4501 1.71011 141.001
143 14.5 27.4655 1.70625 140.986
143.1 14.4615 27.4808 1.70239 140.971
143.2 14.4229 27.496 1.69852 140.955
143.3 14.3844 27.5113 1.69465 140.94
143.4 14.3459 27.5265 1.69077 140.925
143.5 14.3073 27.5416 1.68688 140.91
143.6 14.2688 27.5567 1.68299 140.895
143.7 14.2303 27.5718 1.67909 140.88
143.8 14.1917 27.5869 1.67519 140.865
143.9 14.1531 27.6019 1.67128 140.85
144 14.1146 27.6169 1.66736 140.835
144.1 14.076 27.6318 1.66344 140.82
144.2 14.0374 27.6467 1.65952 140.805
144.3 13.9988 27.6616 1.65559 140.79
144.4 13.9602 27.6764 1.65165 140.775
144.5 13.9217 27.6912 1.64771 140.76
144.6 13.8831 27.706 1.64376 140.746
144.7 13.8444 27.7207 1.6398 140.731
144.8 13.8058 27.7354 1.63584 140.716
144.9 13.7672 27.75 1.63188 140.702
145 13.7286 27.7646 1.6279 140.687
145.1 13.69 27.7792 1.62393 140.672
145.2 13.6513 27.7938 1.61995 140.658
145.3 13.6127 27.8083 1.61596 140.643
145.4 13.5741 27.8227 1.61196 140.629
145.5 13.5354 27.8372 1.60797 140.614
145.6 13.4968 27.8516 1.60396 140.6
145.7 13.4581 27.8659 1.59995 140.586
145.8 13.4194 27.8802 1.59594 140.571
145.9 13.3808 27.8945 1.59191 140.557
146 13.3421 27.9088 1.58789 140.543
146.1 13.3034 27.923 1.58386 140.529
146.2 13.2647 27.9372 1.57982 140.514
146.3 13.226 27.9513 1.57578 140.5
146.4 13.1873 27.9654 1.57173 140.486
146.5 13.1486 27.9795 1.56767 140.472
146.6 13.1099 27.9935 1.56362 140.458
146.7 13.0712 28.0075 1.55955 140.444
146.8 13.0325 28.0214 1.55548 140.43
146.9 12.9938 28.0354 1.55141 140.416
147 12.955 28.0492 1.54733 140.402
147.1 12.9163 28.0631 1.54324 140.388
147.2 12.8776 28.0769 1.53915 140.375
147.3 12.8388 28.0906 1.53505 140.361
147.4 12.8001 28.1044 1.53095 140.347
147.5 12.7613 28.1181 1.52684 140.333
147.6 12.7226 28.1317 1.52273 140.32
147.7 12.6838 28.1453 1.51862 140.306
147.8 12.645 28.1589 1.51449 140.293
147.9 12.6063 28.1725 1.51037 140.279
148 12.5675 28.186 1.50623 140.266
148.1 12.5287 28.1994 1.50209 140.252
148.2 12.4899 28.2129 1.49795 140.239
148.3 12.4511 28.2263 1.4938 140.225
148.4 12.4123 28.2396 1.48965 140.212
148.5 12.3735 28.2529 1.48549 140.199
148.6 12.3347 28.2662 1.48133 140.185
148.7 12.2959 28.2794 1.47716 140.172
148.8 12.2571 28.2926 1.47298 140.159
148.9 12.2183 28.3058 1.46881 140.146
149 12.1795 28.3189 1.46462 140.133
149.1 12.1406 28.332 1.46043 140.119
149.2 12.1018 28.3451 1.45624 140.106
149.3 12.063 28.3581 1.45204 140.093
149.4 12.0241 28.3711 1.44783 140.08
149.5 11.9853 28.384 1.44363 140.068
149.6 11.9464 28.3969 1.43941 140.055
149.7 11.9076 28.4098 1.43519 140.042
149.8 11.8687 28.4226 1.43097 140.029
149.9 11.8298 28.4354 1.42674 140.016
150 11.791 28.4481 1.42251 140.003
150.1 11.7521 28.4608 1.41827 139.991
150.2 11.7132 28.4735 1.41402 139.978
150.3 11.6743 28.4861 1.40977 139.965
150.4 11.6354 28.4987 1.40552 139.953
150.5 11.5965 28.5112 1.40126 139.94
150.6 11.5576 28.5237 1.397 139.928
150.7 11.5187 28.5362 1.39273 139.915
150.8 11.4798 28.5487 1.38846 139.903
150.9 11.4409 28.5611 1.38418 139.89
151 11.402 28.5734 1.3799 139.878
151.1 11.3631 28.5857 1.37561 139.866
151.2 11.3242 28.598 1.37132 139.854
151.3 11.2852 28.6102 1.36702 139.841
151.4 11.2463 28.6225 1.36272 139.829
151.5 11.2074 28.6346 1.35842 139.817
151.6 11.1684 28.6467 1.3541 139.805
151.7 11.1295 28.6588 1.34979 139.793
151.8 11.0905 28.6709 1.34547 139.781
151.9 11.0516 28.6829 1.34114 139.769
152 11.0126 28.6948 1.33681 139.757
152.1 10.9737 28.7068 1.33248 139.745
152.2 10.9347 28.7187 1.32814 139.733
152.3 10.8957 28.7305 1.3238 139.721
152.4 10.8568 28.7423 1.31945 139.709
152.5 10.8178 28.7541 1.3151 139.697
152.6 10.7788 28.7658 1.31074 139.686
152.7 10.7398 28.7775 1.30638 139.674
152.8 10.7008 28.7892 1.30201 139.662
152.9 10.6618 28.8008 1.29764 139.651
153 10.6228 28.8123 1.29327 139.639
153.1 10.5838 28.8239 1.28889 139.628
153.2 10.5448 28.8354 1.28451 139.616
153.3 10.5058 28.8468 1.28012 139.605
153.4 10.4668 28.8582 1.27572 139.593
153.5 10.4278 28.8696 1.27133 139.582
153.6 10.3888 28.881 1.26693 139.571
153.7 10.3497 28.8922 1.26252 139.559
153.8 10.3107 28.9035 1.25811 139.548
153.9 10.2717 28.9147 1.25369 139.537
154 10.2326 28.9259 1.24928 139.526
154.1 10.1936 28.937 1.24485 139.514
154.2 10.1546 28.9481 1.24042 139.503
154.3 10.1155 28.9592 1.23599 139.492
154.4 10.0765 28.9702 1.23156 139.481
154.5 10.0374 28.9812 1.22712 139.47
154.6 9.99834 28.9921 1.22267 139.459
154.7 9.95928 29.003 1.21822 139.449
154.8 9.92021 29.0139 1.21377 139.438
154.9 9.88114 29.0247 1.20931 139.427
155 9.84207 29.0355 1.20485 139.416
155.1 9.80299 29.0462 1.20038 139.405
155.2 9.76391 29.0569 1.19591 139.395
155.3 9.72482 29.0675 1.19144 139.384
155.4 9.68573 29.0781 1.18696 139.373
155.5 9.64664 29.0887 1.18248 139.363
155.6 9.60755 29.0993 1.17799 139.352
155.7 9.56845 29.1097 1.1735 139.342
155.8 9.52934 29.1202 1.169 139.331
155.9 9.49024 29.1306 1.16451 139.321
156 9.45113 29.141 1.16 139.311
156.1 9.41201 29.1513 1.1555 139.3
156.2 9.3729 29.1616 1.15099 139.29
156.3 9.33378 29.1719 1.14647 139.28
156.4 9.29465 29.1821 1.14195 139.269
156.5 9.25553 29.1922 1.13743 139.259
156.6 9.2164 29.2024 1.1329 139.249
156.7 9.17726 29.2124 1.12837 139.239
156.8 9.13813 29.2225 1.12384 139.229
156.9 9.09899 29.2325 1.1193 139.219
157 9.05984 29.2425 1.11475 139.209
157.1 9.02069 29.2524 1.11021 139.199
157.2 8.98154 29.2623 1.10566 139.189
157.3 8.94239 29.2721 1.1011 139.179
157.4 8.90323 29.2819 1.09655 139.17
157.5 8.86407 29.2917 1.09198 139.16
157.6 8.82491 29.3014 1.08742 139.15
157.7 8.78574 29.3111 1.08285 139.14
157.8 8.74657 29.3207 1.07828 139.131
157.9 8.7074 29.3303 1.0737 139.121
158 8.66822 29.3398 1.06912 139.112
158.1 8.62905 29.3494 1.06453 139.102
158.2 8.58986 29.3588 1.05995 139.093
158.3 8.55068 29.3683 1.05535 139.083
158.4 8.51149 29.3776 1.05076 139.074
158.5 8.4723 29.387 1.04616 139.065
158.6 8.4331 29.3963 1.04156 139.055
158.7 8.3939 29.4056 1.03695 139.046
158.8 8.3547 29.4148 1.03234 139.037
158.9 8.3155 29.424 1.02773 139.028
159.001 8.27629 29.4331 1.02311 139.018
159.101 8.23708 29.4422 1.01849 139.009
159.201 8.19787 29.4513 1.01386 139
159.301 8.15865 29.4603 1.00924 138.991
159.401 8.11943 29.4693 1.00461 138.982
159.501 8.08021 29.4782 0.999971 138.973
159.601 8.04099 29.4871 0.995332 138.964
159.701 8.00176 29.4959 0.99069 138.956
159.801 7.96253 29.5047 0.986045 138.947
159.901 7.9233 29.5135 0.981396 138.938
160.001 7.88406 29.5222 0.976744 138.929
160.101 7.84482 29.5309 0.972089 138.921
160.201 7.80558 29.5396 0.96743 138.912
160.301 7.76633 29.5482 0.962767 138.903
160.401 7.72709 29.5567 0.958102 138.895
160.501 7.68784 29.5652 0.953433 138.886
160.601 7.64858 29.5737 0.94876 138.878
160.701 7.60933 29.5821 0.944085 138.869
160.801 7.57007 29.5905 0.939406 138.861
160.901 7.53081 29.5989 0.934723 138.853
161.001 7.49154 29.6072 0.930038 138.844
161.101 7.45228 29.6154 0.925349 138.836
161.201 7.41301 29.6237 0.920657 138.828
161.301 7.37374 29.6318 0.915962 138.82
161.401 7.33446 29.64 0.911263 138.812
161.501 7.29518 29.6481 0.906562 138.803
161.601 7.2559 29.6561 0.901857 138.795
161.701 7.21662 29.6641 0.897149 138.787
161.801 7.17734 29.6721 0.892438 138.779
161.901 7.13805 29.68 0.887724 138.771
162.001 7.09876 29.6879 0.883007 138.764
162.101 7.05947 29.6958 0.878286 138.756
162.201 7.02017 29.7036 0.873563 138.748
162.301 6.98087 29.7113 0.868836 138.74
162.401 6.94157 29.719 0.864107 138.732
162.501 6.90227 29.7267 0.859374 138.725
162.601 6.86297 29.7343 0.854639 138.717
162.701 6.82366 29.7419 0.8499 138.71
162.801 6.78435 29.7495 0.845158 138.702
162.901 6.74504 29.757 0.840414 138.695
163.001 6.70572 29.7644 0.835667 138.687
163.101 6.6664 29.7719 0.830916 138.68
163.201 6.62708 29.7792 0.826163 138.672
163.301 6.58776 29.7866 0.821407 138.665
163.401 6.54844 29.7939 0.816648 138.658
163.501 6.50911 29.8011 0.811886 138.65
163.601 6.46978 29.8083 0.807121 138.643
163.701 6.43045 29.8155 0.802354 138.636
163.801 6.39112 29.8226 0.797583 138.629
163.901 6.35178 29.8297 0.79281 138.622
164.001 6.31244 29.8367 0.788034 138.615
164.101 6.2731 29.8437 0.783255 138.608
164.201 6.23376 29.8507 0.778474 138.601
164.301 6.19442 29.8576 0.77369 138.594
164.401 6.15507 29.8644 0.768903 138.587
164.501 6.11572 29.8713 0.764113 138.58
164.601 6.07637 29.878 0.759321 138.573
164.701 6.03702 29.8848 0.754526 138.567
164.801 5.99766 29.8915 0.749729 138.56
164.901 5.9583 29.8981 0.744928 138.553
165.001 5.91894 29.9047 0.740126 138.547
165.101 5.87958 29.9113 0.73532 138.54
165.201 5.84022 29.9178 0.730512 138.534
165.301 5.80085 29.9243 0.725702 138.527
165.401 5.76148 29.9307 0.720889 138.521
165.501 5.72211 29.9371 0.716073 138.514
165.601 5.68274 29.9435 0.711255 138.508
165.701 5.64337 29.9498 0.706434 138.502
165.801 5.60399 29.956 0.701611 138.495
165.901 5.56461 29.9623 0.696786 138.489
166.001 5.52523 29.9684 0.691958 138.483
166.101 5.48585 29.9746 0.687127 138.477
166.201 5.44647 29.9807 0.682295 138.471
166.301 5.40708 29.9867 0.677459 138.465
166.401 5.36769 29.9927 0.672622 138.459
166.501 5.3283 29.9987 0.667782 138.453
166.601 5.28891 30.0046 0.662939 138.447
166.701 5.24952 30.0105 0.658095 138.441
166.801 5.21012 30.0163 0.653248 138.435
166.901 5.17073 30.0221 0.648399 138.429
167.001 5.13133 30.0278 0.643547 138.424
167.101 5.09193 30.0335 0.638693 138.418
167.201 5.05253 30.0392 0.633837 138.412
167.301 5.01312 30.0448 0.628979 138.407
167.401 4.97372 30.0504 0.624119 138.401
167.501 4.93431 30.0559 0.619256 138.396
167.601 4.8949 30.0614 0.614391 138.39
167.701 4.85549 30.0668 0.609524 138.385
167.801 4.81607 30.0722 0.604655 138.379
167.901 4.77666 30.0776 0.599784 138.374
168.001 4.73724 30.0829 0.594911 138.369
168.101 4.69783 30.0882 0.590035 138.363
168.201 4.65841 30.0934 0.585158 138.358
168.301 4.61899 30.0986 0.580278 138.353
168.401 4.57956 30.1037 0.575397 138.348
168.501 4.54014 30.1088 0.570513 138.343
168.601 4.50071 30.1139 0.565628 138.338
168.701 4.46128 30.1189 0.56074 138.333
168.801 4.42186 30.1238 0.55585 138.328
168.901 4.38243 30.1288 0.550959 138.323
169.001 4.34299 30.1336 0.546065 138.318
169.101 4.30356 30.1385 0.54117 138.313
169.201 4.26412 30.1433 0.536273 138.308
169.301 4.22469 30.148 0.531374 138.304
169.401 4.18525 30.1527 0.526473 138.299
169.501 4.14581 30.1574 0.52157 138.294
169.601 4.10637 30.162 0.516665 138.29
169.701 4.06693 30.1666 0.511759 138.285
169.801 4.02748 30.1711 0.50685 138.28
169.901 3.98804 30.1756 0.50194 138.276
170.001 3.94859 30.18 0.497028 138.272
170.101 3.90914 30.1844 0.492115 138.267
170.201 3.86969 30.1888 0.487199 138.263
170.301 3.83024 30.1931 0.482282 138.258
170.401 3.79079 30.1973 0.477363 138.254
170.501 3.75134 30.2016 0.472443 138.25
170.601 3.71188 30.2057 0.467521 138.246
170.701 3.67243 30.2099 0.462597 138.242
170.801 3.63297 30.214 0.457672 138.238
170.901 3.59351 30.218 0.452745 138.234
171.001 3.55405 30.222 0.447816 138.23
171.101 3.51459 30.226 0.442886 138.226
171.201 3.47513 30.2299 0.437955 138.222
171.301 3.43566 30.2338 0.433021 138.218
171.401 3.3962 30.2376 0.428087 138.214
171.501 3.35673 30.2414 0.42315 138.21
171.601 3.31727 30.2451 0.418212 138.206
171.701 3.2778 30.2488 0.413273 138.203
171.801 3.23833 30.2524 0.408333 138.199
171.901 3.19886 30.2561 0.40339 138.195
172.001 3.15939 30.2596 0.398447 138.192
172.101 3.11992 30.2631 0.393502 138.188
172.201 3.08044 30.2666 0.388556 138.185
172.301 3.04097 30.27 0.383608 138.181
172.401 3.00149 30.2734 0.378659 138.178
172.501 2.96201 30.2768 0.373709 138.175
172.601 2.92254 30.2801 0.368757 138.171
172.701 2.88306 30.2833 0.363804 138.168
172.801 2.84358 30.2865 0.35885 138.165
172.901 2.8041 30.2897 0.353894 138.162
173.001 2.76462 30.2928 0.348937 138.159
173.101 2.72513 30.2959 0.343979 138.156
173.201 2.68565 30.2989 0.33902 138.153
173.301 2.64616 30.3019 0.33406 138.15
173.401 2.60668 30.3049 0.329098 138.147
173.501 2.56719 30.3078 0.324135 138.144
173.601 2.5277 30.3106 0.319171 138.141
173.701 2.48822 30.3135 0.314206 138.138
173.801 2.44873 30.3162 0.30924 138.135
173.901 2.40924 30.319 0.304273 138.133
174.001 2.36975 30.3216 0.299305 138.13
174.101 2.33026 30.3243 0.294336 138.127
174.201 2.29076 30.3269 0.289365 138.125
174.301 2.25127 30.3294 0.284394 138.122
174.401 2.21178 30.3319 0.279421 138.12
174.501 2.17228 30.3344 0.274448 138.117
174.601 2.13279 30.3368 0.269474 138.115
174.701 2.09329 30.3392 0.264498 138.112
174.801 2.05379 30.3415 0.259522 138.11
174.901 2.01429 30.3438 0.254545 138.108
175.001 1.9748 30.346 0.249567 138.106
175.101 1.9353 30.3482 0.244588 138.103
175.201 1.8958 30.3504 0.239608 138.101
175.301 1.8563 30.3525 0.234628 138.099
175.402 1.8168 30.3545 0.229646 138.097
175.502 1.77729 30.3566 0.224664 138.095
175.602 1.73779 30.3585 0.219681 138.093
175.702 1.69829 30.3605 0.214697 138.091
175.802 1.65879 30.3623 0.209713 138.089
175.902 1.61928 30.3642 0.204727 138.087
176.002 1.57978 30.366 0.199741 138.086
176.102 1.54027 30.3677 0.194755 138.084
176.202 1.50077 30.3694 0.189767 138.082
176.302 1.46126 30.3711 0.184779 138.08
176.402 1.42175 30.3727 0.17979 138.079
176.502 1.38225 30.3743 0.174801 138.077
176.602 1.34274 30.3758 0.169811 138.076
176.702 1.30323 30.3773 0.16482 138.074
176.802 1.26372 30.3788 0.159829 138.073
176.902 1.22421 30.3802 0.154838 138.071
177.002 1.1847 30.3815 0.149845 138.07
177.102 1.14519 30.3828 0.144853 138.069
177.202 1.10568 30.3841 0.139859 138.067
177.302 1.06617 30.3853 0.134865 138.066
177.402 1.02666 30.3865 0.129871 138.065
177.502 0.987152 30.3876 0.124876 138.064
177.602 0.94764 30.3887 0.119881 138.063
177.702 0.908128 30.3897 0.114886 138.062
177.802 0.868616 30.3907 0.10989 138.061
177.902 0.829103 30.3917 0.104893 138.06
178.002 0.789591 30.3926 0.0998964 138.059
178.102 0.750077 30.3935 0.0948993 138.058
178.202 0.710564 30.3943 0.0899019 138.057
178.302 0.67105 30.3951 0.0849041 138.056
178.402 0.631537 30.3958 0.0799061 138.056
178.502 0.592023 30.3965 0.0749077 138.055
178.602 0.552508 30.3971 0.0699091 138.054
178.702 0.512994 30.3977 0.0649103 138.054
178.802 0.473479 30.3983 0.0599112 138.053
178.902 0.433964 30.3988 0.0549119 138.053
179.002 0.394449 30.3993 0.0499124 138.052
179.102 0.354934 30.3997 0.0449127 138.052
179.202 0.315419 30.4001 0.0399129 138.051
179.302 0.275904 30.4004 0.0349129 138.051
179.402 0.236388 30.4007 0.0299129 138.051
179.502 0.196873 30.4009 0.0249127 138.051
179.602 0.157357 30.4011 0.0199124 138.05
179.702 0.117842 30.4013 0.014912 138.05
179.802 0.078326 30.4014 0.00991163 138.05
179.902 0.0388104 30.4014 0.0049112 138.05
