0 0.0899974 0 0 175.041
0.1 89.9494 3.35628e-05 0.00670824 175.04
0.2 89.8988 0.000134251 0.0134165 175.04
0.3 89.8482 0.000302065 0.0201247 175.04
0.4 89.7977 0.000537003 0.0268328 175.04
0.5 89.7471 0.000839066 0.0335409 175.04
0.6 89.6965 0.00120825 0.0402489 175.039
0.7 89.6459 0.00164456 0.0469568 175.039
0.8 89.5953 0.00214799 0.0536646 175.038
0.9 89.5447 0.00271854 0.0603722 175.038
1 89.4942 0.0033562 0.0670797 175.037
1.1 89.4436 0.00406098 0.073787 175.036
1.2 89.393 0.00483287 0.0804942 175.036
1.3 89.3424 0.00567188 0.0872012 175.035
1.4 89.2918 0.00657799 0.0939079 175.034
1.5 89.2412 0.00755121 0.100614 175.033
1.6 89.1907 0.00859153 0.107321 175.032
1.7 89.1401 0.00969895 0.114027 175.031
1.8 89.0895 0.0108735 0.120732 175.03
1.9 89.0389 0.0121151 0.127438 175.028
2 88.9883 0.0134238 0.134143 175.027
2.1 88.9378 0.0147996 0.140848 175.026
2.2 88.8872 0.0162424 0.147552 175.024
2.3 88.8366 0.0177524 0.154256 175.023
2.4 88.786 0.0193294 0.16096 175.021
2.5 88.7354 0.0209734 0.167663 175.02
2.6 88.6848 0.0226846 0.174366 175.018
2.7 88.6343 0.0244628 0.181069 175.016
2.8 88.5837 0.026308 0.187771 175.014
2.9 88.5331 0.0282203 0.194472 175.012
3 88.4825 0.0301996 0.201173 175.01
3.1 88.4319 0.032246 0.207874 175.008
3.2 88.3813 0.0343594 0.214574 175.006
3.3 88.3308 0.0365398 0.221273 175.004
3.4 88.2802 0.0387872 0.227972 175.002
3.5 88.2296 0.0411017 0.234671 174.999
3.6 88.179 0.0434831 0.241369 174.997
3.7 88.1284 0.0459315 0.248066 174.995
3.8 88.0778 0.0484469 0.254763 174.992
3.9 88.0273 0.0510293 0.261459 174.989
4 87.9767 0.0536787 0.268154 174.987
4.1 87.9261 0.056395 0.274849 174.984
4.2 87.8755 0.0591783 0.281543 174.981
4.3 87.8249 0.0620285 0.288236 174.978
4.4 87.7744 0.0649457 0.294929 174.976
4.5 87.7238 0.0679298 0.301621 174.973
4.6 87.6732 0.0709808 0.308312 174.97
4.7 87.6226 0.0740987 0.315003 174.966
4.8 87.572 0.0772835 0.321692 174.963
4.9 87.5214 0.0805352 0.328381 174.96
5 87.4709 0.0838538 0.335069 174.957
5.1 87.4203 0.0872393 0.341756 174.953
5.2 87.3697 0.0906916 0.348443 174.95
5.3 87.3191 0.0942107 0.355128 174.946
5.4 87.2685 0.0977967 0.361813 174.943
5.5 87.218 0.10145 0.368497 174.939
5.6 87.1674 0.105169 0.37518 174.935
5.7 87.1168 0.108956 0.381862 174.932
5.8 87.0662 0.112809 0.388543 174.928
5.9 87.0156 0.116729 0.395223 174.924
6 86.9651 0.120716 0.401902 174.92
6.1 86.9145 0.124769 0.40858 174.916
6.2 86.8639 0.12889 0.415257 174.912
6.3 86.8133 0.133077 0.421933 174.907
6.4 86.7627 0.13733 0.428608 174.903
6.5 86.7122 0.141651 0.435282 174.899
6.6 86.6616 0.146038 0.441955 174.894
6.7 86.611 0.150492 0.448627 174.89
6.8 86.5604 0.155012 0.455298 174.886
6.9 86.5098 0.159599 0.461968 174.881
7 86.4593 0.164253 0.468636 174.876
7.1 86.4087 0.168974 0.475303 174.872
7.2 86.3581 0.173761 0.48197 174.867
7.3 86.3075 0.178614 0.488635 174.862
7.4 86.257 0.183535 0.495298 174.857
7.5 86.2064 0.188521 0.501961 174.852
7.6 86.1558 0.193575 0.508622 174.847
7.7 86.1052 0.198695 0.515282 174.842
7.79999 86.0546 0.203881 0.521941 174.837
7.89999 86.0041 0.209134 0.528599 174.831
7.99999 85.9535 0.214453 0.535255 174.826
8.09999 85.9029 0.219839 0.54191 174.821
8.2 85.8523 0.225291 0.548564 174.815
8.3 85.8018 0.23081 0.555216 174.81
8.4 85.7512 0.236395 0.561867 174.804
8.5 85.7006 0.242047 0.568516 174.798
8.6 85.65 0.247765 0.575165 174.793
8.7 85.5994 0.253549 0.581811 174.787
8.8 85.5489 0.2594 0.588457 174.781
8.9 85.4983 0.265317 0.5951 174.775
9 85.4477 0.2713 0.601743 174.769
9.1 85.3971 0.27735 0.608384 174.763
9.2 85.3466 0.283466 0.615023 174.757
9.3 85.296 0.289648 0.621661 174.751
9.4 85.2454 0.295897 0.628297 174.745
9.5 85.1948 0.302211 0.634932 174.738
9.6 85.1443 0.308592 0.641565 174.732
9.7 85.0937 0.315039 0.648197 174.725
9.8 85.0431 0.321553 0.654827 174.719
9.9 84.9925 0.328132 0.661456 174.712
10 84.942 0.334777 0.668083 174.706
10.1 84.8914 0.341489 0.674708 174.699
10.2 84.8408 0.348267 0.681331 174.692
10.3 84.7902 0.355111 0.687953 174.685
10.4 84.7397 0.36202 0.694573 174.679
10.5 84.6891 0.368996 0.701192 174.672
10.6 84.6385 0.376038 0.707809 174.664
10.7 84.5879 0.383146 0.714424 174.657
10.8 84.5374 0.39032 0.721037 174.65
10.9 84.4868 0.397559 0.727648 174.643
11 84.4362 0.404865 0.734258 174.636
11.1 84.3856 0.412237 0.740866 174.628
11.2 84.3351 0.419674 0.747472 174.621
11.3 84.2845 0.427177 0.754076 174.613
11.4 84.2339 0.434746 0.760678 174.606
11.5 84.1834 0.442381 0.767279 174.598
11.6 84.1328 0.450082 0.773877 174.59
11.7 84.0822 0.457848 0.780474 174.583
11.8 84.0316 0.46568 0.787069 174.575
11.9 83.9811 0.473578 0.793662 174.567
12 83.9305 0.481542 0.800253 174.559
12.1 83.8799 0.489571 0.806841 174.551
12.2 83.8294 0.497666 0.813428 174.543
12.3 83.7788 0.505826 0.820013 174.535
12.4 83.7282 0.514052 0.826596 174.526
12.5 83.6777 0.522344 0.833177 174.518
12.6 83.6271 0.530701 0.839756 174.51
12.7 83.5765 0.539123 0.846332 174.501
12.8 83.5259 0.547612 0.852907 174.493
12.9 83.4754 0.556165 0.85948 174.484
13 83.4248 0.564784 0.86605 174.476
13.1 83.3742 0.573468 0.872618 174.467
13.2 83.3237 0.582218 0.879184 174.458
13.3 83.2731 0.591033 0.885748 174.449
13.4 83.2225 0.599914 0.89231 174.441
13.5 83.172 0.60886 0.89887 174.432
13.6 83.1214 0.617871 0.905427 174.423
13.7 83.0708 0.626947 0.911982 174.414
13.8 83.0203 0.636088 0.918535 174.404
13.9 82.9697 0.645295 0.925086 174.395
14 82.9191 0.654567 0.931634 174.386
14.1 82.8686 0.663904 0.93818 174.377
14.2 82.818 0.673306 0.944724 174.367
14.3 82.7674 0.682773 0.951265 174.358
14.4 82.7169 0.692305 0.957804 174.348
14.5 82.6663 0.701902 0.964341 174.339
14.6 82.6157 0.711565 0.970875 174.329
14.7 82.5652 0.721292 0.977407 174.319
14.8 82.5146 0.731084 0.983936 174.309
14.9 82.4641 0.740941 0.990463 174.3
15 82.4135 0.750863 0.996988 174.29
15.1 82.3629 0.760849 1.00351 174.28
15.2 82.3124 0.770901 1.01003 174.27
15.3 82.2618 0.781017 1.01655 174.26
15.4 82.2112 0.791198 1.02306 174.249
15.5 82.1607 0.801444 1.02957 174.239
15.6 82.1101 0.811754 1.03608 174.229
15.7 82.0596 0.82213 1.04259 174.218
15.8 82.009 0.832569 1.04909 174.208
15.9 81.9584 0.843074 1.0556 174.197
16 81.9079 0.853642 1.0621 174.187
16.1 81.8573 0.864276 1.06859 174.176
16.2 81.8067 0.874974 1.07509 174.166
16.3 81.7562 0.885736 1.08158 174.155
16.4 81.7056 0.896563 1.08807 174.144
16.5 81.6551 0.907454 1.09455 174.133
16.6 81.6045 0.918409 1.10104 174.122
16.7 81.554 0.929429 1.10752 174.111
16.8 81.5034 0.940513 1.11399 174.1
16.9 81.4528 0.951662 1.12047 174.089
17 81.4023 0.962874 1.12694 174.078
17.1 81.3517 0.974151 1.13341 174.066
17.2 81.3012 0.985492 1.13988 174.055
17.3 81.2506 0.996897 1.14634 174.044
17.4 81.2 1.00837 1.1528 174.032
17.5 81.1495 1.0199 1.15926 174.021
17.6 81.0989 1.0315 1.16572 174.009
17.7 81.0484 1.04316 1.17217 173.997
17.8 80.9978 1.05488 1.17862 173.986
17.9 80.9473 1.06667 1.18506 173.974
18 80.8967 1.07853 1.19151 173.962
18.1 80.8462 1.09044 1.19795 173.95
18.2 80.7956 1.10242 1.20439 173.938
18.3 80.7451 1.11447 1.21082 173.926
18.4 80.6945 1.12658 1.21725 173.914
18.5 80.6439 1.13875 1.22368 173.902
18.6 80.5934 1.15098 1.23011 173.89
18.7 80.5428 1.16328 1.23653 173.877
18.8 80.4923 1.17564 1.24295 173.865
18.9 80.4417 1.18807 1.24937 173.852
19 80.3912 1.20056 1.25578 173.84
19.1 80.3406 1.21311 1.26219 173.827
19.2 80.2901 1.22573 1.2686 173.815
19.3 80.2395 1.23841 1.275 173.802
19.4 80.189 1.25115 1.2814 173.789
19.5 80.1384 1.26396 1.2878 173.777
19.6 80.0879 1.27683 1.29419 173.764
19.7 80.0373 1.28976 1.30059 173.751
19.8 79.9868 1.30276 1.30697 173.738
19.9 79.9362 1.31582 1.31336 173.725
20 79.8857 1.32894 1.31974 173.712
20.1 79.8351 1.34213 1.32612 173.698
20.2 79.7846 1.35538 1.33249 173.685
20.3 79.734 1.36869 1.33886 173.672
20.4 79.6835 1.38206 1.34523 173.658
20.5 79.633 1.3955 1.3516 173.645
20.6 79.5824 1.409 1.35796 173.632
20.7 79.5319 1.42257 1.36432 173.618
20.8 79.4813 1.43619 1.37067 173.604
20.9 79.4308 1.44988 1.37702 173.591
21 79.3802 1.46363 1.38337 173.577
21.1 79.3297 1.47745 1.38972 173.563
21.2 79.2791 1.49132 1.39606 173.549
21.3 79.2286 1.50526 1.4024 173.535
21.4 79.1781 1.51926 1.40873 173.521
21.5 79.1275 1.53333 1.41506 173.507
21.6 79.077 1.54746 1.42139 173.493
21.7 79.0264 1.56165 1.42771 173.479
21.8 78.9759 1.5759 1.43403 173.465
21.9 78.9253 1.59021 1.44035 173.45
22 78.8748 1.60459 1.44666 173.436
22.1 78.8243 1.61903 1.45297 173.421
22.2 78.7737 1.63353 1.45928 173.407
22.3 78.7232 1.64809 1.46558 173.392
22.4 78.6726 1.66272 1.47188 173.378
22.5 78.6221 1.6774 1.47817 173.363
22.6 78.5716 1.69215 1.48446 173.348
22.7001 78.521 1.70696 1.49075 173.334
22.8001 78.4705 1.72184 1.49703 173.319
22.9001 78.42 1.73677 1.50331 173.304
23.0001 78.3694 1.75177 1.50959 173.289
23.1001 78.3189 1.76683 1.51586 173.274
23.2001 78.2684 1.78195 1.52213 173.259
23.3001 78.2178 1.79713 1.5284 173.243
23.4001 78.1673 1.81237 1.53466 173.228
23.5001 78.1167 1.82768 1.54092 173.213
23.6001 78.0662 1.84304 1.54717 173.197
23.7001 78.0157 1.85847 1.55342 173.182
23.8001 77.9651 1.87396 1.55966 173.167
23.9001 77.9146 1.88951 1.56591 173.151
24.0001 77.8641 1.90513 1.57214 173.135
24.1001 77.8135 1.9208 1.57838 173.12
24.2001 77.763 1.93654 1.58461 173.104
24.3001 77.7125 1.95233 1.59083 173.088
24.4001 77.662 1.96819 1.59706 173.072
24.5001 77.6114 1.98411 1.60327 173.056
24.6001 77.5609 2.00009 1.60949 173.04
24.7001 77.5104 2.01613 1.6157 173.024
24.8001 77.4598 2.03223 1.62191 173.008
24.9001 77.4093 2.04839 1.62811 172.992
25.0001 77.3588 2.06462 1.63431 172.976
25.1001 77.3082 2.0809 1.6405 172.96
25.2001 77.2577 2.09725 1.64669 172.943
25.3001 77.2072 2.11365 1.65287 172.927
25.4001 77.1567 2.13012 1.65906 172.91
25.5001 77.1061 2.14665 1.66523 172.894
25.6001 77.0556 2.16323 1.67141 172.877
25.7001 77.0051 2.17988 1.67758 172.861
25.8001 76.9546 2.19659 1.68374 172.844
25.9001 76.904 2.21336 1.6899 172.827
26.0001 76.8535 2.23019 1.69606 172.81
26.1001 76.803 2.24708 1.70221 172.793
26.2001 76.7525 2.26403 1.70836 172.776
26.3001 76.7019 2.28104 1.7145 172.759
26.4001 76.6514 2.29811 1.72064 172.742
26.5001 76.6009 2.31524 1.72678 172.725
26.6001 76.5504 2.33244 1.73291 172.708
26.7001 76.4999 2.34969 1.73903 172.691
26.8001 76.4493 2.367 1.74516 172.674
26.9001 76.3988 2.38437 1.75127 172.656
27.0001 76.3483 2.4018 1.75739 172.639
27.1001 76.2978 2.41929 1.7635 172.621
27.2001 76.2473 2.43684 1.7696 172.604
27.3001 76.1968 2.45445 1.7757 172.586
27.4001 76.1462 2.47212 1.7818 172.568
27.5001 76.0957 2.48985 1.78789 172.551
27.6001 76.0452 2.50764 1.79397 172.533
27.7001 75.9947 2.52549 1.80006 172.515
27.8001 75.9442 2.54339 1.80613 172.497
27.9001 75.8937 2.56136 1.81221 172.479
28.0001 75.8431 2.57939 1.81828 172.461
28.1001 75.7926 2.59747 1.82434 172.443
28.2001 75.7421 2.61562 1.8304 172.425
28.3001 75.6916 2.63382 1.83645 172.407
28.4001 75.6411 2.65208 1.8425 172.388
28.5001 75.5906 2.67041 1.84855 172.37
28.6001 75.5401 2.68879 1.85459 172.352
28.7001 75.4896 2.70723 1.86063 172.333
28.8001 75.439 2.72573 1.86666 172.315
28.9001 75.3885 2.74429 1.87269 172.296
29.0001 75.338 2.7629 1.87871 172.278
29.1001 75.2875 2.78158 1.88473 172.259
29.2001 75.237 2.80031 1.89074 172.24
29.3001 75.1865 2.8191 1.89675 172.221
29.4001 75.136 2.83796 1.90275 172.203
29.5001 75.0855 2.85686 1.90875 172.184
29.6001 75.035 2.87583 1.91474 172.165
29.7001 74.9845 2.89486 1.92073 172.146
29.8001 74.934 2.91394 1.92671 172.127
29.9001 74.8835 2.93309 1.93269 172.107
30.0001 74.833 2.95229 1.93867 172.088
30.1001 74.7824 2.97155 1.94464 172.069
30.2001 74.7319 2.99086 1.9506 172.05
30.3001 74.6814 3.01024 1.95656 172.03
30.4001 74.6309 3.02967 1.96252 172.011
30.5001 74.5804 3.04916 1.96847 171.991
30.6001 74.5299 3.06871 1.97441 171.972
30.7001 74.4794 3.08832 1.98035 171.952
30.8001 74.4289 3.10798 1.98629 171.933
30.9001 74.3784 3.12771 1.99222 171.913
31.0001 74.3279 3.14749 1.99814 171.893
31.1001 74.2774 3.16732 2.00406 171.873
31.2001 74.2269 3.18722 2.00998 171.853
31.3001 74.1764 3.20717 2.01589 171.833
31.4001 74.1259 3.22718 2.02179 171.813
31.5001 74.0754 3.24725 2.02769 171.793
31.6001 74.025 3.26737 2.03358 171.773
31.7001 73.9745 3.28755 2.03947 171.753
31.8001 73.924 3.30779 2.04536 171.733
31.9001 73.8735 3.32809 2.05124 171.712
32.0001 73.823 3.34844 2.05711 171.692
32.1001 73.7725 3.36885 2.06298 171.672
32.2001 73.722 3.38931 2.06884 171.651
32.3001 73.6715 3.40984 2.0747 171.631
32.4001 73.621 3.43042 2.08055 171.61
32.5001 73.5705 3.45105 2.0864 171.589
32.6001 73.52 3.47174 2.09224 171.569
32.7001 73.4695 3.49249 2.09808 171.548
32.8001 73.4191 3.5133 2.10391 171.527
32.9001 73.3686 3.53416 2.10974 171.506
33.0001 73.3181 3.55508 2.11556 171.485
33.1001 73.2676 3.57605 2.12137 171.464
33.2001 73.2171 3.59709 2.12718 171.443
33.3001 73.1666 3.61817 2.13299 171.422
33.4001 73.1161 3.63932 2.13879 171.401
33.5001 73.0656 3.66052 2.14458 171.38
33.6001 73.0152 3.68177 2.15037 171.359
33.7001 72.9647 3.70308 2.15615 171.337
33.8001 72.9142 3.72445 2.16193 171.316
33.9001 72.8637 3.74587 2.1677 171.295
34.0001 72.8132 3.76735 2.17347 171.273
34.1001 72.7628 3.78888 2.17923 171.252
34.2001 72.7123 3.81047 2.18499 171.23
34.3 72.6618 3.83212 2.19074 171.208
34.4 72.6113 3.85382 2.19648 171.187
34.5 72.5608 3.87558 2.20222 171.165
34.6 72.5104 3.89739 2.20795 171.143
34.7 72.4599 3.91925 2.21368 171.121
34.8 72.4094 3.94118 2.2194 171.099
34.9 72.3589 3.96315 2.22512 171.077
35 72.3085 3.98519 2.23083 171.055
35.1 72.258 4.00727 2.23654 171.033
35.2 72.2075 4.02941 2.24224 171.011
35.3 72.157 4.05161 2.24793 170.989
35.4 72.1066 4.07386 2.25362 170.967
35.5 72.0561 4.09617 2.2593 170.944
35.6 72.0056 4.11853 2.26498 170.922
35.7 71.9551 4.14095 2.27065 170.9
35.8 71.9047 4.16342 2.27631 170.877
35.9 71.8542 4.18594 2.28197 170.855
36 71.8037 4.20852 2.28763 170.832
36.1 71.7533 4.23115 2.29328 170.809
36.2 71.7028 4.25384 2.29892 170.787
36.3 71.6523 4.27658 2.30455 170.764
36.4 71.6019 4.29938 2.31018 170.741
36.5 71.5514 4.32223 2.31581 170.718
36.6 71.5009 4.34513 2.32143 170.695
36.7 71.4505 4.36809 2.32704 170.672
36.8 71.4 4.3911 2.33265 170.649
36.9 71.3495 4.41416 2.33825 170.626
37 71.2991 4.43728 2.34384 170.603
37.1 71.2486 4.46046 2.34943 170.58
37.2 71.1981 4.48368 2.35501 170.557
37.3 71.1477 4.50696 2.36059 170.534
37.4 71.0972 4.53029 2.36616 170.51
37.5 71.0468 4.55368 2.37172 170.487
37.6 70.9963 4.57712 2.37728 170.463
37.7 70.9458 4.60061 2.38284 170.44
37.8 70.8954 4.62416 2.38838 170.416
37.9 70.8449 4.64776 2.39392 170.393
38 70.7945 4.67141 2.39946 170.369
38.1 70.744 4.69511 2.40498 170.345
38.2 70.6935 4.71887 2.41051 170.322
38.3 70.6431 4.74268 2.41602 170.298
38.4 70.5926 4.76654 2.42153 170.274
38.5 70.5422 4.79046 2.42704 170.25
38.6 70.4917 4.81442 2.43253 170.226
38.7 70.4413 4.83845 2.43802 170.202
38.8 70.3908 4.86252 2.44351 170.178
38.9 70.3404 4.88664 2.44899 170.154
39 70.2899 4.91082 2.45446 170.13
39.1 70.2395 4.93505 2.45992 170.105
39.2 70.189 4.95933 2.46538 170.081
39.3 70.1386 4.98367 2.47084 170.057
39.4 70.0881 5.00805 2.47628 170.032
39.5 70.0377 5.03249 2.48173 170.008
39.6 69.9872 5.05698 2.48716 169.984
39.7 69.9368 5.08152 2.49259 169.959
39.8 69.8863 5.10611 2.49801 169.934
39.9 69.8359 5.13075 2.50342 169.91
40 69.7854 5.15545 2.50883 169.885
40.1 69.735 5.1802 2.51424 169.86
40.2 69.6846 5.205 2.51963 169.836
40.3 69.6341 5.22985 2.52502 169.811
40.4 69.5837 5.25475 2.5304 169.786
40.5 69.5332 5.2797 2.53578 169.761
40.6 69.4828 5.3047 2.54115 169.736
40.7 69.4324 5.32976 2.54651 169.711
40.7999 69.3819 5.35486 2.55187 169.686
40.8999 69.3315 5.38002 2.55722 169.661
40.9999 69.281 5.40522 2.56256 169.635
41.0999 69.2306 5.43048 2.5679 169.61
41.1999 69.1802 5.45579 2.57323 169.585
41.2999 69.1297 5.48114 2.57855 169.559
41.3999 69.0793 5.50655 2.58387 169.534
41.4999 69.0289 5.53201 2.58918 169.509
41.5999 68.9784 5.55752 2.59449 169.483
41.6999 68.928 5.58308 2.59978 169.457
41.7999 68.8776 5.60869 2.60507 169.432
41.8999 68.8271 5.63435 2.61036 169.406
41.9999 68.7767 5.66006 2.61563 169.38
42.0999 68.7263 5.68582 2.62091 169.355
42.1999 68.6758 5.71163 2.62617 169.329
42.2999 68.6254 5.73749 2.63143 169.303
42.3999 68.575 5.7634 2.63668 169.277
42.4999 68.5246 5.78935 2.64192 169.251
42.5999 68.4741 5.81536 2.64716 169.225
42.6999 68.4237 5.84142 2.65238 169.199
42.7999 68.3733 5.86752 2.65761 169.173
42.8999 68.3228 5.89368 2.66282 169.147
42.9999 68.2724 5.91989 2.66803 169.121
43.0999 68.222 5.94614 2.67323 169.094
43.1999 68.1716 5.97244 2.67843 169.068
43.2999 68.1212 5.99879 2.68362 169.042
43.3999 68.0707 6.02519 2.6888 169.015
43.4999 68.0203 6.05164 2.69397 168.989
43.5999 67.9699 6.07814 2.69914 168.962
43.6999 67.9195 6.10469 2.7043 168.936
43.7999 67.8691 6.13128 2.70945 168.909
43.8999 67.8186 6.15793 2.7146 168.883
43.9999 67.7682 6.18462 2.71974 168.856
44.0999 67.7178 6.21136 2.72487 168.829
44.1999 67.6674 6.23815 2.73 168.802
44.2999 67.617 6.26499 2.73512 168.776
44.3999 67.5666 6.29187 2.74023 168.749
44.4999 67.5161 6.3188 2.74533 168.722
44.5999 67.4657 6.34578 2.75043 168.695
44.6999 67.4153 6.37281 2.75552 168.668
44.7999 67.3649 6.39989 2.7606 168.641
44.8999 67.3145 6.42701 2.76568 168.614
44.9999 67.2641 6.45418 2.77074 168.586
45.0999 67.2137 6.4814 2.77581 168.559
45.1999 67.1633 6.50867 2.78086 168.532
45.2999 67.1129 6.53598 2.78591 168.505
45.3999 67.0625 6.56334 2.79094 168.477
45.4999 67.0121 6.59075 2.79598 168.45
45.5999 66.9617 6.6182 2.801 168.422
45.6999 66.9112 6.64571 2.80602 168.395
45.7999 66.8608 6.67325 2.81103 168.367
45.8999 66.8104 6.70085 2.81603 168.34
45.9999 66.76 6.72849 2.82103 168.312
46.0999 66.7096 6.75618 2.82602 168.284
46.1999 66.6592 6.78392 2.831 168.257
46.2999 66.6088 6.8117 2.83597 168.229
46.3999 66.5584 6.83953 2.84094 168.201
46.4999 66.508 6.8674 2.8459 168.173
46.5999 66.4576 6.89532 2.85085 168.145
46.6999 66.4072 6.92329 2.85579 168.117
46.7999 66.3568 6.9513 2.86073 168.089
46.8999 66.3064 6.97936 2.86566 168.061
46.9999 66.2561 7.00746 2.87058 168.033
47.0999 66.2057 7.03561 2.87549 168.005
47.1999 66.1553 7.06381 2.8804 167.977
47.2999 66.1049 7.09205 2.8853 167.948
47.3998 66.0545 7.12034 2.89019 167.92
47.4998 66.0041 7.14867 2.89507 167.892
47.5998 65.9537 7.17705 2.89995 167.863
47.6998 65.9033 7.20547 2.90482 167.835
47.7998 65.8529 7.23394 2.90968 167.807
47.8998 65.8025 7.26245 2.91453 167.778
47.9998 65.7521 7.29101 2.91938 167.75
48.0998 65.7018 7.31962 2.92422 167.721
48.1998 65.6514 7.34827 2.92905 167.692
48.2998 65.601 7.37696 2.93387 167.664
48.3998 65.5506 7.4057 2.93869 167.635
48.4998 65.5002 7.43448 2.9435 167.606
48.5998 65.4498 7.4633 2.9483 167.577
48.6998 65.3995 7.49218 2.95309 167.548
48.7998 65.3491 7.52109 2.95787 167.519
48.8998 65.2987 7.55005 2.96265 167.49
48.9998 65.2483 7.57905 2.96742 167.461
49.0998 65.1979 7.6081 2.97218 167.432
49.1998 65.1476 7.63719 2.97693 167.403
49.2998 65.0972 7.66633 2.98168 167.374
49.3998 65.0468 7.69551 2.98642 167.345
49.4998 64.9964 7.72473 2.99115 167.316
49.5998 64.9461 7.754 2.99587 167.287
49.6998 64.8957 7.78331 3.00058 167.257
49.7998 64.8453 7.81266 3.00529 167.228
49.8998 64.7949 7.84206 3.00999 167.198
49.9998 64.7446 7.8715 3.01468 167.169
50.0998 64.6942 7.90098 3.01936 167.14
50.1998 64.6438 7.93051 3.02404 167.11
50.2998 64.5934 7.96008 3.0287 167.08
50.3998 64.5431 7.98969 3.03336 167.051
50.4998 64.4927 8.01934 3.03801 167.021
50.5998 64.4423 8.04904 3.04266 166.991
50.6998 64.392 8.07878 3.04729 166.962
50.7998 64.3416 8.10857 3.05192 166.932
50.8998 64.2912 8.13839 3.05654 166.902
50.9998 64.2409 8.16826 3.06115 166.872
51.0998 64.1905 8.19817 3.06575 166.842
51.1998 64.1402 8.22812 3.07034 166.812
51.2998 64.0898 8.25811 3.07493 166.782
51.3998 64.0394 8.28815 3.07951 166.752
51.4998 63.9891 8.31823 3.08408 166.722
51.5998 63.9387 8.34835 3.08864 166.692
51.6998 63.8884 8.37851 3.0932 166.662
51.7998 63.838 8.40871 3.09774 166.632
51.8998 63.7876 8.43896 3.10228 166.602
51.9998 63.7373 8.46924 3.10681 166.571
52.0998 63.6869 8.49957 3.11133 166.541
52.1998 63.6366 8.52994 3.11584 166.511
52.2998 63.5862 8.56035 3.12035 166.48
52.3998 63.5359 8.5908 3.12484 166.45
52.4998 63.4855 8.62129 3.12933 166.419
52.5998 63.4352 8.65182 3.13381 166.389
52.6998 63.3848 8.68239 3.13828 166.358
52.7998 63.3345 8.71301 3.14275 166.328
52.8998 63.2841 8.74366 3.1472 166.297
52.9998 63.2338 8.77436 3.15165 166.266
53.0998 63.1834 8.80509 3.15609 166.235
53.1998 63.1331 8.83587 3.16052 166.205
53.2998 63.0827 8.86668 3.16494 166.174
53.3998 63.0324 8.89754 3.16935 166.143
53.4998 62.982 8.92844 3.17376 166.112
53.5998 62.9317 8.95937 3.17815 166.081
53.6998 62.8814 8.99035 3.18254 166.05
53.7998 62.831 9.02136 3.18692 166.019
53.8997 62.7807 9.05242 3.19129 165.988
53.9997 62.7303 9.08351 3.19565 165.957
54.0997 62.68 9.11465 3.20001 165.926
54.1997 62.6297 9.14582 3.20435 165.895
54.2997 62.5793 9.17703 3.20869 165.863
54.3997 62.529 9.20828 3.21302 165.832
54.4997 62.4787 9.23958 3.21734 165.801
54.5997 62.4283 9.27091 3.22165 165.77
54.6997 62.378 9.30227 3.22595 165.738
54.7997 62.3277 9.33368 3.23025 165.707
54.8997 62.2773 9.36513 3.23453 165.675
54.9997 62.227 9.39661 3.23881 165.644
55.0997 62.1767 9.42814 3.24308 165.612
55.1997 62.1263 9.4597 3.24734 165.581
55.2997 62.076 9.4913 3.25159 165.549
55.3997 62.0257 9.52294 3.25583 165.518
55.4997 61.9753 9.55461 3.26006 165.486
55.5997 61.925 9.58633 3.26429 165.454
55.6997 61.8747 9.61808 3.2685 165.422
55.7997 61.8244 9.64987 3.27271 165.391
55.8997 61.7741 9.6817 3.27691 165.359
55.9997 61.7237 9.71356 3.2811 165.327
56.0997 61.6734 9.74547 3.28528 165.295
56.1997 61.6231 9.77741 3.28945 165.263
56.2997 61.5728 9.80939 3.29362 165.231
56.3997 61.5224 9.8414 3.29777 165.199
56.4997 61.4721 9.87345 3.30192 165.167
56.5997 61.4218 9.90554 3.30606 165.135
56.6997 61.3715 9.93767 3.31018 165.103
56.7997 61.3212 9.96983 3.3143 165.071
56.8997 61.2709 10.002 3.31841 165.038
56.9997 61.2205 10.0343 3.32251 165.006
57.0997 61.1702 10.0665 3.32661 164.974
57.1997 61.1199 10.0989 3.33069 164.942
57.2997 61.0696 10.1312 3.33477 164.909
57.3997 61.0193 10.1636 3.33883 164.877
57.4997 60.969 10.196 3.34289 164.845
57.5997 60.9187 10.2285 3.34694 164.812
57.6997 60.8684 10.2609 3.35098 164.78
57.7997 60.8181 10.2935 3.35501 164.747
57.8997 60.7678 10.326 3.35903 164.714
57.9997 60.7175 10.3586 3.36304 164.682
58.0997 60.6671 10.3913 3.36704 164.649
58.1997 60.6168 10.4239 3.37104 164.617
58.2997 60.5665 10.4566 3.37502 164.584
58.3997 60.5162 10.4894 3.379 164.551
58.4997 60.4659 10.5221 3.38296 164.518
58.5997 60.4156 10.555 3.38692 164.486
58.6997 60.3653 10.5878 3.39087 164.453
58.7997 60.315 10.6207 3.39481 164.42
58.8997 60.2647 10.6536 3.39874 164.387
58.9997 60.2144 10.6865 3.40266 164.354
59.0997 60.1641 10.7195 3.40657 164.321
59.1997 60.1139 10.7525 3.41047 164.288
59.2997 60.0636 10.7856 3.41437 164.255
59.3997 60.0133 10.8187 3.41825 164.222
59.4997 59.963 10.8518 3.42213 164.189
59.5997 59.9127 10.885 3.42599 164.156
59.6997 59.8624 10.9181 3.42985 164.122
59.7997 59.8121 10.9514 3.4337 164.089
59.8997 59.7618 10.9846 3.43753 164.056
59.9997 59.7115 11.0179 3.44136 164.023
60.0997 59.6612 11.0512 3.44518 163.989
60.1997 59.611 11.0846 3.44899 163.956
60.2997 59.5607 11.118 3.45279 163.923
60.3997 59.5104 11.1514 3.45658 163.889
60.4996 59.4601 11.1849 3.46036 163.856
60.5996 59.4098 11.2184 3.46414 163.822
60.6996 59.3595 11.2519 3.4679 163.789
60.7996 59.3093 11.2854 3.47165 163.755
60.8996 59.259 11.319 3.4754 163.721
60.9996 59.2087 11.3526 3.47913 163.688
61.0996 59.1584 11.3863 3.48286 163.654
61.1996 59.1081 11.42 3.48658 163.621
61.2996 59.0579 11.4537 3.49028 163.587
61.3996 59.0076 11.4875 3.49398 163.553
61.4996 58.9573 11.5212 3.49767 163.519
61.5996 58.907 11.5551 3.50134 163.485
61.6996 58.8568 11.5889 3.50501 163.452
61.7996 58.8065 11.6228 3.50867 163.418
61.8996 58.7562 11.6567 3.51232 163.384
61.9996 58.706 11.6906 3.51596 163.35
62.0996 58.6557 11.7246 3.51959 163.316
62.1996 58.6054 11.7586 3.52321 163.282
62.2996 58.5551 11.7926 3.52682 163.248
62.3996 58.5049 11.8267 3.53043 163.214
62.4996 58.4546 11.8608 3.53402 163.18
62.5996 58.4044 11.8949 3.5376 163.146
62.6996 58.3541 11.9291 3.54117 163.111
62.7996 58.3038 11.9633 3.54474 163.077
62.8996 58.2536 11.9975 3.54829 163.043
62.9996 58.2033 12.0318 3.55183 163.009
63.0996 58.153 12.0661 3.55537 162.974
63.1996 58.1028 12.1004 3.55889 162.94
63.2996 58.0525 12.1347 3.5624 162.906
63.3996 58.0023 12.1691 3.56591 162.871
63.4996 57.952 12.2035 3.5694 162.837
63.5996 57.9018 12.2379 3.57289 162.803
63.6996 57.8515 12.2724 3.57637 162.768
63.7996 57.8012 12.3069 3.57983 162.734
63.8996 57.751 12.3414 3.58329 162.699
63.9996 57.7007 12.3759 3.58673 162.665
64.0996 57.6505 12.4105 3.59017 162.63
64.1996 57.6002 12.4451 3.5936 162.595
64.2996 57.55 12.4798 3.59701 162.561
64.3996 57.4997 12.5145 3.60042 162.526
64.4996 57.4495 12.5492 3.60382 162.491
64.5996 57.3993 12.5839 3.6072 162.457
64.6996 57.349 12.6186 3.61058 162.422
64.7996 57.2988 12.6534 3.61395 162.387
64.8996 57.2485 12.6882 3.6173 162.352
64.9996 57.1983 12.7231 3.62065 162.317
65.0996 57.148 12.7579 3.62399 162.283
65.1996 57.0978 12.7928 3.62732 162.248
65.2996 57.0476 12.8278 3.63063 162.213
65.3996 56.9973 12.8627 3.63394 162.178
65.4996 56.9471 12.8977 3.63724 162.143
65.5996 56.8968 12.9327 3.64053 162.108
65.6996 56.8466 12.9678 3.6438 162.073
65.7996 56.7964 13.0028 3.64707 162.038
65.8996 56.7461 13.0379 3.65033 162.003
65.9996 56.6959 13.073 3.65358 161.967
66.0996 56.6457 13.1082 3.65681 161.932
66.1996 56.5954 13.1434 3.66004 161.897
66.2996 56.5452 13.1786 3.66326 161.862
66.3996 56.495 13.2138 3.66646 161.827
66.4996 56.4447 13.249 3.66966 161.791
66.5996 56.3945 13.2843 3.67285 161.756
66.6996 56.3443 13.3196 3.67602 161.721
66.7996 56.2941 13.355 3.67919 161.686
66.8996 56.2438 13.3903 3.68235 161.65
66.9995 56.1936 13.4257 3.68549 161.615
67.0995 56.1434 13.4611 3.68863 161.579
67.1995 56.0932 13.4966 3.69175 161.544
67.2995 56.043 13.5321 3.69487 161.508
67.3995 55.9927 13.5675 3.69797 161.473
67.4995 55.9425 13.6031 3.70107 161.437
67.5995 55.8923 13.6386 3.70415 161.402
67.6995 55.8421 13.6742 3.70723 161.366
67.7995 55.7919 13.7098 3.71029 161.331
67.8995 55.7416 13.7454 3.71335 161.295
67.9995 55.6914 13.781 3.71639 161.259
68.0995 55.6412 13.8167 3.71942 161.224
68.1995 55.591 13.8524 3.72245 161.188
68.2995 55.5408 13.8881 3.72546 161.152
68.3995 55.4906 13.9239 3.72846 161.117
68.4995 55.4404 13.9597 3.73145 161.081
68.5995 55.3902 13.9954 3.73443 161.045
68.6995 55.34 14.0313 3.7374 161.009
68.7995 55.2897 14.0671 3.74036 160.973
68.8995 55.2395 14.103 3.74332 160.938
68.9995 55.1893 14.1389 3.74625 160.902
69.0995 55.1391 14.1748 3.74918 160.866
69.1995 55.0889 14.2107 3.7521 160.83
69.2995 55.0387 14.2467 3.75501 160.794
69.3995 54.9885 14.2827 3.75791 160.758
69.4995 54.9383 14.3187 3.7608 160.722
69.5995 54.8881 14.3547 3.76367 160.686
69.6995 54.8379 14.3908 3.76654 160.65
69.7995 54.7877 14.4269 3.7694 160.614
69.8995 54.7375 14.463 3.77224 160.578
69.9995 54.6873 14.4991 3.77508 160.541
70.0995 54.6371 14.5353 3.7779 160.505
70.1995 54.5869 14.5714 3.78072 160.469
70.2995 54.5368 14.6076 3.78352 160.433
70.3995 54.4866 14.6439 3.78631 160.397
70.4995 54.4364 14.6801 3.78909 160.36
70.5995 54.3862 14.7164 3.79187 160.324
70.6995 54.336 14.7526 3.79463 160.288
70.7995 54.2858 14.789 3.79738 160.252
70.8995 54.2356 14.8253 3.80012 160.215
70.9995 54.1854 14.8616 3.80285 160.179
71.0995 54.1352 14.898 3.80556 160.143
71.1995 54.0851 14.9344 3.80827 160.106
71.2995 54.0349 14.9708 3.81097 160.07
71.3995 53.9847 15.0073 3.81366 160.033
71.4995 53.9345 15.0437 3.81633 159.997
71.5995 53.8843 15.0802 3.819 159.96
71.6995 53.8342 15.1167 3.82165 159.924
71.7995 53.784 15.1532 3.82429 159.887
71.8995 53.7338 15.1898 3.82693 159.851
71.9995 53.6836 15.2264 3.82955 159.814
72.0995 53.6335 15.2629 3.83216 159.778
72.1995 53.5833 15.2995 3.83476 159.741
72.2995 53.5331 15.3362 3.83735 159.704
72.3995 53.4829 15.3728 3.83993 159.668
72.4995 53.4328 15.4095 3.8425 159.631
72.5995 53.3826 15.4462 3.84505 159.594
72.6995 53.3324 15.4829 3.8476 159.558
72.7995 53.2823 15.5196 3.85013 159.521
72.8995 53.2321 15.5564 3.85266 159.484
72.9995 53.1819 15.5931 3.85517 159.447
73.0995 53.1318 15.6299 3.85768 159.411
73.1995 53.0816 15.6667 3.86017 159.374
73.2995 53.0314 15.7036 3.86265 159.337
73.3995 52.9813 15.7404 3.86512 159.3
73.4995 52.9311 15.7773 3.86758 159.263
73.5994 52.8809 15.8142 3.87003 159.226
73.6994 52.8308 15.8511 3.87246 159.189
73.7994 52.7806 15.888 3.87489 159.153
73.8994 52.7305 15.9249 3.87731 159.116
73.9994 52.6803 15.9619 3.87971 159.079
74.0994 52.6302 15.9989 3.8821 159.042
74.1994 52.58 16.0359 3.88449 159.005
74.2994 52.5298 16.0729 3.88686 158.968
74.3994 52.4797 16.1099 3.88922 158.931
74.4994 52.4295 16.147 3.89157 158.894
74.5994 52.3794 16.184 3.89391 158.856
74.6994 52.3292 16.2211 3.89623 158.819
74.7994 52.2791 16.2582 3.89855 158.782
74.8994 52.2289 16.2954 3.90085 158.745
74.9994 52.1788 16.3325 3.90315 158.708
75.0994 52.1286 16.3697 3.90543 158.671
75.1994 52.0785 16.4068 3.9077 158.634
75.2994 52.0284 16.444 3.90996 158.597
75.3994 51.9782 16.4812 3.91221 158.559
75.4994 51.9281 16.5185 3.91445 158.522
75.5994 51.8779 16.5557 3.91668 158.485
75.6994 51.8278 16.593 3.9189 158.448
75.7994 51.7777 16.6302 3.9211 158.41
75.8994 51.7275 16.6675 3.92329 158.373
75.9994 51.6774 16.7048 3.92548 158.336
76.0994 51.6272 16.7422 3.92765 158.298
76.1994 51.5771 16.7795 3.92981 158.261
76.2994 51.527 16.8169 3.93196 158.224
76.3994 51.4768 16.8542 3.9341 158.186
76.4994 51.4267 16.8916 3.93622 158.149
76.5994 51.3766 16.929 3.93834 158.111
76.6994 51.3264 16.9664 3.94044 158.074
76.7994 51.2763 17.0039 3.94253 158.037
76.8994 51.2262 17.0413 3.94462 157.999
76.9994 51.1761 17.0788 3.94669 157.962
77.0994 51.1259 17.1163 3.94874 157.924
77.1994 51.0758 17.1538 3.95079 157.887
77.2994 51.0257 17.1913 3.95283 157.849
77.3994 50.9756 17.2288 3.95485 157.812
77.4994 50.9254 17.2664 3.95687 157.774
77.5994 50.8753 17.3039 3.95887 157.737
77.6994 50.8252 17.3415 3.96086 157.699
77.7994 50.7751 17.3791 3.96284 157.661
77.8994 50.725 17.4167 3.96481 157.624
77.9994 50.6748 17.4543 3.96676 157.586
78.0994 50.6247 17.4919 3.96871 157.549
78.1994 50.5746 17.5295 3.97064 157.511
78.2994 50.5245 17.5672 3.97257 157.473
78.3994 50.4744 17.6049 3.97448 157.436
78.4994 50.4243 17.6425 3.97638 157.398
78.5994 50.3742 17.6802 3.97827 157.36
78.6994 50.3241 17.7179 3.98014 157.323
78.7994 50.2739 17.7557 3.98201 157.285
78.8994 50.2238 17.7934 3.98386 157.247
78.9994 50.1737 17.8311 3.9857 157.209
79.0994 50.1236 17.8689 3.98753 157.172
79.1994 50.0735 17.9067 3.98935 157.134
79.2994 50.0234 17.9445 3.99116 157.096
79.3994 49.9733 17.9823 3.99296 157.058
79.4994 49.9232 18.0201 3.99474 157.02
79.5994 49.8731 18.0579 3.99652 156.983
79.6994 49.823 18.0957 3.99828 156.945
79.7994 49.7729 18.1336 4.00003 156.907
79.8994 49.7228 18.1714 4.00177 156.869
79.9994 49.6727 18.2093 4.00349 156.831
80.0993 49.6226 18.2472 4.00521 156.793
80.1993 49.5725 18.2851 4.00691 156.755
80.2993 49.5224 18.323 4.00861 156.718
80.3993 49.4723 18.3609 4.01029 156.68
80.4993 49.4222 18.3988 4.01196 156.642
80.5993 49.3721 18.4368 4.01361 156.604
80.6993 49.3221 18.4747 4.01526 156.566
80.7993 49.272 18.5127 4.01689 156.528
80.8993 49.2219 18.5506 4.01852 156.49
80.9993 49.1718 18.5886 4.02013 156.452
81.0993 49.1217 18.6266 4.02172 156.414
81.1993 49.0716 18.6646 4.02331 156.376
81.2993 49.0215 18.7026 4.02489 156.338
81.3993 48.9715 18.7406 4.02645 156.3
81.4993 48.9214 18.7787 4.028 156.262
81.5993 48.8713 18.8167 4.02955 156.224
81.6993 48.8212 18.8548 4.03107 156.186
81.7993 48.7711 18.8928 4.03259 156.148
81.8993 48.7211 18.9309 4.0341 156.11
81.9993 48.671 18.969 4.03559 156.072
82.0993 48.6209 19.0071 4.03707 156.033
82.1993 48.5708 19.0452 4.03854 155.995
82.2993 48.5207 19.0833 4.04 155.957
82.3993 48.4707 19.1214 4.04145 155.919
82.4993 48.4206 19.1595 4.04288 155.881
82.5993 48.3705 19.1977 4.0443 155.843
82.6993 48.3205 19.2358 4.04572 155.805
82.7993 48.2704 19.2739 4.04711 155.767
82.8993 48.2203 19.3121 4.0485 155.728
82.9993 48.1703 19.3503 4.04988 155.69
83.0993 48.1202 19.3885 4.05124 155.652
83.1993 48.0701 19.4266 4.05259 155.614
83.2993 48.0201 19.4648 4.05393 155.576
83.3993 47.97 19.503 4.05526 155.537
83.4993 47.9199 19.5412 4.05658 155.499
83.5993 47.8699 19.5795 4.05788 155.461
83.6993 47.8198 19.6177 4.05917 155.423
83.7993 47.7698 19.6559 4.06046 155.385
83.8993 47.7197 19.6942 4.06172 155.346
83.9993 47.6696 19.7324 4.06298 155.308
84.0993 47.6196 19.7706 4.06423 155.27
84.1993 47.5695 19.8089 4.06546 155.232
84.2993 47.5195 19.8472 4.06668 155.193
84.3993 47.4694 19.8854 4.06789 155.155
84.4993 47.4194 19.9237 4.06909 155.117
84.5993 47.3693 19.962 4.07027 155.079
84.6993 47.3193 20.0003 4.07144 155.04
84.7993 47.2692 20.0386 4.0726 155.002
84.8993 47.2192 20.0769 4.07375 154.964
84.9993 47.1691 20.1152 4.07489 154.925
85.0993 47.1191 20.1535 4.07602 154.887
85.1993 47.069 20.1919 4.07713 154.849
85.2993 47.019 20.2302 4.07823 154.81
85.3993 46.9689 20.2685 4.07932 154.772
85.4993 46.9189 20.3069 4.0804 154.734
85.5993 46.8689 20.3452 4.08146 154.695
85.6993 46.8188 20.3835 4.08251 154.657
85.7993 46.7688 20.4219 4.08355 154.619
85.8993 46.7187 20.4603 4.08458 154.58
85.9993 46.6687 20.4986 4.0856 154.542
86.0993 46.6187 20.537 4.0866 154.504
86.1993 46.5686 20.5754 4.0876 154.465
86.2993 46.5186 20.6137 4.08858 154.427
86.3993 46.4686 20.6521 4.08954 154.388
86.4993 46.4185 20.6905 4.0905 154.35
86.5993 46.3685 20.7289 4.09144 154.312
86.6992 46.3185 20.7673 4.09238 154.273
86.7992 46.2685 20.8057 4.0933 154.235
86.8992 46.2184 20.8441 4.0942 154.196
86.9992 46.1684 20.8825 4.0951 154.158
87.0992 46.1184 20.9209 4.09598 154.12
87.1992 46.0683 20.9593 4.09685 154.081
87.2992 46.0183 20.9977 4.09771 154.043
87.3992 45.9683 21.0362 4.09856 154.004
87.4992 45.9183 21.0746 4.09939 153.966
87.5992 45.8683 21.113 4.10022 153.928
87.6992 45.8182 21.1514 4.10103 153.889
87.7992 45.7682 21.1899 4.10182 153.851
87.8992 45.7182 21.2283 4.10261 153.812
87.9992 45.6682 21.2667 4.10338 153.774
88.0992 45.6182 21.3052 4.10414 153.735
88.1992 45.5682 21.3436 4.10489 153.697
88.2992 45.5181 21.382 4.10563 153.658
88.3992 45.4681 21.4205 4.10635 153.62
88.4992 45.4181 21.4589 4.10707 153.582
88.5992 45.3681 21.4974 4.10777 153.543
88.6992 45.3181 21.5358 4.10845 153.505
88.7992 45.2681 21.5743 4.10913 153.466
88.8992 45.2181 21.6127 4.10979 153.428
88.9992 45.1681 21.6512 4.11044 153.389
89.0992 45.1181 21.6896 4.11108 153.351
89.1992 45.0681 21.7281 4.11171 153.312
89.2992 45.0181 21.7665 4.11232 153.274
89.3992 44.9681 21.805 4.11292 153.236
89.4992 44.9181 21.8435 4.11351 153.197
89.5992 44.8681 21.8819 4.11409 153.159
89.6992 44.8181 21.9204 4.11465 153.12
89.7992 44.7681 21.9588 4.11521 153.082
89.8992 44.7181 21.9973 4.11575 153.043
89.9992 44.6681 22.0358 4.11627 153.005
90.0992 44.6181 22.0742 4.11679 152.966
90.1992 44.5681 22.1127 4.11729 152.928
90.2992 44.5181 22.1511 4.11778 152.889
90.3992 44.4681 22.1896 4.11826 152.851
90.4992 44.4181 22.2281 4.11873 152.812
90.5992 44.3681 22.2665 4.11918 152.774
90.6992 44.3181 22.305 4.11962 152.736
90.7992 44.2681 22.3434 4.12005 152.697
90.8992 44.2181 22.3819 4.12046 152.659
90.9992 44.1682 22.4203 4.12087 152.62
91.0992 44.1182 22.4588 4.12126 152.582
91.1992 44.0682 22.4972 4.12164 152.543
91.2992 44.0182 22.5357 4.122 152.505
91.3992 43.9682 22.5741 4.12236 152.466
91.4992 43.9182 22.6126 4.1227 152.428
91.5992 43.8683 22.651 4.12303 152.389
91.6992 43.8183 22.6895 4.12335 152.351
91.7992 43.7683 22.7279 4.12365 152.313
91.8992 43.7183 22.7664 4.12394 152.274
91.9992 43.6684 22.8048 4.12422 152.236
92.0992 43.6184 22.8432 4.12449 152.197
92.1992 43.5684 22.8817 4.12474 152.159
92.2992 43.5184 22.9201 4.12498 152.12
92.3992 43.4685 22.9585 4.12521 152.082
92.4992 43.4185 22.9969 4.12543 152.044
92.5992 43.3685 23.0354 4.12563 152.005
92.6992 43.3185 23.0738 4.12582 151.967
92.7992 43.2686 23.1122 4.126 151.928
92.8992 43.2186 23.1506 4.12617 151.89
92.9992 43.1686 23.189 4.12632 151.852
93.0992 43.1187 23.2274 4.12647 151.813
93.1992 43.0687 23.2658 4.12659 151.775
93.2991 43.0188 23.3042 4.12671 151.736
93.3991 42.9688 23.3426 4.12681 151.698
93.4991 42.9188 23.381 4.12691 151.66
93.5991 42.8689 23.4194 4.12698 151.621
93.6991 42.8189 23.4578 4.12705 151.583
93.7991 42.769 23.4962 4.1271 151.544
93.8991 42.719 23.5345 4.12715 151.506
93.9991 42.669 23.5729 4.12717 151.468
94.0991 42.6191 23.6113 4.12719 151.429
94.1991 42.5691 23.6496 4.12719 151.391
94.2991 42.5192 23.688 4.12718 151.353
94.3991 42.4692 23.7263 4.12716 151.314
94.4991 42.4193 23.7647 4.12713 151.276
94.5991 42.3693 23.803 4.12708 151.238
94.6991 42.3194 23.8413 4.12702 151.199
94.7991 42.2694 23.8797 4.12695 151.161
94.8991 42.2195 23.918 4.12686 151.123
94.9991 42.1695 23.9563 4.12677 151.084
95.0991 42.1196 23.9946 4.12666 151.046
95.1991 42.0696 24.0329 4.12653 151.008
95.2991 42.0197 24.0712 4.1264 150.969
95.3991 41.9698 24.1095 4.12625 150.931
95.4991 41.9198 24.1478 4.12609 150.893
95.5991 41.8699 24.1861 4.12591 150.854
95.6991 41.8199 24.2243 4.12573 150.816
95.7991 41.77 24.2626 4.12553 150.778
95.8991 41.7201 24.3009 4.12532 150.74
95.9991 41.6701 24.3391 4.12509 150.701
96.0991 41.6202 24.3774 4.12486 150.663
96.1991 41.5703 24.4156 4.12461 150.625
96.2991 41.5203 24.4538 4.12435 150.587
96.3991 41.4704 24.4921 4.12407 150.548
96.4991 41.4205 24.5303 4.12378 150.51
96.5991 41.3705 24.5685 4.12348 150.472
96.6991 41.3206 24.6067 4.12317 150.434
96.7991 41.2707 24.6449 4.12284 150.396
96.8991 41.2208 24.6831 4.12251 150.357
96.9991 41.1708 24.7212 4.12215 150.319
97.0991 41.1209 24.7594 4.12179 150.281
97.1991 41.071 24.7976 4.12141 150.243
97.2991 41.0211 24.8357 4.12102 150.205
97.3991 40.9711 24.8739 4.12062 150.167
97.4991 40.9212 24.912 4.12021 150.129
97.5991 40.8713 24.9501 4.11978 150.09
97.6991 40.8214 24.9882 4.11934 150.052
97.7991 40.7715 25.0264 4.11889 150.014
97.8991 40.7215 25.0645 4.11842 149.976
97.9991 40.6716 25.1025 4.11794 149.938
98.0991 40.6217 25.1406 4.11745 149.9
98.1991 40.5718 25.1787 4.11695 149.862
98.2991 40.5219 25.2168 4.11643 149.824
98.3991 40.472 25.2548 4.1159 149.786
98.4991 40.4221 25.2928 4.11536 149.748
98.5991 40.3722 25.3309 4.1148 149.71
98.6991 40.3222 25.3689 4.11424 149.672
98.7991 40.2723 25.4069 4.11366 149.634
98.8991 40.2224 25.4449 4.11306 149.596
98.9991 40.1725 25.4829 4.11246 149.558
99.0991 40.1226 25.5209 4.11184 149.52
99.1991 40.0727 25.5589 4.11121 149.482
99.2991 40.0228 25.5968 4.11056 149.444
99.3991 39.9729 25.6348 4.1099 149.406
99.4991 39.923 25.6727 4.10923 149.368
99.5991 39.8731 25.7106 4.10855 149.33
99.6991 39.8232 25.7485 4.10786 149.292
99.799 39.7733 25.7865 4.10715 149.254
99.899 39.7234 25.8243 4.10643 149.216
99.999 39.6735 25.8622 4.10569 149.178
100.099 39.6236 25.9001 4.10495 149.14
100.199 39.5737 25.938 4.10419 149.103
100.299 39.5238 25.9758 4.10341 149.065
100.399 39.4739 26.0136 4.10263 149.027
100.499 39.4241 26.0515 4.10183 148.989
100.599 39.3742 26.0893 4.10102 148.951
100.699 39.3243 26.1271 4.10019 148.913
100.799 39.2744 26.1648 4.09936 148.876
100.899 39.2245 26.2026 4.09851 148.838
100.999 39.1746 26.2404 4.09765 148.8
101.099 39.1247 26.2781 4.09677 148.762
101.199 39.0748 26.3159 4.09588 148.725
101.299 39.025 26.3536 4.09498 148.687
101.399 38.9751 26.3913 4.09407 148.649
101.499 38.9252 26.429 4.09314 148.612
101.599 38.8753 26.4667 4.0922 148.574
101.699 38.8254 26.5043 4.09125 148.536
101.799 38.7756 26.542 4.09029 148.499
101.899 38.7257 26.5796 4.08931 148.461
101.999 38.6758 26.6172 4.08832 148.423
102.099 38.6259 26.6549 4.08731 148.386
102.199 38.5761 26.6925 4.0863 148.348
102.299 38.5262 26.73 4.08527 148.31
102.399 38.4763 26.7676 4.08423 148.273
102.499 38.4264 26.8052 4.08317 148.235
102.599 38.3766 26.8427 4.0821 148.198
102.699 38.3267 26.8802 4.08102 148.16
102.799 38.2768 26.9177 4.07993 148.123
102.899 38.227 26.9552 4.07882 148.085
102.999 38.1771 26.9927 4.0777 148.048
103.099 38.1272 27.0302 4.07657 148.01
103.199 38.0774 27.0676 4.07542 147.973
103.299 38.0275 27.1051 4.07427 147.935
103.399 37.9776 27.1425 4.0731 147.898
103.499 37.9278 27.1799 4.07191 147.861
103.599 37.8779 27.2173 4.07072 147.823
103.699 37.8281 27.2547 4.06951 147.786
103.799 37.7782 27.292 4.06828 147.748
103.899 37.7284 27.3294 4.06705 147.711
103.999 37.6785 27.3667 4.0658 147.674
104.099 37.6286 27.404 4.06454 147.637
104.199 37.5788 27.4413 4.06327 147.599
104.299 37.5289 27.4786 4.06198 147.562
104.399 37.4791 27.5158 4.06068 147.525
104.499 37.4292 27.5531 4.05937 147.487
104.599 37.3794 27.5903 4.05804 147.45
104.699 37.3295 27.6275 4.0567 147.413
104.799 37.2797 27.6647 4.05535 147.376
104.899 37.2298 27.7019 4.05399 147.339
104.999 37.18 27.739 4.05261 147.301
105.099 37.1301 27.7762 4.05122 147.264
105.199 37.0803 27.8133 4.04982 147.227
105.299 37.0305 27.8504 4.0484 147.19
105.399 36.9806 27.8875 4.04697 147.153
105.499 36.9308 27.9246 4.04553 147.116
105.599 36.8809 27.9616 4.04408 147.079
105.699 36.8311 27.9986 4.04261 147.042
105.799 36.7812 28.0357 4.04113 147.005
105.899 36.7314 28.0727 4.03964 146.968
105.999 36.6816 28.1096 4.03813 146.931
106.099 36.6317 28.1466 4.03661 146.894
106.199 36.5819 28.1835 4.03508 146.857
106.299 36.5321 28.2205 4.03353 146.82
106.399 36.4822 28.2574 4.03198 146.783
106.499 36.4324 28.2943 4.03041 146.746
106.599 36.3826 28.3311 4.02882 146.709
106.699 36.3327 28.368 4.02723 146.673
106.799 36.2829 28.4048 4.02562 146.636
106.899 36.2331 28.4416 4.024 146.599
106.999 36.1833 28.4784 4.02236 146.562
107.099 36.1334 28.5152 4.02071 146.525
107.199 36.0836 28.5519 4.01905 146.489
107.299 36.0338 28.5886 4.01738 146.452
107.399 35.984 28.6254 4.01569 146.415
107.499 35.9341 28.662 4.01399 146.378
107.599 35.8843 28.6987 4.01228 146.342
107.699 35.8345 28.7354 4.01056 146.305
107.799 35.7847 28.772 4.00882 146.269
107.899 35.7349 28.8086 4.00707 146.232
107.999 35.685 28.8452 4.0053 146.195
108.099 35.6352 28.8818 4.00353 146.159
108.199 35.5854 28.9183 4.00174 146.122
108.299 35.5356 28.9548 3.99993 146.086
108.399 35.4858 28.9913 3.99812 146.049
108.499 35.436 29.0278 3.99629 146.013
108.599 35.3861 29.0643 3.99445 145.976
108.699 35.3363 29.1007 3.9926 145.94
108.799 35.2865 29.1371 3.99073 145.903
108.899 35.2367 29.1735 3.98885 145.867
108.999 35.1869 29.2099 3.98696 145.831
109.099 35.1371 29.2463 3.98505 145.794
109.199 35.0873 29.2826 3.98313 145.758
109.299 35.0375 29.3189 3.9812 145.722
109.399 34.9877 29.3552 3.97926 145.685
109.499 34.9379 29.3915 3.9773 145.649
109.599 34.8881 29.4277 3.97533 145.613
109.699 34.8383 29.4639 3.97335 145.577
109.799 34.7885 29.5001 3.97135 145.54
109.899 34.7387 29.5363 3.96934 145.504
109.999 34.6889 29.5724 3.96732 145.468
110.099 34.6391 29.6086 3.96529 145.432
110.199 34.5893 29.6447 3.96324 145.396
110.299 34.5395 29.6808 3.96118 145.36
110.399 34.4897 29.7168 3.95911 145.324
110.499 34.4399 29.7529 3.95702 145.288
110.599 34.3901 29.7889 3.95493 145.252
110.699 34.3403 29.8249 3.95281 145.216
110.799 34.2905 29.8608 3.95069 145.18
110.899 34.2407 29.8968 3.94855 145.144
110.999 34.1909 29.9327 3.9464 145.108
111.099 34.1412 29.9686 3.94424 145.072
111.199 34.0914 30.0044 3.94206 145.036
111.299 34.0416 30.0403 3.93988 145
111.399 33.9918 30.0761 3.93768 144.964
111.499 33.942 30.1119 3.93546 144.929
111.599 33.8922 30.1477 3.93323 144.893
111.699 33.8424 30.1834 3.93099 144.857
111.799 33.7927 30.2191 3.92874 144.821
111.899 33.7429 30.2548 3.92648 144.786
111.999 33.6931 30.2905 3.9242 144.75
112.099 33.6433 30.3262 3.92191 144.714
112.199 33.5935 30.3618 3.9196 144.679
112.299 33.5438 30.3974 3.91729 144.643
112.399 33.494 30.4329 3.91496 144.608
112.499 33.4442 30.4685 3.91262 144.572
112.599 33.3944 30.504 3.91026 144.537
112.699 33.3447 30.5395 3.90789 144.501
112.799 33.2949 30.575 3.90551 144.466
112.899 33.2451 30.6104 3.90312 144.43
112.999 33.1954 30.6458 3.90071 144.395
113.099 33.1456 30.6812 3.89829 144.359
113.199 33.0958 30.7166 3.89586 144.324
113.299 33.046 30.7519 3.89342 144.289
113.399 32.9963 30.7872 3.89096 144.253
113.499 32.9465 30.8225 3.88849 144.218
113.599 32.8967 30.8578 3.88601 144.183
113.699 32.847 30.893 3.88351 144.148
113.799 32.7972 30.9282 3.881 144.112
113.899 32.7475 30.9634 3.87848 144.077
113.999 32.6977 30.9985 3.87595 144.042
114.099 32.6479 31.0337 3.8734 144.007
114.199 32.5982 31.0687 3.87084 143.972
114.299 32.5484 31.1038 3.86827 143.937
114.399 32.4987 31.1388 3.86569 143.902
114.499 32.4489 31.1739 3.86309 143.867
114.599 32.3991 31.2088 3.86048 143.832
114.699 32.3494 31.2438 3.85786 143.797
114.799 32.2996 31.2787 3.85522 143.762
114.899 32.2499 31.3136 3.85257 143.727
114.999 32.2001 31.3485 3.84991 143.692
115.099 32.1504 31.3833 3.84724 143.657
115.199 32.1006 31.4182 3.84455 143.622
115.299 32.0509 31.4529 3.84185 143.588
115.399 32.0011 31.4877 3.83914 143.553
115.499 31.9514 31.5224 3.83641 143.518
115.599 31.9016 31.5571 3.83368 143.483
115.699 31.8519 31.5918 3.83093 143.449
115.799 31.8021 31.6264 3.82816 143.414
115.899 31.7524 31.661 3.82539 143.379
115.999 31.7027 31.6956 3.8226 143.345
116.099 31.6529 31.7302 3.8198 143.31
116.199 31.6032 31.7647 3.81698 143.276
116.299 31.5534 31.7992 3.81416 143.241
116.399 31.5037 31.8337 3.81132 143.207
116.499 31.454 31.8681 3.80847 143.172
116.599 31.4042 31.9025 3.8056 143.138
116.699 31.3545 31.9369 3.80273 143.104
116.799 31.3047 31.9712 3.79984 143.069
116.899 31.255 32.0055 3.79694 143.035
116.999 31.2053 32.0398 3.79402 143.001
117.099 31.1555 32.0741 3.79109 142.966
117.199 31.1058 32.1083 3.78815 142.932
117.299 31.0561 32.1425 3.7852 142.898
117.399 31.0063 32.1766 3.78224 142.864
117.499 30.9566 32.2108 3.77926 142.83
117.599 30.9069 32.2449 3.77627 142.796
117.699 30.8572 32.2789 3.77327 142.762
117.799 30.8074 32.313 3.77025 142.728
117.899 30.7577 32.347 3.76722 142.694
117.999 30.708 32.381 3.76418 142.66
118.099 30.6582 32.4149 3.76113 142.626
118.199 30.6085 32.4488 3.75806 142.592
118.299 30.5588 32.4827 3.75498 142.558
118.399 30.5091 32.5165 3.75189 142.524
118.499 30.4594 32.5503 3.74879 142.49
118.599 30.4096 32.5841 3.74567 142.456
118.699 30.3599 32.6179 3.74255 142.423
118.799 30.3102 32.6516 3.7394 142.389
118.899 30.2605 32.6853 3.73625 142.355
118.999 30.2108 32.7189 3.73309 142.322
119.099 30.1611 32.7526 3.72991 142.288
119.199 30.1113 32.7862 3.72672 142.254
119.299 30.0616 32.8197 3.72351 142.221
119.399 30.0119 32.8532 3.7203 142.187
119.499 29.9622 32.8867 3.71707 142.154
119.599 29.9125 32.9202 3.71383 142.12
119.699 29.8628 32.9536 3.71057 142.087
119.799 29.8131 32.987 3.70731 142.054
119.899 29.7634 33.0204 3.70403 142.02
119.999 29.7136 33.0537 3.70074 141.987
120.099 29.6639 33.087 3.69744 141.954
120.199 29.6142 33.1202 3.69412 141.92
120.299 29.5645 33.1534 3.69079 141.887
120.399 29.5148 33.1866 3.68745 141.854
120.499 29.4651 33.2198 3.6841 141.821
120.599 29.4154 33.2529 3.68073 141.788
120.699 29.3657 33.286 3.67735 141.755
120.799 29.316 33.3191 3.67396 141.721
120.899 29.2663 33.3521 3.67056 141.688
120.999 29.2166 33.3851 3.66715 141.655
121.099 29.1669 33.418 3.66372 141.623
121.199 29.1172 33.4509 3.66028 141.59
121.299 29.0675 33.4838 3.65683 141.557
121.399 29.0178 33.5166 3.65336 141.524
121.499 28.9681 33.5495 3.64989 141.491
121.599 28.9184 33.5822 3.6464 141.458
121.699 28.8687 33.615 3.6429 141.426
121.799 28.8191 33.6477 3.63938 141.393
121.899 28.7694 33.6803 3.63586 141.36
121.999 28.7197 33.713 3.63232 141.328
122.099 28.67 33.7456 3.62877 141.295
122.199 28.6203 33.7781 3.6252 141.262
122.299 28.5706 33.8107 3.62163 141.23
122.399 28.5209 33.8432 3.61804 141.197
122.499 28.4712 33.8756 3.61444 141.165
122.599 28.4215 33.908 3.61083 141.132
122.699 28.3719 33.9404 3.60721 141.1
122.799 28.3222 33.9728 3.60357 141.068
122.899 28.2725 34.0051 3.59992 141.035
122.999 28.2228 34.0373 3.59626 141.003
123.099 28.1731 34.0696 3.59259 140.971
123.199 28.1234 34.1018 3.5889 140.939
123.299 28.0738 34.1339 3.5852 140.907
123.399 28.0241 34.1661 3.58149 140.874
123.499 27.9744 34.1982 3.57777 140.842
123.599 27.9247 34.2302 3.57404 140.81
123.699 27.8751 34.2622 3.57029 140.778
123.799 27.8254 34.2942 3.56653 140.746
123.899 27.7757 34.3262 3.56276 140.714
123.999 27.726 34.3581 3.55898 140.682
124.099 27.6764 34.3899 3.55518 140.651
124.199 27.6267 34.4217 3.55138 140.619
124.299 27.577 34.4535 3.54756 140.587
124.399 27.5273 34.4853 3.54373 140.555
124.499 27.4777 34.517 3.53988 140.524
124.599 27.428 34.5487 3.53603 140.492
124.699 27.3783 34.5803 3.53216 140.46
124.799 27.3287 34.6119 3.52828 140.429
124.899 27.279 34.6435 3.52439 140.397
124.999 27.2293 34.675 3.52048 140.366
125.099 27.1797 34.7065 3.51657 140.334
125.199 27.13 34.7379 3.51264 140.303
125.299 27.0803 34.7694 3.5087 140.271
125.399 27.0307 34.8007 3.50475 140.24
125.499 26.981 34.8321 3.50078 140.208
125.599 26.9314 34.8633 3.49681 140.177
125.699 26.8817 34.8946 3.49282 140.146
125.799 26.832 34.9258 3.48882 140.115
125.899 26.7824 34.957 3.48481 140.084
125.999 26.7327 34.9881 3.48079 140.052
126.099 26.6831 35.0192 3.47675 140.021
126.199 26.6334 35.0503 3.4727 139.99
126.299 26.5838 35.0813 3.46864 139.959
126.399 26.5341 35.1123 3.46457 139.928
126.499 26.4844 35.1432 3.46049 139.897
126.599 26.4348 35.1741 3.45639 139.866
126.699 26.3851 35.205 3.45228 139.836
126.799 26.3355 35.2358 3.44817 139.805
126.899 26.2858 35.2665 3.44403 139.774
126.999 26.2362 35.2973 3.43989 139.743
127.099 26.1865 35.328 3.43574 139.713
127.199 26.1369 35.3586 3.43157 139.682
127.299 26.0872 35.3892 3.42739 139.651
127.399 26.0376 35.4198 3.4232 139.621
127.499 25.988 35.4504 3.419 139.59
127.599 25.9383 35.4808 3.41479 139.56
127.699 25.8887 35.5113 3.41056 139.529
127.799 25.839 35.5417 3.40632 139.499
127.899 25.7894 35.5721 3.40207 139.468
127.999 25.7397 35.6024 3.39781 139.438
128.099 25.6901 35.6327 3.39354 139.408
128.199 25.6404 35.6629 3.38926 139.378
128.299 25.5908 35.6931 3.38496 139.347
128.399 25.5412 35.7233 3.38065 139.317
128.499 25.4915 35.7534 3.37633 139.287
128.599 25.4419 35.7835 3.372 139.257
128.699 25.3922 35.8135 3.36766 139.227
128.799 25.3426 35.8435 3.3633 139.197
128.899 25.293 35.8735 3.35894 139.167
128.999 25.2433 35.9034 3.35456 139.137
129.099 25.1937 35.9333 3.35017 139.107
129.199 25.1441 35.9631 3.34577 139.077
129.299 25.0944 35.9929 3.34135 139.048
129.399 25.0448 36.0226 3.33693 139.018
129.499 24.9951 36.0523 3.33249 138.988
129.599 24.9455 36.082 3.32804 138.959
129.699 24.8959 36.1116 3.32359 138.929
129.799 24.8463 36.1412 3.31911 138.899
129.899 24.7966 36.1707 3.31463 138.87
129.999 24.747 36.2002 3.31014 138.84
130.099 24.6974 36.2296 3.30563 138.811
130.199 24.6477 36.259 3.30112 138.781
130.299 24.5981 36.2884 3.29659 138.752
130.399 24.5485 36.3177 3.29205 138.723
130.499 24.4989 36.347 3.2875 138.694
130.599 24.4492 36.3762 3.28293 138.664
130.699 24.3996 36.4054 3.27836 138.635
130.799 24.35 36.4345 3.27377 138.606
130.899 24.3004 36.4636 3.26918 138.577
130.999 24.2507 36.4927 3.26457 138.548
131.099 24.2011 36.5217 3.25995 138.519
131.199 24.1515 36.5506 3.25532 138.49
131.299 24.1019 36.5796 3.25067 138.461
131.399 24.0523 36.6084 3.24602 138.432
131.499 24.0026 36.6373 3.24135 138.403
131.599 23.953 36.666 3.23668 138.374
131.699 23.9034 36.6948 3.23199 138.346
131.799 23.8538 36.7235 3.22729 138.317
131.899 23.8042 36.7521 3.22258 138.288
131.999 23.7545 36.7807 3.21786 138.26
132.099 23.7049 36.8093 3.21312 138.231
132.199 23.6553 36.8378 3.20838 138.203
132.299 23.6057 36.8663 3.20362 138.174
132.399 23.5561 36.8947 3.19886 138.146
132.499 23.5065 36.9231 3.19408 138.117
132.599 23.4569 36.9514 3.18929 138.089
132.699 23.4073 36.9797 3.18449 138.061
132.799 23.3577 37.008 3.17968 138.033
132.899 23.308 37.0362 3.17485 138.004
132.999 23.2584 37.0643 3.17002 137.976
133.099 23.2088 37.0924 3.16518 137.948
133.199 23.1592 37.1205 3.16032 137.92
133.299 23.1096 37.1485 3.15545 137.892
133.399 23.06 37.1765 3.15057 137.864
133.499 23.0104 37.2044 3.14568 137.836
133.599 22.9608 37.2323 3.14078 137.808
133.699 22.9112 37.2601 3.13587 137.78
133.799 22.8616 37.2879 3.13095 137.753
133.899 22.812 37.3156 3.12602 137.725
133.999 22.7624 37.3433 3.12107 137.697
134.099 22.7128 37.371 3.11611 137.67
134.199 22.6632 37.3986 3.11115 137.642
134.299 22.6136 37.4261 3.10617 137.614
134.399 22.564 37.4536 3.10118 137.587
134.499 22.5144 37.4811 3.09618 137.559
134.599 22.4648 37.5085 3.09117 137.532
134.699 22.4152 37.5358 3.08615 137.505
134.799 22.3656 37.5632 3.08112 137.477
134.899 22.316 37.5904 3.07608 137.45
134.999 22.2664 37.6177 3.07102 137.423
135.099 22.2168 37.6448 3.06596 137.396
135.199 22.1673 37.672 3.06088 137.369
135.299 22.1177 37.699 3.05579 137.341
135.399 22.0681 37.7261 3.0507 137.314
135.499 22.0185 37.753 3.04559 137.287
135.599 21.9689 37.78 3.04047 137.261
135.699 21.9193 37.8069 3.03534 137.234
135.799 21.8697 37.8337 3.0302 137.207
135.899 21.8201 37.8605 3.02505 137.18
135.999 21.7705 37.8872 3.01989 137.153
136.099 21.721 37.9139 3.01471 137.127
136.199 21.6714 37.9406 3.00953 137.1
136.299 21.6218 37.9672 3.00434 137.073
136.399 21.5722 37.9937 2.99913 137.047
136.499 21.5226 38.0202 2.99392 137.02
136.599 21.473 38.0467 2.98869 136.994
136.699 21.4235 38.0731 2.98345 136.967
136.799 21.3739 38.0994 2.97821 136.941
136.899 21.3243 38.1257 2.97295 136.915
136.999 21.2747 38.152 2.96768 136.889
137.099 21.2251 38.1782 2.9624 136.862
137.199 21.1756 38.2044 2.95711 136.836
137.299 21.126 38.2305 2.95181 136.81
137.399 21.0764 38.2565 2.9465 136.784
137.499 21.0268 38.2825 2.94118 136.758
137.599 20.9773 38.3085 2.93585 136.732
137.699 20.9277 38.3344 2.93051 136.706
137.799 20.8781 38.3603 2.92516 136.68
137.899 20.8285 38.3861 2.9198 136.654
137.999 20.779 38.4119 2.91442 136.629
138.099 20.7294 38.4376 2.90904 136.603
138.199 20.6798 38.4632 2.90365 136.577
138.299 20.6303 38.4888 2.89824 136.552
138.399 20.5807 38.5144 2.89283 136.526
138.499 20.5311 38.5399 2.8874 136.501
138.599 20.4815 38.5654 2.88197 136.475
138.699 20.432 38.5908 2.87652 136.45
138.799 20.3824 38.6161 2.87107 136.424
138.899 20.3328 38.6415 2.8656 136.399
138.999 20.2833 38.6667 2.86012 136.374
139.099 20.2337 38.6919 2.85464 136.349
139.199 20.1841 38.7171 2.84914 136.323
139.299 20.1346 38.7422 2.84363 136.298
139.399 20.085 38.7672 2.83812 136.273
139.499 20.0355 38.7922 2.83259 136.248
139.599 19.9859 38.8172 2.82705 136.223
139.699 19.9363 38.8421 2.82151 136.198
139.799 19.8868 38.867 2.81595 136.174
139.899 19.8372 38.8918 2.81038 136.149
139.999 19.7876 38.9165 2.8048 136.124
140.099 19.7381 38.9412 2.79922 136.099
140.199 19.6885 38.9659 2.79362 136.075
140.299 19.639 38.9904 2.78801 136.05
140.399 19.5894 39.015 2.78239 136.026
140.499 19.5399 39.0395 2.77676 136.001
140.599 19.4903 39.0639 2.77113 135.977
140.699 19.4407 39.0883 2.76548 135.952
140.799 19.3912 39.1126 2.75982 135.928
140.899 19.3416 39.1369 2.75415 135.904
140.999 19.2921 39.1612 2.74848 135.879
141.099 19.2425 39.1853 2.74279 135.855
141.199 19.193 39.2095 2.73709 135.831
141.299 19.1434 39.2335 2.73139 135.807
141.399 19.0939 39.2576 2.72567 135.783
141.499 19.0443 39.2815 2.71994 135.759
141.599 18.9948 39.3055 2.71421 135.735
141.699 18.9452 39.3293 2.70846 135.711
141.799 18.8957 39.3531 2.7027 135.687
141.899 18.8461 39.3769 2.69694 135.664
141.999 18.7966 39.4006 2.69116 135.64
142.099 18.747 39.4242 2.68538 135.616
142.199 18.6975 39.4478 2.67958 135.593
142.299 18.648 39.4714 2.67378 135.569
142.399 18.5984 39.4949 2.66796 135.546
142.499 18.5489 39.5183 2.66214 135.522
142.6 18.4993 39.5417 2.65631 135.499
142.7 18.4498 39.5651 2.65046 135.475
142.8 18.4002 39.5883 2.64461 135.452
142.9 18.3507 39.6116 2.63875 135.429
143 18.3012 39.6347 2.63288 135.406
143.1 18.2516 39.6579 2.627 135.383
143.2 18.2021 39.6809 2.62111 135.36
143.3 18.1525 39.7039 2.61521 135.337
143.4 18.103 39.7269 2.6093 135.314
143.5 18.0535 39.7498 2.60338 135.291
143.6 18.0039 39.7727 2.59745 135.268
143.7 17.9544 39.7955 2.59151 135.245
143.8 17.9048 39.8182 2.58557 135.222
143.9 17.8553 39.8409 2.57961 135.2
144 17.8058 39.8635 2.57364 135.177
144.1 17.7562 39.8861 2.56767 135.154
144.2 17.7067 39.9086 2.56168 135.132
144.3 17.6572 39.9311 2.55569 135.109
144.4 17.6076 39.9535 2.54969 135.087
144.5 17.5581 39.9759 2.54367 135.065
144.6 17.5086 39.9982 2.53765 135.042
144.7 17.459 40.0204 2.53162 135.02
144.8 17.4095 40.0426 2.52558 134.998
144.9 17.36 40.0648 2.51953 134.976
145 17.3105 40.0869 2.51348 134.954
145.1 17.2609 40.1089 2.50741 134.932
145.2 17.2114 40.1309 2.50133 134.91
145.3 17.1619 40.1528 2.49525 134.888
145.4 17.1123 40.1747 2.48915 134.866
145.5 17.0628 40.1965 2.48305 134.844
145.6 17.0133 40.2183 2.47694 134.822
145.7 16.9638 40.24 2.47081 134.801
145.8 16.9142 40.2616 2.46468 134.779
145.9 16.8647 40.2832 2.45854 134.757
146 16.8152 40.3047 2.45239 134.736
146.1 16.7657 40.3262 2.44624 134.714
146.2 16.7161 40.3476 2.44007 134.693
146.3 16.6666 40.369 2.4339 134.672
146.4 16.6171 40.3903 2.42771 134.65
146.5 16.5676 40.4116 2.42152 134.629
146.6 16.5181 40.4328 2.41532 134.608
146.7 16.4685 40.4539 2.40911 134.587
146.8 16.419 40.475 2.40289 134.566
146.9 16.3695 40.496 2.39666 134.544
147 16.32 40.517 2.39042 134.524
147.1 16.2705 40.5379 2.38418 134.503
147.2 16.221 40.5588 2.37792 134.482
147.3 16.1714 40.5796 2.37166 134.461
147.4 16.1219 40.6004 2.36539 134.44
147.5 16.0724 40.6211 2.35911 134.419
147.6 16.0229 40.6417 2.35282 134.399
147.7 15.9734 40.6623 2.34652 134.378
147.8 15.9239 40.6828 2.34021 134.358
147.9 15.8743 40.7033 2.3339 134.337
148 15.8248 40.7237 2.32758 134.317
148.1 15.7753 40.744 2.32124 134.296
148.2 15.7258 40.7643 2.3149 134.276
148.3 15.6763 40.7846 2.30855 134.256
148.4 15.6268 40.8047 2.3022 134.236
148.5 15.5773 40.8249 2.29583 134.216
148.6 15.5278 40.8449 2.28946 134.196
148.7 15.4783 40.8649 2.28308 134.176
148.8 15.4287 40.8849 2.27668 134.156
148.9 15.3792 40.9048 2.27029 134.136
149 15.3297 40.9246 2.26388 134.116
149.1 15.2802 40.9444 2.25746 134.096
149.2 15.2307 40.9641 2.25104 134.076
149.3 15.1812 40.9838 2.24461 134.057
149.4 15.1317 41.0034 2.23817 134.037
149.5 15.0822 41.023 2.23172 134.018
149.6 15.0327 41.0425 2.22526 133.998
149.7 14.9832 41.0619 2.21879 133.979
149.8 14.9337 41.0813 2.21232 133.959
149.9 14.8842 41.1006 2.20584 133.94
150 14.8347 41.1198 2.19935 133.921
150.1 14.7852 41.139 2.19285 133.901
150.2 14.7357 41.1582 2.18635 133.882
150.3 14.6862 41.1773 2.17983 133.863
150.4 14.6367 41.1963 2.17331 133.844
150.5 14.5872 41.2153 2.16678 133.825
150.6 14.5377 41.2342 2.16025 133.806
150.7 14.4882 41.253 2.1537 133.787
150.8 14.4387 41.2718 2.14715 133.769
150.9 14.3892 41.2906 2.14058 133.75
151 14.3397 41.3092 2.13402 133.731
151.1 14.2902 41.3279 2.12744 133.713
151.2 14.2407 41.3464 2.12085 133.694
151.3 14.1912 41.3649 2.11426 133.676
151.4 14.1417 41.3834 2.10766 133.657
151.5 14.0922 41.4017 2.10105 133.639
151.6 14.0427 41.4201 2.09444 133.62
151.7 13.9932 41.4383 2.08781 133.602
151.8 13.9437 41.4565 2.08118 133.584
151.9 13.8942 41.4747 2.07454 133.566
152 13.8447 41.4928 2.06789 133.548
152.1 13.7952 41.5108 2.06124 133.53
152.2 13.7458 41.5288 2.05458 133.512
152.3 13.6963 41.5467 2.04791 133.494
152.4 13.6468 41.5645 2.04123 133.476
152.5 13.5973 41.5823 2.03455 133.458
152.6 13.5478 41.6 2.02785 133.44
152.7 13.4983 41.6177 2.02115 133.423
152.8 13.4488 41.6353 2.01445 133.405
152.9 13.3993 41.6529 2.00773 133.388
153 13.3498 41.6704 2.00101 133.37
153.1 13.3003 41.6878 1.99428 133.353
153.2 13.2509 41.7052 1.98754 133.335
153.3 13.2014 41.7225 1.9808 133.318
153.4 13.1519 41.7397 1.97405 133.301
153.5 13.1024 41.7569 1.96729 133.284
153.6 13.0529 41.7741 1.96052 133.266
153.7 13.0034 41.7911 1.95375 133.249
153.8 12.9539 41.8081 1.94697 133.232
153.9 12.9045 41.8251 1.94018 133.215
154 12.855 41.842 1.93339 133.199
154.1 12.8055 41.8588 1.92658 133.182
154.2 12.756 41.8756 1.91977 133.165
154.3 12.7065 41.8923 1.91296 133.148
154.4 12.657 41.9089 1.90613 133.132
154.5 12.6076 41.9255 1.8993 133.115
154.6 12.5581 41.9421 1.89247 133.098
154.7 12.5086 41.9585 1.88562 133.082
154.8 12.4591 41.9749 1.87877 133.066
154.9 12.4096 41.9913 1.87191 133.049
155 12.3602 42.0076 1.86505 133.033
155.1 12.3107 42.0238 1.85817 133.017
155.2 12.2612 42.04 1.85129 133.001
155.3 12.2117 42.0561 1.84441 132.984
155.4 12.1622 42.0721 1.83751 132.968
155.5 12.1128 42.0881 1.83061 132.952
155.6 12.0633 42.104 1.82371 132.937
155.7 12.0138 42.1199 1.81679 132.921
155.8 11.9643 42.1357 1.80987 132.905
155.9 11.9149 42.1514 1.80295 132.889
156 11.8654 42.1671 1.79601 132.873
156.1 11.8159 42.1827 1.78907 132.858
156.2 11.7664 42.1982 1.78213 132.842
156.3 11.717 42.2137 1.77517 132.827
156.4 11.6675 42.2291 1.76821 132.811
156.5 11.618 42.2445 1.76125 132.796
156.6 11.5685 42.2598 1.75427 132.781
156.7 11.5191 42.2751 1.74729 132.765
156.8 11.4696 42.2902 1.74031 132.75
156.9 11.4201 42.3054 1.73331 132.735
157 11.3706 42.3204 1.72631 132.72
157.1 11.3212 42.3354 1.71931 132.705
157.2 11.2717 42.3504 1.7123 132.69
157.3 11.2222 42.3652 1.70528 132.675
157.4 11.1728 42.38 1.69825 132.66
157.5 11.1233 42.3948 1.69122 132.646
157.6 11.0738 42.4095 1.68418 132.631
157.7 11.0244 42.4241 1.67714 132.616
157.8 10.9749 42.4387 1.67009 132.602
157.9 10.9254 42.4532 1.66303 132.587
158 10.876 42.4676 1.65597 132.573
158.1 10.8265 42.482 1.6489 132.559
158.2 10.777 42.4963 1.64183 132.544
158.3 10.7276 42.5106 1.63475 132.53
158.4 10.6781 42.5247 1.62766 132.516
158.5 10.6286 42.5389 1.62056 132.502
158.6 10.5792 42.5529 1.61347 132.488
158.7 10.5297 42.5669 1.60636 132.474
158.8 10.4802 42.5809 1.59925 132.46
158.9 10.4308 42.5948 1.59213 132.446
159.001 10.3813 42.6086 1.58501 132.432
159.101 10.3318 42.6223 1.57788 132.418
159.201 10.2824 42.636 1.57074 132.405
159.301 10.2329 42.6496 1.5636 132.391
159.401 10.1834 42.6632 1.55646 132.377
159.501 10.134 42.6767 1.5493 132.364
159.601 10.0845 42.6901 1.54215 132.35
159.701 10.0351 42.7035 1.53498 132.337
159.801 9.98559 42.7168 1.52781 132.324
159.901 9.93613 42.7301 1.52064 132.31
160.001 9.88667 42.7433 1.51346 132.297
160.101 9.83721 42.7564 1.50627 132.284
160.201 9.78775 42.7694 1.49908 132.271
160.301 9.73829 42.7824 1.49188 132.258
160.401 9.68883 42.7954 1.48467 132.245
160.501 9.63937 42.8082 1.47746 132.232
160.601 9.58991 42.8211 1.47025 132.219
160.701 9.54046 42.8338 1.46303 132.207
160.801 9.491 42.8465 1.4558 132.194
160.901 9.44154 42.8591 1.44857 132.181
161.001 9.39208 42.8717 1.44133 132.169
161.101 9.34263 42.8841 1.43409 132.156
161.201 9.29317 42.8966 1.42685 132.144
161.301 9.24371 42.9089 1.41959 132.132
161.401 9.19426 42.9212 1.41233 132.119
161.501 9.1448 42.9335 1.40507 132.107
161.601 9.09535 42.9456 1.3978 132.095
161.701 9.04589 42.9577 1.39053 132.083
161.801 8.99644 42.9698 1.38325 132.071
161.901 8.94698 42.9818 1.37596 132.059
162.001 8.89753 42.9937 1.36867 132.047
162.101 8.84807 43.0055 1.36138 132.035
162.201 8.79862 43.0173 1.35408 132.023
162.301 8.74917 43.0291 1.34678 132.011
162.401 8.69971 43.0407 1.33947 132
162.501 8.65026 43.0523 1.33215 131.988
162.601 8.60081 43.0638 1.32483 131.977
162.701 8.55136 43.0753 1.31751 131.965
162.801 8.5019 43.0867 1.31018 131.954
162.901 8.45245 43.0981 1.30284 131.942
163.001 8.403 43.1093 1.2955 131.931
163.101 8.35355 43.1206 1.28816 131.92
163.201 8.3041 43.1317 1.28081 131.909
163.301 8.25465 43.1428 1.27345 131.898
163.401 8.2052 43.1538 1.26609 131.887
163.501 8.15575 43.1648 1.25873 131.876
163.601 8.1063 43.1757 1.25136 131.865
163.701 8.05685 43.1865 1.24399 131.854
163.801 8.0074 43.1972 1.23661 131.843
163.901 7.95795 43.2079 1.22923 131.833
164.001 7.9085 43.2186 1.22184 131.822
164.101 7.85906 43.2291 1.21445 131.811
164.201 7.80961 43.2396 1.20705 131.801
164.301 7.76016 43.2501 1.19965 131.79
164.401 7.71071 43.2605 1.19224 131.78
164.501 7.66127 43.2708 1.18483 131.77
164.601 7.61182 43.281 1.17742 131.76
164.701 7.56237 43.2912 1.17 131.749
164.801 7.51293 43.3013 1.16258 131.739
164.901 7.46348 43.3114 1.15515 131.729
165.001 7.41403 43.3214 1.14772 131.719
165.101 7.36459 43.3313 1.14028 131.709
165.201 7.31514 43.3411 1.13284 131.699
165.301 7.2657 43.3509 1.1254 131.69
165.401 7.21625 43.3607 1.11795 131.68
165.501 7.16681 43.3703 1.11049 131.67
165.601 7.11736 43.3799 1.10304 131.661
165.701 7.06792 43.3894 1.09558 131.651
165.801 7.01848 43.3989 1.08811 131.642
165.901 6.96903 43.4083 1.08064 131.632
166.001 6.91959 43.4177 1.07317 131.623
166.101 6.87015 43.4269 1.06569 131.614
166.201 6.8207 43.4361 1.05821 131.604
166.301 6.77126 43.4453 1.05072 131.595
166.401 6.72182 43.4543 1.04323 131.586
166.501 6.67238 43.4634 1.03574 131.577
166.601 6.62294 43.4723 1.02824 131.568
166.701 6.57349 43.4812 1.02074 131.559
166.801 6.52405 43.49 1.01323 131.551
166.901 6.47461 43.4987 1.00572 131.542
167.001 6.42517 43.5074 0.998207 131.533
167.101 6.37573 43.5161 0.99069 131.524
167.201 6.32629 43.5246 0.98317 131.516
167.301 6.27685 43.5331 0.975645 131.507
167.401 6.22741 43.5415 0.968117 131.499
167.501 6.17797 43.5499 0.960585 131.491
167.601 6.12853 43.5582 0.95305 131.482
167.701 6.07909 43.5664 0.945511 131.474
167.801 6.02965 43.5745 0.937968 131.466
167.901 5.98021 43.5826 0.930422 131.458
168.001 5.93077 43.5907 0.922872 131.45
168.101 5.88133 43.5986 0.915319 131.442
168.201 5.8319 43.6065 0.907763 131.434
168.301 5.78246 43.6144 0.900203 131.426
168.401 5.73302 43.6221 0.892639 131.418
168.501 5.68358 43.6298 0.885072 131.411
168.601 5.63414 43.6375 0.877502 131.403
168.701 5.58471 43.645 0.869929 131.395
168.801 5.53527 43.6525 0.862352 131.388
168.901 5.48583 43.66 0.854772 131.381
169.001 5.4364 43.6673 0.847188 131.373
169.101 5.38696 43.6747 0.839602 131.366
169.201 5.33752 43.6819 0.832012 131.359
169.301 5.28809 43.6891 0.82442 131.351
169.401 5.23865 43.6962 0.816824 131.344
169.501 5.18921 43.7032 0.809225 131.337
169.601 5.13978 43.7102 0.801623 131.33
169.701 5.09034 43.7171 0.794017 131.323
169.801 5.04091 43.7239 0.786409 131.317
169.901 4.99147 43.7307 0.778798 131.31
170.001 4.94204 43.7374 0.771184 131.303
170.101 4.8926 43.7441 0.763567 131.296
170.201 4.84317 43.7507 0.755947 131.29
170.301 4.79373 43.7572 0.748325 131.283
170.401 4.7443 43.7636 0.740699 131.277
170.501 4.69486 43.77 0.733071 131.271
170.601 4.64543 43.7763 0.72544 131.264
170.701 4.596 43.7826 0.717806 131.258
170.801 4.54656 43.7887 0.710169 131.252
170.901 4.49713 43.7949 0.70253 131.246
171.001 4.4477 43.8009 0.694888 131.24
171.101 4.39826 43.8069 0.687243 131.234
171.201 4.34883 43.8128 0.679596 131.228
171.301 4.2994 43.8187 0.671946 131.222
171.401 4.24996 43.8244 0.664294 131.216
171.501 4.20053 43.8302 0.656639 131.21
171.601 4.1511 43.8358 0.648982 131.205
171.701 4.10167 43.8414 0.641322 131.199
171.801 4.05223 43.8469 0.63366 131.194
171.901 4.0028 43.8524 0.625995 131.188
172.001 3.95337 43.8577 0.618328 131.183
172.101 3.90394 43.8631 0.610659 131.177
172.201 3.85451 43.8683 0.602987 131.172
172.301 3.80508 43.8735 0.595313 131.167
172.401 3.75564 43.8786 0.587637 131.162
172.501 3.70621 43.8837 0.579959 131.157
172.601 3.65678 43.8887 0.572278 131.152
172.701 3.60735 43.8936 0.564595 131.147
172.801 3.55792 43.8984 0.55691 131.142
172.901 3.50849 43.9032 0.549223 131.137
173.001 3.45906 43.9079 0.541534 131.133
173.101 3.40963 43.9126 0.533843 131.128
173.201 3.3602 43.9172 0.52615 131.123
173.301 3.31077 43.9217 0.518455 131.119
173.401 3.26134 43.9262 0.510758 131.114
173.501 3.21191 43.9305 0.503058 131.11
173.601 3.16248 43.9349 0.495357 131.106
173.701 3.11305 43.9391 0.487655 131.101
173.801 3.06362 43.9433 0.47995 131.097
173.901 3.01419 43.9474 0.472243 131.093
174.001 2.96476 43.9515 0.464535 131.089
174.101 2.91533 43.9555 0.456825 131.085
174.201 2.8659 43.9594 0.449113 131.081
174.301 2.81647 43.9632 0.441399 131.077
174.401 2.76704 43.967 0.433684 131.074
174.501 2.71761 43.9707 0.425967 131.07
174.601 2.66818 43.9744 0.418249 131.066
174.701 2.61876 43.978 0.410529 131.063
174.801 2.56933 43.9815 0.402807 131.059
174.901 2.5199 43.9849 0.395084 131.056
175.001 2.47047 43.9883 0.387359 131.052
175.101 2.42104 43.9916 0.379633 131.049
175.201 2.37161 43.9949 0.371905 131.046
175.301 2.32218 43.9981 0.364176 131.042
175.402 2.27276 44.0012 0.356446 131.039
175.502 2.22333 44.0042 0.348714 131.036
175.602 2.1739 44.0072 0.340981 131.033
175.702 2.12447 44.0101 0.333247 131.03
175.802 2.07504 44.013 0.325511 131.028
175.902 2.02562 44.0158 0.317774 131.025
176.002 1.97619 44.0185 0.310036 131.022
176.102 1.92676 44.0211 0.302297 131.019
176.202 1.87733 44.0237 0.294557 131.017
176.302 1.82791 44.0262 0.286815 131.014
176.402 1.77848 44.0287 0.279072 131.012
176.502 1.72905 44.0311 0.271329 131.009
176.602 1.67962 44.0334 0.263584 131.007
176.702 1.6302 44.0356 0.255838 131.005
176.802 1.58077 44.0378 0.248092 131.003
176.902 1.53134 44.0399 0.240344 131.001
177.002 1.48192 44.042 0.232596 130.999
177.102 1.43249 44.0439 0.224846 130.997
177.202 1.38306 44.0459 0.217096 130.995
177.302 1.33363 44.0477 0.209345 130.993
177.402 1.28421 44.0495 0.201593 130.991
177.502 1.23478 44.0512 0.19384 130.989
177.602 1.18535 44.0528 0.186087 130.988
177.702 1.13593 44.0544 0.178333 130.986
177.802 1.0865 44.0559 0.170578 130.985
177.902 1.03707 44.0574 0.162823 130.983
178.002 0.987647 44.0587 0.155067 130.982
178.102 0.93822 44.06 0.14731 130.98
178.202 0.888793 44.0613 0.139553 130.979
178.302 0.839367 44.0624 0.131795 130.978
178.402 0.78994 44.0636 0.124037 130.977
178.502 0.740514 44.0646 0.116278 130.976
178.602 0.691087 44.0656 0.108519 130.975
178.702 0.641661 44.0665 0.10076 130.974
178.802 0.592234 44.0673 0.0929997 130.973
178.902 0.542808 44.0681 0.0852394 130.972
179.002 0.493381 44.0688 0.0774788 130.972
179.102 0.443955 44.0694 0.0697179 130.971
179.202 0.394528 44.07 0.0619567 130.971
179.302 0.345102 44.0705 0.0541953 130.97
179.402 0.295676 44.0709 0.0464337 130.97
179.502 0.246249 44.0713 0.038672 130.969
179.602 0.196823 44.0716 0.03091 130.969
179.702 0.147397 44.0718 0.023148 130.969
179.802 0.0979704 44.072 0.0153859 130.969
179.902 0.0485441 44.0721 0.00762367 130.968
