0 1.59491e-14 1.02288 0 167.924
0.1 0.227299 1.02291 0.00474418 167.924
0.2 0.454586 1.02298 0.00948836 167.924
0.3 0.681847 1.02309 0.0142325 167.924
0.4 0.909071 1.02326 0.0189766 167.923
0.5 1.13624 1.02347 0.0237207 167.923
0.6 1.36335 1.02372 0.0284647 167.923
0.7 1.59039 1.02402 0.0332086 167.923
0.8 1.81734 1.02437 0.0379524 167.922
0.9 2.04418 1.02477 0.0426962 167.922
1 2.27091 1.02521 0.0474398 167.922
1.1 2.49752 1.0257 0.0521833 167.921
1.2 2.72399 1.02623 0.0569267 167.92
1.3 2.95031 1.02681 0.0616699 167.92
1.4 3.17646 1.02744 0.0664129 167.919
1.5 3.40244 1.02812 0.0711558 167.919
1.6 3.62824 1.02884 0.0758985 167.918
1.7 3.85383 1.0296 0.080641 167.917
1.8 4.07921 1.03042 0.0853833 167.916
1.9 4.30437 1.03128 0.0901253 167.915
2 4.52929 1.03218 0.0948672 167.915
2.1 4.75396 1.03314 0.0996087 167.914
2.2 4.97838 1.03414 0.10435 167.913
2.3 5.20252 1.03518 0.109091 167.912
2.4 5.42638 1.03627 0.113832 167.91
2.5 5.64994 1.03741 0.118572 167.909
2.6 5.8732 1.0386 0.123312 167.908
2.7 6.09614 1.03983 0.128052 167.907
2.8 6.31875 1.04111 0.132792 167.906
2.9 6.54101 1.04243 0.137531 167.904
3 6.76293 1.04381 0.14227 167.903
3.1 6.98448 1.04522 0.147008 167.902
3.2 7.20566 1.04669 0.151746 167.9
3.3 7.42645 1.0482 0.156484 167.899
3.4 7.64685 1.04975 0.161221 167.897
3.5 7.86683 1.05136 0.165958 167.895
3.6 8.0864 1.05301 0.170694 167.894
3.7 8.30555 1.0547 0.17543 167.892
3.8 8.52425 1.05645 0.180165 167.89
3.9 8.7425 1.05824 0.1849 167.888
4 8.9603 1.06007 0.189635 167.887
4.1 9.17762 1.06195 0.194369 167.885
4.2 9.39446 1.06388 0.199102 167.883
4.3 9.61082 1.06586 0.203835 167.881
4.4 9.82667 1.06788 0.208568 167.879
4.5 10.042 1.06994 0.213299 167.877
4.6 10.2568 1.07206 0.218031 167.875
4.7 10.4711 1.07422 0.222762 167.873
4.8 10.6849 1.07642 0.227492 167.87
4.9 10.8981 1.07868 0.232221 167.868
5 11.1108 1.08097 0.23695 167.866
5.1 11.3229 1.08332 0.241679 167.863
5.2 11.5344 1.08571 0.246406 167.861
5.3 11.7453 1.08815 0.251133 167.859
5.4 11.9557 1.09063 0.25586 167.856
5.5 12.1654 1.09316 0.260585 167.854
5.6 12.3746 1.09574 0.26531 167.851
5.7 12.5831 1.09836 0.270035 167.848
5.8 12.791 1.10103 0.274758 167.846
5.9 12.9983 1.10375 0.279481 167.843
6 13.2049 1.10651 0.284203 167.84
6.1 13.4109 1.10932 0.288925 167.837
6.2 13.6163 1.11217 0.293646 167.835
6.3 13.8209 1.11507 0.298365 167.832
6.4 14.025 1.11802 0.303085 167.829
6.5 14.2283 1.12101 0.307803 167.826
6.6 14.4309 1.12405 0.31252 167.823
6.7 14.6329 1.12714 0.317237 167.82
6.8 14.8342 1.13027 0.321953 167.816
6.9 15.0347 1.13345 0.326668 167.813
7 15.2346 1.13667 0.331382 167.81
7.1 15.4337 1.13994 0.336095 167.807
7.2 15.6322 1.14326 0.340808 167.803
7.3 15.8299 1.14662 0.345519 167.8
7.4 16.0268 1.15003 0.35023 167.797
7.5 16.2231 1.15348 0.35494 167.793
7.6 16.4186 1.15698 0.359648 167.79
7.7 16.6133 1.16053 0.364356 167.786
7.79999 16.8073 1.16412 0.369063 167.783
7.89999 17.0005 1.16776 0.373769 167.779
7.99999 17.193 1.17145 0.378474 167.775
8.09999 17.3847 1.17518 0.383178 167.772
8.2 17.5756 1.17896 0.387881 167.768
8.3 17.7658 1.18278 0.392583 167.764
8.4 17.9552 1.18665 0.397284 167.76
8.5 18.1437 1.19056 0.401983 167.756
8.6 18.3315 1.19453 0.406682 167.752
8.7 18.5186 1.19853 0.41138 167.748
8.8 18.7048 1.20259 0.416077 167.744
8.9 18.8902 1.20668 0.420772 167.74
9 19.0748 1.21083 0.425467 167.736
9.1 19.2586 1.21502 0.43016 167.732
9.2 19.4416 1.21926 0.434852 167.727
9.3 19.6237 1.22354 0.439543 167.723
9.4 19.8051 1.22787 0.444233 167.719
9.5 19.9856 1.23224 0.448922 167.714
9.6 20.1653 1.23666 0.453609 167.71
9.7 20.3442 1.24113 0.458296 167.706
9.8 20.5223 1.24564 0.462981 167.701
9.9 20.6995 1.2502 0.467665 167.697
10 20.8759 1.2548 0.472348 167.692
10.1 21.0515 1.25945 0.477029 167.687
10.2 21.2262 1.26415 0.481709 167.683
10.3 21.4001 1.26889 0.486388 167.678
10.4 21.5731 1.27368 0.491066 167.673
10.5 21.7453 1.27851 0.495742 167.668
10.6 21.9167 1.28339 0.500417 167.663
10.7 22.0872 1.28831 0.505091 167.658
10.8 22.2569 1.29328 0.509764 167.653
10.9 22.4257 1.2983 0.514435 167.648
11 22.5937 1.30336 0.519104 167.643
11.1 22.7608 1.30846 0.523773 167.638
11.2 22.9271 1.31362 0.52844 167.633
11.3 23.0925 1.31881 0.533105 167.628
11.4 23.2571 1.32406 0.53777 167.623
11.5 23.4208 1.32935 0.542432 167.617
11.6 23.5837 1.33468 0.547094 167.612
11.7 23.7457 1.34006 0.551754 167.607
11.8 23.9068 1.34549 0.556412 167.601
11.9 24.0671 1.35096 0.561069 167.596
12 24.2266 1.35648 0.565725 167.59
12.1 24.3851 1.36204 0.570379 167.585
12.2 24.5429 1.36765 0.575031 167.579
12.3 24.6998 1.3733 0.579683 167.573
12.4 24.8558 1.379 0.584332 167.568
12.5 25.011 1.38474 0.58898 167.562
12.6 25.1653 1.39053 0.593627 167.556
12.7 25.3187 1.39637 0.598271 167.55
12.8 25.4713 1.40225 0.602915 167.544
12.9 25.6231 1.40817 0.607556 167.539
13 25.774 1.41414 0.612197 167.533
13.1 25.9241 1.42016 0.616835 167.527
13.2 26.0733 1.42622 0.621472 167.521
13.3 26.2216 1.43233 0.626107 167.514
13.4 26.3691 1.43848 0.630741 167.508
13.5 26.5158 1.44468 0.635373 167.502
13.6 26.6616 1.45092 0.640003 167.496
13.7 26.8065 1.45721 0.644632 167.49
13.8 26.9507 1.46354 0.649259 167.483
13.9 27.0939 1.46992 0.653884 167.477
14 27.2364 1.47634 0.658507 167.47
14.1 27.378 1.48281 0.663129 167.464
14.2 27.5187 1.48932 0.667749 167.457
14.3 27.6587 1.49588 0.672367 167.451
14.4 27.7977 1.50248 0.676984 167.444
14.5 27.936 1.50913 0.681598 167.438
14.6 28.0734 1.51583 0.686211 167.431
14.7 28.21 1.52257 0.690822 167.424
14.8 28.3458 1.52935 0.695432 167.417
14.9 28.4807 1.53618 0.700039 167.411
15 28.6148 1.54305 0.704645 167.404
15.1 28.7481 1.54997 0.709248 167.397
15.2 28.8806 1.55693 0.71385 167.39
15.3 29.0122 1.56394 0.71845 167.383
15.4 29.1431 1.57099 0.723048 167.376
15.5 29.2731 1.57809 0.727644 167.369
15.6 29.4023 1.58523 0.732239 167.361
15.7 29.5307 1.59242 0.736831 167.354
15.8 29.6583 1.59965 0.741421 167.347
15.9 29.7851 1.60693 0.74601 167.34
16 29.9111 1.61425 0.750596 167.332
16.1 30.0362 1.62162 0.755181 167.325
16.2 30.1606 1.62903 0.759763 167.318
16.3 30.2842 1.63649 0.764344 167.31
16.4 30.407 1.64399 0.768922 167.303
16.5 30.529 1.65153 0.773499 167.295
16.6 30.6502 1.65912 0.778073 167.288
16.7 30.7707 1.66675 0.782646 167.28
16.8 30.8903 1.67443 0.787216 167.272
16.9 31.0092 1.68216 0.791784 167.265
17 31.1273 1.68992 0.79635 167.257
17.1 31.2446 1.69774 0.800914 167.249
17.2 31.3611 1.70559 0.805476 167.241
17.3 31.4769 1.71349 0.810036 167.233
17.4 31.5919 1.72144 0.814594 167.225
17.5 31.7062 1.72943 0.819149 167.217
17.6 31.8197 1.73746 0.823703 167.209
17.7 31.9324 1.74554 0.828254 167.201
17.8 32.0444 1.75366 0.832803 167.193
17.9 32.1556 1.76183 0.83735 167.185
18 32.2661 1.77004 0.841894 167.177
18.1 32.3758 1.7783 0.846437 167.168
18.2 32.4848 1.7866 0.850977 167.16
18.3 32.593 1.79494 0.855515 167.152
18.4 32.7005 1.80333 0.860051 167.143
18.5 32.8073 1.81176 0.864584 167.135
18.6 32.9133 1.82024 0.869115 167.126
18.7 33.0186 1.82876 0.873644 167.118
18.8 33.1232 1.83732 0.87817 167.109
18.9 33.2271 1.84593 0.882694 167.101
19 33.3302 1.85458 0.887216 167.092
19.1 33.4326 1.86328 0.891736 167.083
19.2 33.5344 1.87202 0.896253 167.075
19.3 33.6354 1.8808 0.900768 167.066
19.4 33.7357 1.88963 0.90528 167.057
19.5 33.8353 1.8985 0.90979 167.048
19.6 33.9342 1.90742 0.914298 167.039
19.7 34.0323 1.91638 0.918803 167.03
19.8 34.1298 1.92538 0.923306 167.021
19.9 34.2267 1.93443 0.927806 167.012
20 34.3228 1.94352 0.932304 167.003
20.1 34.4182 1.95265 0.936799 166.994
20.2 34.513 1.96183 0.941292 166.985
20.3 34.607 1.97105 0.945783 166.976
20.4 34.7004 1.98032 0.950271 166.966
20.5 34.7932 1.98963 0.954756 166.957
20.6 34.8852 1.99898 0.959239 166.948
20.7 34.9766 2.00838 0.963719 166.938
20.8 35.0674 2.01782 0.968197 166.929
20.9 35.1574 2.0273 0.972672 166.919
21 35.2468 2.03683 0.977145 166.91
21.1 35.3356 2.0464 0.981615 166.9
21.2 35.4237 2.05601 0.986083 166.891
21.3 35.5112 2.06567 0.990547 166.881
21.4 35.598 2.07537 0.99501 166.871
21.5 35.6842 2.08511 0.999469 166.862
21.6 35.7697 2.0949 1.00393 166.852
21.7 35.8546 2.10473 1.00838 166.842
21.8 35.9389 2.1146 1.01283 166.832
21.9 36.0225 2.12452 1.01728 166.822
22 36.1055 2.13448 1.02173 166.812
22.1 36.1879 2.14448 1.02617 166.802
22.2 36.2697 2.15452 1.03061 166.792
22.3 36.3509 2.16461 1.03505 166.782
22.4 36.4314 2.17474 1.03949 166.772
22.5 36.5114 2.18492 1.04392 166.762
22.6 36.5907 2.19514 1.04835 166.752
22.7001 36.6694 2.2054 1.05278 166.741
22.8001 36.7476 2.2157 1.0572 166.731
22.9001 36.8251 2.22605 1.06162 166.721
23.0001 36.902 2.23644 1.06604 166.71
23.1001 36.9784 2.24687 1.07046 166.7
23.2001 37.0541 2.25734 1.07487 166.689
23.3001 37.1293 2.26786 1.07928 166.679
23.4001 37.2039 2.27842 1.08369 166.668
23.5001 37.2779 2.28902 1.08809 166.658
23.6001 37.3514 2.29967 1.09249 166.647
23.7001 37.4242 2.31036 1.09689 166.636
23.8001 37.4965 2.32109 1.10129 166.626
23.9001 37.5683 2.33186 1.10568 166.615
24.0001 37.6394 2.34268 1.11007 166.604
24.1001 37.71 2.35353 1.11446 166.593
24.2001 37.7801 2.36444 1.11884 166.582
24.3001 37.8496 2.37538 1.12322 166.571
24.4001 37.9185 2.38636 1.1276 166.56
24.5001 37.9869 2.39739 1.13197 166.549
24.6001 38.0548 2.40846 1.13635 166.538
24.7001 38.1221 2.41957 1.14072 166.527
24.8001 38.1888 2.43073 1.14508 166.516
24.9001 38.2551 2.44193 1.14944 166.505
25.0001 38.3208 2.45316 1.1538 166.494
25.1001 38.3859 2.46445 1.15816 166.482
25.2001 38.4506 2.47577 1.16252 166.471
25.3001 38.5147 2.48713 1.16687 166.46
25.4001 38.5782 2.49854 1.17121 166.448
25.5001 38.6413 2.50999 1.17556 166.437
25.6001 38.7039 2.52148 1.1799 166.425
25.7001 38.7659 2.53302 1.18424 166.414
25.8001 38.8274 2.54459 1.18857 166.402
25.9001 38.8884 2.55621 1.1929 166.391
26.0001 38.9489 2.56787 1.19723 166.379
26.1001 39.009 2.57957 1.20156 166.367
26.2001 39.0685 2.59131 1.20588 166.355
26.3001 39.1275 2.6031 1.2102 166.344
26.4001 39.186 2.61492 1.21452 166.332
26.5001 39.244 2.62679 1.21883 166.32
26.6001 39.3015 2.6387 1.22314 166.308
26.7001 39.3586 2.65065 1.22744 166.296
26.8001 39.4152 2.66264 1.23175 166.284
26.9001 39.4712 2.67468 1.23605 166.272
27.0001 39.5268 2.68675 1.24034 166.26
27.1001 39.582 2.69887 1.24464 166.248
27.2001 39.6366 2.71103 1.24893 166.236
27.3001 39.6908 2.72322 1.25321 166.224
27.4001 39.7445 2.73547 1.2575 166.211
27.5001 39.7978 2.74775 1.26178 166.199
27.6001 39.8506 2.76007 1.26605 166.187
27.7001 39.9029 2.77244 1.27033 166.174
27.8001 39.9548 2.78484 1.2746 166.162
27.9001 40.0062 2.79729 1.27886 166.149
28.0001 40.0572 2.80978 1.28312 166.137
28.1001 40.1077 2.82231 1.28738 166.124
28.2001 40.1578 2.83488 1.29164 166.112
28.3001 40.2074 2.84749 1.29589 166.099
28.4001 40.2566 2.86014 1.30014 166.087
28.5001 40.3053 2.87283 1.30439 166.074
28.6001 40.3536 2.88556 1.30863 166.061
28.7001 40.4015 2.89834 1.31287 166.048
28.8001 40.4489 2.91115 1.3171 166.036
28.9001 40.4959 2.92401 1.32134 166.023
29.0001 40.5425 2.93691 1.32556 166.01
29.1001 40.5887 2.94984 1.32979 165.997
29.2001 40.6344 2.96282 1.33401 165.984
29.3001 40.6797 2.97584 1.33823 165.971
29.4001 40.7246 2.9889 1.34244 165.958
29.5001 40.7691 3.002 1.34665 165.945
29.6001 40.8132 3.01514 1.35086 165.932
29.7001 40.8568 3.02832 1.35506 165.918
29.8001 40.9001 3.04154 1.35926 165.905
29.9001 40.9429 3.0548 1.36346 165.892
30.0001 40.9853 3.06811 1.36765 165.879
30.1001 41.0274 3.08145 1.37184 165.865
30.2001 41.069 3.09483 1.37602 165.852
30.3001 41.1102 3.10825 1.3802 165.838
30.4001 41.1511 3.12172 1.38438 165.825
30.5001 41.1915 3.13522 1.38856 165.812
30.6001 41.2316 3.14876 1.39273 165.798
30.7001 41.2713 3.16234 1.39689 165.784
30.8001 41.3106 3.17597 1.40105 165.771
30.9001 41.3495 3.18963 1.40521 165.757
31.0001 41.388 3.20333 1.40937 165.743
31.1001 41.4261 3.21707 1.41352 165.73
31.2001 41.4639 3.23086 1.41767 165.716
31.3001 41.5013 3.24468 1.42181 165.702
31.4001 41.5383 3.25854 1.42595 165.688
31.5001 41.5749 3.27244 1.43009 165.674
31.6001 41.6112 3.28638 1.43422 165.66
31.7001 41.6471 3.30036 1.43835 165.646
31.8001 41.6827 3.31438 1.44247 165.632
31.9001 41.7178 3.32844 1.4466 165.618
32.0001 41.7527 3.34254 1.45071 165.604
32.1001 41.7871 3.35668 1.45483 165.59
32.2001 41.8212 3.37086 1.45893 165.576
32.3001 41.855 3.38508 1.46304 165.562
32.4001 41.8884 3.39933 1.46714 165.547
32.5001 41.9214 3.41363 1.47124 165.533
32.6001 41.9541 3.42796 1.47533 165.519
32.7001 41.9865 3.44234 1.47942 165.504
32.8001 42.0185 3.45675 1.48351 165.49
32.9001 42.0502 3.4712 1.48759 165.476
33.0001 42.0815 3.4857 1.49167 165.461
33.1001 42.1125 3.50023 1.49574 165.446
33.2001 42.1431 3.5148 1.49981 165.432
33.3001 42.1734 3.5294 1.50388 165.417
33.4001 42.2034 3.54405 1.50794 165.403
33.5001 42.233 3.55874 1.51199 165.388
33.6001 42.2624 3.57346 1.51605 165.373
33.7001 42.2914 3.58822 1.5201 165.358
33.8001 42.32 3.60303 1.52414 165.344
33.9001 42.3484 3.61787 1.52818 165.329
34.0001 42.3764 3.63275 1.53222 165.314
34.1001 42.4041 3.64767 1.53625 165.299
34.2001 42.4315 3.66262 1.54028 165.284
34.3 42.4585 3.67762 1.54431 165.269
34.4 42.4853 3.69265 1.54833 165.254
34.5 42.5117 3.70772 1.55234 165.239
34.6 42.5378 3.72283 1.55636 165.224
34.7 42.5637 3.73798 1.56037 165.209
34.8 42.5892 3.75317 1.56437 165.194
34.9 42.6144 3.76839 1.56837 165.178
35 42.6393 3.78365 1.57236 165.163
35.1 42.6639 3.79896 1.57636 165.148
35.2 42.6882 3.81429 1.58034 165.132
35.3 42.7121 3.82967 1.58433 165.117
35.4 42.7358 3.84509 1.5883 165.102
35.5 42.7592 3.86054 1.59228 165.086
35.6 42.7823 3.87603 1.59625 165.071
35.7 42.8052 3.89156 1.60021 165.055
35.8 42.8277 3.90712 1.60418 165.04
35.9 42.8499 3.92273 1.60813 165.024
36 42.8718 3.93837 1.61208 165.008
36.1 42.8935 3.95405 1.61603 164.993
36.2 42.9149 3.96977 1.61998 164.977
36.3 42.936 3.98552 1.62392 164.961
36.4 42.9568 4.00131 1.62785 164.945
36.5 42.9773 4.01714 1.63178 164.93
36.6 42.9975 4.03301 1.63571 164.914
36.7 43.0175 4.04891 1.63963 164.898
36.8 43.0372 4.06485 1.64355 164.882
36.9 43.0566 4.08083 1.64746 164.866
37 43.0758 4.09685 1.65137 164.85
37.1 43.0947 4.1129 1.65528 164.834
37.2 43.1133 4.12899 1.65918 164.818
37.3 43.1316 4.14512 1.66307 164.802
37.4 43.1497 4.16128 1.66696 164.785
37.5 43.1675 4.17748 1.67085 164.769
37.6 43.185 4.19372 1.67473 164.753
37.7 43.2023 4.21 1.67861 164.737
37.8 43.2194 4.22631 1.68248 164.72
37.9 43.2361 4.24265 1.68635 164.704
38 43.2526 4.25904 1.69021 164.688
38.1 43.2689 4.27546 1.69407 164.671
38.2 43.2849 4.29192 1.69793 164.655
38.3 43.3006 4.30841 1.70178 164.638
38.4 43.3161 4.32495 1.70562 164.622
38.5 43.3313 4.34151 1.70946 164.605
38.6 43.3463 4.35812 1.7133 164.589
38.7 43.3611 4.37476 1.71713 164.572
38.8 43.3756 4.39143 1.72096 164.555
38.9 43.3898 4.40815 1.72478 164.539
39 43.4038 4.4249 1.7286 164.522
39.1 43.4176 4.44168 1.73241 164.505
39.2 43.4311 4.4585 1.73622 164.488
39.3 43.4444 4.47536 1.74002 164.471
39.4 43.4574 4.49225 1.74382 164.454
39.5 43.4702 4.50918 1.74762 164.438
39.6 43.4828 4.52615 1.75141 164.421
39.7 43.4951 4.54315 1.75519 164.404
39.8 43.5072 4.56018 1.75897 164.387
39.9 43.5191 4.57726 1.76275 164.369
40 43.5307 4.59436 1.76652 164.352
40.1 43.5421 4.61151 1.77028 164.335
40.2 43.5533 4.62869 1.77404 164.318
40.3 43.5642 4.6459 1.7778 164.301
40.4 43.575 4.66315 1.78155 164.284
40.5 43.5855 4.68044 1.7853 164.266
40.6 43.5957 4.69776 1.78904 164.249
40.7 43.6058 4.71512 1.79278 164.232
40.7999 43.6156 4.73251 1.79651 164.214
40.8999 43.6252 4.74993 1.80024 164.197
40.9999 43.6346 4.7674 1.80396 164.179
41.0999 43.6438 4.78489 1.80768 164.162
41.1999 43.6527 4.80243 1.81139 164.144
41.2999 43.6615 4.81999 1.8151 164.127
41.3999 43.67 4.83759 1.8188 164.109
41.4999 43.6783 4.85523 1.8225 164.091
41.5999 43.6864 4.8729 1.82619 164.074
41.6999 43.6943 4.89061 1.82988 164.056
41.7999 43.702 4.90835 1.83356 164.038
41.8999 43.7094 4.92613 1.83724 164.021
41.9999 43.7167 4.94394 1.84091 164.003
42.0999 43.7237 4.96178 1.84458 163.985
42.1999 43.7306 4.97966 1.84824 163.967
42.2999 43.7372 4.99758 1.8519 163.949
42.3999 43.7437 5.01552 1.85555 163.931
42.4999 43.7499 5.03351 1.8592 163.913
42.5999 43.756 5.05152 1.86284 163.895
42.6999 43.7618 5.06957 1.86648 163.877
42.7999 43.7674 5.08766 1.87011 163.859
42.8999 43.7729 5.10578 1.87374 163.841
42.9999 43.7781 5.12393 1.87736 163.823
43.0999 43.7832 5.14212 1.88098 163.805
43.1999 43.788 5.16034 1.88459 163.786
43.2999 43.7927 5.1786 1.8882 163.768
43.3999 43.7971 5.19689 1.8918 163.75
43.4999 43.8014 5.21521 1.8954 163.732
43.5999 43.8055 5.23357 1.89899 163.713
43.6999 43.8094 5.25196 1.90257 163.695
43.7999 43.8131 5.27038 1.90615 163.676
43.8999 43.8166 5.28884 1.90973 163.658
43.9999 43.8199 5.30733 1.9133 163.639
44.0999 43.823 5.32586 1.91687 163.621
44.1999 43.826 5.34441 1.92043 163.602
44.2999 43.8288 5.363 1.92398 163.584
44.3999 43.8314 5.38163 1.92753 163.565
44.4999 43.8338 5.40029 1.93108 163.546
44.5999 43.836 5.41898 1.93462 163.528
44.6999 43.838 5.4377 1.93815 163.509
44.7999 43.8399 5.45646 1.94168 163.49
44.8999 43.8416 5.47525 1.9452 163.471
44.9999 43.8431 5.49407 1.94872 163.453
45.0999 43.8444 5.51293 1.95223 163.434
45.1999 43.8456 5.53182 1.95574 163.415
45.2999 43.8465 5.55074 1.95924 163.396
45.3999 43.8473 5.56969 1.96274 163.377
45.4999 43.848 5.58868 1.96623 163.358
45.5999 43.8484 5.6077 1.96972 163.339
45.6999 43.8487 5.62675 1.9732 163.32
45.7999 43.8488 5.64584 1.97667 163.301
45.8999 43.8488 5.66495 1.98014 163.282
45.9999 43.8486 5.6841 1.98361 163.263
46.0999 43.8482 5.70328 1.98707 163.243
46.1999 43.8476 5.7225 1.99052 163.224
46.2999 43.8469 5.74174 1.99397 163.205
46.3999 43.846 5.76102 1.99741 163.186
46.4999 43.845 5.78033 2.00085 163.166
46.5999 43.8437 5.79967 2.00428 163.147
46.6999 43.8424 5.81905 2.00771 163.128
46.7999 43.8408 5.83845 2.01113 163.108
46.8999 43.8391 5.85789 2.01454 163.089
46.9999 43.8373 5.87736 2.01795 163.069
47.0999 43.8352 5.89686 2.02136 163.05
47.1999 43.8331 5.9164 2.02475 163.03
47.2999 43.8307 5.93596 2.02815 163.011
47.3998 43.8282 5.95556 2.03154 162.991
47.4998 43.8256 5.97519 2.03492 162.972
47.5998 43.8227 5.99484 2.03829 162.952
47.6998 43.8198 6.01453 2.04166 162.932
47.7998 43.8167 6.03426 2.04503 162.912
47.8998 43.8134 6.05401 2.04839 162.893
47.9998 43.81 6.07379 2.05174 162.873
48.0998 43.8064 6.09361 2.05509 162.853
48.1998 43.8027 6.11346 2.05843 162.833
48.2998 43.7988 6.13333 2.06177 162.813
48.3998 43.7948 6.15324 2.0651 162.793
48.4998 43.7906 6.17318 2.06843 162.774
48.5998 43.7863 6.19315 2.07175 162.754
48.6998 43.7818 6.21315 2.07506 162.734
48.7998 43.7772 6.23318 2.07837 162.714
48.8998 43.7724 6.25324 2.08167 162.693
48.9998 43.7675 6.27334 2.08497 162.673
49.0998 43.7624 6.29346 2.08826 162.653
49.1998 43.7572 6.31361 2.09155 162.633
49.2998 43.7519 6.3338 2.09483 162.613
49.3998 43.7464 6.35401 2.0981 162.593
49.4998 43.7408 6.37426 2.10137 162.572
49.5998 43.735 6.39453 2.10464 162.552
49.6998 43.7291 6.41484 2.10789 162.532
49.7998 43.7231 6.43517 2.11114 162.512
49.8998 43.7169 6.45554 2.11439 162.491
49.9998 43.7105 6.47593 2.11763 162.471
50.0998 43.7041 6.49635 2.12086 162.45
50.1998 43.6975 6.51681 2.12409 162.43
50.2998 43.6907 6.53729 2.12731 162.409
50.3998 43.6839 6.55781 2.13053 162.389
50.4998 43.6769 6.57835 2.13374 162.368
50.5998 43.6697 6.59892 2.13694 162.348
50.6998 43.6624 6.61953 2.14014 162.327
50.7998 43.655 6.64016 2.14333 162.307
50.8998 43.6475 6.66082 2.14652 162.286
50.9998 43.6398 6.68151 2.1497 162.265
51.0998 43.632 6.70223 2.15287 162.244
51.1998 43.6241 6.72298 2.15604 162.224
51.2998 43.616 6.74376 2.15921 162.203
51.3998 43.6078 6.76457 2.16236 162.182
51.4998 43.5995 6.7854 2.16551 162.161
51.5998 43.591 6.80627 2.16866 162.14
51.6998 43.5825 6.82716 2.1718 162.12
51.7998 43.5738 6.84809 2.17493 162.099
51.8998 43.5649 6.86904 2.17806 162.078
51.9998 43.556 6.89002 2.18118 162.057
52.0998 43.5469 6.91103 2.18429 162.036
52.1998 43.5377 6.93207 2.1874 162.015
52.2998 43.5284 6.95313 2.19051 161.994
52.3998 43.5189 6.97423 2.1936 161.972
52.4998 43.5093 6.99535 2.19669 161.951
52.5998 43.4996 7.0165 2.19978 161.93
52.6998 43.4898 7.03768 2.20286 161.909
52.7998 43.4799 7.05889 2.20593 161.888
52.8998 43.4698 7.08013 2.20899 161.867
52.9998 43.4596 7.10139 2.21205 161.845
53.0998 43.4493 7.12268 2.21511 161.824
53.1998 43.4389 7.144 2.21816 161.803
53.2998 43.4284 7.16535 2.2212 161.781
53.3998 43.4177 7.18673 2.22423 161.76
53.4998 43.4069 7.20813 2.22726 161.739
53.5998 43.396 7.22956 2.23029 161.717
53.6998 43.385 7.25102 2.2333 161.696
53.7998 43.3739 7.27251 2.23631 161.674
53.8997 43.3627 7.29402 2.23932 161.653
53.9997 43.3513 7.31556 2.24232 161.631
54.0997 43.3399 7.33713 2.24531 161.61
54.1997 43.3283 7.35873 2.2483 161.588
54.2997 43.3166 7.38035 2.25128 161.566
54.3997 43.3048 7.402 2.25425 161.545
54.4997 43.2929 7.42368 2.25722 161.523
54.5997 43.2809 7.44538 2.26018 161.501
54.6997 43.2687 7.46711 2.26313 161.48
54.7997 43.2565 7.48887 2.26608 161.458
54.8997 43.2441 7.51065 2.26902 161.436
54.9997 43.2317 7.53247 2.27196 161.414
55.0997 43.2191 7.5543 2.27489 161.392
55.1997 43.2064 7.57617 2.27781 161.371
55.2997 43.1936 7.59806 2.28073 161.349
55.3997 43.1807 7.61998 2.28364 161.327
55.4997 43.1677 7.64192 2.28654 161.305
55.5997 43.1546 7.66389 2.28944 161.283
55.6997 43.1414 7.68589 2.29233 161.261
55.7997 43.1281 7.70791 2.29522 161.239
55.8997 43.1147 7.72996 2.29809 161.217
55.9997 43.1011 7.75204 2.30097 161.195
56.0997 43.0875 7.77414 2.30383 161.173
56.1997 43.0738 7.79626 2.30669 161.15
56.2997 43.0599 7.81842 2.30954 161.128
56.3997 43.046 7.8406 2.31239 161.106
56.4997 43.0319 7.8628 2.31523 161.084
56.5997 43.0178 7.88503 2.31806 161.062
56.6997 43.0035 7.90729 2.32089 161.039
56.7997 42.9892 7.92957 2.32371 161.017
56.8997 42.9748 7.95187 2.32653 160.995
56.9997 42.9602 7.97421 2.32933 160.973
57.0997 42.9456 7.99656 2.33213 160.95
57.1997 42.9308 8.01895 2.33493 160.928
57.2997 42.916 8.04135 2.33772 160.905
57.3997 42.901 8.06379 2.3405 160.883
57.4997 42.886 8.08624 2.34327 160.86
57.5997 42.8709 8.10873 2.34604 160.838
57.6997 42.8556 8.13124 2.3488 160.815
57.7997 42.8403 8.15377 2.35156 160.793
57.8997 42.8249 8.17633 2.35431 160.77
57.9997 42.8094 8.19891 2.35705 160.748
58.0997 42.7937 8.22152 2.35979 160.725
58.1997 42.778 8.24415 2.36251 160.703
58.2997 42.7622 8.2668 2.36524 160.68
58.3997 42.7463 8.28948 2.36795 160.657
58.4997 42.7303 8.31219 2.37066 160.635
58.5997 42.7143 8.33492 2.37336 160.612
58.6997 42.6981 8.35767 2.37606 160.589
58.7997 42.6818 8.38045 2.37875 160.566
58.8997 42.6655 8.40325 2.38143 160.543
58.9997 42.649 8.42608 2.38411 160.521
59.0997 42.6325 8.44893 2.38678 160.498
59.1997 42.6158 8.4718 2.38944 160.475
59.2997 42.5991 8.4947 2.39209 160.452
59.3997 42.5823 8.51762 2.39474 160.429
59.4997 42.5654 8.54056 2.39739 160.406
59.5997 42.5484 8.56353 2.40002 160.383
59.6997 42.5314 8.58652 2.40265 160.36
59.7997 42.5142 8.60954 2.40527 160.337
59.8997 42.4969 8.63258 2.40789 160.314
59.9997 42.4796 8.65564 2.4105 160.291
60.0997 42.4622 8.67872 2.4131 160.268
60.1997 42.4447 8.70183 2.41569 160.245
60.2997 42.4271 8.72496 2.41828 160.222
60.3997 42.4094 8.74812 2.42086 160.199
60.4996 42.3916 8.77129 2.42344 160.175
60.5996 42.3738 8.7945 2.426 160.152
60.6996 42.3558 8.81772 2.42856 160.129
60.7996 42.3378 8.84096 2.43112 160.106
60.8996 42.3197 8.86423 2.43367 160.082
60.9996 42.3015 8.88752 2.43621 160.059
61.0996 42.2832 8.91084 2.43874 160.036
61.1996 42.2649 8.93417 2.44127 160.013
61.2996 42.2464 8.95753 2.44378 159.989
61.3996 42.2279 8.98091 2.4463 159.966
61.4996 42.2093 9.00432 2.4488 159.942
61.5996 42.1906 9.02774 2.4513 159.919
61.6996 42.1719 9.05119 2.45379 159.896
61.7996 42.153 9.07466 2.45628 159.872
61.8996 42.1341 9.09815 2.45876 159.849
61.9996 42.1151 9.12167 2.46123 159.825
62.0996 42.096 9.1452 2.46369 159.802
62.1996 42.0768 9.16876 2.46615 159.778
62.2996 42.0576 9.19234 2.4686 159.754
62.3996 42.0383 9.21594 2.47104 159.731
62.4996 42.0188 9.23956 2.47348 159.707
62.5996 41.9994 9.2632 2.47591 159.684
62.6996 41.9798 9.28687 2.47833 159.66
62.7996 41.9602 9.31055 2.48075 159.636
62.8996 41.9405 9.33426 2.48316 159.612
62.9996 41.9207 9.35799 2.48556 159.589
63.0996 41.9008 9.38174 2.48795 159.565
63.1996 41.8809 9.40551 2.49034 159.541
63.2996 41.8609 9.4293 2.49272 159.517
63.3996 41.8408 9.45311 2.49509 159.494
63.4996 41.8206 9.47695 2.49746 159.47
63.5996 41.8004 9.5008 2.49982 159.446
63.6996 41.78 9.52468 2.50217 159.422
63.7996 41.7596 9.54857 2.50452 159.398
63.8996 41.7392 9.57249 2.50685 159.374
63.9996 41.7186 9.59643 2.50918 159.35
64.0996 41.698 9.62038 2.51151 159.326
64.1996 41.6773 9.64436 2.51382 159.302
64.2996 41.6566 9.66836 2.51613 159.278
64.3996 41.6358 9.69237 2.51844 159.254
64.4996 41.6149 9.71641 2.52073 159.23
64.5996 41.5939 9.74047 2.52302 159.206
64.6996 41.5728 9.76455 2.5253 159.182
64.7996 41.5517 9.78864 2.52757 159.158
64.8996 41.5305 9.81276 2.52984 159.134
64.9996 41.5093 9.8369 2.5321 159.11
65.0996 41.488 9.86106 2.53435 159.086
65.1996 41.4666 9.88523 2.53659 159.061
65.2996 41.4451 9.90943 2.53883 159.037
65.3996 41.4236 9.93364 2.54106 159.013
65.4996 41.402 9.95788 2.54329 158.989
65.5996 41.3803 9.98213 2.5455 158.965
65.6996 41.3585 10.0064 2.54771 158.94
65.7996 41.3367 10.0307 2.54991 158.916
65.8996 41.3148 10.055 2.55211 158.892
65.9996 41.2929 10.0793 2.55429 158.867
66.0996 41.2709 10.1037 2.55647 158.843
66.1996 41.2488 10.1281 2.55864 158.819
66.2996 41.2267 10.1524 2.56081 158.794
66.3996 41.2044 10.1768 2.56297 158.77
66.4996 41.1822 10.2013 2.56512 158.745
66.5996 41.1598 10.2257 2.56726 158.721
66.6996 41.1374 10.2502 2.5694 158.697
66.7996 41.1149 10.2747 2.57152 158.672
66.8996 41.0924 10.2992 2.57365 158.648
66.9995 41.0698 10.3237 2.57576 158.623
67.0995 41.0471 10.3482 2.57787 158.599
67.1995 41.0244 10.3728 2.57996 158.574
67.2995 41.0016 10.3973 2.58206 158.549
67.3995 40.9787 10.4219 2.58414 158.525
67.4995 40.9558 10.4465 2.58622 158.5
67.5995 40.9328 10.4711 2.58829 158.476
67.6995 40.9097 10.4958 2.59035 158.451
67.7995 40.8866 10.5204 2.5924 158.426
67.8995 40.8634 10.5451 2.59445 158.402
67.9995 40.8402 10.5698 2.59649 158.377
68.0995 40.8169 10.5945 2.59852 158.352
68.1995 40.7935 10.6193 2.60055 158.327
68.2995 40.7701 10.644 2.60256 158.303
68.3995 40.7466 10.6688 2.60457 158.278
68.4995 40.723 10.6935 2.60658 158.253
68.5995 40.6994 10.7183 2.60857 158.228
68.6995 40.6758 10.7432 2.61056 158.204
68.7995 40.652 10.768 2.61254 158.179
68.8995 40.6282 10.7928 2.61451 158.154
68.9995 40.6044 10.8177 2.61648 158.129
69.0995 40.5805 10.8426 2.61844 158.104
69.1995 40.5565 10.8675 2.62039 158.079
69.2995 40.5324 10.8924 2.62233 158.054
69.3995 40.5084 10.9173 2.62426 158.029
69.4995 40.4842 10.9423 2.62619 158.004
69.5995 40.46 10.9672 2.62811 157.979
69.6995 40.4357 10.9922 2.63002 157.955
69.7995 40.4114 11.0172 2.63193 157.93
69.8995 40.387 11.0422 2.63383 157.904
69.9995 40.3626 11.0673 2.63571 157.879
70.0995 40.3381 11.0923 2.6376 157.854
70.1995 40.3135 11.1174 2.63947 157.829
70.2995 40.2889 11.1424 2.64134 157.804
70.3995 40.2642 11.1675 2.6432 157.779
70.4995 40.2395 11.1926 2.64505 157.754
70.5995 40.2147 11.2178 2.64689 157.729
70.6995 40.1899 11.2429 2.64873 157.704
70.7995 40.165 11.2681 2.65056 157.679
70.8995 40.1401 11.2932 2.65238 157.654
70.9995 40.1151 11.3184 2.65419 157.628
71.0995 40.09 11.3436 2.656 157.603
71.1995 40.0649 11.3688 2.6578 157.578
71.2995 40.0397 11.394 2.65959 157.553
71.3995 40.0145 11.4193 2.66137 157.527
71.4995 39.9892 11.4446 2.66315 157.502
71.5995 39.9639 11.4698 2.66491 157.477
71.6995 39.9385 11.4951 2.66667 157.452
71.7995 39.913 11.5204 2.66843 157.426
71.8995 39.8876 11.5457 2.67017 157.401
71.9995 39.862 11.5711 2.67191 157.376
72.0995 39.8364 11.5964 2.67364 157.35
72.1995 39.8108 11.6218 2.67536 157.325
72.2995 39.785 11.6471 2.67707 157.3
72.3995 39.7593 11.6725 2.67878 157.274
72.4995 39.7335 11.6979 2.68048 157.249
72.5995 39.7076 11.7234 2.68217 157.223
72.6995 39.6817 11.7488 2.68385 157.198
72.7995 39.6557 11.7742 2.68552 157.172
72.8995 39.6297 11.7997 2.68719 157.147
72.9995 39.6037 11.8252 2.68885 157.122
73.0995 39.5775 11.8506 2.6905 157.096
73.1995 39.5514 11.8761 2.69214 157.071
73.2995 39.5251 11.9017 2.69378 157.045
73.3995 39.4989 11.9272 2.69541 157.02
73.4995 39.4725 11.9527 2.69703 156.994
73.5994 39.4462 11.9783 2.69864 156.968
73.6994 39.4198 12.0038 2.70025 156.943
73.7994 39.3933 12.0294 2.70184 156.917
73.8994 39.3668 12.055 2.70343 156.892
73.9994 39.3402 12.0806 2.70501 156.866
74.0994 39.3136 12.1062 2.70659 156.84
74.1994 39.2869 12.1319 2.70815 156.815
74.2994 39.2602 12.1575 2.70971 156.789
74.3994 39.2334 12.1832 2.71126 156.764
74.4994 39.2066 12.2088 2.7128 156.738
74.5994 39.1797 12.2345 2.71433 156.712
74.6994 39.1528 12.2602 2.71586 156.687
74.7994 39.1259 12.2859 2.71738 156.661
74.8994 39.0989 12.3116 2.71889 156.635
74.9994 39.0718 12.3374 2.72039 156.609
75.0994 39.0447 12.3631 2.72188 156.584
75.1994 39.0176 12.3889 2.72337 156.558
75.2994 38.9904 12.4146 2.72485 156.532
75.3994 38.9631 12.4404 2.72632 156.506
75.4994 38.9358 12.4662 2.72778 156.481
75.5994 38.9085 12.492 2.72924 156.455
75.6994 38.8811 12.5178 2.73068 156.429
75.7994 38.8537 12.5436 2.73212 156.403
75.8994 38.8262 12.5695 2.73355 156.377
75.9994 38.7987 12.5953 2.73497 156.351
76.0994 38.7711 12.6212 2.73639 156.326
76.1994 38.7435 12.647 2.7378 156.3
76.2994 38.7159 12.6729 2.73919 156.274
76.3994 38.6882 12.6988 2.74059 156.248
76.4994 38.6604 12.7247 2.74197 156.222
76.5994 38.6326 12.7506 2.74334 156.196
76.6994 38.6048 12.7765 2.74471 156.17
76.7994 38.5769 12.8025 2.74607 156.144
76.8994 38.549 12.8284 2.74742 156.118
76.9994 38.521 12.8544 2.74876 156.092
77.0994 38.493 12.8803 2.7501 156.066
77.1994 38.4649 12.9063 2.75142 156.04
77.2994 38.4368 12.9323 2.75274 156.014
77.3994 38.4087 12.9583 2.75405 155.988
77.4994 38.3805 12.9843 2.75535 155.962
77.5994 38.3523 13.0103 2.75665 155.936
77.6994 38.324 13.0363 2.75793 155.91
77.7994 38.2957 13.0624 2.75921 155.884
77.8994 38.2673 13.0884 2.76048 155.858
77.9994 38.2389 13.1145 2.76174 155.832
78.0994 38.2105 13.1405 2.763 155.806
78.1994 38.182 13.1666 2.76424 155.78
78.2994 38.1535 13.1927 2.76548 155.754
78.3994 38.1249 13.2188 2.76671 155.728
78.4994 38.0963 13.2449 2.76793 155.702
78.5994 38.0676 13.271 2.76915 155.676
78.6994 38.039 13.2971 2.77035 155.65
78.7994 38.0102 13.3233 2.77155 155.623
78.8994 37.9814 13.3494 2.77274 155.597
78.9994 37.9526 13.3756 2.77392 155.571
79.0994 37.9238 13.4017 2.77509 155.545
79.1994 37.8949 13.4279 2.77625 155.519
79.2994 37.8659 13.4541 2.77741 155.493
79.3994 37.8369 13.4802 2.77856 155.466
79.4994 37.8079 13.5064 2.7797 155.44
79.5994 37.7789 13.5326 2.78083 155.414
79.6994 37.7498 13.5588 2.78195 155.388
79.7994 37.7206 13.5851 2.78307 155.362
79.8994 37.6914 13.6113 2.78418 155.335
79.9994 37.6622 13.6375 2.78527 155.309
80.0993 37.633 13.6638 2.78636 155.283
80.1993 37.6037 13.69 2.78745 155.257
80.2993 37.5743 13.7163 2.78852 155.23
80.3993 37.545 13.7425 2.78959 155.204
80.4993 37.5155 13.7688 2.79065 155.178
80.5993 37.4861 13.7951 2.79169 155.152
80.6993 37.4566 13.8214 2.79274 155.125
80.7993 37.4271 13.8477 2.79377 155.099
80.8993 37.3975 13.874 2.79479 155.073
80.9993 37.3679 13.9003 2.79581 155.046
81.0993 37.3383 13.9266 2.79682 155.02
81.1993 37.3086 13.9529 2.79782 154.994
81.2993 37.2789 13.9793 2.79881 154.967
81.3993 37.2491 14.0056 2.79979 154.941
81.4993 37.2193 14.032 2.80077 154.915
81.5993 37.1895 14.0583 2.80174 154.888
81.6993 37.1596 14.0847 2.80269 154.862
81.7993 37.1297 14.111 2.80364 154.836
81.8993 37.0997 14.1374 2.80459 154.809
81.9993 37.0698 14.1638 2.80552 154.783
82.0993 37.0398 14.1902 2.80644 154.757
82.1993 37.0097 14.2166 2.80736 154.73
82.2993 36.9796 14.243 2.80827 154.704
82.3993 36.9495 14.2694 2.80917 154.677
82.4993 36.9193 14.2958 2.81006 154.651
82.5993 36.8891 14.3222 2.81095 154.625
82.6993 36.8589 14.3486 2.81182 154.598
82.7993 36.8286 14.3751 2.81269 154.572
82.8993 36.7983 14.4015 2.81355 154.545
82.9993 36.768 14.4279 2.8144 154.519
83.0993 36.7376 14.4544 2.81524 154.492
83.1993 36.7072 14.4808 2.81607 154.466
83.2993 36.6767 14.5073 2.8169 154.439
83.3993 36.6463 14.5338 2.81772 154.413
83.4993 36.6157 14.5602 2.81852 154.386
83.5993 36.5852 14.5867 2.81932 154.36
83.6993 36.5546 14.6132 2.82012 154.334
83.7993 36.524 14.6397 2.8209 154.307
83.8993 36.4933 14.6662 2.82167 154.281
83.9993 36.4626 14.6927 2.82244 154.254
84.0993 36.4319 14.7192 2.8232 154.228
84.1993 36.4012 14.7457 2.82395 154.201
84.2993 36.3704 14.7722 2.82469 154.175
84.3993 36.3395 14.7987 2.82542 154.148
84.4993 36.3087 14.8252 2.82615 154.122
84.5993 36.2778 14.8517 2.82686 154.095
84.6993 36.2469 14.8783 2.82757 154.068
84.7993 36.2159 14.9048 2.82827 154.042
84.8993 36.1849 14.9313 2.82896 154.015
84.9993 36.1539 14.9579 2.82964 153.989
85.0993 36.1228 14.9844 2.83032 153.962
85.1993 36.0917 15.011 2.83098 153.936
85.2993 36.0606 15.0375 2.83164 153.909
85.3993 36.0294 15.0641 2.83229 153.883
85.4993 35.9983 15.0906 2.83293 153.856
85.5993 35.967 15.1172 2.83356 153.83
85.6993 35.9358 15.1438 2.83418 153.803
85.7993 35.9045 15.1703 2.83479 153.776
85.8993 35.8732 15.1969 2.8354 153.75
85.9993 35.8418 15.2235 2.836 153.723
86.0993 35.8104 15.2501 2.83659 153.697
86.1993 35.779 15.2766 2.83717 153.67
86.2993 35.7476 15.3032 2.83774 153.644
86.3993 35.7161 15.3298 2.8383 153.617
86.4993 35.6846 15.3564 2.83886 153.59
86.5993 35.6531 15.383 2.8394 153.564
86.6992 35.6215 15.4096 2.83994 153.537
86.7992 35.5899 15.4362 2.84047 153.511
86.8992 35.5582 15.4628 2.84099 153.484
86.9992 35.5266 15.4894 2.84151 153.457
87.0992 35.4949 15.516 2.84201 153.431
87.1992 35.4632 15.5426 2.8425 153.404
87.2992 35.4314 15.5692 2.84299 153.377
87.3992 35.3996 15.5959 2.84347 153.351
87.4992 35.3678 15.6225 2.84394 153.324
87.5992 35.336 15.6491 2.8444 153.298
87.6992 35.3041 15.6757 2.84485 153.271
87.7992 35.2722 15.7023 2.8453 153.244
87.8992 35.2402 15.729 2.84573 153.218
87.9992 35.2083 15.7556 2.84616 153.191
88.0992 35.1763 15.7822 2.84658 153.165
88.1992 35.1442 15.8088 2.84699 153.138
88.2992 35.1122 15.8355 2.84739 153.111
88.3992 35.0801 15.8621 2.84778 153.085
88.4992 35.048 15.8887 2.84817 153.058
88.5992 35.0158 15.9154 2.84854 153.031
88.6992 34.9837 15.942 2.84891 153.005
88.7992 34.9515 15.9686 2.84927 152.978
88.8992 34.9192 15.9953 2.84962 152.951
88.9992 34.887 16.0219 2.84996 152.925
89.0992 34.8547 16.0486 2.85029 152.898
89.1992 34.8224 16.0752 2.85061 152.872
89.2992 34.79 16.1018 2.85093 152.845
89.3992 34.7576 16.1285 2.85124 152.818
89.4992 34.7252 16.1551 2.85153 152.792
89.5992 34.6928 16.1818 2.85182 152.765
89.6992 34.6603 16.2084 2.85211 152.738
89.7992 34.6278 16.235 2.85238 152.712
89.8992 34.5953 16.2617 2.85264 152.685
89.9992 34.5628 16.2883 2.8529 152.658
90.0992 34.5302 16.315 2.85314 152.632
90.1992 34.4976 16.3416 2.85338 152.605
90.2992 34.465 16.3683 2.85361 152.578
90.3992 34.4323 16.3949 2.85383 152.552
90.4992 34.3996 16.4215 2.85404 152.525
90.5992 34.3669 16.4482 2.85424 152.499
90.6992 34.3342 16.4748 2.85444 152.472
90.7992 34.3014 16.5015 2.85462 152.445
90.8992 34.2686 16.5281 2.8548 152.419
90.9992 34.2358 16.5548 2.85497 152.392
91.0992 34.203 16.5814 2.85513 152.365
91.1992 34.1701 16.608 2.85528 152.339
91.2992 34.1372 16.6347 2.85542 152.312
91.3992 34.1043 16.6613 2.85556 152.285
91.4992 34.0713 16.6879 2.85568 152.259
91.5992 34.0384 16.7146 2.8558 152.232
91.6992 34.0053 16.7412 2.85591 152.206
91.7992 33.9723 16.7678 2.85601 152.179
91.8992 33.9393 16.7945 2.8561 152.152
91.9992 33.9062 16.8211 2.85618 152.126
92.0992 33.8731 16.8477 2.85625 152.099
92.1992 33.8399 16.8743 2.85632 152.072
92.2992 33.8068 16.901 2.85637 152.046
92.3992 33.7736 16.9276 2.85642 152.019
92.4992 33.7404 16.9542 2.85646 151.993
92.5992 33.7071 16.9808 2.85649 151.966
92.6992 33.6739 17.0074 2.85651 151.939
92.7992 33.6406 17.034 2.85652 151.913
92.8992 33.6073 17.0607 2.85652 151.886
92.9992 33.5739 17.0873 2.85652 151.859
93.0992 33.5406 17.1139 2.85651 151.833
93.1992 33.5072 17.1405 2.85648 151.806
93.2991 33.4738 17.1671 2.85645 151.78
93.3991 33.4403 17.1937 2.85641 151.753
93.4991 33.4068 17.2203 2.85636 151.726
93.5991 33.3734 17.2469 2.85631 151.7
93.6991 33.3398 17.2734 2.85624 151.673
93.7991 33.3063 17.3 2.85616 151.647
93.8991 33.2727 17.3266 2.85608 151.62
93.9991 33.2392 17.3532 2.85599 151.594
94.0991 33.2055 17.3798 2.85589 151.567
94.1991 33.1719 17.4063 2.85578 151.54
94.2991 33.1382 17.4329 2.85566 151.514
94.3991 33.1046 17.4595 2.85553 151.487
94.4991 33.0708 17.486 2.8554 151.461
94.5991 33.0371 17.5126 2.85525 151.434
94.6991 33.0034 17.5392 2.8551 151.408
94.7991 32.9696 17.5657 2.85493 151.381
94.8991 32.9358 17.5923 2.85476 151.354
94.9991 32.9019 17.6188 2.85458 151.328
95.0991 32.8681 17.6453 2.8544 151.301
95.1991 32.8342 17.6719 2.8542 151.275
95.2991 32.8003 17.6984 2.85399 151.248
95.3991 32.7664 17.7249 2.85378 151.222
95.4991 32.7324 17.7515 2.85355 151.195
95.5991 32.6985 17.778 2.85332 151.169
95.6991 32.6645 17.8045 2.85308 151.142
95.7991 32.6305 17.831 2.85283 151.116
95.8991 32.5964 17.8575 2.85257 151.089
95.9991 32.5624 17.884 2.8523 151.063
96.0991 32.5283 17.9105 2.85203 151.036
96.1991 32.4942 17.937 2.85174 151.01
96.2991 32.4601 17.9635 2.85145 150.983
96.3991 32.4259 17.99 2.85115 150.957
96.4991 32.3917 18.0164 2.85084 150.93
96.5991 32.3575 18.0429 2.85052 150.904
96.6991 32.3233 18.0694 2.85019 150.877
96.7991 32.2891 18.0958 2.84985 150.851
96.8991 32.2548 18.1223 2.8495 150.824
96.9991 32.2205 18.1487 2.84915 150.798
97.0991 32.1862 18.1752 2.84878 150.772
97.1991 32.1519 18.2016 2.84841 150.745
97.2991 32.1175 18.228 2.84803 150.719
97.3991 32.0832 18.2545 2.84764 150.692
97.4991 32.0488 18.2809 2.84724 150.666
97.5991 32.0143 18.3073 2.84683 150.639
97.6991 31.9799 18.3337 2.84642 150.613
97.7991 31.9454 18.3601 2.84599 150.587
97.8991 31.911 18.3865 2.84556 150.56
97.9991 31.8765 18.4129 2.84511 150.534
98.0991 31.8419 18.4393 2.84466 150.507
98.1991 31.8074 18.4656 2.8442 150.481
98.2991 31.7728 18.492 2.84373 150.455
98.3991 31.7382 18.5184 2.84325 150.428
98.4991 31.7036 18.5447 2.84277 150.402
98.5991 31.669 18.5711 2.84227 150.376
98.6991 31.6343 18.5974 2.84177 150.349
98.7991 31.5997 18.6237 2.84125 150.323
98.8991 31.565 18.6501 2.84073 150.297
98.9991 31.5303 18.6764 2.8402 150.27
99.0991 31.4955 18.7027 2.83966 150.244
99.1991 31.4608 18.729 2.83911 150.218
99.2991 31.426 18.7553 2.83855 150.191
99.3991 31.3912 18.7816 2.83799 150.165
99.4991 31.3564 18.8079 2.83741 150.139
99.5991 31.3215 18.8341 2.83683 150.113
99.6991 31.2867 18.8604 2.83624 150.086
99.799 31.2518 18.8867 2.83563 150.06
99.899 31.2169 18.9129 2.83502 150.034
99.999 31.182 18.9392 2.83441 150.008
100.099 31.147 18.9654 2.83378 149.981
100.199 31.1121 18.9916 2.83314 149.955
100.299 31.0771 19.0178 2.8325 149.929
100.399 31.0421 19.044 2.83184 149.903
100.499 31.0071 19.0702 2.83118 149.876
100.599 30.972 19.0964 2.83051 149.85
100.699 30.937 19.1226 2.82983 149.824
100.799 30.9019 19.1488 2.82914 149.798
100.899 30.8668 19.175 2.82844 149.772
100.999 30.8317 19.2011 2.82773 149.746
101.099 30.7966 19.2273 2.82702 149.719
101.199 30.7614 19.2534 2.82629 149.693
101.299 30.7262 19.2795 2.82556 149.667
101.399 30.691 19.3057 2.82482 149.641
101.499 30.6558 19.3318 2.82406 149.615
101.599 30.6206 19.3579 2.8233 149.589
101.699 30.5853 19.384 2.82254 149.563
101.799 30.5501 19.4101 2.82176 149.537
101.899 30.5148 19.4361 2.82097 149.511
101.999 30.4795 19.4622 2.82018 149.485
102.099 30.4441 19.4883 2.81937 149.458
102.199 30.4088 19.5143 2.81856 149.432
102.299 30.3734 19.5403 2.81774 149.406
102.399 30.338 19.5664 2.81691 149.38
102.499 30.3026 19.5924 2.81607 149.354
102.599 30.2672 19.6184 2.81522 149.328
102.699 30.2318 19.6444 2.81436 149.302
102.799 30.1963 19.6704 2.8135 149.276
102.899 30.1608 19.6964 2.81262 149.25
102.999 30.1253 19.7223 2.81174 149.224
103.099 30.0898 19.7483 2.81085 149.198
103.199 30.0543 19.7742 2.80995 149.173
103.299 30.0187 19.8002 2.80904 149.147
103.399 29.9832 19.8261 2.80812 149.121
103.499 29.9476 19.852 2.80719 149.095
103.599 29.912 19.8779 2.80626 149.069
103.699 29.8764 19.9038 2.80531 149.043
103.799 29.8407 19.9297 2.80436 149.017
103.899 29.8051 19.9555 2.8034 148.991
103.999 29.7694 19.9814 2.80242 148.965
104.099 29.7337 20.0072 2.80144 148.939
104.199 29.698 20.0331 2.80046 148.914
104.299 29.6623 20.0589 2.79946 148.888
104.399 29.6265 20.0847 2.79845 148.862
104.499 29.5907 20.1105 2.79744 148.836
104.599 29.555 20.1363 2.79641 148.81
104.699 29.5192 20.1621 2.79538 148.785
104.799 29.4834 20.1878 2.79434 148.759
104.899 29.4475 20.2136 2.79329 148.733
104.999 29.4117 20.2393 2.79223 148.707
105.099 29.3758 20.2651 2.79116 148.682
105.199 29.3399 20.2908 2.79008 148.656
105.299 29.304 20.3165 2.789 148.63
105.399 29.2681 20.3422 2.7879 148.605
105.499 29.2322 20.3679 2.7868 148.579
105.599 29.1962 20.3935 2.78569 148.553
105.699 29.1602 20.4192 2.78457 148.528
105.799 29.1243 20.4448 2.78344 148.502
105.899 29.0883 20.4705 2.7823 148.476
105.999 29.0522 20.4961 2.78115 148.451
106.099 29.0162 20.5217 2.78 148.425
106.199 28.9801 20.5473 2.77883 148.399
106.299 28.9441 20.5728 2.77766 148.374
106.399 28.908 20.5984 2.77648 148.348
106.499 28.8719 20.624 2.77529 148.323
106.599 28.8358 20.6495 2.77409 148.297
106.699 28.7996 20.675 2.77288 148.272
106.799 28.7635 20.7005 2.77166 148.246
106.899 28.7273 20.726 2.77044 148.221
106.999 28.6911 20.7515 2.7692 148.195
107.099 28.6549 20.777 2.76796 148.17
107.199 28.6187 20.8025 2.76671 148.144
107.299 28.5825 20.8279 2.76544 148.119
107.399 28.5462 20.8533 2.76417 148.093
107.499 28.51 20.8788 2.7629 148.068
107.599 28.4737 20.9042 2.76161 148.043
107.699 28.4374 20.9295 2.76031 148.017
107.799 28.4011 20.9549 2.75901 147.992
107.899 28.3648 20.9803 2.75769 147.966
107.999 28.3284 21.0056 2.75637 147.941
108.099 28.2921 21.031 2.75504 147.916
108.199 28.2557 21.0563 2.7537 147.89
108.299 28.2193 21.0816 2.75235 147.865
108.399 28.1829 21.1069 2.751 147.84
108.499 28.1465 21.1321 2.74963 147.815
108.599 28.11 21.1574 2.74826 147.789
108.699 28.0736 21.1826 2.74687 147.764
108.799 28.0371 21.2079 2.74548 147.739
108.899 28.0006 21.2331 2.74408 147.714
108.999 27.9641 21.2583 2.74267 147.688
109.099 27.9276 21.2835 2.74125 147.663
109.199 27.8911 21.3086 2.73982 147.638
109.299 27.8546 21.3338 2.73839 147.613
109.399 27.818 21.3589 2.73694 147.588
109.499 27.7814 21.3841 2.73549 147.563
109.599 27.7448 21.4092 2.73403 147.538
109.699 27.7082 21.4343 2.73256 147.512
109.799 27.6716 21.4593 2.73108 147.487
109.899 27.635 21.4844 2.72959 147.462
109.999 27.5983 21.5094 2.72809 147.437
110.099 27.5617 21.5345 2.72659 147.412
110.199 27.525 21.5595 2.72507 147.387
110.299 27.4883 21.5845 2.72355 147.362
110.399 27.4516 21.6095 2.72202 147.337
110.499 27.4149 21.6344 2.72048 147.312
110.599 27.3782 21.6594 2.71893 147.287
110.699 27.3414 21.6843 2.71737 147.262
110.799 27.3046 21.7092 2.71581 147.238
110.899 27.2679 21.7341 2.71423 147.213
110.999 27.2311 21.759 2.71265 147.188
111.099 27.1943 21.7839 2.71106 147.163
111.199 27.1574 21.8087 2.70946 147.138
111.299 27.1206 21.8335 2.70785 147.113
111.399 27.0838 21.8584 2.70623 147.088
111.499 27.0469 21.8832 2.7046 147.064
111.599 27.01 21.9079 2.70296 147.039
111.699 26.9731 21.9327 2.70132 147.014
111.799 26.9362 21.9574 2.69967 146.989
111.899 26.8993 21.9822 2.69801 146.965
111.999 26.8624 22.0069 2.69634 146.94
112.099 26.8254 22.0316 2.69466 146.915
112.199 26.7885 22.0563 2.69297 146.89
112.299 26.7515 22.0809 2.69127 146.866
112.399 26.7145 22.1056 2.68957 146.841
112.499 26.6775 22.1302 2.68786 146.817
112.599 26.6405 22.1548 2.68613 146.792
112.699 26.6035 22.1794 2.6844 146.767
112.799 26.5664 22.2039 2.68266 146.743
112.899 26.5294 22.2285 2.68092 146.718
112.999 26.4923 22.253 2.67916 146.694
113.099 26.4552 22.2776 2.67739 146.669
113.199 26.4181 22.3021 2.67562 146.645
113.299 26.381 22.3265 2.67384 146.62
113.399 26.3439 22.351 2.67205 146.596
113.499 26.3068 22.3754 2.67025 146.571
113.599 26.2696 22.3999 2.66844 146.547
113.699 26.2324 22.4243 2.66662 146.522
113.799 26.1953 22.4487 2.6648 146.498
113.899 26.1581 22.473 2.66296 146.474
113.999 26.1209 22.4974 2.66112 146.449
114.099 26.0837 22.5217 2.65927 146.425
114.199 26.0464 22.546 2.65741 146.401
114.299 26.0092 22.5703 2.65554 146.376
114.399 25.9719 22.5946 2.65367 146.352
114.499 25.9347 22.6188 2.65178 146.328
114.599 25.8974 22.6431 2.64989 146.304
114.699 25.8601 22.6673 2.64798 146.279
114.799 25.8228 22.6915 2.64607 146.255
114.899 25.7855 22.7157 2.64415 146.231
114.999 25.7482 22.7398 2.64223 146.207
115.099 25.7108 22.7639 2.64029 146.183
115.199 25.6735 22.7881 2.63835 146.159
115.299 25.6361 22.8122 2.63639 146.135
115.399 25.5987 22.8362 2.63443 146.11
115.499 25.5613 22.8603 2.63246 146.086
115.599 25.5239 22.8843 2.63048 146.062
115.699 25.4865 22.9084 2.62849 146.038
115.799 25.4491 22.9324 2.6265 146.014
115.899 25.4116 22.9563 2.62449 145.99
115.999 25.3742 22.9803 2.62248 145.966
116.099 25.3367 23.0042 2.62046 145.942
116.199 25.2992 23.0281 2.61843 145.919
116.299 25.2617 23.052 2.61639 145.895
116.399 25.2242 23.0759 2.61434 145.871
116.499 25.1867 23.0998 2.61229 145.847
116.599 25.1492 23.1236 2.61022 145.823
116.699 25.1116 23.1474 2.60815 145.799
116.799 25.0741 23.1712 2.60607 145.776
116.899 25.0365 23.195 2.60398 145.752
116.999 24.999 23.2187 2.60188 145.728
117.099 24.9614 23.2425 2.59978 145.704
117.199 24.9238 23.2662 2.59766 145.681
117.299 24.8862 23.2899 2.59554 145.657
117.399 24.8485 23.3135 2.59341 145.633
117.499 24.8109 23.3372 2.59127 145.61
117.599 24.7732 23.3608 2.58912 145.586
117.699 24.7356 23.3844 2.58696 145.562
117.799 24.6979 23.408 2.5848 145.539
117.899 24.6602 23.4315 2.58262 145.515
117.999 24.6225 23.4551 2.58044 145.492
118.099 24.5848 23.4786 2.57825 145.468
118.199 24.5471 23.5021 2.57605 145.445
118.299 24.5094 23.5255 2.57384 145.421
118.399 24.4717 23.549 2.57163 145.398
118.499 24.4339 23.5724 2.5694 145.374
118.599 24.3962 23.5958 2.56717 145.351
118.699 24.3584 23.6192 2.56493 145.328
118.799 24.3206 23.6425 2.56268 145.304
118.899 24.2828 23.6659 2.56042 145.281
118.999 24.245 23.6892 2.55816 145.258
119.099 24.2072 23.7125 2.55588 145.234
119.199 24.1693 23.7358 2.5536 145.211
119.299 24.1315 23.759 2.55131 145.188
119.399 24.0937 23.7822 2.54901 145.164
119.499 24.0558 23.8054 2.54671 145.141
119.599 24.0179 23.8286 2.54439 145.118
119.699 23.98 23.8518 2.54207 145.095
119.799 23.9421 23.8749 2.53973 145.072
119.899 23.9042 23.898 2.53739 145.049
119.999 23.8663 23.9211 2.53504 145.026
120.099 23.8284 23.9442 2.53269 145.003
120.199 23.7905 23.9672 2.53032 144.98
120.299 23.7525 23.9902 2.52795 144.957
120.399 23.7145 24.0132 2.52556 144.934
120.499 23.6766 24.0362 2.52317 144.911
120.599 23.6386 24.0591 2.52078 144.888
120.699 23.6006 24.082 2.51837 144.865
120.799 23.5626 24.1049 2.51595 144.842
120.899 23.5246 24.1278 2.51353 144.819
120.999 23.4866 24.1507 2.5111 144.796
121.099 23.4485 24.1735 2.50866 144.773
121.199 23.4105 24.1963 2.50621 144.75
121.299 23.3724 24.2191 2.50376 144.728
121.399 23.3344 24.2418 2.50129 144.705
121.499 23.2963 24.2645 2.49882 144.682
121.599 23.2582 24.2873 2.49634 144.659
121.699 23.2201 24.3099 2.49385 144.637
121.799 23.182 24.3326 2.49135 144.614
121.899 23.1439 24.3552 2.48885 144.592
121.999 23.1057 24.3778 2.48633 144.569
122.099 23.0676 24.4004 2.48381 144.546
122.199 23.0295 24.423 2.48128 144.524
122.299 22.9913 24.4455 2.47874 144.501
122.399 22.9531 24.468 2.4762 144.479
122.499 22.915 24.4905 2.47364 144.456
122.599 22.8768 24.513 2.47108 144.434
122.699 22.8386 24.5354 2.46851 144.411
122.799 22.8004 24.5578 2.46593 144.389
122.899 22.7621 24.5802 2.46334 144.367
122.999 22.7239 24.6025 2.46075 144.344
123.099 22.6857 24.6249 2.45815 144.322
123.199 22.6474 24.6472 2.45553 144.3
123.299 22.6092 24.6695 2.45292 144.277
123.399 22.5709 24.6917 2.45029 144.255
123.499 22.5326 24.7139 2.44765 144.233
123.599 22.4943 24.7361 2.44501 144.211
123.699 22.456 24.7583 2.44236 144.188
123.799 22.4177 24.7805 2.4397 144.166
123.899 22.3794 24.8026 2.43703 144.144
123.999 22.3411 24.8247 2.43435 144.122
124.099 22.3028 24.8468 2.43167 144.1
124.199 22.2644 24.8688 2.42898 144.078
124.299 22.2261 24.8909 2.42628 144.056
124.399 22.1877 24.9129 2.42357 144.034
124.499 22.1493 24.9348 2.42086 144.012
124.599 22.1109 24.9568 2.41813 143.99
124.699 22.0725 24.9787 2.4154 143.968
124.799 22.0341 25.0006 2.41266 143.946
124.899 21.9957 25.0224 2.40991 143.924
124.999 21.9573 25.0443 2.40716 143.902
125.099 21.9189 25.0661 2.40439 143.881
125.199 21.8804 25.0879 2.40162 143.859
125.299 21.842 25.1096 2.39884 143.837
125.399 21.8035 25.1314 2.39606 143.815
125.499 21.7651 25.1531 2.39326 143.794
125.599 21.7266 25.1748 2.39046 143.772
125.699 21.6881 25.1964 2.38765 143.75
125.799 21.6496 25.218 2.38483 143.729
125.899 21.6111 25.2396 2.382 143.707
125.999 21.5726 25.2612 2.37916 143.686
126.099 21.5341 25.2827 2.37632 143.664
126.199 21.4955 25.3042 2.37347 143.642
126.299 21.457 25.3257 2.37061 143.621
126.399 21.4185 25.3472 2.36775 143.6
126.499 21.3799 25.3686 2.36487 143.578
126.599 21.3413 25.39 2.36199 143.557
126.699 21.3028 25.4114 2.3591 143.535
126.799 21.2642 25.4328 2.3562 143.514
126.899 21.2256 25.4541 2.3533 143.493
126.999 21.187 25.4754 2.35038 143.471
127.099 21.1484 25.4966 2.34746 143.45
127.199 21.1098 25.5179 2.34453 143.429
127.299 21.0711 25.5391 2.34159 143.408
127.399 21.0325 25.5603 2.33865 143.386
127.499 20.9938 25.5814 2.3357 143.365
127.599 20.9552 25.6025 2.33274 143.344
127.699 20.9165 25.6236 2.32977 143.323
127.799 20.8779 25.6447 2.32679 143.302
127.899 20.8392 25.6657 2.32381 143.281
127.999 20.8005 25.6867 2.32082 143.26
128.099 20.7618 25.7077 2.31782 143.239
128.199 20.7231 25.7287 2.31481 143.218
128.299 20.6844 25.7496 2.3118 143.197
128.399 20.6456 25.7705 2.30878 143.176
128.499 20.6069 25.7914 2.30575 143.155
128.599 20.5682 25.8122 2.30271 143.135
128.699 20.5294 25.833 2.29966 143.114
128.799 20.4907 25.8538 2.29661 143.093
128.899 20.4519 25.8745 2.29355 143.072
128.999 20.4131 25.8953 2.29048 143.051
129.099 20.3743 25.916 2.2874 143.031
129.199 20.3355 25.9366 2.28432 143.01
129.299 20.2967 25.9573 2.28123 142.989
129.399 20.2579 25.9779 2.27813 142.969
129.499 20.2191 25.9984 2.27502 142.948
129.599 20.1803 26.019 2.27191 142.928
129.699 20.1415 26.0395 2.26879 142.907
129.799 20.1026 26.06 2.26566 142.887
129.899 20.0638 26.0804 2.26252 142.866
129.999 20.0249 26.1009 2.25938 142.846
130.099 19.9861 26.1213 2.25623 142.825
130.199 19.9472 26.1416 2.25307 142.805
130.299 19.9083 26.162 2.2499 142.785
130.399 19.8694 26.1823 2.24672 142.764
130.499 19.8305 26.2026 2.24354 142.744
130.599 19.7916 26.2228 2.24035 142.724
130.699 19.7527 26.243 2.23715 142.704
130.799 19.7138 26.2632 2.23395 142.684
130.899 19.6749 26.2834 2.23074 142.663
130.999 19.6359 26.3035 2.22752 142.643
131.099 19.597 26.3236 2.22429 142.623
131.199 19.558 26.3436 2.22106 142.603
131.299 19.5191 26.3637 2.21781 142.583
131.399 19.4801 26.3837 2.21457 142.563
131.499 19.4411 26.4036 2.21131 142.543
131.599 19.4022 26.4236 2.20804 142.523
131.699 19.3632 26.4435 2.20477 142.503
131.799 19.3242 26.4634 2.20149 142.483
131.899 19.2852 26.4832 2.19821 142.463
131.999 19.2462 26.503 2.19491 142.444
132.099 19.2071 26.5228 2.19161 142.424
132.199 19.1681 26.5426 2.1883 142.404
132.299 19.1291 26.5623 2.18499 142.384
132.399 19.09 26.582 2.18166 142.365
132.499 19.051 26.6017 2.17833 142.345
132.599 19.0119 26.6213 2.17499 142.325
132.699 18.9729 26.6409 2.17165 142.306
132.799 18.9338 26.6605 2.1683 142.286
132.899 18.8947 26.68 2.16494 142.267
132.999 18.8556 26.6995 2.16157 142.247
133.099 18.8166 26.719 2.15819 142.228
133.199 18.7775 26.7384 2.15481 142.208
133.299 18.7384 26.7578 2.15142 142.189
133.399 18.6992 26.7772 2.14803 142.17
133.499 18.6601 26.7965 2.14462 142.15
133.599 18.621 26.8158 2.14121 142.131
133.699 18.5819 26.8351 2.1378 142.112
133.799 18.5427 26.8544 2.13437 142.092
133.899 18.5036 26.8736 2.13094 142.073
133.999 18.4644 26.8928 2.1275 142.054
134.099 18.4252 26.9119 2.12405 142.035
134.199 18.3861 26.931 2.1206 142.016
134.299 18.3469 26.9501 2.11714 141.997
134.399 18.3077 26.9692 2.11367 141.978
134.499 18.2685 26.9882 2.11019 141.959
134.599 18.2293 27.0072 2.10671 141.94
134.699 18.1901 27.0262 2.10322 141.921
134.799 18.1509 27.0451 2.09972 141.902
134.899 18.1117 27.064 2.09622 141.883
134.999 18.0725 27.0828 2.09271 141.864
135.099 18.0332 27.1016 2.08919 141.845
135.199 17.994 27.1204 2.08567 141.826
135.299 17.9547 27.1392 2.08213 141.808
135.399 17.9155 27.1579 2.0786 141.789
135.499 17.8762 27.1766 2.07505 141.77
135.599 17.837 27.1953 2.0715 141.751
135.699 17.7977 27.2139 2.06794 141.733
135.799 17.7584 27.2325 2.06437 141.714
135.899 17.7191 27.2511 2.06079 141.696
135.999 17.6798 27.2696 2.05721 141.677
136.099 17.6405 27.2881 2.05363 141.659
136.199 17.6012 27.3065 2.05003 141.64
136.299 17.5619 27.325 2.04643 141.622
136.399 17.5226 27.3434 2.04282 141.603
136.499 17.4833 27.3617 2.0392 141.585
136.599 17.4439 27.38 2.03558 141.567
136.699 17.4046 27.3983 2.03195 141.548
136.799 17.3653 27.4166 2.02831 141.53
136.899 17.3259 27.4348 2.02467 141.512
136.999 17.2866 27.453 2.02102 141.494
137.099 17.2472 27.4712 2.01736 141.476
137.199 17.2078 27.4893 2.0137 141.457
137.299 17.1684 27.5074 2.01003 141.439
137.399 17.1291 27.5254 2.00635 141.421
137.499 17.0897 27.5434 2.00267 141.403
137.599 17.0503 27.5614 1.99898 141.385
137.699 17.0109 27.5794 1.99528 141.367
137.799 16.9715 27.5973 1.99157 141.349
137.899 16.9321 27.6152 1.98786 141.332
137.999 16.8926 27.633 1.98414 141.314
138.099 16.8532 27.6508 1.98042 141.296
138.199 16.8138 27.6686 1.97668 141.278
138.299 16.7743 27.6863 1.97295 141.26
138.399 16.7349 27.7041 1.9692 141.243
138.499 16.6954 27.7217 1.96545 141.225
138.599 16.656 27.7394 1.96169 141.207
138.699 16.6165 27.757 1.95792 141.19
138.799 16.5771 27.7745 1.95415 141.172
138.899 16.5376 27.7921 1.95037 141.155
138.999 16.4981 27.8096 1.94659 141.137
139.099 16.4586 27.827 1.9428 141.12
139.199 16.4191 27.8445 1.939 141.102
139.299 16.3796 27.8619 1.93519 141.085
139.399 16.3401 27.8792 1.93138 141.068
139.499 16.3006 27.8965 1.92756 141.05
139.599 16.2611 27.9138 1.92374 141.033
139.699 16.2216 27.9311 1.91991 141.016
139.799 16.182 27.9483 1.91607 140.998
139.899 16.1425 27.9655 1.91222 140.981
139.999 16.103 27.9826 1.90837 140.964
140.099 16.0634 27.9997 1.90451 140.947
140.199 16.0239 28.0168 1.90065 140.93
140.299 15.9843 28.0338 1.89678 140.913
140.399 15.9447 28.0508 1.8929 140.896
140.499 15.9052 28.0678 1.88902 140.879
140.599 15.8656 28.0847 1.88513 140.862
140.699 15.826 28.1016 1.88123 140.845
140.799 15.7864 28.1185 1.87733 140.828
140.899 15.7468 28.1353 1.87342 140.811
140.999 15.7072 28.1521 1.8695 140.795
141.099 15.6676 28.1688 1.86558 140.778
141.199 15.628 28.1856 1.86165 140.761
141.299 15.5884 28.2022 1.85772 140.744
141.399 15.5488 28.2189 1.85378 140.728
141.499 15.5092 28.2355 1.84983 140.711
141.599 15.4696 28.2521 1.84588 140.695
141.699 15.4299 28.2686 1.84192 140.678
141.799 15.3903 28.2851 1.83795 140.662
141.899 15.3506 28.3015 1.83398 140.645
141.999 15.311 28.318 1.83 140.629
142.099 15.2713 28.3344 1.82601 140.612
142.199 15.2317 28.3507 1.82202 140.596
142.299 15.192 28.367 1.81802 140.58
142.399 15.1523 28.3833 1.81402 140.563
142.499 15.1126 28.3995 1.81001 140.547
142.6 15.073 28.4157 1.80599 140.531
142.7 15.0333 28.4319 1.80197 140.515
142.8 14.9936 28.448 1.79794 140.499
142.9 14.9539 28.4641 1.7939 140.483
143 14.9142 28.4802 1.78986 140.467
143.1 14.8745 28.4962 1.78581 140.451
143.2 14.8348 28.5122 1.78176 140.435
143.3 14.795 28.5281 1.7777 140.419
143.4 14.7553 28.544 1.77364 140.403
143.5 14.7156 28.5599 1.76956 140.387
143.6 14.6758 28.5757 1.76549 140.371
143.7 14.6361 28.5915 1.7614 140.355
143.8 14.5964 28.6073 1.75731 140.339
143.9 14.5566 28.623 1.75322 140.324
144 14.5168 28.6387 1.74911 140.308
144.1 14.4771 28.6543 1.74501 140.292
144.2 14.4373 28.6699 1.74089 140.277
144.3 14.3976 28.6855 1.73677 140.261
144.4 14.3578 28.701 1.73265 140.246
144.5 14.318 28.7165 1.72851 140.23
144.6 14.2782 28.732 1.72438 140.215
144.7 14.2384 28.7474 1.72023 140.199
144.8 14.1986 28.7628 1.71608 140.184
144.9 14.1588 28.7781 1.71193 140.169
145 14.119 28.7934 1.70776 140.153
145.1 14.0792 28.8087 1.7036 140.138
145.2 14.0394 28.8239 1.69942 140.123
145.3 13.9996 28.8391 1.69524 140.108
145.4 13.9598 28.8542 1.69106 140.093
145.5 13.9199 28.8693 1.68687 140.077
145.6 13.8801 28.8844 1.68267 140.062
145.7 13.8403 28.8994 1.67847 140.047
145.8 13.8004 28.9144 1.67426 140.032
145.9 13.7606 28.9294 1.67005 140.017
146 13.7207 28.9443 1.66583 140.002
146.1 13.6808 28.9592 1.6616 139.988
146.2 13.641 28.974 1.65737 139.973
146.3 13.6011 28.9888 1.65313 139.958
146.4 13.5613 29.0036 1.64889 139.943
146.5 13.5214 29.0183 1.64464 139.928
146.6 13.4815 29.033 1.64039 139.914
146.7 13.4416 29.0477 1.63613 139.899
146.8 13.4017 29.0623 1.63186 139.884
146.9 13.3618 29.0768 1.62759 139.87
147 13.3219 29.0914 1.62331 139.855
147.1 13.282 29.1059 1.61903 139.841
147.2 13.2421 29.1203 1.61474 139.826
147.3 13.2022 29.1347 1.61045 139.812
147.4 13.1623 29.1491 1.60615 139.798
147.5 13.1224 29.1635 1.60185 139.783
147.6 13.0824 29.1777 1.59754 139.769
147.7 13.0425 29.192 1.59322 139.755
147.8 13.0026 29.2062 1.5889 139.741
147.9 12.9626 29.2204 1.58457 139.726
148 12.9227 29.2345 1.58024 139.712
148.1 12.8828 29.2486 1.5759 139.698
148.2 12.8428 29.2627 1.57156 139.684
148.3 12.8028 29.2767 1.56721 139.67
148.4 12.7629 29.2907 1.56286 139.656
148.5 12.7229 29.3046 1.5585 139.642
148.6 12.683 29.3186 1.55413 139.628
148.7 12.643 29.3324 1.54976 139.614
148.8 12.603 29.3462 1.54539 139.6
148.9 12.563 29.36 1.54101 139.587
149 12.523 29.3738 1.53662 139.573
149.1 12.483 29.3875 1.53223 139.559
149.2 12.4431 29.4011 1.52783 139.546
149.3 12.4031 29.4148 1.52343 139.532
149.4 12.3631 29.4283 1.51902 139.518
149.5 12.3231 29.4419 1.51461 139.505
149.6 12.283 29.4554 1.51019 139.491
149.7 12.243 29.4688 1.50577 139.478
149.8 12.203 29.4823 1.50134 139.464
149.9 12.163 29.4957 1.49691 139.451
150 12.123 29.509 1.49247 139.438
150.1 12.0829 29.5223 1.48803 139.424
150.2 12.0429 29.5356 1.48358 139.411
150.3 12.0029 29.5488 1.47912 139.398
150.4 11.9628 29.562 1.47466 139.385
150.5 11.9228 29.5751 1.4702 139.372
150.6 11.8827 29.5882 1.46573 139.359
150.7 11.8427 29.6013 1.46126 139.345
150.8 11.8026 29.6143 1.45678 139.332
150.9 11.7626 29.6273 1.45229 139.319
151 11.7225 29.6402 1.4478 139.307
151.1 11.6824 29.6531 1.44331 139.294
151.2 11.6423 29.666 1.43881 139.281
151.3 11.6023 29.6788 1.4343 139.268
151.4 11.5622 29.6915 1.42979 139.255
151.5 11.5221 29.7043 1.42528 139.242
151.6 11.482 29.717 1.42076 139.23
151.7 11.4419 29.7296 1.41623 139.217
151.8 11.4018 29.7422 1.4117 139.204
151.9 11.3617 29.7548 1.40717 139.192
152 11.3216 29.7673 1.40263 139.179
152.1 11.2815 29.7798 1.39808 139.167
152.2 11.2414 29.7923 1.39353 139.154
152.3 11.2013 29.8047 1.38898 139.142
152.4 11.1612 29.817 1.38442 139.13
152.5 11.1211 29.8294 1.37986 139.117
152.6 11.0809 29.8417 1.37529 139.105
152.7 11.0408 29.8539 1.37072 139.093
152.8 11.0007 29.8661 1.36614 139.081
152.9 10.9605 29.8783 1.36155 139.068
153 10.9204 29.8904 1.35697 139.056
153.1 10.8803 29.9024 1.35237 139.044
153.2 10.8401 29.9145 1.34778 139.032
153.3 10.8 29.9265 1.34318 139.02
153.4 10.7598 29.9384 1.33857 139.008
153.5 10.7196 29.9503 1.33396 138.996
153.6 10.6795 29.9622 1.32934 138.985
153.7 10.6393 29.974 1.32472 138.973
153.8 10.5992 29.9858 1.3201 138.961
153.9 10.559 29.9976 1.31547 138.949
154 10.5188 30.0093 1.31083 138.937
154.1 10.4786 30.0209 1.30619 138.926
154.2 10.4385 30.0325 1.30155 138.914
154.3 10.3983 30.0441 1.2969 138.903
154.4 10.3581 30.0556 1.29225 138.891
154.5 10.3179 30.0671 1.28759 138.88
154.6 10.2777 30.0786 1.28293 138.868
154.7 10.2375 30.09 1.27827 138.857
154.8 10.1973 30.1014 1.2736 138.845
154.9 10.1571 30.1127 1.26892 138.834
155 10.1169 30.124 1.26424 138.823
155.1 10.0767 30.1352 1.25956 138.812
155.2 10.0365 30.1464 1.25487 138.8
155.3 9.99625 30.1576 1.25018 138.789
155.4 9.95603 30.1687 1.24548 138.778
155.5 9.91581 30.1797 1.24078 138.767
155.6 9.87558 30.1908 1.23607 138.756
155.7 9.83535 30.2018 1.23136 138.745
155.8 9.79512 30.2127 1.22665 138.734
155.9 9.75489 30.2236 1.22193 138.723
156 9.71465 30.2345 1.21721 138.712
156.1 9.67441 30.2453 1.21248 138.701
156.2 9.63416 30.2561 1.20775 138.691
156.3 9.59391 30.2668 1.20302 138.68
156.4 9.55366 30.2775 1.19828 138.669
156.5 9.51341 30.2881 1.19353 138.659
156.6 9.47315 30.2987 1.18878 138.648
156.7 9.43289 30.3093 1.18403 138.637
156.8 9.39263 30.3198 1.17928 138.627
156.9 9.35236 30.3303 1.17452 138.616
157 9.31209 30.3407 1.16975 138.606
157.1 9.27182 30.3511 1.16498 138.596
157.2 9.23155 30.3614 1.16021 138.585
157.3 9.19127 30.3717 1.15543 138.575
157.4 9.15099 30.382 1.15065 138.565
157.5 9.11071 30.3922 1.14587 138.554
157.6 9.07042 30.4024 1.14108 138.544
157.7 9.03013 30.4125 1.13629 138.534
157.8 8.98984 30.4226 1.13149 138.524
157.9 8.94955 30.4327 1.12669 138.514
158 8.90925 30.4427 1.12188 138.504
158.1 8.86895 30.4526 1.11707 138.494
158.2 8.82864 30.4625 1.11226 138.484
158.3 8.78834 30.4724 1.10745 138.474
158.4 8.74803 30.4823 1.10262 138.464
158.5 8.70772 30.492 1.0978 138.455
158.6 8.6674 30.5018 1.09297 138.445
158.7 8.62709 30.5115 1.08814 138.435
158.8 8.58677 30.5211 1.0833 138.426
158.9 8.54645 30.5308 1.07847 138.416
159.001 8.50612 30.5403 1.07362 138.406
159.101 8.46579 30.5498 1.06877 138.397
159.201 8.42546 30.5593 1.06392 138.387
159.301 8.38513 30.5688 1.05907 138.378
159.401 8.3448 30.5782 1.05421 138.369
159.501 8.30446 30.5875 1.04935 138.359
159.601 8.26412 30.5968 1.04448 138.35
159.701 8.22377 30.6061 1.03961 138.341
159.801 8.18343 30.6153 1.03474 138.331
159.901 8.14308 30.6245 1.02986 138.322
160.001 8.10273 30.6336 1.02498 138.313
160.101 8.06238 30.6427 1.0201 138.304
160.201 8.02202 30.6518 1.01521 138.295
160.301 7.98166 30.6608 1.01032 138.286
160.401 7.9413 30.6697 1.00543 138.277
160.501 7.90094 30.6787 1.00053 138.268
160.601 7.86057 30.6875 0.995627 138.259
160.701 7.8202 30.6964 0.990722 138.25
160.801 7.77983 30.7051 0.985813 138.242
160.901 7.73946 30.7139 0.980901 138.233
161.001 7.69908 30.7226 0.975986 138.224
161.101 7.65871 30.7312 0.971067 138.215
161.201 7.61833 30.7398 0.966144 138.207
161.301 7.57794 30.7484 0.961218 138.198
161.401 7.53756 30.7569 0.956289 138.19
161.501 7.49717 30.7654 0.951357 138.181
161.601 7.45678 30.7738 0.946421 138.173
161.701 7.41639 30.7822 0.941482 138.165
161.801 7.376 30.7906 0.936539 138.156
161.901 7.3356 30.7989 0.931593 138.148
162.001 7.2952 30.8071 0.926644 138.14
162.101 7.2548 30.8153 0.921692 138.131
162.201 7.2144 30.8235 0.916736 138.123
162.301 7.17399 30.8316 0.911778 138.115
162.401 7.13358 30.8397 0.906816 138.107
162.501 7.09317 30.8477 0.90185 138.099
162.601 7.05276 30.8557 0.896882 138.091
162.701 7.01235 30.8637 0.89191 138.083
162.801 6.97193 30.8716 0.886936 138.075
162.901 6.93151 30.8794 0.881958 138.067
163.001 6.89109 30.8872 0.876977 138.059
163.101 6.85067 30.895 0.871993 138.052
163.201 6.81024 30.9027 0.867006 138.044
163.301 6.76982 30.9104 0.862016 138.036
163.401 6.72939 30.918 0.857023 138.029
163.501 6.68896 30.9256 0.852026 138.021
163.601 6.64852 30.9332 0.847027 138.014
163.701 6.60809 30.9407 0.842025 138.006
163.801 6.56765 30.9481 0.83702 137.999
163.901 6.52721 30.9555 0.832012 137.991
164.001 6.48677 30.9629 0.827001 137.984
164.101 6.44633 30.9702 0.821987 137.976
164.201 6.40588 30.9775 0.81697 137.969
164.301 6.36544 30.9847 0.81195 137.962
164.401 6.32499 30.9919 0.806928 137.955
164.501 6.28454 30.9991 0.801902 137.948
164.601 6.24408 31.0062 0.796874 137.941
164.701 6.20363 31.0132 0.791843 137.934
164.801 6.16317 31.0202 0.786809 137.926
164.901 6.12271 31.0272 0.781772 137.92
165.001 6.08225 31.0341 0.776733 137.913
165.101 6.04179 31.041 0.771691 137.906
165.201 6.00133 31.0478 0.766646 137.899
165.301 5.96086 31.0546 0.761598 137.892
165.401 5.92039 31.0613 0.756548 137.885
165.501 5.87992 31.068 0.751495 137.879
165.601 5.83945 31.0747 0.74644 137.872
165.701 5.79898 31.0813 0.741381 137.865
165.801 5.7585 31.0878 0.736321 137.859
165.901 5.71803 31.0943 0.731257 137.852
166.001 5.67755 31.1008 0.726191 137.846
166.101 5.63707 31.1072 0.721123 137.839
166.201 5.59659 31.1136 0.716051 137.833
166.301 5.5561 31.12 0.710978 137.827
166.401 5.51562 31.1262 0.705902 137.82
166.501 5.47513 31.1325 0.700823 137.814
166.601 5.43464 31.1387 0.695742 137.808
166.701 5.39415 31.1448 0.690658 137.802
166.801 5.35366 31.1509 0.685572 137.796
166.901 5.31317 31.157 0.680484 137.79
167.001 5.27267 31.163 0.675393 137.784
167.101 5.23217 31.169 0.6703 137.778
167.201 5.19168 31.1749 0.665204 137.772
167.301 5.15118 31.1808 0.660106 137.766
167.401 5.11068 31.1866 0.655006 137.76
167.501 5.07017 31.1924 0.649903 137.754
167.601 5.02967 31.1982 0.644798 137.749
167.701 4.98916 31.2039 0.639691 137.743
167.801 4.94865 31.2095 0.634582 137.737
167.901 4.90815 31.2151 0.62947 137.732
168.001 4.86763 31.2207 0.624356 137.726
168.101 4.82712 31.2262 0.61924 137.721
168.201 4.78661 31.2317 0.614122 137.715
168.301 4.74609 31.2371 0.609001 137.71
168.401 4.70558 31.2425 0.603878 137.704
168.501 4.66506 31.2478 0.598754 137.699
168.601 4.62454 31.2531 0.593627 137.694
168.701 4.58402 31.2583 0.588498 137.688
168.801 4.5435 31.2635 0.583367 137.683
168.901 4.50298 31.2687 0.578234 137.678
169.001 4.46245 31.2738 0.573098 137.673
169.101 4.42193 31.2789 0.567961 137.668
169.201 4.3814 31.2839 0.562822 137.663
169.301 4.34087 31.2888 0.557681 137.658
169.401 4.30034 31.2938 0.552538 137.653
169.501 4.25981 31.2986 0.547392 137.648
169.601 4.21928 31.3035 0.542245 137.643
169.701 4.17874 31.3083 0.537096 137.638
169.801 4.13821 31.313 0.531945 137.634
169.901 4.09767 31.3177 0.526793 137.629
170.001 4.05713 31.3223 0.521638 137.624
170.101 4.01659 31.327 0.516482 137.62
170.201 3.97605 31.3315 0.511323 137.615
170.301 3.93551 31.336 0.506163 137.611
170.401 3.89497 31.3405 0.501001 137.606
170.501 3.85443 31.3449 0.495837 137.602
170.601 3.81388 31.3493 0.490672 137.597
170.701 3.77334 31.3536 0.485505 137.593
170.801 3.73279 31.3579 0.480336 137.589
170.901 3.69224 31.3621 0.475165 137.585
171.001 3.65169 31.3663 0.469993 137.58
171.101 3.61114 31.3705 0.464819 137.576
171.201 3.57059 31.3746 0.459643 137.572
171.301 3.53004 31.3786 0.454466 137.568
171.401 3.48949 31.3826 0.449287 137.564
171.501 3.44893 31.3866 0.444107 137.56
171.601 3.40838 31.3905 0.438925 137.556
171.701 3.36782 31.3944 0.433741 137.552
171.801 3.32726 31.3982 0.428556 137.549
171.901 3.2867 31.402 0.42337 137.545
172.001 3.24614 31.4057 0.418182 137.541
172.101 3.20558 31.4094 0.412992 137.537
172.201 3.16502 31.413 0.407801 137.534
172.301 3.12446 31.4166 0.402608 137.53
172.401 3.0839 31.4202 0.397415 137.527
172.501 3.04333 31.4237 0.392219 137.523
172.601 3.00277 31.4271 0.387023 137.52
172.701 2.9622 31.4305 0.381824 137.516
172.801 2.92163 31.4339 0.376625 137.513
172.901 2.88107 31.4372 0.371424 137.51
173.001 2.8405 31.4405 0.366222 137.506
173.101 2.79993 31.4437 0.361019 137.503
173.201 2.75936 31.4469 0.355814 137.5
173.301 2.71879 31.45 0.350608 137.497
173.401 2.67821 31.4531 0.345401 137.494
173.501 2.63764 31.4561 0.340192 137.491
173.601 2.59707 31.4591 0.334983 137.488
173.701 2.55649 31.4621 0.329772 137.485
173.801 2.51592 31.465 0.32456 137.482
173.901 2.47534 31.4678 0.319347 137.479
174.001 2.43477 31.4706 0.314133 137.476
174.101 2.39419 31.4734 0.308917 137.473
174.201 2.35361 31.4761 0.303701 137.471
174.301 2.31303 31.4788 0.298483 137.468
174.401 2.27245 31.4814 0.293265 137.465
174.501 2.23187 31.484 0.288045 137.463
174.601 2.19129 31.4865 0.282825 137.46
174.701 2.15071 31.489 0.277603 137.458
174.801 2.11013 31.4914 0.27238 137.455
174.901 2.06954 31.4938 0.267157 137.453
175.001 2.02896 31.4962 0.261932 137.451
175.101 1.98838 31.4985 0.256707 137.448
175.201 1.94779 31.5007 0.25148 137.446
175.301 1.90721 31.5029 0.246253 137.444
175.402 1.86662 31.5051 0.241025 137.442
175.502 1.82604 31.5072 0.235796 137.44
175.602 1.78545 31.5093 0.230566 137.437
175.702 1.74486 31.5113 0.225335 137.435
175.802 1.70427 31.5132 0.220104 137.433
175.902 1.66368 31.5152 0.214871 137.432
176.002 1.6231 31.5171 0.209638 137.43
176.102 1.58251 31.5189 0.204405 137.428
176.202 1.54192 31.5207 0.19917 137.426
176.302 1.50133 31.5224 0.193935 137.424
176.402 1.46074 31.5241 0.188699 137.423
176.502 1.42014 31.5258 0.183463 137.421
176.602 1.37955 31.5274 0.178225 137.419
176.702 1.33896 31.5289 0.172988 137.418
176.802 1.29837 31.5304 0.167749 137.416
176.902 1.25778 31.5319 0.16251 137.415
177.002 1.21718 31.5333 0.157271 137.413
177.102 1.17659 31.5347 0.15203 137.412
177.202 1.136 31.536 0.14679 137.411
177.302 1.0954 31.5373 0.141548 137.409
177.402 1.05481 31.5385 0.136307 137.408
177.502 1.01421 31.5397 0.131064 137.407
177.602 0.973617 31.5408 0.125822 137.406
177.702 0.933022 31.5419 0.120579 137.405
177.802 0.892426 31.543 0.115335 137.404
177.902 0.85183 31.544 0.110091 137.403
178.002 0.811234 31.5449 0.104847 137.402
178.102 0.770638 31.5458 0.0996021 137.401
178.202 0.730041 31.5467 0.094357 137.4
178.302 0.689444 31.5475 0.0891116 137.399
178.402 0.648847 31.5483 0.0838658 137.398
178.502 0.60825 31.549 0.0786198 137.398
178.602 0.567652 31.5497 0.0733735 137.397
178.702 0.527054 31.5503 0.0681269 137.396
178.802 0.486457 31.5509 0.0628801 137.396
178.902 0.445859 31.5514 0.0576331 137.395
179.002 0.405261 31.5519 0.0523858 137.395
179.102 0.364662 31.5523 0.0471384 137.394
179.202 0.324064 31.5527 0.0418908 137.394
179.302 0.283466 31.5531 0.0366431 137.394
179.402 0.242867 31.5534 0.0313952 137.393
179.502 0.202269 31.5536 0.0261472 137.393
179.602 0.16167 31.5538 0.0208992 137.393
179.702 0.121071 31.554 0.015651 137.393
179.802 0.0804728 31.5541 0.0104028 137.393
179.902 0.0398741 31.5542 0.00515458 137.393
