0 4.82088e-15 3.84164 0 161.398
0.1 0.0687056 3.84166 0.00283676 161.398
0.2 0.13741 3.8417 0.00567352 161.398
0.3 0.206113 3.84177 0.00851026 161.398
0.4 0.274814 3.84186 0.011347 161.398
0.5 0.343511 3.84198 0.0141837 161.398
0.6 0.412204 3.84213 0.0170203 161.397
0.7 0.480892 3.84231 0.0198569 161.397
0.8 0.549574 3.84252 0.0226934 161.397
0.9 0.618249 3.84275 0.0255299 161.397
1 0.686917 3.84301 0.0283663 161.397
1.1 0.755576 3.84329 0.0312027 161.396
1.2 0.824226 3.84361 0.0340389 161.396
1.3 0.892866 3.84395 0.036875 161.396
1.4 0.961495 3.84431 0.0397111 161.395
1.5 1.03011 3.84471 0.042547 161.395
1.6 1.09872 3.84513 0.0453828 161.394
1.7 1.16731 3.84558 0.0482185 161.394
1.8 1.23588 3.84606 0.0510541 161.393
1.9 1.30445 3.84656 0.0538895 161.393
2 1.37299 3.84709 0.0567247 161.392
2.1 1.44152 3.84765 0.0595598 161.392
2.2 1.51003 3.84824 0.0623948 161.391
2.3 1.57852 3.84885 0.0652295 161.391
2.4 1.647 3.84949 0.0680641 161.39
2.5 1.71545 3.85016 0.0708985 161.389
2.6 1.78388 3.85086 0.0737327 161.389
2.7 1.85229 3.85158 0.0765667 161.388
2.8 1.92068 3.85233 0.0794004 161.387
2.9 1.98904 3.8531 0.082234 161.386
3 2.05738 3.85391 0.0850673 161.386
3.1 2.1257 3.85474 0.0879004 161.385
3.2 2.19399 3.8556 0.0907332 161.384
3.3 2.26225 3.85648 0.0935658 161.383
3.4 2.33048 3.85739 0.0963981 161.382
3.5 2.39869 3.85833 0.0992302 161.381
3.6 2.46687 3.8593 0.102062 161.38
3.7 2.53501 3.8603 0.104893 161.379
3.8 2.60313 3.86132 0.107725 161.378
3.9 2.67121 3.86237 0.110556 161.377
4 2.73927 3.86344 0.113386 161.376
4.1 2.80728 3.86455 0.116216 161.375
4.2 2.87527 3.86568 0.119046 161.374
4.3 2.94322 3.86683 0.121876 161.373
4.4 3.01113 3.86802 0.124705 161.372
4.5 3.07901 3.86923 0.127534 161.37
4.6 3.14685 3.87047 0.130363 161.369
4.7 3.21465 3.87174 0.133191 161.368
4.8 3.28241 3.87303 0.136019 161.366
4.9 3.35013 3.87435 0.138846 161.365
5 3.41782 3.8757 0.141673 161.364
5.1 3.48546 3.87707 0.1445 161.362
5.2 3.55305 3.87847 0.147326 161.361
5.3 3.62061 3.8799 0.150152 161.36
5.4 3.68812 3.88136 0.152978 161.358
5.5 3.75559 3.88284 0.155803 161.357
5.6 3.82301 3.88435 0.158627 161.355
5.7 3.89039 3.88589 0.161451 161.354
5.8 3.95772 3.88746 0.164275 161.352
5.9 4.025 3.88905 0.167098 161.35
6 4.09223 3.89067 0.169921 161.349
6.1 4.15941 3.89231 0.172743 161.347
6.2 4.22655 3.89399 0.175565 161.346
6.3 4.29363 3.89569 0.178386 161.344
6.4 4.36066 3.89741 0.181207 161.342
6.5 4.42764 3.89917 0.184028 161.34
6.6 4.49456 3.90095 0.186847 161.339
6.7 4.56144 3.90276 0.189667 161.337
6.8 4.62825 3.9046 0.192485 161.335
6.9 4.69502 3.90646 0.195304 161.333
7 4.76172 3.90835 0.198121 161.331
7.1 4.82837 3.91026 0.200938 161.329
7.2 4.89496 3.91221 0.203755 161.327
7.3 4.96149 3.91418 0.206571 161.325
7.4 5.02797 3.91618 0.209386 161.323
7.5 5.09438 3.9182 0.212201 161.321
7.6 5.16073 3.92026 0.215015 161.319
7.7 5.22703 3.92233 0.217829 161.317
7.79999 5.29326 3.92444 0.220642 161.315
7.89999 5.35942 3.92657 0.223455 161.313
7.99999 5.42553 3.92873 0.226266 161.311
8.09999 5.49157 3.93092 0.229077 161.309
8.2 5.55754 3.93314 0.231888 161.306
8.3 5.62345 3.93538 0.234698 161.304
8.4 5.68929 3.93765 0.237507 161.302
8.5 5.75507 3.93994 0.240316 161.3
8.6 5.82077 3.94226 0.243124 161.297
8.7 5.88641 3.94461 0.245931 161.295
8.8 5.95198 3.94699 0.248737 161.293
8.9 6.01748 3.94939 0.251543 161.29
9 6.08291 3.95182 0.254348 161.288
9.1 6.14826 3.95428 0.257153 161.285
9.2 6.21355 3.95676 0.259956 161.283
9.3 6.27876 3.95927 0.262759 161.28
9.4 6.3439 3.96181 0.265562 161.278
9.5 6.40896 3.96437 0.268363 161.275
9.6 6.47395 3.96697 0.271164 161.273
9.7 6.53887 3.96958 0.273964 161.27
9.8 6.6037 3.97223 0.276763 161.267
9.9 6.66847 3.9749 0.279562 161.265
10 6.73315 3.9776 0.282359 161.262
10.1 6.79775 3.98033 0.285156 161.259
10.2 6.86228 3.98308 0.287952 161.256
10.3 6.92673 3.98586 0.290748 161.254
10.4 6.99109 3.98866 0.293542 161.251
10.5 7.05538 3.9915 0.296336 161.248
10.6 7.11958 3.99436 0.299129 161.245
10.7 7.1837 3.99724 0.30192 161.242
10.8 7.24774 4.00016 0.304712 161.239
10.9 7.3117 4.0031 0.307502 161.236
11 7.37557 4.00606 0.310291 161.233
11.1 7.43935 4.00906 0.31308 161.23
11.2 7.50305 4.01208 0.315868 161.227
11.3 7.56667 4.01512 0.318654 161.224
11.4 7.6302 4.0182 0.32144 161.221
11.5 7.69364 4.0213 0.324225 161.218
11.6 7.75699 4.02443 0.32701 161.215
11.7 7.82025 4.02758 0.329793 161.212
11.8 7.88343 4.03076 0.332575 161.209
11.9 7.94651 4.03397 0.335356 161.206
12 8.00951 4.0372 0.338137 161.202
12.1 8.07241 4.04046 0.340916 161.199
12.2 8.13523 4.04375 0.343695 161.196
12.3 8.19795 4.04706 0.346472 161.192
12.4 8.26057 4.0504 0.349249 161.189
12.5 8.32311 4.05377 0.352025 161.186
12.6 8.38555 4.05717 0.354799 161.182
12.7 8.44789 4.06059 0.357573 161.179
12.8 8.51015 4.06403 0.360346 161.175
12.9 8.5723 4.06751 0.363117 161.172
13 8.63436 4.07101 0.365888 161.169
13.1 8.69632 4.07453 0.368657 161.165
13.2 8.75819 4.07809 0.371426 161.161
13.3 8.81995 4.08167 0.374194 161.158
13.4 8.88162 4.08527 0.37696 161.154
13.5 8.94319 4.08891 0.379725 161.151
13.6 9.00466 4.09257 0.38249 161.147
13.7 9.06603 4.09625 0.385253 161.143
13.8 9.1273 4.09996 0.388015 161.14
13.9 9.18847 4.1037 0.390777 161.136
14 9.24954 4.10747 0.393537 161.132
14.1 9.3105 4.11126 0.396296 161.128
14.2 9.37136 4.11508 0.399053 161.124
14.3 9.43212 4.11892 0.40181 161.121
14.4 9.49277 4.12279 0.404566 161.117
14.5 9.55332 4.12669 0.40732 161.113
14.6 9.61377 4.13062 0.410074 161.109
14.7 9.67411 4.13457 0.412826 161.105
14.8 9.73434 4.13854 0.415577 161.101
14.9 9.79447 4.14255 0.418327 161.097
15 9.85449 4.14658 0.421075 161.093
15.1 9.9144 4.15063 0.423823 161.089
15.2 9.97421 4.15471 0.426569 161.085
15.3 10.0339 4.15882 0.429314 161.081
15.4 10.0935 4.16296 0.432058 161.077
15.5 10.153 4.16712 0.434801 161.072
15.6 10.2123 4.1713 0.437542 161.068
15.7 10.2716 4.17552 0.440283 161.064
15.8 10.3308 4.17976 0.443022 161.06
15.9 10.3898 4.18402 0.44576 161.056
16 10.4487 4.18832 0.448496 161.051
16.1 10.5075 4.19263 0.451232 161.047
16.2 10.5662 4.19698 0.453966 161.043
16.3 10.6248 4.20135 0.456698 161.038
16.4 10.6833 4.20575 0.45943 161.034
16.5 10.7417 4.21017 0.46216 161.029
16.6 10.7999 4.21462 0.464889 161.025
16.7 10.858 4.21909 0.467617 161.02
16.8 10.9161 4.22359 0.470343 161.016
16.9 10.974 4.22812 0.473068 161.011
17 11.0317 4.23268 0.475792 161.007
17.1 11.0894 4.23726 0.478514 161.002
17.2 11.147 4.24186 0.481235 160.998
17.3 11.2044 4.24649 0.483955 160.993
17.4 11.2617 4.25115 0.486673 160.988
17.5 11.3189 4.25583 0.48939 160.984
17.6 11.376 4.26054 0.492106 160.979
17.7 11.433 4.26528 0.49482 160.974
17.8 11.4898 4.27004 0.497533 160.969
17.9 11.5465 4.27483 0.500244 160.965
18 11.6031 4.27964 0.502954 160.96
18.1 11.6596 4.28448 0.505663 160.955
18.2 11.716 4.28935 0.50837 160.95
18.3 11.7722 4.29424 0.511076 160.945
18.4 11.8283 4.29916 0.51378 160.94
18.5 11.8843 4.3041 0.516483 160.935
18.6 11.9402 4.30907 0.519184 160.93
18.7 11.996 4.31406 0.521884 160.925
18.8 12.0516 4.31908 0.524583 160.92
18.9 12.1071 4.32413 0.52728 160.915
19 12.1625 4.3292 0.529975 160.91
19.1 12.2178 4.3343 0.53267 160.905
19.2 12.2729 4.33942 0.535362 160.9
19.3 12.3279 4.34457 0.538053 160.895
19.4 12.3828 4.34975 0.540743 160.89
19.5 12.4376 4.35495 0.543431 160.885
19.6 12.4922 4.36018 0.546118 160.879
19.7 12.5467 4.36543 0.548803 160.874
19.8 12.6011 4.37071 0.551486 160.869
19.9 12.6554 4.37601 0.554168 160.864
20 12.7095 4.38134 0.556848 160.858
20.1 12.7635 4.38669 0.559527 160.853
20.2 12.8174 4.39207 0.562205 160.847
20.3 12.8711 4.39748 0.56488 160.842
20.4 12.9248 4.40291 0.567554 160.837
20.5 12.9782 4.40837 0.570227 160.831
20.6 13.0316 4.41385 0.572898 160.826
20.7 13.0848 4.41936 0.575567 160.82
20.8 13.138 4.42489 0.578235 160.815
20.9 13.1909 4.43045 0.580901 160.809
21 13.2438 4.43604 0.583565 160.803
21.1 13.2965 4.44165 0.586228 160.798
21.2 13.3491 4.44728 0.588889 160.792
21.3 13.4016 4.45294 0.591549 160.787
21.4 13.4539 4.45863 0.594207 160.781
21.5 13.5061 4.46434 0.596863 160.775
21.6 13.5581 4.47008 0.599517 160.769
21.7 13.6101 4.47584 0.60217 160.764
21.8 13.6619 4.48163 0.604821 160.758
21.9 13.7136 4.48744 0.607471 160.752
22 13.7651 4.49328 0.610119 160.746
22.1 13.8165 4.49915 0.612765 160.74
22.2 13.8678 4.50503 0.615409 160.734
22.3 13.9189 4.51095 0.618052 160.729
22.4 13.9699 4.51689 0.620692 160.723
22.5 14.0208 4.52285 0.623331 160.717
22.6 14.0715 4.52884 0.625969 160.711
22.7001 14.1222 4.53486 0.628604 160.705
22.8001 14.1726 4.5409 0.631238 160.699
22.9001 14.223 4.54696 0.63387 160.693
23.0001 14.2732 4.55305 0.636501 160.686
23.1001 14.3233 4.55917 0.639129 160.68
23.2001 14.3732 4.56531 0.641756 160.674
23.3001 14.423 4.57147 0.644381 160.668
23.4001 14.4727 4.57766 0.647004 160.662
23.5001 14.5222 4.58388 0.649625 160.656
23.6001 14.5716 4.59012 0.652245 160.649
23.7001 14.6209 4.59639 0.654862 160.643
23.8001 14.67 4.60268 0.657478 160.637
23.9001 14.719 4.60899 0.660092 160.631
24.0001 14.7678 4.61533 0.662704 160.624
24.1001 14.8166 4.6217 0.665314 160.618
24.2001 14.8651 4.62809 0.667923 160.611
24.3001 14.9136 4.6345 0.670529 160.605
24.4001 14.9619 4.64094 0.673134 160.599
24.5001 15.0101 4.64741 0.675736 160.592
24.6001 15.0581 4.6539 0.678337 160.586
24.7001 15.106 4.66041 0.680936 160.579
24.8001 15.1538 4.66695 0.683533 160.573
24.9001 15.2014 4.67352 0.686128 160.566
25.0001 15.2489 4.6801 0.688721 160.559
25.1001 15.2962 4.68672 0.691312 160.553
25.2001 15.3434 4.69336 0.693902 160.546
25.3001 15.3905 4.70002 0.696489 160.54
25.4001 15.4375 4.70671 0.699074 160.533
25.5001 15.4843 4.71342 0.701658 160.526
25.6001 15.5309 4.72015 0.704239 160.519
25.7001 15.5774 4.72691 0.706819 160.513
25.8001 15.6238 4.7337 0.709396 160.506
25.9001 15.6701 4.74051 0.711971 160.499
26.0001 15.7162 4.74735 0.714545 160.492
26.1001 15.7621 4.7542 0.717116 160.485
26.2001 15.808 4.76109 0.719686 160.478
26.3001 15.8537 4.768 0.722253 160.472
26.4001 15.8992 4.77493 0.724818 160.465
26.5001 15.9446 4.78189 0.727382 160.458
26.6001 15.9899 4.78887 0.729943 160.451
26.7001 16.035 4.79587 0.732502 160.444
26.8001 16.08 4.8029 0.735059 160.437
26.9001 16.1249 4.80996 0.737615 160.43
27.0001 16.1696 4.81704 0.740168 160.422
27.1001 16.2142 4.82414 0.742718 160.415
27.2001 16.2586 4.83127 0.745267 160.408
27.3001 16.3029 4.83842 0.747814 160.401
27.4001 16.3471 4.84559 0.750359 160.394
27.5001 16.3911 4.85279 0.752901 160.387
27.6001 16.435 4.86002 0.755442 160.38
27.7001 16.4787 4.86727 0.75798 160.372
27.8001 16.5223 4.87454 0.760516 160.365
27.9001 16.5658 4.88184 0.76305 160.358
28.0001 16.6091 4.88916 0.765582 160.35
28.1001 16.6523 4.8965 0.768112 160.343
28.2001 16.6953 4.90387 0.770639 160.336
28.3001 16.7382 4.91126 0.773165 160.328
28.4001 16.781 4.91868 0.775688 160.321
28.5001 16.8236 4.92612 0.778209 160.313
28.6001 16.8661 4.93359 0.780728 160.306
28.7001 16.9084 4.94107 0.783244 160.298
28.8001 16.9506 4.94859 0.785759 160.291
28.9001 16.9927 4.95612 0.788271 160.283
29.0001 17.0346 4.96368 0.790781 160.276
29.1001 17.0764 4.97127 0.793288 160.268
29.2001 17.118 4.97888 0.795794 160.261
29.3001 17.1595 4.98651 0.798297 160.253
29.4001 17.2009 4.99416 0.800798 160.245
29.5001 17.2421 5.00184 0.803297 160.238
29.6001 17.2832 5.00955 0.805793 160.23
29.7001 17.3241 5.01727 0.808288 160.222
29.8001 17.3649 5.02502 0.81078 160.215
29.9001 17.4056 5.0328 0.813269 160.207
30.0001 17.4461 5.0406 0.815757 160.199
30.1001 17.4864 5.04842 0.818242 160.191
30.2001 17.5267 5.05626 0.820724 160.183
30.3001 17.5668 5.06413 0.823205 160.175
30.4001 17.6067 5.07202 0.825683 160.168
30.5001 17.6465 5.07994 0.828159 160.16
30.6001 17.6862 5.08788 0.830632 160.152
30.7001 17.7258 5.09584 0.833103 160.144
30.8001 17.7652 5.10383 0.835572 160.136
30.9001 17.8044 5.11183 0.838038 160.128
31.0001 17.8435 5.11987 0.840502 160.12
31.1001 17.8825 5.12792 0.842964 160.112
31.2001 17.9213 5.136 0.845423 160.104
31.3001 17.96 5.14411 0.84788 160.095
31.4001 17.9986 5.15223 0.850335 160.087
31.5001 18.037 5.16038 0.852787 160.079
31.6001 18.0753 5.16855 0.855236 160.071
31.7001 18.1134 5.17675 0.857684 160.063
31.8001 18.1514 5.18497 0.860129 160.055
31.9001 18.1893 5.19321 0.862571 160.046
32.0001 18.227 5.20148 0.865011 160.038
32.1001 18.2646 5.20976 0.867448 160.03
32.2001 18.302 5.21808 0.869883 160.021
32.3001 18.3393 5.22641 0.872316 160.013
32.4001 18.3764 5.23477 0.874746 160.005
32.5001 18.4135 5.24315 0.877174 159.996
32.6001 18.4503 5.25155 0.879599 159.988
32.7001 18.4871 5.25998 0.882022 159.98
32.8001 18.5237 5.26843 0.884442 159.971
32.9001 18.5601 5.2769 0.88686 159.963
33.0001 18.5965 5.2854 0.889275 159.954
33.1001 18.6326 5.29391 0.891687 159.946
33.2001 18.6687 5.30245 0.894098 159.937
33.3001 18.7046 5.31102 0.896505 159.929
33.4001 18.7404 5.3196 0.89891 159.92
33.5001 18.776 5.32821 0.901313 159.911
33.6001 18.8115 5.33685 0.903713 159.903
33.7001 18.8468 5.3455 0.90611 159.894
33.8001 18.8821 5.35418 0.908505 159.885
33.9001 18.9171 5.36288 0.910898 159.877
34.0001 18.9521 5.3716 0.913287 159.868
34.1001 18.9869 5.38035 0.915674 159.859
34.2001 19.0215 5.38911 0.918059 159.85
34.3 19.0561 5.3979 0.920441 159.842
34.4 19.0904 5.40672 0.92282 159.833
34.5 19.1247 5.41555 0.925197 159.824
34.6 19.1588 5.42441 0.927571 159.815
34.7 19.1928 5.43329 0.929943 159.806
34.8 19.2266 5.44219 0.932312 159.797
34.9 19.2603 5.45112 0.934678 159.788
35 19.2939 5.46007 0.937041 159.779
35.1 19.3273 5.46903 0.939402 159.77
35.2 19.3606 5.47803 0.941761 159.761
35.3 19.3937 5.48704 0.944116 159.752
35.4 19.4267 5.49608 0.946469 159.743
35.5 19.4596 5.50514 0.948819 159.734
35.6 19.4924 5.51422 0.951167 159.725
35.7 19.525 5.52332 0.953512 159.716
35.8 19.5574 5.53245 0.955854 159.707
35.9 19.5898 5.54159 0.958193 159.698
36 19.622 5.55076 0.96053 159.689
36.1 19.654 5.55995 0.962864 159.68
36.2 19.6859 5.56917 0.965195 159.67
36.3 19.7177 5.5784 0.967524 159.661
36.4 19.7494 5.58766 0.96985 159.652
36.5 19.7809 5.59694 0.972173 159.643
36.6 19.8123 5.60624 0.974493 159.633
36.7 19.8435 5.61557 0.976811 159.624
36.8 19.8746 5.62491 0.979126 159.615
36.9 19.9056 5.63428 0.981438 159.605
37 19.9365 5.64367 0.983747 159.596
37.1 19.9672 5.65308 0.986053 159.586
37.2 19.9977 5.66251 0.988357 159.577
37.3 20.0282 5.67196 0.990658 159.568
37.4 20.0585 5.68144 0.992956 159.558
37.5 20.0886 5.69094 0.995251 159.549
37.6 20.1187 5.70045 0.997543 159.539
37.7 20.1486 5.71 0.999833 159.53
37.8 20.1784 5.71956 1.00212 159.52
37.9 20.208 5.72914 1.0044 159.51
38 20.2375 5.73875 1.00668 159.501
38.1 20.2669 5.74837 1.00896 159.491
38.2 20.2961 5.75802 1.01124 159.482
38.3 20.3252 5.76769 1.01351 159.472
38.4 20.3542 5.77738 1.01578 159.462
38.5 20.383 5.78709 1.01805 159.452
38.6 20.4117 5.79683 1.02031 159.443
38.7 20.4403 5.80658 1.02257 159.433
38.8 20.4687 5.81636 1.02483 159.423
38.9 20.497 5.82616 1.02708 159.413
39 20.5252 5.83597 1.02934 159.404
39.1 20.5533 5.84581 1.03159 159.394
39.2 20.5812 5.85568 1.03383 159.384
39.3 20.609 5.86556 1.03607 159.374
39.4 20.6366 5.87546 1.03832 159.364
39.5 20.6641 5.88538 1.04055 159.354
39.6 20.6915 5.89533 1.04279 159.344
39.7 20.7188 5.9053 1.04502 159.334
39.8 20.7459 5.91528 1.04725 159.324
39.9 20.7729 5.92529 1.04947 159.314
40 20.7998 5.93532 1.0517 159.304
40.1 20.8265 5.94537 1.05392 159.294
40.2 20.8531 5.95544 1.05613 159.284
40.3 20.8796 5.96553 1.05835 159.274
40.4 20.906 5.97565 1.06056 159.264
40.5 20.9322 5.98578 1.06276 159.254
40.6 20.9583 5.99593 1.06497 159.244
40.7 20.9842 6.00611 1.06717 159.233
40.7999 21.0101 6.0163 1.06937 159.223
40.8999 21.0358 6.02652 1.07156 159.213
40.9999 21.0614 6.03676 1.07376 159.203
41.0999 21.0868 6.04701 1.07595 159.193
41.1999 21.1121 6.05729 1.07813 159.182
41.2999 21.1373 6.06759 1.08031 159.172
41.3999 21.1624 6.07791 1.08249 159.162
41.4999 21.1873 6.08825 1.08467 159.151
41.5999 21.2121 6.09861 1.08685 159.141
41.6999 21.2368 6.10899 1.08902 159.131
41.7999 21.2614 6.11939 1.09118 159.12
41.8999 21.2858 6.12981 1.09335 159.11
41.9999 21.3101 6.14025 1.09551 159.099
42.0999 21.3343 6.15071 1.09767 159.089
42.1999 21.3583 6.16119 1.09982 159.078
42.2999 21.3823 6.17169 1.10198 159.068
42.3999 21.4061 6.18221 1.10413 159.057
42.4999 21.4297 6.19276 1.10627 159.047
42.5999 21.4533 6.20332 1.10841 159.036
42.6999 21.4767 6.2139 1.11055 159.026
42.7999 21.5 6.2245 1.11269 159.015
42.8999 21.5232 6.23512 1.11482 159.004
42.9999 21.5462 6.24577 1.11695 158.994
43.0999 21.5692 6.25643 1.11908 158.983
43.1999 21.592 6.26711 1.1212 158.972
43.2999 21.6146 6.27781 1.12332 158.962
43.3999 21.6372 6.28853 1.12544 158.951
43.4999 21.6596 6.29927 1.12755 158.94
43.5999 21.6819 6.31003 1.12967 158.929
43.6999 21.7041 6.32082 1.13177 158.919
43.7999 21.7261 6.33162 1.13388 158.908
43.8999 21.7481 6.34244 1.13598 158.897
43.9999 21.7699 6.35328 1.13808 158.886
44.0999 21.7916 6.36414 1.14017 158.875
44.1999 21.8132 6.37501 1.14226 158.865
44.2999 21.8346 6.38591 1.14435 158.854
44.3999 21.8559 6.39683 1.14644 158.843
44.4999 21.8771 6.40777 1.14852 158.832
44.5999 21.8982 6.41873 1.1506 158.821
44.6999 21.9192 6.4297 1.15267 158.81
44.7999 21.94 6.4407 1.15474 158.799
44.8999 21.9607 6.45171 1.15681 158.788
44.9999 21.9813 6.46275 1.15888 158.777
45.0999 22.0018 6.4738 1.16094 158.766
45.1999 22.0221 6.48488 1.163 158.755
45.2999 22.0424 6.49597 1.16505 158.744
45.3999 22.0625 6.50708 1.1671 158.732
45.4999 22.0825 6.51821 1.16915 158.721
45.5999 22.1024 6.52936 1.1712 158.71
45.6999 22.1221 6.54053 1.17324 158.699
45.7999 22.1418 6.55172 1.17528 158.688
45.8999 22.1613 6.56292 1.17731 158.677
45.9999 22.1807 6.57415 1.17934 158.665
46.0999 22.2 6.58539 1.18137 158.654
46.1999 22.2191 6.59666 1.1834 158.643
46.2999 22.2382 6.60794 1.18542 158.632
46.3999 22.2571 6.61924 1.18744 158.62
46.4999 22.2759 6.63056 1.18945 158.609
46.5999 22.2946 6.6419 1.19146 158.598
46.6999 22.3132 6.65326 1.19347 158.586
46.7999 22.3316 6.66463 1.19547 158.575
46.8999 22.35 6.67603 1.19748 158.563
46.9999 22.3682 6.68744 1.19947 158.552
47.0999 22.3863 6.69887 1.20147 158.541
47.1999 22.4043 6.71032 1.20346 158.529
47.2999 22.4222 6.72179 1.20545 158.518
47.3998 22.4399 6.73328 1.20743 158.506
47.4998 22.4576 6.74479 1.20941 158.495
47.5998 22.4751 6.75631 1.21139 158.483
47.6998 22.4925 6.76785 1.21336 158.472
47.7998 22.5098 6.77942 1.21533 158.46
47.8998 22.527 6.791 1.2173 158.449
47.9998 22.5441 6.80259 1.21926 158.437
48.0998 22.561 6.81421 1.22122 158.425
48.1998 22.5779 6.82584 1.22318 158.414
48.2998 22.5946 6.8375 1.22513 158.402
48.3998 22.6112 6.84917 1.22708 158.39
48.4998 22.6277 6.86086 1.22902 158.379
48.5998 22.6441 6.87256 1.23096 158.367
48.6998 22.6604 6.88429 1.2329 158.355
48.7998 22.6765 6.89603 1.23484 158.343
48.8998 22.6926 6.90779 1.23677 158.332
48.9998 22.7085 6.91957 1.2387 158.32
49.0998 22.7243 6.93137 1.24062 158.308
49.1998 22.74 6.94318 1.24254 158.296
49.2998 22.7556 6.95501 1.24446 158.285
49.3998 22.7711 6.96686 1.24637 158.273
49.4998 22.7865 6.97873 1.24828 158.261
49.5998 22.8018 6.99062 1.25019 158.249
49.6998 22.8169 7.00252 1.25209 158.237
49.7998 22.832 7.01444 1.25399 158.225
49.8998 22.8469 7.02638 1.25589 158.213
49.9998 22.8617 7.03833 1.25778 158.201
50.0998 22.8764 7.05031 1.25967 158.189
50.1998 22.891 7.0623 1.26155 158.177
50.2998 22.9055 7.07431 1.26343 158.165
50.3998 22.9199 7.08633 1.26531 158.153
50.4998 22.9342 7.09838 1.26718 158.141
50.5998 22.9484 7.11044 1.26905 158.129
50.6998 22.9624 7.12251 1.27092 158.117
50.7998 22.9764 7.13461 1.27278 158.105
50.8998 22.9902 7.14672 1.27464 158.093
50.9998 23.004 7.15885 1.2765 158.081
51.0998 23.0176 7.171 1.27835 158.069
51.1998 23.0311 7.18316 1.2802 158.056
51.2998 23.0445 7.19534 1.28204 158.044
51.3998 23.0578 7.20754 1.28388 158.032
51.4998 23.071 7.21975 1.28572 158.02
51.5998 23.0841 7.23199 1.28755 158.008
51.6998 23.0971 7.24424 1.28938 157.995
51.7998 23.1099 7.2565 1.29121 157.983
51.8998 23.1227 7.26878 1.29303 157.971
51.9998 23.1354 7.28108 1.29485 157.958
52.0998 23.1479 7.2934 1.29667 157.946
52.1998 23.1604 7.30573 1.29848 157.934
52.2998 23.1727 7.31808 1.30028 157.921
52.3998 23.185 7.33045 1.30209 157.909
52.4998 23.1971 7.34283 1.30389 157.897
52.5998 23.2092 7.35523 1.30568 157.884
52.6998 23.2211 7.36765 1.30748 157.872
52.7998 23.2329 7.38008 1.30926 157.859
52.8998 23.2446 7.39253 1.31105 157.847
52.9998 23.2562 7.40499 1.31283 157.835
53.0998 23.2678 7.41748 1.31461 157.822
53.1998 23.2792 7.42997 1.31638 157.81
53.2998 23.2905 7.44249 1.31815 157.797
53.3998 23.3017 7.45502 1.31992 157.785
53.4998 23.3128 7.46757 1.32168 157.772
53.5998 23.3238 7.48013 1.32344 157.759
53.6998 23.3347 7.49271 1.32519 157.747
53.7998 23.3455 7.5053 1.32694 157.734
53.8997 23.3561 7.51792 1.32869 157.722
53.9997 23.3667 7.53054 1.33043 157.709
54.0997 23.3772 7.54319 1.33217 157.696
54.1997 23.3876 7.55585 1.33391 157.684
54.2997 23.3979 7.56852 1.33564 157.671
54.3997 23.4081 7.58122 1.33736 157.658
54.4997 23.4182 7.59392 1.33909 157.646
54.5997 23.4281 7.60665 1.34081 157.633
54.6997 23.438 7.61939 1.34252 157.62
54.7997 23.4478 7.63214 1.34424 157.607
54.8997 23.4575 7.64491 1.34594 157.595
54.9997 23.4671 7.6577 1.34765 157.582
55.0997 23.4766 7.6705 1.34935 157.569
55.1997 23.486 7.68332 1.35104 157.556
55.2997 23.4952 7.69615 1.35274 157.543
55.3997 23.5044 7.709 1.35443 157.531
55.4997 23.5135 7.72186 1.35611 157.518
55.5997 23.5225 7.73474 1.35779 157.505
55.6997 23.5314 7.74764 1.35947 157.492
55.7997 23.5402 7.76055 1.36114 157.479
55.8997 23.5489 7.77347 1.36281 157.466
55.9997 23.5575 7.78641 1.36447 157.453
56.0997 23.566 7.79937 1.36614 157.44
56.1997 23.5744 7.81234 1.36779 157.427
56.2997 23.5827 7.82533 1.36945 157.414
56.3997 23.5909 7.83833 1.3711 157.401
56.4997 23.599 7.85135 1.37274 157.388
56.5997 23.6071 7.86438 1.37438 157.375
56.6997 23.615 7.87743 1.37602 157.362
56.7997 23.6228 7.89049 1.37765 157.349
56.8997 23.6305 7.90356 1.37928 157.336
56.9997 23.6382 7.91666 1.38091 157.323
57.0997 23.6457 7.92976 1.38253 157.31
57.1997 23.6532 7.94288 1.38415 157.297
57.2997 23.6605 7.95602 1.38576 157.284
57.3997 23.6678 7.96917 1.38737 157.27
57.4997 23.6749 7.98233 1.38897 157.257
57.5997 23.682 7.99551 1.39057 157.244
57.6997 23.689 8.00871 1.39217 157.231
57.7997 23.6959 8.02192 1.39377 157.218
57.8997 23.7027 8.03514 1.39535 157.204
57.9997 23.7094 8.04838 1.39694 157.191
58.0997 23.716 8.06163 1.39852 157.178
58.1997 23.7225 8.0749 1.4001 157.165
58.2997 23.7289 8.08818 1.40167 157.151
58.3997 23.7352 8.10148 1.40324 157.138
58.4997 23.7414 8.11479 1.4048 157.125
58.5997 23.7476 8.12811 1.40636 157.111
58.6997 23.7536 8.14145 1.40792 157.098
58.7997 23.7596 8.1548 1.40947 157.085
58.8997 23.7654 8.16817 1.41102 157.071
58.9997 23.7712 8.18155 1.41257 157.058
59.0997 23.7769 8.19495 1.41411 157.045
59.1997 23.7825 8.20835 1.41564 157.031
59.2997 23.788 8.22178 1.41717 157.018
59.3997 23.7934 8.23521 1.4187 157.004
59.4997 23.7987 8.24867 1.42023 156.991
59.5997 23.804 8.26213 1.42175 156.977
59.6997 23.8091 8.27561 1.42326 156.964
59.7997 23.8141 8.2891 1.42477 156.95
59.8997 23.8191 8.30261 1.42628 156.937
59.9997 23.824 8.31613 1.42778 156.923
60.0997 23.8288 8.32966 1.42928 156.91
60.1997 23.8335 8.3432 1.43078 156.896
60.2997 23.8381 8.35676 1.43227 156.883
60.3997 23.8426 8.37034 1.43375 156.869
60.4996 23.847 8.38393 1.43523 156.856
60.5996 23.8514 8.39753 1.43671 156.842
60.6996 23.8556 8.41114 1.43819 156.828
60.7996 23.8598 8.42477 1.43966 156.815
60.8996 23.8639 8.43841 1.44112 156.801
60.9996 23.8678 8.45206 1.44258 156.787
61.0996 23.8717 8.46573 1.44404 156.774
61.1996 23.8756 8.47941 1.44549 156.76
61.2996 23.8793 8.4931 1.44694 156.746
61.3996 23.8829 8.50681 1.44839 156.733
61.4996 23.8865 8.52053 1.44983 156.719
61.5996 23.89 8.53426 1.45126 156.705
61.6996 23.8934 8.54801 1.45269 156.692
61.7996 23.8967 8.56177 1.45412 156.678
61.8996 23.8999 8.57554 1.45554 156.664
61.9996 23.903 8.58932 1.45696 156.65
62.0996 23.906 8.60312 1.45838 156.636
62.1996 23.909 8.61693 1.45979 156.623
62.2996 23.9119 8.63075 1.4612 156.609
62.3996 23.9147 8.64458 1.4626 156.595
62.4996 23.9174 8.65843 1.464 156.581
62.5996 23.92 8.67229 1.46539 156.567
62.6996 23.9225 8.68617 1.46678 156.553
62.7996 23.925 8.70005 1.46816 156.539
62.8996 23.9274 8.71395 1.46954 156.526
62.9996 23.9297 8.72786 1.47092 156.512
63.0996 23.9319 8.74178 1.47229 156.498
63.1996 23.934 8.75572 1.47366 156.484
63.2996 23.936 8.76966 1.47502 156.47
63.3996 23.938 8.78362 1.47638 156.456
63.4996 23.9399 8.79759 1.47774 156.442
63.5996 23.9416 8.81158 1.47909 156.428
63.6996 23.9434 8.82557 1.48043 156.414
63.7996 23.945 8.83958 1.48177 156.4
63.8996 23.9465 8.8536 1.48311 156.386
63.9996 23.948 8.86763 1.48445 156.372
64.0996 23.9494 8.88168 1.48577 156.358
64.1996 23.9507 8.89573 1.4871 156.344
64.2996 23.9519 8.9098 1.48842 156.33
64.3996 23.953 8.92388 1.48973 156.316
64.4996 23.9541 8.93797 1.49105 156.302
64.5996 23.9551 8.95208 1.49235 156.287
64.6996 23.956 8.96619 1.49366 156.273
64.7996 23.9568 8.98032 1.49495 156.259
64.8996 23.9576 8.99446 1.49625 156.245
64.9996 23.9582 9.00861 1.49754 156.231
65.0996 23.9588 9.02277 1.49882 156.217
65.1996 23.9593 9.03694 1.5001 156.203
65.2996 23.9597 9.05112 1.50138 156.188
65.3996 23.9601 9.06532 1.50265 156.174
65.4996 23.9603 9.07953 1.50392 156.16
65.5996 23.9605 9.09374 1.50518 156.146
65.6996 23.9606 9.10797 1.50644 156.132
65.7996 23.9607 9.12221 1.5077 156.117
65.8996 23.9606 9.13647 1.50895 156.103
65.9996 23.9605 9.15073 1.51019 156.089
66.0996 23.9603 9.165 1.51143 156.075
66.1996 23.96 9.17929 1.51267 156.06
66.2996 23.9597 9.19358 1.5139 156.046
66.3996 23.9592 9.20789 1.51513 156.032
66.4996 23.9587 9.22221 1.51635 156.017
66.5996 23.9582 9.23654 1.51757 156.003
66.6996 23.9575 9.25088 1.51878 155.989
66.7996 23.9568 9.26523 1.51999 155.974
66.8996 23.9559 9.27959 1.5212 155.96
66.9995 23.9551 9.29396 1.5224 155.946
67.0995 23.9541 9.30834 1.5236 155.931
67.1995 23.953 9.32274 1.52479 155.917
67.2995 23.9519 9.33714 1.52598 155.902
67.3995 23.9507 9.35155 1.52716 155.888
67.4995 23.9495 9.36598 1.52834 155.874
67.5995 23.9481 9.38041 1.52951 155.859
67.6995 23.9467 9.39486 1.53068 155.845
67.7995 23.9452 9.40931 1.53185 155.83
67.8995 23.9437 9.42378 1.53301 155.816
67.9995 23.942 9.43826 1.53416 155.801
68.0995 23.9403 9.45274 1.53532 155.787
68.1995 23.9385 9.46724 1.53646 155.772
68.2995 23.9367 9.48175 1.53761 155.758
68.3995 23.9347 9.49626 1.53874 155.743
68.4995 23.9327 9.51079 1.53988 155.729
68.5995 23.9307 9.52533 1.54101 155.714
68.6995 23.9285 9.53987 1.54213 155.7
68.7995 23.9263 9.55443 1.54325 155.685
68.8995 23.924 9.569 1.54437 155.671
68.9995 23.9216 9.58357 1.54548 155.656
69.0995 23.9192 9.59816 1.54658 155.641
69.1995 23.9167 9.61276 1.54768 155.627
69.2995 23.9141 9.62736 1.54878 155.612
69.3995 23.9114 9.64198 1.54987 155.598
69.4995 23.9087 9.6566 1.55096 155.583
69.5995 23.9059 9.67124 1.55205 155.568
69.6995 23.903 9.68588 1.55312 155.554
69.7995 23.9001 9.70053 1.5542 155.539
69.8995 23.8971 9.7152 1.55527 155.524
69.9995 23.894 9.72987 1.55633 155.51
70.0995 23.8908 9.74455 1.55739 155.495
70.1995 23.8876 9.75924 1.55845 155.48
70.2995 23.8843 9.77394 1.5595 155.466
70.3995 23.8809 9.78865 1.56055 155.451
70.4995 23.8775 9.80337 1.56159 155.436
70.5995 23.874 9.8181 1.56263 155.421
70.6995 23.8704 9.83283 1.56366 155.407
70.7995 23.8668 9.84758 1.56469 155.392
70.8995 23.8631 9.86233 1.56571 155.377
70.9995 23.8593 9.8771 1.56673 155.362
71.0995 23.8555 9.89187 1.56775 155.348
71.1995 23.8515 9.90665 1.56876 155.333
71.2995 23.8475 9.92144 1.56976 155.318
71.3995 23.8435 9.93624 1.57076 155.303
71.4995 23.8394 9.95105 1.57176 155.288
71.5995 23.8352 9.96586 1.57275 155.274
71.6995 23.8309 9.98069 1.57373 155.259
71.7995 23.8266 9.99552 1.57472 155.244
71.8995 23.8222 10.0104 1.57569 155.229
71.9995 23.8177 10.0252 1.57667 155.214
72.0995 23.8132 10.0401 1.57763 155.199
72.1995 23.8086 10.0549 1.5786 155.185
72.2995 23.804 10.0698 1.57956 155.17
72.3995 23.7992 10.0847 1.58051 155.155
72.4995 23.7944 10.0996 1.58146 155.14
72.5995 23.7896 10.1145 1.5824 155.125
72.6995 23.7847 10.1294 1.58334 155.11
72.7995 23.7797 10.1443 1.58428 155.095
72.8995 23.7746 10.1592 1.58521 155.08
72.9995 23.7695 10.1742 1.58614 155.065
73.0995 23.7643 10.1891 1.58706 155.05
73.1995 23.759 10.2041 1.58797 155.035
73.2995 23.7537 10.219 1.58888 155.021
73.3995 23.7483 10.234 1.58979 155.006
73.4995 23.7429 10.2489 1.59069 154.991
73.5994 23.7374 10.2639 1.59159 154.976
73.6994 23.7318 10.2789 1.59248 154.961
73.7994 23.7261 10.2939 1.59337 154.946
73.8994 23.7204 10.3089 1.59426 154.931
73.9994 23.7147 10.3239 1.59513 154.916
74.0994 23.7088 10.3389 1.59601 154.901
74.1994 23.7029 10.354 1.59688 154.886
74.2994 23.697 10.369 1.59774 154.871
74.3994 23.6909 10.384 1.5986 154.855
74.4994 23.6848 10.3991 1.59946 154.84
74.5994 23.6787 10.4141 1.60031 154.825
74.6994 23.6725 10.4292 1.60115 154.81
74.7994 23.6662 10.4443 1.60199 154.795
74.8994 23.6598 10.4593 1.60283 154.78
74.9994 23.6534 10.4744 1.60366 154.765
75.0994 23.647 10.4895 1.60449 154.75
75.1994 23.6404 10.5046 1.60531 154.735
75.2994 23.6338 10.5197 1.60613 154.72
75.3994 23.6272 10.5348 1.60694 154.705
75.4994 23.6205 10.5499 1.60774 154.69
75.5994 23.6137 10.5651 1.60855 154.674
75.6994 23.6069 10.5802 1.60935 154.659
75.7994 23.6 10.5953 1.61014 154.644
75.8994 23.593 10.6105 1.61093 154.629
75.9994 23.586 10.6256 1.61171 154.614
76.0994 23.5789 10.6408 1.61249 154.599
76.1994 23.5717 10.656 1.61326 154.584
76.2994 23.5645 10.6711 1.61403 154.568
76.3994 23.5573 10.6863 1.6148 154.553
76.4994 23.5499 10.7015 1.61556 154.538
76.5994 23.5426 10.7167 1.61631 154.523
76.6994 23.5351 10.7319 1.61706 154.508
76.7994 23.5276 10.7471 1.6178 154.492
76.8994 23.52 10.7623 1.61854 154.477
76.9994 23.5124 10.7775 1.61928 154.462
77.0994 23.5047 10.7927 1.62001 154.447
77.1994 23.497 10.808 1.62074 154.432
77.2994 23.4892 10.8232 1.62146 154.416
77.3994 23.4813 10.8384 1.62217 154.401
77.4994 23.4734 10.8537 1.62288 154.386
77.5994 23.4654 10.8689 1.62359 154.371
77.6994 23.4574 10.8842 1.62429 154.355
77.7994 23.4493 10.8994 1.62499 154.34
77.8994 23.4411 10.9147 1.62568 154.325
77.9994 23.4329 10.93 1.62637 154.31
78.0994 23.4246 10.9453 1.62705 154.294
78.1994 23.4163 10.9606 1.62773 154.279
78.2994 23.4079 10.9758 1.6284 154.264
78.3994 23.3995 10.9911 1.62907 154.248
78.4994 23.391 11.0064 1.62973 154.233
78.5994 23.3824 11.0218 1.63039 154.218
78.6994 23.3738 11.0371 1.63104 154.202
78.7994 23.3651 11.0524 1.63169 154.187
78.8994 23.3564 11.0677 1.63233 154.172
78.9994 23.3476 11.083 1.63297 154.156
79.0994 23.3388 11.0984 1.6336 154.141
79.1994 23.3299 11.1137 1.63423 154.126
79.2994 23.3209 11.1291 1.63486 154.11
79.3994 23.3119 11.1444 1.63547 154.095
79.4994 23.3028 11.1598 1.63609 154.08
79.5994 23.2937 11.1751 1.6367 154.064
79.6994 23.2845 11.1905 1.6373 154.049
79.7994 23.2753 11.2059 1.6379 154.034
79.8994 23.266 11.2212 1.63849 154.018
79.9994 23.2566 11.2366 1.63908 154.003
80.0993 23.2472 11.252 1.63967 153.988
80.1993 23.2378 11.2674 1.64025 153.972
80.2993 23.2283 11.2828 1.64082 153.957
80.3993 23.2187 11.2982 1.64139 153.941
80.4993 23.2091 11.3136 1.64196 153.926
80.5993 23.1994 11.329 1.64252 153.911
80.6993 23.1897 11.3444 1.64307 153.895
80.7993 23.1799 11.3598 1.64362 153.88
80.8993 23.17 11.3752 1.64417 153.864
80.9993 23.1601 11.3907 1.64471 153.849
81.0993 23.1502 11.4061 1.64524 153.833
81.1993 23.1402 11.4215 1.64577 153.818
81.2993 23.1301 11.437 1.6463 153.803
81.3993 23.12 11.4524 1.64682 153.787
81.4993 23.1099 11.4678 1.64734 153.772
81.5993 23.0996 11.4833 1.64785 153.756
81.6993 23.0894 11.4987 1.64835 153.741
81.7993 23.0791 11.5142 1.64885 153.725
81.8993 23.0687 11.5297 1.64935 153.71
81.9993 23.0583 11.5451 1.64984 153.694
82.0993 23.0478 11.5606 1.65032 153.679
82.1993 23.0372 11.5761 1.65081 153.663
82.2993 23.0267 11.5915 1.65128 153.648
82.3993 23.016 11.607 1.65175 153.633
82.4993 23.0053 11.6225 1.65222 153.617
82.5993 22.9946 11.638 1.65268 153.602
82.6993 22.9838 11.6535 1.65314 153.586
82.7993 22.973 11.669 1.65359 153.571
82.8993 22.9621 11.6845 1.65403 153.555
82.9993 22.9511 11.7 1.65447 153.54
83.0993 22.9401 11.7155 1.65491 153.524
83.1993 22.9291 11.731 1.65534 153.509
83.2993 22.918 11.7465 1.65577 153.493
83.3993 22.9068 11.762 1.65619 153.478
83.4993 22.8956 11.7775 1.65661 153.462
83.5993 22.8843 11.793 1.65702 153.446
83.6993 22.873 11.8086 1.65742 153.431
83.7993 22.8617 11.8241 1.65782 153.415
83.8993 22.8503 11.8396 1.65822 153.4
83.9993 22.8388 11.8552 1.65861 153.384
84.0993 22.8273 11.8707 1.659 153.369
84.1993 22.8158 11.8862 1.65938 153.353
84.2993 22.8042 11.9018 1.65976 153.338
84.3993 22.7925 11.9173 1.66013 153.322
84.4993 22.7808 11.9329 1.66049 153.307
84.5993 22.769 11.9484 1.66086 153.291
84.6993 22.7572 11.964 1.66121 153.276
84.7993 22.7454 11.9795 1.66156 153.26
84.8993 22.7335 11.9951 1.66191 153.244
84.9993 22.7215 12.0106 1.66225 153.229
85.0993 22.7095 12.0262 1.66259 153.213
85.1993 22.6975 12.0417 1.66292 153.198
85.2993 22.6854 12.0573 1.66325 153.182
85.3993 22.6732 12.0729 1.66357 153.167
85.4993 22.661 12.0885 1.66388 153.151
85.5993 22.6488 12.104 1.66419 153.136
85.6993 22.6365 12.1196 1.6645 153.12
85.7993 22.6242 12.1352 1.6648 153.104
85.8993 22.6118 12.1508 1.6651 153.089
85.9993 22.5994 12.1663 1.66539 153.073
86.0993 22.5869 12.1819 1.66567 153.058
86.1993 22.5743 12.1975 1.66596 153.042
86.2993 22.5618 12.2131 1.66623 153.026
86.3993 22.5491 12.2287 1.6665 153.011
86.4993 22.5365 12.2443 1.66677 152.995
86.5993 22.5237 12.2598 1.66703 152.98
86.6992 22.511 12.2754 1.66729 152.964
86.7992 22.4982 12.291 1.66754 152.948
86.8992 22.4853 12.3066 1.66778 152.933
86.9992 22.4724 12.3222 1.66802 152.917
87.0992 22.4595 12.3378 1.66826 152.902
87.1992 22.4465 12.3534 1.66849 152.886
87.2992 22.4334 12.369 1.66871 152.871
87.3992 22.4203 12.3846 1.66894 152.855
87.4992 22.4072 12.4002 1.66915 152.839
87.5992 22.394 12.4158 1.66936 152.824
87.6992 22.3808 12.4314 1.66957 152.808
87.7992 22.3675 12.447 1.66977 152.792
87.8992 22.3542 12.4627 1.66996 152.777
87.9992 22.3408 12.4783 1.67015 152.761
88.0992 22.3274 12.4939 1.67034 152.746
88.1992 22.3139 12.5095 1.67052 152.73
88.2992 22.3004 12.5251 1.67069 152.714
88.3992 22.2869 12.5407 1.67086 152.699
88.4992 22.2733 12.5563 1.67103 152.683
88.5992 22.2597 12.5719 1.67119 152.668
88.6992 22.246 12.5875 1.67134 152.652
88.7992 22.2322 12.6032 1.67149 152.636
88.8992 22.2185 12.6188 1.67164 152.621
88.9992 22.2047 12.6344 1.67178 152.605
89.0992 22.1908 12.65 1.67191 152.59
89.1992 22.1769 12.6656 1.67204 152.574
89.2992 22.163 12.6812 1.67217 152.558
89.3992 22.149 12.6969 1.67228 152.543
89.4992 22.1349 12.7125 1.6724 152.527
89.5992 22.1208 12.7281 1.67251 152.511
89.6992 22.1067 12.7437 1.67261 152.496
89.7992 22.0926 12.7593 1.67271 152.48
89.8992 22.0783 12.775 1.6728 152.465
89.9992 22.0641 12.7906 1.67289 152.449
90.0992 22.0498 12.8062 1.67298 152.433
90.1992 22.0355 12.8218 1.67306 152.418
90.2992 22.0211 12.8374 1.67313 152.402
90.3992 22.0067 12.853 1.6732 152.386
90.4992 21.9922 12.8687 1.67326 152.371
90.5992 21.9777 12.8843 1.67332 152.355
90.6992 21.9631 12.8999 1.67337 152.34
90.7992 21.9485 12.9155 1.67342 152.324
90.8992 21.9339 12.9311 1.67346 152.308
90.9992 21.9192 12.9468 1.6735 152.293
91.0992 21.9045 12.9624 1.67353 152.277
91.1992 21.8897 12.978 1.67356 152.262
91.2992 21.8749 12.9936 1.67358 152.246
91.3992 21.8601 13.0092 1.6736 152.23
91.4992 21.8452 13.0248 1.67361 152.215
91.5992 21.8302 13.0404 1.67362 152.199
91.6992 21.8153 13.0561 1.67362 152.183
91.7992 21.8003 13.0717 1.67362 152.168
91.8992 21.7852 13.0873 1.67361 152.152
91.9992 21.7701 13.1029 1.6736 152.137
92.0992 21.755 13.1185 1.67358 152.121
92.1992 21.7398 13.1341 1.67356 152.105
92.2992 21.7246 13.1497 1.67353 152.09
92.3992 21.7093 13.1653 1.6735 152.074
92.4992 21.694 13.1809 1.67346 152.059
92.5992 21.6787 13.1965 1.67341 152.043
92.6992 21.6633 13.2121 1.67337 152.027
92.7992 21.6478 13.2277 1.67331 152.012
92.8992 21.6324 13.2433 1.67325 151.996
92.9992 21.6169 13.2589 1.67319 151.981
93.0992 21.6013 13.2745 1.67312 151.965
93.1992 21.5857 13.2901 1.67305 151.949
93.2991 21.5701 13.3057 1.67297 151.934
93.3991 21.5545 13.3213 1.67288 151.918
93.4991 21.5388 13.3369 1.67279 151.903
93.5991 21.523 13.3525 1.6727 151.887
93.6991 21.5072 13.3681 1.6726 151.871
93.7991 21.4914 13.3837 1.67249 151.856
93.8991 21.4755 13.3992 1.67238 151.84
93.9991 21.4596 13.4148 1.67227 151.825
94.0991 21.4437 13.4304 1.67215 151.809
94.1991 21.4277 13.446 1.67202 151.794
94.2991 21.4117 13.4616 1.67189 151.778
94.3991 21.3957 13.4771 1.67175 151.762
94.4991 21.3796 13.4927 1.67161 151.747
94.5991 21.3634 13.5083 1.67147 151.731
94.6991 21.3472 13.5238 1.67132 151.716
94.7991 21.331 13.5394 1.67116 151.7
94.8991 21.3148 13.555 1.671 151.685
94.9991 21.2985 13.5705 1.67083 151.669
95.0991 21.2822 13.5861 1.67066 151.653
95.1991 21.2658 13.6016 1.67049 151.638
95.2991 21.2494 13.6172 1.6703 151.622
95.3991 21.233 13.6327 1.67012 151.607
95.4991 21.2165 13.6483 1.66992 151.591
95.5991 21.2 13.6638 1.66973 151.576
95.6991 21.1834 13.6794 1.66953 151.56
95.7991 21.1668 13.6949 1.66932 151.545
95.8991 21.1502 13.7105 1.66911 151.529
95.9991 21.1335 13.726 1.66889 151.514
96.0991 21.1168 13.7415 1.66867 151.498
96.1991 21.1001 13.7571 1.66844 151.482
96.2991 21.0833 13.7726 1.6682 151.467
96.3991 21.0665 13.7881 1.66797 151.451
96.4991 21.0496 13.8036 1.66772 151.436
96.5991 21.0328 13.8191 1.66748 151.42
96.6991 21.0158 13.8347 1.66722 151.405
96.7991 20.9989 13.8502 1.66696 151.389
96.8991 20.9819 13.8657 1.6667 151.374
96.9991 20.9648 13.8812 1.66643 151.358
97.0991 20.9478 13.8967 1.66616 151.343
97.1991 20.9307 13.9122 1.66588 151.327
97.2991 20.9135 13.9277 1.66559 151.312
97.3991 20.8963 13.9432 1.6653 151.296
97.4991 20.8791 13.9586 1.66501 151.281
97.5991 20.8619 13.9741 1.66471 151.265
97.6991 20.8446 13.9896 1.66441 151.25
97.7991 20.8273 14.0051 1.6641 151.234
97.8991 20.8099 14.0206 1.66378 151.219
97.9991 20.7925 14.036 1.66346 151.203
98.0991 20.7751 14.0515 1.66314 151.188
98.1991 20.7576 14.067 1.66281 151.173
98.2991 20.7401 14.0824 1.66247 151.157
98.3991 20.7226 14.0979 1.66213 151.142
98.4991 20.705 14.1133 1.66179 151.126
98.5991 20.6874 14.1288 1.66143 151.111
98.6991 20.6698 14.1442 1.66108 151.095
98.7991 20.6521 14.1596 1.66072 151.08
98.8991 20.6344 14.1751 1.66035 151.064
98.9991 20.6166 14.1905 1.65998 151.049
99.0991 20.5989 14.2059 1.65961 151.034
99.1991 20.581 14.2213 1.65922 151.018
99.2991 20.5632 14.2368 1.65884 151.003
99.3991 20.5453 14.2522 1.65845 150.987
99.4991 20.5274 14.2676 1.65805 150.972
99.5991 20.5094 14.283 1.65765 150.957
99.6991 20.4915 14.2984 1.65724 150.941
99.799 20.4734 14.3138 1.65683 150.926
99.899 20.4554 14.3292 1.65641 150.91
99.999 20.4373 14.3445 1.65599 150.895
100.099 20.4192 14.3599 1.65556 150.88
100.199 20.401 14.3753 1.65513 150.864
100.299 20.3828 14.3907 1.65469 150.849
100.399 20.3646 14.406 1.65425 150.833
100.499 20.3464 14.4214 1.6538 150.818
100.599 20.3281 14.4367 1.65335 150.803
100.699 20.3097 14.4521 1.65289 150.787
100.799 20.2914 14.4674 1.65243 150.772
100.899 20.273 14.4828 1.65196 150.757
100.999 20.2546 14.4981 1.65149 150.741
101.099 20.2361 14.5134 1.65101 150.726
101.199 20.2176 14.5288 1.65052 150.711
101.299 20.1991 14.5441 1.65003 150.695
101.399 20.1806 14.5594 1.64954 150.68
101.499 20.162 14.5747 1.64904 150.665
101.599 20.1434 14.59 1.64854 150.65
101.699 20.1247 14.6053 1.64803 150.634
101.799 20.106 14.6206 1.64752 150.619
101.899 20.0873 14.6359 1.647 150.604
101.999 20.0686 14.6512 1.64647 150.588
102.099 20.0498 14.6664 1.64594 150.573
102.199 20.031 14.6817 1.64541 150.558
102.299 20.0122 14.697 1.64487 150.543
102.399 19.9933 14.7122 1.64432 150.527
102.499 19.9744 14.7275 1.64377 150.512
102.599 19.9554 14.7427 1.64322 150.497
102.699 19.9365 14.758 1.64266 150.482
102.799 19.9175 14.7732 1.64209 150.466
102.899 19.8984 14.7884 1.64152 150.451
102.999 19.8794 14.8036 1.64095 150.436
103.099 19.8603 14.8189 1.64037 150.421
103.199 19.8411 14.8341 1.63978 150.405
103.299 19.822 14.8493 1.63919 150.39
103.399 19.8028 14.8645 1.6386 150.375
103.499 19.7836 14.8797 1.638 150.36
103.599 19.7643 14.8948 1.63739 150.345
103.699 19.745 14.91 1.63678 150.33
103.799 19.7257 14.9252 1.63616 150.314
103.899 19.7064 14.9404 1.63554 150.299
103.999 19.687 14.9555 1.63492 150.284
104.099 19.6676 14.9707 1.63428 150.269
104.199 19.6482 14.9858 1.63365 150.254
104.299 19.6287 15.001 1.63301 150.239
104.399 19.6092 15.0161 1.63236 150.223
104.499 19.5897 15.0312 1.63171 150.208
104.599 19.5701 15.0463 1.63105 150.193
104.699 19.5506 15.0614 1.63039 150.178
104.799 19.5309 15.0765 1.62972 150.163
104.899 19.5113 15.0916 1.62905 150.148
104.999 19.4916 15.1067 1.62838 150.133
105.099 19.4719 15.1218 1.62769 150.118
105.199 19.4522 15.1369 1.62701 150.103
105.299 19.4324 15.152 1.62631 150.088
105.399 19.4126 15.167 1.62562 150.073
105.499 19.3928 15.1821 1.62492 150.057
105.599 19.3729 15.1971 1.62421 150.042
105.699 19.3531 15.2122 1.6235 150.027
105.799 19.3331 15.2272 1.62278 150.012
105.899 19.3132 15.2422 1.62206 149.997
105.999 19.2932 15.2572 1.62133 149.982
106.099 19.2732 15.2722 1.6206 149.967
106.199 19.2532 15.2872 1.61986 149.952
106.299 19.2331 15.3022 1.61912 149.937
106.399 19.2131 15.3172 1.61837 149.922
106.499 19.1929 15.3322 1.61762 149.907
106.599 19.1728 15.3472 1.61686 149.892
106.699 19.1526 15.3621 1.6161 149.877
106.799 19.1324 15.3771 1.61533 149.862
106.899 19.1122 15.3921 1.61455 149.847
106.999 19.0919 15.407 1.61378 149.833
107.099 19.0716 15.4219 1.61299 149.818
107.199 19.0513 15.4368 1.61221 149.803
107.299 19.031 15.4518 1.61141 149.788
107.399 19.0106 15.4667 1.61062 149.773
107.499 18.9902 15.4816 1.60981 149.758
107.599 18.9698 15.4965 1.609 149.743
107.699 18.9493 15.5113 1.60819 149.728
107.799 18.9289 15.5262 1.60737 149.713
107.899 18.9083 15.5411 1.60655 149.698
107.999 18.8878 15.556 1.60572 149.684
108.099 18.8672 15.5708 1.60489 149.669
108.199 18.8466 15.5856 1.60405 149.654
108.299 18.826 15.6005 1.60321 149.639
108.399 18.8054 15.6153 1.60236 149.624
108.499 18.7847 15.6301 1.60151 149.609
108.599 18.764 15.6449 1.60065 149.595
108.699 18.7433 15.6597 1.59979 149.58
108.799 18.7225 15.6745 1.59892 149.565
108.899 18.7017 15.6893 1.59804 149.55
108.999 18.6809 15.7041 1.59717 149.535
109.099 18.6601 15.7188 1.59628 149.521
109.199 18.6392 15.7336 1.59539 149.506
109.299 18.6183 15.7483 1.5945 149.491
109.399 18.5974 15.7631 1.5936 149.476
109.499 18.5764 15.7778 1.5927 149.462
109.599 18.5555 15.7925 1.59179 149.447
109.699 18.5345 15.8072 1.59088 149.432
109.799 18.5135 15.8219 1.58996 149.418
109.899 18.4924 15.8366 1.58904 149.403
109.999 18.4713 15.8513 1.58811 149.388
110.099 18.4502 15.866 1.58718 149.374
110.199 18.4291 15.8806 1.58624 149.359
110.299 18.4079 15.8953 1.5853 149.344
110.399 18.3867 15.9099 1.58435 149.33
110.499 18.3655 15.9246 1.58339 149.315
110.599 18.3443 15.9392 1.58244 149.3
110.699 18.323 15.9538 1.58147 149.286
110.799 18.3017 15.9684 1.58051 149.271
110.899 18.2804 15.983 1.57953 149.257
110.999 18.2591 15.9976 1.57856 149.242
111.099 18.2377 16.0122 1.57757 149.227
111.199 18.2163 16.0267 1.57658 149.213
111.299 18.1949 16.0413 1.57559 149.198
111.399 18.1735 16.0558 1.57459 149.184
111.499 18.152 16.0704 1.57359 149.169
111.599 18.1305 16.0849 1.57258 149.155
111.699 18.109 16.0994 1.57157 149.14
111.799 18.0875 16.1139 1.57056 149.126
111.899 18.0659 16.1284 1.56953 149.111
111.999 18.0443 16.1429 1.56851 149.097
112.099 18.0227 16.1574 1.56747 149.082
112.199 18.001 16.1719 1.56644 149.068
112.299 17.9794 16.1863 1.56539 149.053
112.399 17.9577 16.2008 1.56435 149.039
112.499 17.936 16.2152 1.5633 149.024
112.599 17.9142 16.2296 1.56224 149.01
112.699 17.8925 16.244 1.56118 148.995
112.799 17.8707 16.2584 1.56011 148.981
112.899 17.8489 16.2728 1.55904 148.967
112.999 17.827 16.2872 1.55796 148.952
113.099 17.8052 16.3016 1.55688 148.938
113.199 17.7833 16.3159 1.5558 148.924
113.299 17.7614 16.3303 1.55471 148.909
113.399 17.7394 16.3446 1.55361 148.895
113.499 17.7175 16.359 1.55251 148.881
113.599 17.6955 16.3733 1.5514 148.866
113.699 17.6735 16.3876 1.55029 148.852
113.799 17.6514 16.4019 1.54918 148.838
113.899 17.6294 16.4162 1.54806 148.823
113.999 17.6073 16.4304 1.54693 148.809
114.099 17.5852 16.4447 1.5458 148.795
114.199 17.5631 16.459 1.54467 148.781
114.299 17.5409 16.4732 1.54353 148.766
114.399 17.5187 16.4874 1.54238 148.752
114.499 17.4965 16.5016 1.54123 148.738
114.599 17.4743 16.5159 1.54008 148.724
114.699 17.4521 16.53 1.53892 148.709
114.799 17.4298 16.5442 1.53775 148.695
114.899 17.4075 16.5584 1.53658 148.681
114.999 17.3852 16.5726 1.53541 148.667
115.099 17.3628 16.5867 1.53423 148.653
115.199 17.3405 16.6009 1.53305 148.639
115.299 17.3181 16.615 1.53186 148.625
115.399 17.2957 16.6291 1.53067 148.61
115.499 17.2733 16.6432 1.52947 148.596
115.599 17.2508 16.6573 1.52827 148.582
115.699 17.2283 16.6714 1.52706 148.568
115.799 17.2058 16.6854 1.52585 148.554
115.899 17.1833 16.6995 1.52463 148.54
115.999 17.1608 16.7135 1.52341 148.526
116.099 17.1382 16.7276 1.52218 148.512
116.199 17.1156 16.7416 1.52095 148.498
116.299 17.093 16.7556 1.51971 148.484
116.399 17.0704 16.7696 1.51847 148.47
116.499 17.0477 16.7836 1.51722 148.456
116.599 17.025 16.7976 1.51597 148.442
116.699 17.0023 16.8115 1.51472 148.428
116.799 16.9796 16.8255 1.51346 148.414
116.899 16.9568 16.8394 1.51219 148.4
116.999 16.9341 16.8533 1.51092 148.386
117.099 16.9113 16.8672 1.50965 148.372
117.199 16.8885 16.8811 1.50837 148.358
117.299 16.8656 16.895 1.50708 148.345
117.399 16.8428 16.9089 1.50579 148.331
117.499 16.8199 16.9227 1.5045 148.317
117.599 16.797 16.9366 1.5032 148.303
117.699 16.7741 16.9504 1.50189 148.289
117.799 16.7511 16.9643 1.50059 148.275
117.899 16.7282 16.9781 1.49927 148.261
117.999 16.7052 16.9919 1.49796 148.248
118.099 16.6822 17.0056 1.49663 148.234
118.199 16.6592 17.0194 1.49531 148.22
118.299 16.6361 17.0332 1.49397 148.206
118.399 16.613 17.0469 1.49264 148.193
118.499 16.5899 17.0607 1.49129 148.179
118.599 16.5668 17.0744 1.48995 148.165
118.699 16.5437 17.0881 1.4886 148.151
118.799 16.5205 17.1018 1.48724 148.138
118.899 16.4974 17.1155 1.48588 148.124
118.999 16.4742 17.1291 1.48452 148.11
119.099 16.4509 17.1428 1.48315 148.097
119.199 16.4277 17.1564 1.48177 148.083
119.299 16.4044 17.17 1.48039 148.069
119.399 16.3812 17.1837 1.47901 148.056
119.499 16.3579 17.1973 1.47762 148.042
119.599 16.3345 17.2108 1.47623 148.029
119.699 16.3112 17.2244 1.47483 148.015
119.799 16.2878 17.238 1.47343 148.002
119.899 16.2644 17.2515 1.47202 147.988
119.999 16.241 17.2651 1.47061 147.974
120.099 16.2176 17.2786 1.46919 147.961
120.199 16.1942 17.2921 1.46777 147.947
120.299 16.1707 17.3056 1.46634 147.934
120.399 16.1472 17.3191 1.46491 147.92
120.499 16.1237 17.3325 1.46347 147.907
120.599 16.1002 17.346 1.46203 147.894
120.699 16.0766 17.3594 1.46059 147.88
120.799 16.0531 17.3728 1.45914 147.867
120.899 16.0295 17.3862 1.45769 147.853
120.999 16.0059 17.3996 1.45623 147.84
121.099 15.9823 17.413 1.45476 147.827
121.199 15.9586 17.4264 1.4533 147.813
121.299 15.9349 17.4397 1.45182 147.8
121.399 15.9113 17.4531 1.45035 147.786
121.499 15.8876 17.4664 1.44886 147.773
121.599 15.8638 17.4797 1.44738 147.76
121.699 15.8401 17.493 1.44589 147.747
121.799 15.8163 17.5063 1.44439 147.733
121.899 15.7925 17.5196 1.44289 147.72
121.999 15.7687 17.5328 1.44139 147.707
122.099 15.7449 17.546 1.43988 147.693
122.199 15.7211 17.5593 1.43836 147.68
122.299 15.6972 17.5725 1.43684 147.667
122.399 15.6733 17.5857 1.43532 147.654
122.499 15.6494 17.5989 1.43379 147.641
122.599 15.6255 17.612 1.43226 147.628
122.699 15.6016 17.6252 1.43072 147.614
122.799 15.5776 17.6383 1.42918 147.601
122.899 15.5536 17.6514 1.42764 147.588
122.999 15.5297 17.6645 1.42608 147.575
123.099 15.5056 17.6776 1.42453 147.562
123.199 15.4816 17.6907 1.42297 147.549
123.299 15.4576 17.7038 1.42141 147.536
123.399 15.4335 17.7168 1.41984 147.523
123.499 15.4094 17.7298 1.41826 147.51
123.599 15.3853 17.7429 1.41669 147.497
123.699 15.3612 17.7559 1.4151 147.484
123.799 15.337 17.7688 1.41352 147.471
123.899 15.3129 17.7818 1.41192 147.458
123.999 15.2887 17.7948 1.41033 147.445
124.099 15.2645 17.8077 1.40873 147.432
124.199 15.2403 17.8206 1.40712 147.419
124.299 15.216 17.8336 1.40551 147.406
124.399 15.1918 17.8465 1.4039 147.393
124.499 15.1675 17.8593 1.40228 147.38
124.599 15.1432 17.8722 1.40066 147.367
124.699 15.1189 17.885 1.39903 147.354
124.799 15.0946 17.8979 1.3974 147.342
124.899 15.0703 17.9107 1.39576 147.329
124.999 15.0459 17.9235 1.39412 147.316
125.099 15.0215 17.9363 1.39248 147.303
125.199 14.9971 17.9491 1.39083 147.29
125.299 14.9727 17.9618 1.38917 147.278
125.399 14.9483 17.9745 1.38751 147.265
125.499 14.9238 17.9873 1.38585 147.252
125.599 14.8994 18 1.38418 147.24
125.699 14.8749 18.0127 1.38251 147.227
125.799 14.8504 18.0253 1.38083 147.214
125.899 14.8258 18.038 1.37915 147.202
125.999 14.8013 18.0507 1.37747 147.189
126.099 14.7768 18.0633 1.37578 147.176
126.199 14.7522 18.0759 1.37408 147.164
126.299 14.7276 18.0885 1.37239 147.151
126.399 14.703 18.1011 1.37068 147.138
126.499 14.6784 18.1136 1.36898 147.126
126.599 14.6537 18.1262 1.36726 147.113
126.699 14.6291 18.1387 1.36555 147.101
126.799 14.6044 18.1512 1.36383 147.088
126.899 14.5797 18.1637 1.3621 147.076
126.999 14.555 18.1762 1.36037 147.063
127.099 14.5303 18.1887 1.35864 147.051
127.199 14.5055 18.2011 1.3569 147.038
127.299 14.4808 18.2136 1.35516 147.026
127.399 14.456 18.226 1.35341 147.014
127.499 14.4312 18.2384 1.35166 147.001
127.599 14.4064 18.2508 1.34991 146.989
127.699 14.3815 18.2631 1.34815 146.976
127.799 14.3567 18.2755 1.34638 146.964
127.899 14.3318 18.2878 1.34462 146.952
127.999 14.307 18.3001 1.34284 146.939
128.099 14.2821 18.3124 1.34107 146.927
128.199 14.2572 18.3247 1.33928 146.915
128.299 14.2322 18.337 1.3375 146.903
128.399 14.2073 18.3492 1.33571 146.89
128.499 14.1823 18.3615 1.33391 146.878
128.599 14.1574 18.3737 1.33212 146.866
128.699 14.1324 18.3859 1.33031 146.854
128.799 14.1074 18.398 1.32851 146.841
128.899 14.0823 18.4102 1.3267 146.829
128.999 14.0573 18.4224 1.32488 146.817
129.099 14.0322 18.4345 1.32306 146.805
129.199 14.0072 18.4466 1.32124 146.793
129.299 13.9821 18.4587 1.31941 146.781
129.399 13.957 18.4708 1.31757 146.769
129.499 13.9318 18.4828 1.31574 146.757
129.599 13.9067 18.4949 1.3139 146.745
129.699 13.8816 18.5069 1.31205 146.733
129.799 13.8564 18.5189 1.3102 146.721
129.899 13.8312 18.5309 1.30835 146.709
129.999 13.806 18.5429 1.30649 146.697
130.099 13.7808 18.5548 1.30463 146.685
130.199 13.7556 18.5668 1.30276 146.673
130.299 13.7303 18.5787 1.30089 146.661
130.399 13.7051 18.5906 1.29902 146.649
130.499 13.6798 18.6025 1.29714 146.637
130.599 13.6545 18.6144 1.29525 146.625
130.699 13.6292 18.6262 1.29337 146.613
130.799 13.6039 18.6381 1.29147 146.601
130.899 13.5785 18.6499 1.28958 146.59
130.999 13.5532 18.6617 1.28768 146.578
131.099 13.5278 18.6734 1.28577 146.566
131.199 13.5024 18.6852 1.28387 146.554
131.299 13.477 18.697 1.28195 146.543
131.399 13.4516 18.7087 1.28004 146.531
131.499 13.4262 18.7204 1.27812 146.519
131.599 13.4007 18.7321 1.27619 146.507
131.699 13.3753 18.7437 1.27426 146.496
131.799 13.3498 18.7554 1.27233 146.484
131.899 13.3243 18.767 1.27039 146.472
131.999 13.2988 18.7787 1.26845 146.461
132.099 13.2733 18.7903 1.26651 146.449
132.199 13.2477 18.8018 1.26456 146.438
132.299 13.2222 18.8134 1.2626 146.426
132.399 13.1966 18.8249 1.26065 146.415
132.499 13.1711 18.8365 1.25869 146.403
132.599 13.1455 18.848 1.25672 146.392
132.699 13.1199 18.8595 1.25475 146.38
132.799 13.0942 18.8709 1.25278 146.369
132.899 13.0686 18.8824 1.2508 146.357
132.999 13.043 18.8938 1.24882 146.346
133.099 13.0173 18.9052 1.24683 146.334
133.199 12.9916 18.9166 1.24484 146.323
133.299 12.9659 18.928 1.24285 146.312
133.399 12.9402 18.9394 1.24085 146.3
133.499 12.9145 18.9507 1.23885 146.289
133.599 12.8888 18.962 1.23684 146.277
133.699 12.863 18.9733 1.23483 146.266
133.799 12.8373 18.9846 1.23282 146.255
133.899 12.8115 18.9959 1.2308 146.244
133.999 12.7857 19.0071 1.22878 146.232
134.099 12.7599 19.0183 1.22675 146.221
134.199 12.7341 19.0296 1.22472 146.21
134.299 12.7082 19.0407 1.22269 146.199
134.399 12.6824 19.0519 1.22065 146.188
134.499 12.6565 19.0631 1.21861 146.176
134.599 12.6307 19.0742 1.21656 146.165
134.699 12.6048 19.0853 1.21451 146.154
134.799 12.5789 19.0964 1.21246 146.143
134.899 12.553 19.1075 1.2104 146.132
134.999 12.527 19.1185 1.20834 146.121
135.099 12.5011 19.1296 1.20627 146.11
135.199 12.4751 19.1406 1.20421 146.099
135.299 12.4492 19.1516 1.20213 146.088
135.399 12.4232 19.1626 1.20006 146.077
135.499 12.3972 19.1735 1.19797 146.066
135.599 12.3712 19.1845 1.19589 146.055
135.699 12.3452 19.1954 1.1938 146.044
135.799 12.3191 19.2063 1.19171 146.033
135.899 12.2931 19.2172 1.18961 146.022
135.999 12.267 19.228 1.18751 146.012
136.099 12.241 19.2389 1.18541 146.001
136.199 12.2149 19.2497 1.1833 145.99
136.299 12.1888 19.2605 1.18119 145.979
136.399 12.1627 19.2713 1.17907 145.968
136.499 12.1365 19.282 1.17695 145.958
136.599 12.1104 19.2928 1.17483 145.947
136.699 12.0842 19.3035 1.1727 145.936
136.799 12.0581 19.3142 1.17057 145.925
136.899 12.0319 19.3249 1.16844 145.915
136.999 12.0057 19.3355 1.1663 145.904
137.099 11.9795 19.3462 1.16416 145.893
137.199 11.9533 19.3568 1.16201 145.883
137.299 11.9271 19.3674 1.15986 145.872
137.399 11.9008 19.378 1.15771 145.862
137.499 11.8746 19.3886 1.15555 145.851
137.599 11.8483 19.3991 1.15339 145.84
137.699 11.822 19.4096 1.15122 145.83
137.799 11.7957 19.4201 1.14905 145.819
137.899 11.7694 19.4306 1.14688 145.809
137.999 11.7431 19.4411 1.14471 145.798
138.099 11.7168 19.4515 1.14253 145.788
138.199 11.6904 19.4619 1.14034 145.778
138.299 11.6641 19.4723 1.13815 145.767
138.399 11.6377 19.4827 1.13596 145.757
138.499 11.6113 19.4931 1.13377 145.746
138.599 11.585 19.5034 1.13157 145.736
138.699 11.5586 19.5137 1.12937 145.726
138.799 11.5321 19.524 1.12716 145.715
138.899 11.5057 19.5343 1.12495 145.705
138.999 11.4793 19.5446 1.12274 145.695
139.099 11.4528 19.5548 1.12052 145.685
139.199 11.4264 19.565 1.1183 145.675
139.299 11.3999 19.5752 1.11608 145.664
139.399 11.3734 19.5854 1.11385 145.654
139.499 11.3469 19.5955 1.11162 145.644
139.599 11.3204 19.6057 1.10939 145.634
139.699 11.2939 19.6158 1.10715 145.624
139.799 11.2674 19.6259 1.10491 145.614
139.899 11.2408 19.636 1.10266 145.604
139.999 11.2142 19.646 1.10041 145.594
140.099 11.1877 19.656 1.09816 145.583
140.199 11.1611 19.666 1.0959 145.573
140.299 11.1345 19.676 1.09364 145.563
140.399 11.1079 19.686 1.09138 145.554
140.499 11.0813 19.6959 1.08911 145.544
140.599 11.0547 19.7059 1.08684 145.534
140.699 11.028 19.7158 1.08457 145.524
140.799 11.0014 19.7257 1.08229 145.514
140.899 10.9747 19.7355 1.08001 145.504
140.999 10.9481 19.7454 1.07772 145.494
141.099 10.9214 19.7552 1.07543 145.484
141.199 10.8947 19.765 1.07314 145.475
141.299 10.868 19.7748 1.07085 145.465
141.399 10.8413 19.7845 1.06855 145.455
141.499 10.8145 19.7942 1.06624 145.445
141.599 10.7878 19.804 1.06394 145.436
141.699 10.761 19.8137 1.06163 145.426
141.799 10.7343 19.8233 1.05932 145.416
141.899 10.7075 19.833 1.057 145.407
141.999 10.6807 19.8426 1.05468 145.397
142.099 10.6539 19.8522 1.05236 145.387
142.199 10.6271 19.8618 1.05003 145.378
142.299 10.6003 19.8714 1.0477 145.368
142.399 10.5735 19.8809 1.04537 145.359
142.499 10.5467 19.8904 1.04303 145.349
142.6 10.5198 19.8999 1.04069 145.34
142.7 10.493 19.9094 1.03835 145.33
142.8 10.4661 19.9188 1.036 145.321
142.9 10.4392 19.9283 1.03365 145.311
143 10.4123 19.9377 1.0313 145.302
143.1 10.3854 19.9471 1.02894 145.292
143.2 10.3585 19.9564 1.02658 145.283
143.3 10.3316 19.9658 1.02422 145.274
143.4 10.3047 19.9751 1.02185 145.264
143.5 10.2777 19.9844 1.01948 145.255
143.6 10.2508 19.9937 1.0171 145.246
143.7 10.2238 20.003 1.01473 145.237
143.8 10.1968 20.0122 1.01235 145.227
143.9 10.1698 20.0214 1.00996 145.218
144 10.1429 20.0306 1.00757 145.209
144.1 10.1159 20.0398 1.00518 145.2
144.2 10.0888 20.0489 1.00279 145.191
144.3 10.0618 20.058 1.00039 145.181
144.4 10.0348 20.0671 0.997994 145.172
144.5 10.0077 20.0762 0.99559 145.163
144.6 9.98068 20.0853 0.993183 145.154
144.7 9.95362 20.0943 0.990773 145.145
144.8 9.92654 20.1033 0.98836 145.136
144.9 9.89946 20.1123 0.985943 145.127
145 9.87237 20.1213 0.983524 145.118
145.1 9.84526 20.1303 0.981101 145.109
145.2 9.81815 20.1392 0.978675 145.1
145.3 9.79103 20.1481 0.976245 145.091
145.4 9.76389 20.157 0.973813 145.083
145.5 9.73675 20.1658 0.971377 145.074
145.6 9.7096 20.1747 0.968938 145.065
145.7 9.68243 20.1835 0.966496 145.056
145.8 9.65526 20.1923 0.964051 145.047
145.9 9.62808 20.201 0.961602 145.038
146 9.60089 20.2098 0.959151 145.03
146.1 9.57369 20.2185 0.956696 145.021
146.2 9.54648 20.2272 0.954238 145.012
146.3 9.51926 20.2359 0.951777 145.004
146.4 9.49203 20.2445 0.949313 144.995
146.5 9.46479 20.2532 0.946846 144.986
146.6 9.43754 20.2618 0.944375 144.978
146.7 9.41029 20.2704 0.941902 144.969
146.8 9.38302 20.2789 0.939425 144.961
146.9 9.35574 20.2875 0.936946 144.952
147 9.32846 20.296 0.934463 144.944
147.1 9.30116 20.3045 0.931977 144.935
147.2 9.27386 20.313 0.929488 144.927
147.3 9.24655 20.3214 0.926997 144.918
147.4 9.21923 20.3298 0.924502 144.91
147.5 9.1919 20.3382 0.922004 144.901
147.6 9.16456 20.3466 0.919503 144.893
147.7 9.13721 20.355 0.916999 144.885
147.8 9.10985 20.3633 0.914492 144.876
147.9 9.08248 20.3716 0.911982 144.868
148 9.05511 20.3799 0.909469 144.86
148.1 9.02772 20.3882 0.906953 144.851
148.2 9.00033 20.3964 0.904434 144.843
148.3 8.97293 20.4046 0.901912 144.835
148.4 8.94551 20.4128 0.899387 144.827
148.5 8.91809 20.421 0.896859 144.819
148.6 8.89067 20.4292 0.894329 144.81
148.7 8.86323 20.4373 0.891795 144.802
148.8 8.83578 20.4454 0.889258 144.794
148.9 8.80833 20.4535 0.886719 144.786
149 8.78086 20.4615 0.884176 144.778
149.1 8.75339 20.4696 0.881631 144.77
149.2 8.72591 20.4776 0.879083 144.762
149.3 8.69842 20.4856 0.876531 144.754
149.4 8.67093 20.4935 0.873977 144.746
149.5 8.64342 20.5015 0.87142 144.738
149.6 8.61591 20.5094 0.868861 144.73
149.7 8.58838 20.5173 0.866298 144.722
149.8 8.56085 20.5251 0.863733 144.714
149.9 8.53331 20.533 0.861164 144.707
150 8.50577 20.5408 0.858593 144.699
150.1 8.47821 20.5486 0.856019 144.691
150.2 8.45065 20.5564 0.853442 144.683
150.3 8.42307 20.5641 0.850863 144.675
150.4 8.39549 20.5719 0.84828 144.668
150.5 8.3679 20.5796 0.845695 144.66
150.6 8.34031 20.5872 0.843107 144.652
150.7 8.3127 20.5949 0.840516 144.645
150.8 8.28509 20.6025 0.837923 144.637
150.9 8.25747 20.6101 0.835327 144.629
151 8.22984 20.6177 0.832728 144.622
151.1 8.2022 20.6253 0.830126 144.614
151.2 8.17456 20.6328 0.827521 144.607
151.3 8.14691 20.6403 0.824914 144.599
151.4 8.11925 20.6478 0.822304 144.592
151.5 8.09158 20.6553 0.819691 144.584
151.6 8.0639 20.6627 0.817076 144.577
151.7 8.03622 20.6701 0.814458 144.569
151.8 8.00853 20.6775 0.811837 144.562
151.9 7.98083 20.6849 0.809214 144.555
152 7.95312 20.6923 0.806588 144.547
152.1 7.92541 20.6996 0.803959 144.54
152.2 7.89769 20.7069 0.801328 144.533
152.3 7.86996 20.7141 0.798694 144.525
152.4 7.84222 20.7214 0.796057 144.518
152.5 7.81448 20.7286 0.793418 144.511
152.6 7.78672 20.7358 0.790776 144.504
152.7 7.75896 20.743 0.788132 144.497
152.8 7.7312 20.7501 0.785485 144.489
152.9 7.70342 20.7573 0.782835 144.482
153 7.67564 20.7644 0.780183 144.475
153.1 7.64785 20.7715 0.777528 144.468
153.2 7.62006 20.7785 0.77487 144.461
153.3 7.59225 20.7855 0.772211 144.454
153.4 7.56444 20.7925 0.769548 144.447
153.5 7.53662 20.7995 0.766883 144.44
153.6 7.5088 20.8065 0.764215 144.433
153.7 7.48097 20.8134 0.761545 144.426
153.8 7.45313 20.8203 0.758873 144.419
153.9 7.42528 20.8272 0.756198 144.412
154 7.39743 20.8341 0.75352 144.405
154.1 7.36957 20.8409 0.75084 144.399
154.2 7.3417 20.8477 0.748158 144.392
154.3 7.31382 20.8545 0.745473 144.385
154.4 7.28594 20.8613 0.742785 144.378
154.5 7.25805 20.868 0.740095 144.372
154.6 7.23016 20.8747 0.737403 144.365
154.7 7.20226 20.8814 0.734708 144.358
154.8 7.17435 20.8881 0.732011 144.351
154.9 7.14643 20.8947 0.729311 144.345
155 7.11851 20.9013 0.726609 144.338
155.1 7.09058 20.9079 0.723905 144.332
155.2 7.06264 20.9145 0.721198 144.325
155.3 7.0347 20.921 0.718489 144.319
155.4 7.00675 20.9275 0.715777 144.312
155.5 6.9788 20.934 0.713063 144.306
155.6 6.95083 20.9405 0.710347 144.299
155.7 6.92286 20.9469 0.707628 144.293
155.8 6.89489 20.9533 0.704907 144.286
155.9 6.86691 20.9597 0.702184 144.28
156 6.83892 20.9661 0.699458 144.273
156.1 6.81092 20.9724 0.69673 144.267
156.2 6.78292 20.9787 0.694 144.261
156.3 6.75491 20.985 0.691268 144.254
156.4 6.7269 20.9913 0.688533 144.248
156.5 6.69888 20.9975 0.685796 144.242
156.6 6.67085 21.0038 0.683056 144.236
156.7 6.64282 21.01 0.680315 144.23
156.8 6.61478 21.0161 0.677571 144.223
156.9 6.58673 21.0223 0.674825 144.217
157 6.55868 21.0284 0.672076 144.211
157.1 6.53063 21.0345 0.669326 144.205
157.2 6.50256 21.0405 0.666573 144.199
157.3 6.47449 21.0466 0.663818 144.193
157.4 6.44642 21.0526 0.661061 144.187
157.5 6.41833 21.0586 0.658302 144.181
157.6 6.39025 21.0645 0.65554 144.175
157.7 6.36215 21.0705 0.652776 144.169
157.8 6.33405 21.0764 0.65001 144.163
157.9 6.30595 21.0823 0.647242 144.157
158 6.27783 21.0881 0.644472 144.151
158.1 6.24972 21.094 0.6417 144.146
158.2 6.22159 21.0998 0.638926 144.14
158.3 6.19346 21.1056 0.636149 144.134
158.4 6.16533 21.1113 0.63337 144.128
158.5 6.13719 21.1171 0.63059 144.122
158.6 6.10904 21.1228 0.627807 144.117
158.7 6.08089 21.1285 0.625022 144.111
158.8 6.05273 21.1341 0.622235 144.105
158.9 6.02457 21.1398 0.619446 144.1
159.001 5.9964 21.1454 0.616655 144.094
159.101 5.96822 21.151 0.613862 144.089
159.201 5.94004 21.1565 0.611067 144.083
159.301 5.91186 21.1621 0.60827 144.077
159.401 5.88367 21.1676 0.605471 144.072
159.501 5.85547 21.1731 0.602669 144.066
159.601 5.82727 21.1785 0.599866 144.061
159.701 5.79906 21.184 0.597061 144.056
159.801 5.77085 21.1894 0.594254 144.05
159.901 5.74263 21.1947 0.591445 144.045
160.001 5.71441 21.2001 0.588634 144.039
160.101 5.68618 21.2054 0.585821 144.034
160.201 5.65794 21.2107 0.583006 144.029
160.301 5.6297 21.216 0.580189 144.024
160.401 5.60146 21.2213 0.57737 144.018
160.501 5.57321 21.2265 0.574549 144.013
160.601 5.54495 21.2317 0.571727 144.008
160.701 5.51669 21.2369 0.568902 144.003
160.801 5.48843 21.242 0.566076 143.998
160.901 5.46016 21.2471 0.563248 143.992
161.001 5.43188 21.2522 0.560418 143.987
161.101 5.4036 21.2573 0.557586 143.982
161.201 5.37532 21.2623 0.554752 143.977
161.301 5.34703 21.2674 0.551916 143.972
161.401 5.31873 21.2724 0.549079 143.967
161.501 5.29043 21.2773 0.546239 143.962
161.601 5.26213 21.2823 0.543398 143.957
161.701 5.23382 21.2872 0.540555 143.952
161.801 5.2055 21.2921 0.53771 143.947
161.901 5.17718 21.297 0.534864 143.943
162.001 5.14886 21.3018 0.532016 143.938
162.101 5.12053 21.3066 0.529166 143.933
162.201 5.0922 21.3114 0.526314 143.928
162.301 5.06386 21.3162 0.52346 143.923
162.401 5.03552 21.3209 0.520605 143.919
162.501 5.00717 21.3256 0.517748 143.914
162.601 4.97882 21.3303 0.514889 143.909
162.701 4.95046 21.3349 0.512029 143.905
162.801 4.9221 21.3396 0.509167 143.9
162.901 4.89373 21.3442 0.506303 143.895
163.001 4.86536 21.3488 0.503437 143.891
163.101 4.83699 21.3533 0.50057 143.886
163.201 4.80861 21.3578 0.497701 143.882
163.301 4.78023 21.3623 0.494831 143.877
163.401 4.75184 21.3668 0.491959 143.873
163.501 4.72345 21.3713 0.489085 143.868
163.601 4.69505 21.3757 0.48621 143.864
163.701 4.66665 21.3801 0.483333 143.859
163.801 4.63824 21.3845 0.480454 143.855
163.901 4.60983 21.3888 0.477574 143.851
164.001 4.58142 21.3931 0.474692 143.846
164.101 4.553 21.3974 0.471809 143.842
164.201 4.52458 21.4017 0.468924 143.838
164.301 4.49616 21.4059 0.466037 143.834
164.401 4.46773 21.4101 0.463149 143.829
164.501 4.43929 21.4143 0.46026 143.825
164.601 4.41085 21.4185 0.457369 143.821
164.701 4.38241 21.4226 0.454476 143.817
164.801 4.35396 21.4267 0.451582 143.813
164.901 4.32551 21.4308 0.448687 143.809
165.001 4.29706 21.4349 0.445789 143.805
165.101 4.2686 21.4389 0.442891 143.801
165.201 4.24014 21.4429 0.439991 143.797
165.301 4.21167 21.4469 0.437089 143.793
165.401 4.1832 21.4508 0.434186 143.789
165.501 4.15473 21.4547 0.431282 143.785
165.601 4.12625 21.4586 0.428376 143.781
165.701 4.09777 21.4625 0.425469 143.777
165.801 4.06929 21.4664 0.42256 143.773
165.901 4.0408 21.4702 0.41965 143.769
166.001 4.01231 21.474 0.416739 143.766
166.101 3.98381 21.4777 0.413826 143.762
166.201 3.95531 21.4815 0.410912 143.758
166.301 3.92681 21.4852 0.407996 143.754
166.401 3.8983 21.4889 0.405079 143.751
166.501 3.86979 21.4925 0.402161 143.747
166.601 3.84128 21.4962 0.399241 143.743
166.701 3.81276 21.4998 0.39632 143.74
166.801 3.78424 21.5033 0.393398 143.736
166.901 3.75572 21.5069 0.390474 143.733
167.001 3.72719 21.5104 0.38755 143.729
167.101 3.69866 21.5139 0.384623 143.726
167.201 3.67013 21.5174 0.381696 143.722
167.301 3.64159 21.5208 0.378767 143.719
167.401 3.61305 21.5243 0.375837 143.715
167.501 3.5845 21.5277 0.372906 143.712
167.601 3.55596 21.531 0.369974 143.708
167.701 3.52741 21.5344 0.36704 143.705
167.801 3.49885 21.5377 0.364105 143.702
167.901 3.4703 21.541 0.361169 143.699
168.001 3.44174 21.5442 0.358232 143.695
168.101 3.41317 21.5475 0.355293 143.692
168.201 3.38461 21.5507 0.352354 143.689
168.301 3.35604 21.5539 0.349413 143.686
168.401 3.32746 21.557 0.346471 143.683
168.501 3.29889 21.5601 0.343528 143.679
168.601 3.27031 21.5632 0.340583 143.676
168.701 3.24173 21.5663 0.337638 143.673
168.801 3.21315 21.5694 0.334691 143.67
168.901 3.18456 21.5724 0.331744 143.667
169.001 3.15597 21.5754 0.328795 143.664
169.101 3.12738 21.5783 0.325845 143.661
169.201 3.09878 21.5813 0.322894 143.658
169.301 3.07018 21.5842 0.319942 143.655
169.401 3.04158 21.5871 0.316989 143.652
169.501 3.01298 21.5899 0.314035 143.65
169.601 2.98437 21.5928 0.31108 143.647
169.701 2.95576 21.5956 0.308123 143.644
169.801 2.92715 21.5984 0.305166 143.641
169.901 2.89854 21.6011 0.302208 143.638
170.001 2.86992 21.6038 0.299249 143.636
170.101 2.8413 21.6065 0.296288 143.633
170.201 2.81268 21.6092 0.293327 143.63
170.301 2.78405 21.6118 0.290365 143.628
170.401 2.75542 21.6145 0.287402 143.625
170.501 2.72679 21.6171 0.284438 143.622
170.601 2.69816 21.6196 0.281472 143.62
170.701 2.66953 21.6222 0.278506 143.617
170.801 2.64089 21.6247 0.27554 143.615
170.901 2.61225 21.6272 0.272572 143.612
171.001 2.58361 21.6296 0.269603 143.61
171.101 2.55496 21.632 0.266633 143.607
171.201 2.52632 21.6344 0.263663 143.605
171.301 2.49767 21.6368 0.260691 143.603
171.401 2.46902 21.6392 0.257719 143.6
171.501 2.44037 21.6415 0.254746 143.598
171.601 2.41171 21.6438 0.251772 143.596
171.701 2.38305 21.6461 0.248797 143.593
171.801 2.35439 21.6483 0.245821 143.591
171.901 2.32573 21.6505 0.242845 143.589
172.001 2.29707 21.6527 0.239867 143.587
172.101 2.2684 21.6549 0.236889 143.585
172.201 2.23973 21.657 0.233911 143.583
172.301 2.21106 21.6591 0.230931 143.58
172.401 2.18239 21.6612 0.22795 143.578
172.501 2.15372 21.6632 0.224969 143.576
172.601 2.12504 21.6652 0.221987 143.574
172.701 2.09636 21.6672 0.219005 143.572
172.801 2.06768 21.6692 0.216021 143.57
172.901 2.039 21.6712 0.213037 143.568
173.001 2.01032 21.6731 0.210052 143.566
173.101 1.98163 21.675 0.207067 143.565
173.201 1.95295 21.6768 0.204081 143.563
173.301 1.92426 21.6787 0.201094 143.561
173.401 1.89557 21.6805 0.198106 143.559
173.501 1.86688 21.6823 0.195118 143.557
173.601 1.83818 21.684 0.192129 143.556
173.701 1.80949 21.6857 0.189139 143.554
173.801 1.78079 21.6874 0.186149 143.552
173.901 1.75209 21.6891 0.183159 143.55
174.001 1.72339 21.6908 0.180167 143.549
174.101 1.69469 21.6924 0.177175 143.547
174.201 1.66599 21.694 0.174183 143.546
174.301 1.63728 21.6955 0.171189 143.544
174.401 1.60858 21.6971 0.168196 143.542
174.501 1.57987 21.6986 0.165201 143.541
174.601 1.55116 21.7001 0.162207 143.539
174.701 1.52245 21.7015 0.159211 143.538
174.801 1.49374 21.7029 0.156215 143.537
174.901 1.46502 21.7043 0.153219 143.535
175.001 1.43631 21.7057 0.150222 143.534
175.101 1.40759 21.7071 0.147225 143.532
175.201 1.37888 21.7084 0.144227 143.531
175.301 1.35016 21.7097 0.141228 143.53
175.402 1.32144 21.7109 0.138229 143.529
175.502 1.29272 21.7122 0.13523 143.527
175.602 1.264 21.7134 0.13223 143.526
175.702 1.23527 21.7146 0.12923 143.525
175.802 1.20655 21.7157 0.126229 143.524
175.902 1.17783 21.7169 0.123228 143.523
176.002 1.1491 21.718 0.120227 143.522
176.102 1.12037 21.719 0.117225 143.52
176.202 1.09164 21.7201 0.114223 143.519
176.302 1.06291 21.7211 0.11122 143.518
176.402 1.03418 21.7221 0.108217 143.517
176.502 1.00545 21.7231 0.105214 143.516
176.602 0.976722 21.724 0.10221 143.516
176.702 0.947989 21.7249 0.099206 143.515
176.802 0.919255 21.7258 0.0962016 143.514
176.902 0.890521 21.7267 0.0931968 143.513
177.002 0.861786 21.7275 0.0901918 143.512
177.102 0.83305 21.7283 0.0871865 143.511
177.202 0.804313 21.7291 0.0841809 143.51
177.302 0.775576 21.7298 0.081175 143.51
177.402 0.746837 21.7306 0.0781688 143.509
177.502 0.718099 21.7313 0.0751624 143.508
177.602 0.689359 21.7319 0.0721557 143.508
177.702 0.660619 21.7326 0.0691488 143.507
177.802 0.631878 21.7332 0.0661416 143.506
177.902 0.603137 21.7338 0.0631342 143.506
178.002 0.574395 21.7343 0.0601267 143.505
178.102 0.545653 21.7348 0.0571189 143.505
178.202 0.51691 21.7353 0.0541109 143.504
178.302 0.488167 21.7358 0.0511027 143.504
178.402 0.459424 21.7363 0.0480944 143.503
178.502 0.43068 21.7367 0.0450859 143.503
178.602 0.401935 21.7371 0.0420773 143.502
178.702 0.37319 21.7375 0.0390685 143.502
178.802 0.344445 21.7378 0.0360596 143.502
178.902 0.3157 21.7381 0.0330506 143.501
179.002 0.286954 21.7384 0.0300415 143.501
179.102 0.258208 21.7387 0.0270322 143.501
179.202 0.229462 21.7389 0.0240229 143.501
179.302 0.200715 21.7391 0.0210135 143.5
179.402 0.171969 21.7393 0.018004 143.5
179.502 0.143222 21.7394 0.0149945 143.5
179.602 0.114475 21.7395 0.0119849 143.5
179.702 0.0857282 21.7396 0.00897529 143.5
179.802 0.0569811 21.7397 0.00596564 143.5
179.902 0.028234 21.7397 0.00295596 143.5
