./build/e20020AnaExe 0 1000 0 run_0130 0 0
./build/e20020AnaExe 1000 2000 0 run_0130 0 0
./build/e20020AnaExe 2000 3000 0 run_0130 0 0
./build/e20020AnaExe 3000 4000 0 run_0130 0 0
./build/e20020AnaExe 4000 5000 0 run_0130 0 0
./build/e20020AnaExe 5000 6000 0 run_0130 0 0
./build/e20020AnaExe 6000 7000 0 run_0130 0 0
./build/e20020AnaExe 7000 8000 0 run_0130 0 0
./build/e20020AnaExe 8000 9000 0 run_0130 0 0
./build/e20020AnaExe 9000 10000 0 run_0130 0 0
./build/e20020AnaExe 10000 11000 0 run_0130 0 0
./build/e20020AnaExe 11000 12000 0 run_0130 0 0
./build/e20020AnaExe 12000 13000 0 run_0130 0 0
./build/e20020AnaExe 13000 14000 0 run_0130 0 0
./build/e20020AnaExe 14000 15000 0 run_0130 0 0
./build/e20020AnaExe 15000 16000 0 run_0130 0 0
./build/e20020AnaExe 16000 17000 0 run_0130 0 0
./build/e20020AnaExe 17000 18000 0 run_0130 0 0
./build/e20020AnaExe 18000 19000 0 run_0130 0 0
./build/e20020AnaExe 19000 20000 0 run_0130 0 0
./build/e20020AnaExe 20000 21000 0 run_0130 0 0
./build/e20020AnaExe 21000 22000 0 run_0130 0 0
./build/e20020AnaExe 22000 23000 0 run_0130 0 0
./build/e20020AnaExe 23000 24000 0 run_0130 0 0
./build/e20020AnaExe 24000 25000 0 run_0130 0 0
./build/e20020AnaExe 25000 26000 0 run_0130 0 0
./build/e20020AnaExe 26000 27000 0 run_0130 0 0
./build/e20020AnaExe 27000 28000 0 run_0130 0 0
./build/e20020AnaExe 28000 29000 0 run_0130 0 0
./build/e20020AnaExe 29000 30000 0 run_0130 0 0
./build/e20020AnaExe 30000 31000 0 run_0130 0 0
./build/e20020AnaExe 31000 32000 0 run_0130 0 0
./build/e20020AnaExe 32000 33000 0 run_0130 0 0
./build/e20020AnaExe 33000 34000 0 run_0130 0 0
./build/e20020AnaExe 34000 35000 0 run_0130 0 0
./build/e20020AnaExe 35000 36000 0 run_0130 0 0
./build/e20020AnaExe 36000 37000 0 run_0130 0 0
./build/e20020AnaExe 37000 38000 0 run_0130 0 0
./build/e20020AnaExe 38000 39000 0 run_0130 0 0
./build/e20020AnaExe 39000 40000 0 run_0130 0 0
./build/e20020AnaExe 40000 41000 0 run_0130 0 0
./build/e20020AnaExe 41000 42000 0 run_0130 0 0
./build/e20020AnaExe 42000 43000 0 run_0130 0 0
./build/e20020AnaExe 43000 44000 0 run_0130 0 0
./build/e20020AnaExe 44000 45000 0 run_0130 0 0
./build/e20020AnaExe 45000 46000 0 run_0130 0 0
./build/e20020AnaExe 46000 47000 0 run_0130 0 0
./build/e20020AnaExe 47000 48000 0 run_0130 0 0
./build/e20020AnaExe 48000 49000 0 run_0130 0 0
./build/e20020AnaExe 49000 50000 0 run_0130 0 0
./build/e20020AnaExe 50000 51000 0 run_0130 0 0
./build/e20020AnaExe 51000 52000 0 run_0130 0 0
./build/e20020AnaExe 52000 53000 0 run_0130 0 0
./build/e20020AnaExe 53000 54000 0 run_0130 0 0
./build/e20020AnaExe 54000 55000 0 run_0130 0 0
./build/e20020AnaExe 55000 56000 0 run_0130 0 0
./build/e20020AnaExe 56000 57000 0 run_0130 0 0
./build/e20020AnaExe 57000 58000 0 run_0130 0 0
./build/e20020AnaExe 58000 59000 0 run_0130 0 0
./build/e20020AnaExe 59000 60000 0 run_0130 0 0
./build/e20020AnaExe 60000 61000 0 run_0130 0 0
./build/e20020AnaExe 61000 62000 0 run_0130 0 0
./build/e20020AnaExe 62000 63000 0 run_0130 0 0
./build/e20020AnaExe 63000 64000 0 run_0130 0 0
./build/e20020AnaExe 64000 65000 0 run_0130 0 0
./build/e20020AnaExe 65000 66000 0 run_0130 0 0
./build/e20020AnaExe 66000 67000 0 run_0130 0 0
./build/e20020AnaExe 67000 68000 0 run_0130 0 0
./build/e20020AnaExe 68000 69000 0 run_0130 0 0
./build/e20020AnaExe 69000 70000 0 run_0130 0 0
./build/e20020AnaExe 70000 71000 0 run_0130 0 0
./build/e20020AnaExe 71000 72000 0 run_0130 0 0
./build/e20020AnaExe 72000 73000 0 run_0130 0 0
./build/e20020AnaExe 73000 74000 0 run_0130 0 0
./build/e20020AnaExe 74000 75000 0 run_0130 0 0
./build/e20020AnaExe 75000 76000 0 run_0130 0 0
./build/e20020AnaExe 76000 77000 0 run_0130 0 0
./build/e20020AnaExe 77000 78000 0 run_0130 0 0
./build/e20020AnaExe 78000 79000 0 run_0130 0 0
./build/e20020AnaExe 79000 80000 0 run_0130 0 0
./build/e20020AnaExe 80000 81000 0 run_0130 0 0
./build/e20020AnaExe 81000 82000 0 run_0130 0 0
./build/e20020AnaExe 82000 83000 0 run_0130 0 0
./build/e20020AnaExe 83000 84000 0 run_0130 0 0
./build/e20020AnaExe 84000 85000 0 run_0130 0 0
./build/e20020AnaExe 85000 86000 0 run_0130 0 0
./build/e20020AnaExe 86000 87000 0 run_0130 0 0
./build/e20020AnaExe 87000 88000 0 run_0130 0 0
./build/e20020AnaExe 88000 89000 0 run_0130 0 0
./build/e20020AnaExe 89000 90000 0 run_0130 0 0
./build/e20020AnaExe 90000 91000 0 run_0130 0 0
./build/e20020AnaExe 91000 92000 0 run_0130 0 0
./build/e20020AnaExe 92000 93000 0 run_0130 0 0
./build/e20020AnaExe 93000 94000 0 run_0130 0 0
./build/e20020AnaExe 94000 95000 0 run_0130 0 0
./build/e20020AnaExe 95000 96000 0 run_0130 0 0
./build/e20020AnaExe 96000 97000 0 run_0130 0 0
./build/e20020AnaExe 97000 98000 0 run_0130 0 0
./build/e20020AnaExe 98000 99000 0 run_0130 0 0
./build/e20020AnaExe 99000 100000 0 run_0130 0 0
