./build/e20020AnaExe 0 1000 0 run_0130 0 0
./build/e20020AnaExe 1000 2000 0 run_0130 0 0
./build/e20020AnaExe 2000 3000 0 run_0130 0 0
./build/e20020AnaExe 3000 4000 0 run_0130 0 0
./build/e20020AnaExe 4000 5000 0 run_0130 0 0
./build/e20020AnaExe 5000 6000 0 run_0130 0 0
./build/e20020AnaExe 6000 7000 0 run_0130 0 0
./build/e20020AnaExe 7000 8000 0 run_0130 0 0
./build/e20020AnaExe 8000 9000 0 run_0130 0 0
./build/e20020AnaExe 9000 10000 0 run_0130 0 0
./build/e20020AnaExe 10000 11000 0 run_0130 0 0
./build/e20020AnaExe 11000 12000 0 run_0130 0 0
./build/e20020AnaExe 12000 13000 0 run_0130 0 0
./build/e20020AnaExe 13000 14000 0 run_0130 0 0
./build/e20020AnaExe 14000 15000 0 run_0130 0 0
./build/e20020AnaExe 15000 16000 0 run_0130 0 0
./build/e20020AnaExe 16000 17000 0 run_0130 0 0
./build/e20020AnaExe 17000 18000 0 run_0130 0 0
./build/e20020AnaExe 18000 19000 0 run_0130 0 0
./build/e20020AnaExe 19000 20000 0 run_0130 0 0
./build/e20020AnaExe 20000 21000 0 run_0130 0 0
./build/e20020AnaExe 21000 22000 0 run_0130 0 0
./build/e20020AnaExe 22000 23000 0 run_0130 0 0
./build/e20020AnaExe 23000 24000 0 run_0130 0 0
./build/e20020AnaExe 24000 25000 0 run_0130 0 0
./build/e20020AnaExe 25000 26000 0 run_0130 0 0
./build/e20020AnaExe 26000 27000 0 run_0130 0 0
./build/e20020AnaExe 27000 28000 0 run_0130 0 0
./build/e20020AnaExe 28000 29000 0 run_0130 0 0
./build/e20020AnaExe 29000 30000 0 run_0130 0 0
./build/e20020AnaExe 30000 31000 0 run_0130 0 0
./build/e20020AnaExe 31000 32000 0 run_0130 0 0
./build/e20020AnaExe 32000 33000 0 run_0130 0 0
./build/e20020AnaExe 33000 34000 0 run_0130 0 0
./build/e20020AnaExe 34000 35000 0 run_0130 0 0
./build/e20020AnaExe 35000 36000 0 run_0130 0 0
./build/e20020AnaExe 36000 37000 0 run_0130 0 0
./build/e20020AnaExe 37000 38000 0 run_0130 0 0
./build/e20020AnaExe 38000 39000 0 run_0130 0 0
./build/e20020AnaExe 39000 40000 0 run_0130 0 0
./build/e20020AnaExe 40000 41000 0 run_0130 0 0
./build/e20020AnaExe 41000 42000 0 run_0130 0 0
./build/e20020AnaExe 42000 43000 0 run_0130 0 0
./build/e20020AnaExe 43000 44000 0 run_0130 0 0
./build/e20020AnaExe 44000 45000 0 run_0130 0 0
