0 1.32869e-12 0.00179864 0 827.533
0.1 18.2834 0.00199621 0.00826848 827.533
0.2 33.4321 0.00258892 0.0165369 827.532
0.3 44.6759 0.00357677 0.0248054 827.531
0.4 52.7591 0.00495975 0.0330737 827.53
0.5 58.6247 0.00673786 0.041342 827.528
0.6 62.9836 0.0089111 0.0496102 827.526
0.7 66.3092 0.0114795 0.0578783 827.523
0.8 68.9094 0.0144429 0.0661463 827.52
0.9 70.9866 0.0178015 0.0744141 827.517
1 72.6772 0.0215552 0.0826817 827.513
1.1 74.075 0.0257039 0.0909492 827.509
1.2 75.2467 0.0302477 0.0992164 827.505
1.3 76.2404 0.0351866 0.107483 827.5
1.4 77.0916 0.0405205 0.11575 827.494
1.5 77.8273 0.0462494 0.124017 827.489
1.6 78.4679 0.0523734 0.132283 827.482
1.7 79.0296 0.0588923 0.140549 827.476
1.8 79.5249 0.0658062 0.148814 827.469
1.9 79.964 0.073115 0.15708 827.462
2 80.355 0.0808187 0.165345 827.454
2.1 80.7045 0.0889174 0.173609 827.446
2.2 81.0182 0.0974109 0.181873 827.437
2.3 81.3005 0.106299 0.190137 827.429
2.4 81.5553 0.115582 0.1984 827.419
2.5 81.7858 0.12526 0.206663 827.41
2.6 81.9948 0.135333 0.214925 827.4
2.7 82.1846 0.145801 0.223187 827.389
2.8 82.3573 0.156663 0.231449 827.378
2.9 82.5145 0.16792 0.239709 827.367
3 82.6579 0.179571 0.24797 827.355
3.1 82.7887 0.191617 0.256229 827.343
3.2 82.9081 0.204058 0.264488 827.331
3.3 83.0171 0.216893 0.272747 827.318
3.4 83.1166 0.230123 0.281005 827.305
3.5 83.2075 0.243747 0.289262 827.291
3.6 83.2904 0.257765 0.297519 827.277
3.7 83.366 0.272178 0.305775 827.263
3.8 83.4349 0.286985 0.31403 827.248
3.9 83.4976 0.302187 0.322284 827.233
4 83.5545 0.317782 0.330538 827.217
4.1 83.606 0.333772 0.338791 827.201
4.2 83.6526 0.350156 0.347043 827.185
4.3 83.6945 0.366934 0.355295 827.168
4.4 83.7322 0.384106 0.363545 827.151
4.5 83.7658 0.401672 0.371795 827.133
4.6 83.7957 0.419632 0.380044 827.115
4.7 83.822 0.437986 0.388292 827.097
4.8 83.845 0.456734 0.396539 827.078
4.9 83.865 0.475875 0.404786 827.059
5 83.882 0.49541 0.413031 827.039
5.1 83.8962 0.515339 0.421276 827.02
5.2 83.9079 0.535661 0.429519 826.999
5.3 83.9172 0.556377 0.437761 826.978
5.4 83.9241 0.577487 0.446003 826.957
5.5 83.9288 0.598989 0.454243 826.936
5.6 83.9315 0.620885 0.462483 826.914
5.7 83.9322 0.643174 0.470721 826.892
5.8 83.9311 0.665857 0.478959 826.869
5.9 83.9282 0.688932 0.487195 826.846
6 83.9236 0.712401 0.49543 826.822
6.1 83.9175 0.736263 0.503664 826.799
6.2 83.9098 0.760517 0.511897 826.774
6.3 83.9007 0.785164 0.520128 826.75
6.4 83.8902 0.810204 0.528359 826.725
6.5 83.8784 0.835637 0.536588 826.699
6.6 83.8653 0.861462 0.544816 826.673
6.7 83.8511 0.88768 0.553043 826.647
6.8 83.8357 0.914291 0.561268 826.621
6.9 83.8192 0.941293 0.569492 826.594
7 83.8016 0.968688 0.577715 826.566
7.1 83.7831 0.996475 0.585937 826.538
7.2 83.7635 1.02465 0.594157 826.51
7.3 83.7431 1.05323 0.602376 826.482
7.4 83.7218 1.08219 0.610594 826.453
7.5 83.6996 1.11154 0.61881 826.423
7.6 83.6766 1.14129 0.627024 826.394
7.7 83.6529 1.17143 0.635238 826.363
7.79999 83.6283 1.20196 0.64345 826.333
7.89999 83.6031 1.23288 0.65166 826.302
7.99999 83.5771 1.26419 0.659869 826.271
8.09999 83.5505 1.2959 0.668076 826.239
8.2 83.5232 1.32799 0.676282 826.207
8.3 83.4954 1.36048 0.684486 826.174
8.4 83.4669 1.39336 0.692689 826.141
8.5 83.4378 1.42663 0.70089 826.108
8.6 83.4081 1.46029 0.70909 826.075
8.7 83.378 1.49434 0.717288 826.041
8.8 83.3473 1.52878 0.725484 826.006
8.9 83.3161 1.56361 0.733679 825.971
9 83.2844 1.59883 0.741872 825.936
9.1 83.2522 1.63444 0.750063 825.9
9.2 83.2196 1.67044 0.758253 825.864
9.3 83.1865 1.70684 0.76644 825.828
9.4 83.153 1.74362 0.774626 825.791
9.5 83.1191 1.78079 0.782811 825.754
9.6 83.0848 1.81835 0.790993 825.716
9.7 83.0501 1.8563 0.799174 825.679
9.8 83.015 1.89464 0.807353 825.64
9.9 82.9796 1.93337 0.81553 825.601
10 82.9438 1.97249 0.823705 825.562
10.1 82.9076 2.012 0.831878 825.523
10.2 82.8711 2.0519 0.84005 825.483
10.3 82.8343 2.09218 0.848219 825.443
10.4 82.7972 2.13286 0.856386 825.402
10.5 82.7598 2.17392 0.864552 825.361
10.6 82.7221 2.21538 0.872715 825.319
10.7 82.6841 2.25722 0.880877 825.278
10.8 82.6458 2.29945 0.889037 825.235
10.9 82.6072 2.34206 0.897194 825.193
11 82.5684 2.38507 0.905349 825.15
11.1 82.5293 2.42846 0.913503 825.106
11.2 82.49 2.47224 0.921654 825.063
11.3 82.4504 2.51641 0.929803 825.018
11.4 82.4106 2.56097 0.93795 824.974
11.5 82.3706 2.60591 0.946095 824.929
11.6 82.3303 2.65124 0.954238 824.884
11.7 82.2898 2.69696 0.962378 824.838
11.8 82.2491 2.74306 0.970517 824.792
11.9 82.2082 2.78955 0.978653 824.745
12 82.167 2.83643 0.986787 824.698
12.1 82.1257 2.88369 0.994918 824.651
12.2 82.0842 2.93135 1.00305 824.604
12.3 82.0425 2.97938 1.01117 824.555
12.4 82.0006 3.02781 1.0193 824.507
12.5 81.9586 3.07661 1.02742 824.458
12.6 81.9163 3.12581 1.03554 824.409
12.7 81.8739 3.17539 1.04366 824.359
12.8 81.8313 3.22536 1.05177 824.309
12.9 81.7886 3.27571 1.05989 824.259
13 81.7457 3.32644 1.068 824.208
13.1 81.7026 3.37756 1.07611 824.157
13.2 81.6594 3.42907 1.08421 824.106
13.3 81.6161 3.48096 1.09231 824.054
13.4 81.5726 3.53324 1.10041 824.002
13.5 81.5289 3.5859 1.10851 823.949
13.6 81.4851 3.63894 1.11661 823.896
13.7 81.4412 3.69237 1.1247 823.842
13.8 81.3971 3.74618 1.13279 823.789
13.9 81.353 3.80038 1.14088 823.734
14 81.3086 3.85496 1.14896 823.68
14.1 81.2642 3.90992 1.15705 823.625
14.2 81.2197 3.96527 1.16512 823.57
14.3 81.175 4.02099 1.1732 823.514
14.4 81.1302 4.07711 1.18128 823.458
14.5 81.0853 4.1336 1.18935 823.401
14.6 81.0403 4.19048 1.19742 823.344
14.7 80.9951 4.24774 1.20548 823.287
14.8 80.9499 4.30538 1.21355 823.229
14.9 80.9046 4.3634 1.22161 823.171
15 80.8591 4.42181 1.22966 823.113
15.1 80.8136 4.4806 1.23772 823.054
15.2 80.7679 4.53977 1.24577 822.995
15.3 80.7222 4.59932 1.25382 822.936
15.4 80.6764 4.65925 1.26187 822.876
15.5 80.6304 4.71956 1.26991 822.815
15.6 80.5844 4.78025 1.27795 822.755
15.7 80.5383 4.84133 1.28599 822.694
15.8 80.4921 4.90278 1.29402 822.632
15.9 80.4458 4.96462 1.30205 822.57
16 80.3995 5.02683 1.31008 822.508
16.1 80.353 5.08942 1.31811 822.445
16.2 80.3065 5.1524 1.32613 822.382
16.3 80.2599 5.21575 1.33415 822.319
16.4 80.2132 5.27948 1.34217 822.255
16.5 80.1664 5.3436 1.35018 822.191
16.6 80.1196 5.40809 1.35819 822.127
16.7 80.0727 5.47296 1.3662 822.062
16.8 80.0257 5.5382 1.3742 821.997
16.9 79.9787 5.60383 1.3822 821.931
17 79.9315 5.66983 1.3902 821.865
17.1 79.8843 5.73621 1.39819 821.799
17.2 79.8371 5.80297 1.40619 821.732
17.3 79.7898 5.87011 1.41417 821.665
17.4 79.7424 5.93763 1.42216 821.597
17.5 79.6949 6.00552 1.43014 821.529
17.6 79.6474 6.07378 1.43812 821.461
17.7 79.5998 6.14243 1.44609 821.392
17.8 79.5522 6.21145 1.45406 821.323
17.9 79.5045 6.28085 1.46203 821.254
18 79.4567 6.35062 1.47 821.184
18.1 79.4089 6.42077 1.47796 821.114
18.2 79.361 6.4913 1.48592 821.044
18.3 79.3131 6.5622 1.49387 820.973
18.4 79.2651 6.63347 1.50182 820.901
18.5 79.2171 6.70512 1.50977 820.83
18.6 79.169 6.77715 1.51771 820.758
18.7 79.1209 6.84955 1.52565 820.685
18.8 79.0727 6.92232 1.53359 820.613
18.9 79.0245 6.99547 1.54152 820.539
19 78.9762 7.06899 1.54945 820.466
19.1 78.9278 7.14289 1.55738 820.392
19.2 78.8795 7.21716 1.5653 820.318
19.3 78.831 7.2918 1.57322 820.243
19.4 78.7825 7.36681 1.58114 820.168
19.5 78.734 7.4422 1.58905 820.093
19.6 78.6855 7.51796 1.59696 820.017
19.7 78.6369 7.59409 1.60486 819.941
19.8 78.5882 7.6706 1.61276 819.864
19.9 78.5395 7.74747 1.62066 819.787
20 78.4908 7.82472 1.62855 819.71
20.1 78.442 7.90234 1.63644 819.633
20.2 78.3932 7.98033 1.64433 819.555
20.3 78.3443 8.05869 1.65221 819.476
20.4 78.2954 8.13742 1.66009 819.397
20.5 78.2465 8.21652 1.66796 819.318
20.6 78.1975 8.296 1.67583 819.239
20.7 78.1485 8.37584 1.6837 819.159
20.8 78.0995 8.45605 1.69156 819.079
20.9 78.0504 8.53663 1.69942 818.998
21 78.0013 8.61758 1.70727 818.917
21.1 77.9521 8.6989 1.71512 818.836
21.2 77.9029 8.78059 1.72297 818.754
21.3 77.8537 8.86264 1.73081 818.672
21.4 77.8044 8.94507 1.73865 818.59
21.5 77.7552 9.02786 1.74649 818.507
21.6 77.7058 9.11102 1.75432 818.424
21.7 77.6565 9.19455 1.76214 818.34
21.8 77.6071 9.27844 1.76997 818.256
21.9 77.5577 9.3627 1.77778 818.172
22 77.5082 9.44733 1.7856 818.088
22.1 77.4588 9.53232 1.79341 818.003
22.2 77.4093 9.61768 1.80121 817.917
22.3 77.3597 9.70341 1.80902 817.831
22.4 77.3102 9.7895 1.81681 817.745
22.5 77.2606 9.87596 1.82461 817.659
22.6 77.211 9.96278 1.8324 817.572
22.7001 77.1613 10.05 1.84018 817.485
22.8001 77.1116 10.1375 1.84796 817.397
22.9001 77.0619 10.2254 1.85574 817.309
23.0001 77.0122 10.3137 1.86351 817.221
23.1001 76.9625 10.4024 1.87128 817.132
23.2001 76.9127 10.4914 1.87904 817.043
23.3001 76.8629 10.5807 1.8868 816.954
23.4001 76.813 10.6705 1.89455 816.864
23.5001 76.7632 10.7606 1.9023 816.774
23.6001 76.7133 10.851 1.91005 816.684
23.7001 76.6634 10.9418 1.91779 816.593
23.8001 76.6135 11.033 1.92553 816.502
23.9001 76.5635 11.1246 1.93326 816.41
24.0001 76.5136 11.2165 1.94099 816.318
24.1001 76.4636 11.3087 1.94871 816.226
24.2001 76.4136 11.4014 1.95643 816.133
24.3001 76.3635 11.4944 1.96414 816.04
24.4001 76.3135 11.5877 1.97185 815.947
24.5001 76.2634 11.6814 1.97956 815.853
24.6001 76.2133 11.7755 1.98726 815.759
24.7001 76.1632 11.8699 1.99495 815.665
24.8001 76.113 11.9647 2.00264 815.57
24.9001 76.0629 12.0598 2.01033 815.475
25.0001 76.0127 12.1553 2.01801 815.38
25.1001 75.9625 12.2512 2.02569 815.284
25.2001 75.9123 12.3474 2.03336 815.187
25.3001 75.862 12.444 2.04103 815.091
25.4001 75.8118 12.5409 2.04869 814.994
25.5001 75.7615 12.6382 2.05635 814.897
25.6001 75.7112 12.7358 2.064 814.799
25.7001 75.6609 12.8338 2.07165 814.701
25.8001 75.6106 12.9322 2.07929 814.603
25.9001 75.5602 13.0309 2.08693 814.504
26.0001 75.5099 13.13 2.09457 814.405
26.1001 75.4595 13.2294 2.10219 814.305
26.2001 75.4091 13.3292 2.10982 814.206
26.3001 75.3587 13.4293 2.11744 814.106
26.4001 75.3082 13.5298 2.12505 814.005
26.5001 75.2578 13.6307 2.13266 813.904
26.6001 75.2073 13.7319 2.14026 813.803
26.7001 75.1569 13.8334 2.14786 813.701
26.8001 75.1064 13.9353 2.15546 813.6
26.9001 75.0559 14.0376 2.16305 813.497
27.0001 75.0053 14.1402 2.17063 813.395
27.1001 74.9548 14.2431 2.17821 813.292
27.2001 74.9043 14.3464 2.18578 813.188
27.3001 74.8537 14.4501 2.19335 813.085
27.4001 74.8031 14.5541 2.20091 812.981
27.5001 74.7525 14.6585 2.20847 812.876
27.6001 74.7019 14.7632 2.21603 812.772
27.7001 74.6513 14.8683 2.22357 812.667
27.8001 74.6007 14.9737 2.23112 812.561
27.9001 74.55 15.0794 2.23865 812.455
28.0001 74.4994 15.1856 2.24619 812.349
28.1001 74.4487 15.292 2.25371 812.243
28.2001 74.398 15.3988 2.26123 812.136
28.3001 74.3473 15.506 2.26875 812.029
28.4001 74.2966 15.6135 2.27626 811.921
28.5001 74.2459 15.7214 2.28377 811.813
28.6001 74.1951 15.8296 2.29127 811.705
28.7001 74.1444 15.9381 2.29876 811.597
28.8001 74.0936 16.047 2.30625 811.488
28.9001 74.0429 16.1562 2.31373 811.379
29.0001 73.9921 16.2658 2.32121 811.269
29.1001 73.9413 16.3758 2.32869 811.159
29.2001 73.8905 16.486 2.33615 811.049
29.3001 73.8397 16.5967 2.34362 810.938
29.4001 73.7889 16.7076 2.35107 810.827
29.5001 73.738 16.819 2.35852 810.716
29.6001 73.6872 16.9306 2.36597 810.604
29.7001 73.6363 17.0426 2.37341 810.492
29.8001 73.5855 17.155 2.38084 810.38
29.9001 73.5346 17.2676 2.38827 810.267
30.0001 73.4837 17.3807 2.39569 810.154
30.1001 73.4328 17.494 2.40311 810.041
30.2001 73.3819 17.6078 2.41052 809.927
30.3001 73.331 17.7218 2.41793 809.813
30.4001 73.2801 17.8362 2.42533 809.699
30.5001 73.2292 17.9509 2.43272 809.584
30.6001 73.1782 18.066 2.44011 809.469
30.7001 73.1273 18.1814 2.4475 809.353
30.8001 73.0763 18.2972 2.45487 809.238
30.9001 73.0253 18.4133 2.46225 809.122
31.0001 72.9744 18.5297 2.46961 809.005
31.1001 72.9234 18.6465 2.47697 808.888
31.2001 72.8724 18.7636 2.48433 808.771
31.3001 72.8214 18.8811 2.49167 808.654
31.4001 72.7704 18.9988 2.49902 808.536
31.5001 72.7194 19.117 2.50635 808.418
31.6001 72.6684 19.2354 2.51368 808.299
31.7001 72.6173 19.3542 2.52101 808.181
31.8001 72.5663 19.4734 2.52833 808.061
31.9001 72.5152 19.5928 2.53564 807.942
32.0001 72.4642 19.7126 2.54294 807.822
32.1001 72.4131 19.8328 2.55024 807.702
32.2001 72.3621 19.9533 2.55754 807.582
32.3001 72.311 20.0741 2.56483 807.461
32.4001 72.2599 20.1952 2.57211 807.34
32.5001 72.2088 20.3167 2.57939 807.218
32.6001 72.1577 20.4385 2.58666 807.096
32.7001 72.1066 20.5606 2.59392 806.974
32.8001 72.0555 20.6831 2.60118 806.852
32.9001 72.0044 20.8059 2.60843 806.729
33.0001 71.9533 20.929 2.61567 806.606
33.1001 71.9022 21.0525 2.62291 806.482
33.2001 71.851 21.1763 2.63015 806.359
33.3001 71.7999 21.3005 2.63737 806.234
33.4001 71.7488 21.4249 2.64459 806.11
33.5001 71.6976 21.5497 2.65181 805.985
33.6001 71.6465 21.6748 2.65901 805.86
33.7001 71.5953 21.8003 2.66622 805.735
33.8001 71.5441 21.9261 2.67341 805.609
33.9001 71.493 22.0522 2.6806 805.483
34.0001 71.4418 22.1786 2.68778 805.356
34.1001 71.3906 22.3054 2.69496 805.229
34.2001 71.3394 22.4324 2.70213 805.102
34.3 71.2882 22.5599 2.70929 804.975
34.4 71.237 22.6876 2.71645 804.847
34.5 71.1858 22.8157 2.7236 804.719
34.6 71.1346 22.9441 2.73074 804.591
34.7 71.0834 23.0728 2.73788 804.462
34.8 71.0322 23.2018 2.74501 804.333
34.9 70.981 23.3312 2.75213 804.204
35 70.9297 23.4609 2.75925 804.074
35.1 70.8785 23.5909 2.76636 803.944
35.2 70.8273 23.7213 2.77347 803.814
35.3 70.776 23.8519 2.78056 803.683
35.4 70.7248 23.9829 2.78765 803.552
35.5 70.6735 24.1142 2.79474 803.421
35.6 70.6223 24.2458 2.80182 803.289
35.7 70.571 24.3778 2.80889 803.157
35.8 70.5198 24.5101 2.81595 803.025
35.9 70.4685 24.6427 2.82301 802.892
36 70.4172 24.7756 2.83006 802.759
36.1 70.366 24.9088 2.8371 802.626
36.2 70.3147 25.0424 2.84414 802.492
36.3 70.2634 25.1762 2.85117 802.359
36.4 70.2121 25.3104 2.8582 802.224
36.5 70.1609 25.4449 2.86521 802.09
36.6 70.1096 25.5797 2.87222 801.955
36.7 70.0583 25.7149 2.87923 801.82
36.8 70.007 25.8503 2.88622 801.685
36.9 69.9557 25.9861 2.89321 801.549
37 69.9044 26.1222 2.90019 801.413
37.1 69.8531 26.2586 2.90717 801.276
37.2 69.8018 26.3953 2.91414 801.14
37.3 69.7505 26.5324 2.9211 801.002
37.4 69.6992 26.6697 2.92805 800.865
37.5 69.6478 26.8074 2.935 800.727
37.6 69.5965 26.9454 2.94194 800.589
37.7 69.5452 27.0836 2.94887 800.451
37.8 69.4939 27.2223 2.9558 800.313
37.9 69.4426 27.3612 2.96272 800.174
38 69.3912 27.5004 2.96963 800.034
38.1 69.3399 27.6399 2.97654 799.895
38.2 69.2886 27.7798 2.98343 799.755
38.3 69.2372 27.9199 2.99032 799.615
38.4 69.1859 28.0604 2.99721 799.474
38.5 69.1345 28.2012 3.00408 799.334
38.6 69.0832 28.3423 3.01095 799.193
38.7 69.0319 28.4837 3.01781 799.051
38.8 68.9805 28.6254 3.02467 798.909
38.9 68.9292 28.7674 3.03152 798.767
39 68.8778 28.9097 3.03835 798.625
39.1 68.8265 29.0523 3.04519 798.483
39.2 68.7751 29.1953 3.05201 798.34
39.3 68.7237 29.3385 3.05883 798.196
39.4 68.6724 29.4821 3.06564 798.053
39.5 68.621 29.6259 3.07244 797.909
39.6 68.5697 29.7701 3.07924 797.765
39.7 68.5183 29.9145 3.08603 797.62
39.8 68.4669 30.0593 3.09281 797.476
39.9 68.4156 30.2044 3.09958 797.33
40 68.3642 30.3498 3.10635 797.185
40.1 68.3128 30.4954 3.1131 797.039
40.2 68.2615 30.6414 3.11985 796.893
40.3 68.2101 30.7877 3.1266 796.747
40.4 68.1587 30.9343 3.13333 796.601
40.5 68.1074 31.0811 3.14006 796.454
40.6 68.056 31.2283 3.14678 796.307
40.7 68.0046 31.3758 3.15349 796.159
40.7999 67.9532 31.5236 3.1602 796.011
40.8999 67.9018 31.6717 3.1669 795.863
40.9999 67.8505 31.8201 3.17359 795.715
41.0999 67.7991 31.9687 3.18027 795.566
41.1999 67.7477 32.1177 3.18694 795.417
41.2999 67.6963 32.267 3.19361 795.268
41.3999 67.6449 32.4165 3.20027 795.118
41.4999 67.5936 32.5664 3.20692 794.968
41.5999 67.5422 32.7166 3.21356 794.818
41.6999 67.4908 32.867 3.2202 794.668
41.7999 67.4394 33.0178 3.22682 794.517
41.8999 67.388 33.1688 3.23344 794.366
41.9999 67.3366 33.3202 3.24006 794.215
42.0999 67.2852 33.4718 3.24666 794.063
42.1999 67.2339 33.6237 3.25326 793.911
42.2999 67.1825 33.776 3.25984 793.759
42.3999 67.1311 33.9285 3.26642 793.606
42.4999 67.0797 34.0813 3.273 793.454
42.5999 67.0283 34.2344 3.27956 793.3
42.6999 66.9769 34.3878 3.28612 793.147
42.7999 66.9255 34.5414 3.29267 792.993
42.8999 66.8741 34.6954 3.29921 792.839
42.9999 66.8227 34.8497 3.30574 792.685
43.0999 66.7714 35.0042 3.31226 792.531
43.1999 66.72 35.159 3.31878 792.376
43.2999 66.6686 35.3142 3.32529 792.221
43.3999 66.6172 35.4696 3.33179 792.065
43.4999 66.5658 35.6253 3.33828 791.91
43.5999 66.5144 35.7812 3.34476 791.754
43.6999 66.463 35.9375 3.35124 791.597
43.7999 66.4116 36.0941 3.3577 791.441
43.8999 66.3602 36.2509 3.36416 791.284
43.9999 66.3088 36.408 3.37061 791.127
44.0999 66.2575 36.5654 3.37706 790.969
44.1999 66.2061 36.7231 3.38349 790.812
44.2999 66.1547 36.8811 3.38992 790.654
44.3999 66.1033 37.0394 3.39633 790.495
44.4999 66.0519 37.1979 3.40274 790.337
44.5999 66.0005 37.3567 3.40914 790.178
44.6999 65.9491 37.5158 3.41554 790.019
44.7999 65.8977 37.6752 3.42192 789.86
44.8999 65.8464 37.8349 3.4283 789.7
44.9999 65.795 37.9948 3.43466 789.54
45.0999 65.7436 38.1551 3.44102 789.38
45.1999 65.6922 38.3156 3.44737 789.219
45.2999 65.6408 38.4764 3.45372 789.058
45.3999 65.5894 38.6374 3.46005 788.897
45.4999 65.5381 38.7987 3.46637 788.736
45.5999 65.4867 38.9604 3.47269 788.574
45.6999 65.4353 39.1223 3.479 788.413
45.7999 65.3839 39.2844 3.4853 788.25
45.8999 65.3325 39.4469 3.49159 788.088
45.9999 65.2812 39.6096 3.49787 787.925
46.0999 65.2298 39.7726 3.50415 787.762
46.1999 65.1784 39.9358 3.51041 787.599
46.2999 65.127 40.0994 3.51667 787.435
46.3999 65.0757 40.2632 3.52292 787.272
46.4999 65.0243 40.4273 3.52915 787.108
46.5999 64.9729 40.5916 3.53538 786.943
46.6999 64.9215 40.7563 3.54161 786.779
46.7999 64.8702 40.9212 3.54782 786.614
46.8999 64.8188 41.0863 3.55402 786.449
46.9999 64.7674 41.2518 3.56022 786.283
47.0999 64.7161 41.4175 3.56641 786.117
47.1999 64.6647 41.5835 3.57258 785.951
47.2999 64.6133 41.7497 3.57875 785.785
47.3998 64.562 41.9162 3.58491 785.619
47.4998 64.5106 42.083 3.59106 785.452
47.5998 64.4593 42.2501 3.59721 785.285
47.6998 64.4079 42.4174 3.60334 785.117
47.7998 64.3565 42.5849 3.60946 784.95
47.8998 64.3052 42.7528 3.61558 784.782
47.9998 64.2538 42.9209 3.62169 784.614
48.0998 64.2025 43.0893 3.62778 784.446
48.1998 64.1511 43.2579 3.63387 784.277
48.2998 64.0998 43.4268 3.63995 784.108
48.3998 64.0484 43.596 3.64602 783.939
48.4998 63.9971 43.7654 3.65208 783.769
48.5998 63.9457 43.9351 3.65814 783.6
48.6998 63.8944 44.1051 3.66418 783.43
48.7998 63.843 44.2753 3.67021 783.26
48.8998 63.7917 44.4458 3.67624 783.089
48.9998 63.7404 44.6165 3.68226 782.918
49.0998 63.689 44.7875 3.68826 782.747
49.1998 63.6377 44.9587 3.69426 782.576
49.2998 63.5864 45.1302 3.70025 782.405
49.3998 63.535 45.302 3.70623 782.233
49.4998 63.4837 45.474 3.7122 782.061
49.5998 63.4324 45.6463 3.71816 781.889
49.6998 63.381 45.8188 3.72411 781.716
49.7998 63.3297 45.9916 3.73005 781.543
49.8998 63.2784 46.1647 3.73599 781.37
49.9998 63.2271 46.338 3.74191 781.197
50.0998 63.1757 46.5115 3.74782 781.023
50.1998 63.1244 46.6853 3.75373 780.85
50.2998 63.0731 46.8594 3.75962 780.675
50.3998 63.0218 47.0337 3.76551 780.501
50.4998 62.9705 47.2083 3.77139 780.327
50.5998 62.9192 47.3831 3.77725 780.152
50.6998 62.8679 47.5582 3.78311 779.977
50.7998 62.8166 47.7335 3.78896 779.801
50.8998 62.7653 47.9091 3.7948 779.626
50.9998 62.714 48.0849 3.80063 779.45
51.0998 62.6627 48.2609 3.80645 779.274
51.1998 62.6114 48.4373 3.81226 779.098
51.2998 62.5601 48.6138 3.81806 778.921
51.3998 62.5088 48.7906 3.82385 778.744
51.4998 62.4575 48.9677 3.82963 778.567
51.5998 62.4062 49.145 3.8354 778.39
51.6998 62.3549 49.3225 3.84117 778.212
51.7998 62.3036 49.5003 3.84692 778.035
51.8998 62.2524 49.6784 3.85266 777.856
51.9998 62.2011 49.8566 3.8584 777.678
52.0998 62.1498 50.0352 3.86412 777.5
52.1998 62.0985 50.2139 3.86983 777.321
52.2998 62.0473 50.3929 3.87554 777.142
52.3998 61.996 50.5722 3.88123 776.963
52.4998 61.9447 50.7517 3.88692 776.783
52.5998 61.8935 50.9314 3.89259 776.603
52.6998 61.8422 51.1114 3.89826 776.423
52.7998 61.7909 51.2916 3.90391 776.243
52.8998 61.7397 51.472 3.90956 776.063
52.9998 61.6884 51.6527 3.9152 775.882
53.0998 61.6372 51.8336 3.92082 775.701
53.1998 61.5859 52.0148 3.92644 775.52
53.2998 61.5347 52.1962 3.93204 775.339
53.3998 61.4834 52.3778 3.93764 775.157
53.4998 61.4322 52.5597 3.94323 774.975
53.5998 61.381 52.7418 3.9488 774.793
53.6998 61.3297 52.9242 3.95437 774.611
53.7998 61.2785 53.1067 3.95992 774.428
53.8997 61.2273 53.2895 3.96547 774.245
53.9997 61.176 53.4726 3.97101 774.062
54.0997 61.1248 53.6559 3.97653 773.879
54.1997 61.0736 53.8394 3.98205 773.695
54.2997 61.0224 54.0231 3.98755 773.512
54.3997 60.9712 54.2071 3.99305 773.328
54.4997 60.9199 54.3913 3.99854 773.144
54.5997 60.8687 54.5757 4.00401 772.959
54.6997 60.8175 54.7603 4.00948 772.775
54.7997 60.7663 54.9452 4.01493 772.59
54.8997 60.7151 55.1303 4.02038 772.405
54.9997 60.6639 55.3157 4.02581 772.219
55.0997 60.6127 55.5012 4.03124 772.034
55.1997 60.5615 55.687 4.03665 771.848
55.2997 60.5103 55.8731 4.04205 771.662
55.3997 60.4592 56.0593 4.04745 771.476
55.4997 60.408 56.2458 4.05283 771.289
55.5997 60.3568 56.4324 4.05821 771.102
55.6997 60.3056 56.6194 4.06357 770.915
55.7997 60.2544 56.8065 4.06892 770.728
55.8997 60.2033 56.9939 4.07426 770.541
55.9997 60.1521 57.1814 4.07959 770.353
56.0997 60.1009 57.3692 4.08492 770.166
56.1997 60.0498 57.5573 4.09023 769.978
56.2997 59.9986 57.7455 4.09553 769.789
56.3997 59.9474 57.934 4.10082 769.601
56.4997 59.8963 58.1226 4.1061 769.412
56.5997 59.8451 58.3115 4.11137 769.223
56.6997 59.794 58.5006 4.11662 769.034
56.7997 59.7428 58.69 4.12187 768.845
56.8997 59.6917 58.8795 4.12711 768.655
56.9997 59.6406 59.0693 4.13234 768.466
57.0997 59.5894 59.2593 4.13755 768.276
57.1997 59.5383 59.4495 4.14276 768.085
57.2997 59.4872 59.6399 4.14795 767.895
57.3997 59.436 59.8305 4.15314 767.704
57.4997 59.3849 60.0213 4.15831 767.514
57.5997 59.3338 60.2124 4.16348 767.322
57.6997 59.2827 60.4036 4.16863 767.131
57.7997 59.2316 60.5951 4.17377 766.94
57.8997 59.1805 60.7868 4.1789 766.748
57.9997 59.1294 60.9787 4.18402 766.556
58.0997 59.0783 61.1707 4.18913 766.364
58.1997 59.0272 61.3631 4.19423 766.172
58.2997 58.9761 61.5556 4.19932 765.979
58.3997 58.925 61.7483 4.2044 765.787
58.4997 58.8739 61.9412 4.20946 765.594
58.5997 58.8228 62.1344 4.21452 765.4
58.6997 58.7717 62.3277 4.21956 765.207
58.7997 58.7206 62.5212 4.2246 765.014
58.8997 58.6696 62.715 4.22962 764.82
58.9997 58.6185 62.909 4.23463 764.626
59.0997 58.5674 63.1031 4.23963 764.432
59.1997 58.5164 63.2975 4.24462 764.237
59.2997 58.4653 63.492 4.2496 764.043
59.3997 58.4142 63.6868 4.25457 763.848
59.4997 58.3632 63.8818 4.25953 763.653
59.5997 58.3121 64.0769 4.26447 763.458
59.6997 58.2611 64.2723 4.26941 763.263
59.7997 58.21 64.4679 4.27433 763.067
59.8997 58.159 64.6637 4.27925 762.871
59.9997 58.108 64.8596 4.28415 762.675
60.0997 58.0569 65.0558 4.28904 762.479
60.1997 58.0059 65.2521 4.29392 762.283
60.2997 57.9549 65.4487 4.29879 762.086
60.3997 57.9039 65.6454 4.30364 761.889
60.4996 57.8528 65.8424 4.30849 761.692
60.5996 57.8018 66.0395 4.31333 761.495
60.6996 57.7508 66.2369 4.31815 761.298
60.7996 57.6998 66.4344 4.32296 761.1
60.8996 57.6488 66.6321 4.32776 760.903
60.9996 57.5978 66.83 4.33255 760.705
61.0996 57.5468 67.0281 4.33733 760.507
61.1996 57.4958 67.2264 4.3421 760.308
61.2996 57.4448 67.4249 4.34686 760.11
61.3996 57.3939 67.6236 4.3516 759.911
61.4996 57.3429 67.8225 4.35634 759.712
61.5996 57.2919 68.0215 4.36106 759.513
61.6996 57.2409 68.2208 4.36577 759.314
61.7996 57.19 68.4202 4.37047 759.115
61.8996 57.139 68.6198 4.37516 758.915
61.9996 57.088 68.8196 4.37983 758.715
62.0996 57.0371 69.0196 4.3845 758.515
62.1996 56.9861 69.2198 4.38915 758.315
62.2996 56.9352 69.4201 4.3938 758.115
62.3996 56.8842 69.6207 4.39843 757.914
62.4996 56.8333 69.8214 4.40305 757.713
62.5996 56.7823 70.0223 4.40765 757.513
62.6996 56.7314 70.2234 4.41225 757.311
62.7996 56.6805 70.4246 4.41684 757.11
62.8996 56.6295 70.6261 4.42141 756.909
62.9996 56.5786 70.8277 4.42597 756.707
63.0996 56.5277 71.0295 4.43052 756.505
63.1996 56.4768 71.2315 4.43506 756.303
63.2996 56.4259 71.4337 4.43959 756.101
63.3996 56.375 71.636 4.4441 755.899
63.4996 56.3241 71.8385 4.4486 755.696
63.5996 56.2732 72.0412 4.4531 755.494
63.6996 56.2223 72.2441 4.45758 755.291
63.7996 56.1714 72.4472 4.46205 755.088
63.8996 56.1205 72.6504 4.4665 754.884
63.9996 56.0696 72.8538 4.47095 754.681
64.0996 56.0187 73.0573 4.47538 754.478
64.1996 55.9679 73.2611 4.4798 754.274
64.2996 55.917 73.465 4.48421 754.07
64.3996 55.8661 73.6691 4.48861 753.866
64.4996 55.8153 73.8733 4.49299 753.662
64.5996 55.7644 74.0778 4.49737 753.457
64.6996 55.7136 74.2824 4.50173 753.252
64.7996 55.6627 74.4871 4.50608 753.048
64.8996 55.6119 74.6921 4.51042 752.843
64.9996 55.561 74.8972 4.51475 752.638
65.0996 55.5102 75.1024 4.51906 752.432
65.1996 55.4593 75.3079 4.52336 752.227
65.2996 55.4085 75.5135 4.52765 752.021
65.3996 55.3577 75.7192 4.53193 751.816
65.4996 55.3069 75.9251 4.5362 751.61
65.5996 55.2561 76.1312 4.54045 751.404
65.6996 55.2052 76.3375 4.5447 751.197
65.7996 55.1544 76.5439 4.54893 750.991
65.8996 55.1036 76.7505 4.55314 750.784
65.9996 55.0528 76.9572 4.55735 750.578
66.0996 55.002 77.1641 4.56154 750.371
66.1996 54.9512 77.3712 4.56573 750.164
66.2996 54.9005 77.5784 4.5699 749.956
66.3996 54.8497 77.7858 4.57405 749.749
66.4996 54.7989 77.9933 4.5782 749.542
66.5996 54.7481 78.201 4.58233 749.334
66.6996 54.6973 78.4089 4.58645 749.126
66.7996 54.6466 78.6169 4.59056 748.918
66.8996 54.5958 78.8251 4.59466 748.71
66.9995 54.5451 79.0334 4.59874 748.501
67.0995 54.4943 79.2419 4.60282 748.293
67.1995 54.4436 79.4505 4.60688 748.084
67.2995 54.3928 79.6593 4.61092 747.876
67.3995 54.3421 79.8682 4.61496 747.667
67.4995 54.2913 80.0773 4.61898 747.458
67.5995 54.2406 80.2865 4.62299 747.248
67.6995 54.1899 80.4959 4.62699 747.039
67.7995 54.1392 80.7054 4.63098 746.829
67.8995 54.0884 80.9151 4.63495 746.62
67.9995 54.0377 81.125 4.63891 746.41
68.0995 53.987 81.3349 4.64286 746.2
68.1995 53.9363 81.5451 4.6468 745.99
68.2995 53.8856 81.7554 4.65072 745.779
68.3995 53.8349 81.9658 4.65463 745.569
68.4995 53.7842 82.1763 4.65853 745.359
68.5995 53.7335 82.3871 4.66242 745.148
68.6995 53.6829 82.5979 4.66629 744.937
68.7995 53.6322 82.8089 4.67015 744.726
68.8995 53.5815 83.0201 4.674 744.515
68.9995 53.5308 83.2314 4.67784 744.303
69.0995 53.4802 83.4428 4.68166 744.092
69.1995 53.4295 83.6544 4.68547 743.88
69.2995 53.3789 83.8661 4.68927 743.669
69.3995 53.3282 84.0779 4.69306 743.457
69.4995 53.2776 84.2899 4.69683 743.245
69.5995 53.2269 84.502 4.70059 743.033
69.6995 53.1763 84.7143 4.70434 742.821
69.7995 53.1256 84.9267 4.70807 742.608
69.8995 53.075 85.1392 4.7118 742.396
69.9995 53.0244 85.3519 4.71551 742.183
70.0995 52.9738 85.5647 4.7192 741.97
70.1995 52.9231 85.7777 4.72289 741.757
70.2995 52.8725 85.9907 4.72656 741.544
70.3995 52.8219 86.2039 4.73022 741.331
70.4995 52.7713 86.4173 4.73386 741.118
70.5995 52.7207 86.6308 4.7375 740.904
70.6995 52.6701 86.8444 4.74112 740.69
70.7995 52.6196 87.0581 4.74472 740.477
70.8995 52.569 87.272 4.74832 740.263
70.9995 52.5184 87.486 4.7519 740.049
71.0995 52.4678 87.7001 4.75547 739.835
71.1995 52.4172 87.9143 4.75902 739.621
71.2995 52.3667 88.1287 4.76257 739.406
71.3995 52.3161 88.3432 4.7661 739.192
71.4995 52.2656 88.5579 4.76961 738.977
71.5995 52.215 88.7726 4.77312 738.762
71.6995 52.1645 88.9875 4.77661 738.547
71.7995 52.1139 89.2025 4.78009 738.332
71.8995 52.0634 89.4176 4.78355 738.117
71.9995 52.0129 89.6329 4.787 737.902
72.0995 51.9623 89.8483 4.79044 737.687
72.1995 51.9118 90.0638 4.79387 737.471
72.2995 51.8613 90.2794 4.79728 737.255
72.3995 51.8108 90.4951 4.80068 737.04
72.4995 51.7603 90.711 4.80407 736.824
72.5995 51.7098 90.927 4.80744 736.608
72.6995 51.6593 91.143 4.8108 736.392
72.7995 51.6088 91.3593 4.81415 736.176
72.8995 51.5583 91.5756 4.81748 735.959
72.9995 51.5078 91.792 4.8208 735.743
73.0995 51.4573 92.0086 4.82411 735.526
73.1995 51.4068 92.2253 4.8274 735.31
73.2995 51.3564 92.4421 4.83068 735.093
73.3995 51.3059 92.659 4.83395 734.876
73.4995 51.2554 92.876 4.83721 734.659
73.5994 51.205 93.0931 4.84045 734.442
73.6994 51.1545 93.3103 4.84367 734.225
73.7994 51.1041 93.5277 4.84689 734.007
73.8994 51.0536 93.7452 4.85009 733.79
73.9994 51.0032 93.9627 4.85328 733.572
74.0994 50.9528 94.1804 4.85645 733.354
74.1994 50.9023 94.3982 4.85961 733.137
74.2994 50.8519 94.6161 4.86276 732.919
74.3994 50.8015 94.8341 4.8659 732.701
74.4994 50.7511 95.0522 4.86902 732.483
74.5994 50.7007 95.2704 4.87212 732.264
74.6994 50.6502 95.4887 4.87522 732.046
74.7994 50.5998 95.7071 4.8783 731.828
74.8994 50.5495 95.9257 4.88137 731.609
74.9994 50.4991 96.1443 4.88442 731.391
75.0994 50.4487 96.363 4.88746 731.172
75.1994 50.3983 96.5819 4.89049 730.953
75.2994 50.3479 96.8008 4.8935 730.734
75.3994 50.2975 97.0198 4.8965 730.515
75.4994 50.2472 97.239 4.89949 730.296
75.5994 50.1968 97.4582 4.90246 730.077
75.6994 50.1465 97.6775 4.90542 729.857
75.7994 50.0961 97.897 4.90836 729.638
75.8994 50.0458 98.1165 4.91129 729.418
75.9994 49.9954 98.3361 4.91421 729.199
76.0994 49.9451 98.5558 4.91712 728.979
76.1994 49.8948 98.7756 4.92001 728.759
76.2994 49.8444 98.9955 4.92288 728.539
76.3994 49.7941 99.2155 4.92575 728.319
76.4994 49.7438 99.4356 4.9286 728.099
76.5994 49.6935 99.6558 4.93143 727.879
76.6994 49.6432 99.8761 4.93426 727.659
76.7994 49.5929 100.096 4.93706 727.438
76.8994 49.5426 100.317 4.93986 727.218
76.9994 49.4923 100.537 4.94264 726.997
77.0994 49.442 100.758 4.94541 726.777
77.1994 49.3917 100.979 4.94816 726.556
77.2994 49.3414 101.2 4.9509 726.335
77.3994 49.2911 101.421 4.95363 726.114
77.4994 49.2409 101.642 4.95634 725.893
77.5994 49.1906 101.863 4.95903 725.672
77.6994 49.1403 102.084 4.96172 725.451
77.7994 49.0901 102.305 4.96439 725.23
77.8994 49.0398 102.526 4.96705 725.009
77.9994 48.9896 102.748 4.96969 724.787
78.0994 48.9394 102.969 4.97232 724.566
78.1994 48.8891 103.191 4.97493 724.344
78.2994 48.8389 103.412 4.97753 724.122
78.3994 48.7887 103.634 4.98012 723.901
78.4994 48.7385 103.856 4.98269 723.679
78.5994 48.6882 104.078 4.98525 723.457
78.6994 48.638 104.3 4.98779 723.235
78.7994 48.5878 104.522 4.99032 723.013
78.8994 48.5376 104.744 4.99284 722.791
78.9994 48.4874 104.966 4.99534 722.569
79.0994 48.4372 105.188 4.99783 722.346
79.1994 48.3871 105.411 5.00031 722.124
79.2994 48.3369 105.633 5.00277 721.902
79.3994 48.2867 105.856 5.00521 721.679
79.4994 48.2365 106.078 5.00764 721.457
79.5994 48.1864 106.301 5.01006 721.234
79.6994 48.1362 106.524 5.01246 721.011
79.7994 48.0861 106.746 5.01485 720.788
79.8994 48.0359 106.969 5.01723 720.566
79.9994 47.9858 107.192 5.01959 720.343
80.0993 47.9356 107.415 5.02194 720.12
80.1993 47.8855 107.638 5.02427 719.897
80.2993 47.8354 107.861 5.02659 719.673
80.3993 47.7852 108.085 5.02889 719.45
80.4993 47.7351 108.308 5.03118 719.227
80.5993 47.685 108.531 5.03346 719.004
80.6993 47.6349 108.755 5.03572 718.78
80.7993 47.5848 108.978 5.03797 718.557
80.8993 47.5347 109.202 5.0402 718.333
80.9993 47.4846 109.425 5.04242 718.11
81.0993 47.4345 109.649 5.04462 717.886
81.1993 47.3844 109.872 5.04681 717.662
81.2993 47.3343 110.096 5.04899 717.439
81.3993 47.2843 110.32 5.05115 717.215
81.4993 47.2342 110.544 5.05329 716.991
81.5993 47.1841 110.768 5.05543 716.767
81.6993 47.1341 110.992 5.05754 716.543
81.7993 47.084 111.216 5.05965 716.319
81.8993 47.034 111.44 5.06174 716.095
81.9993 46.9839 111.664 5.06381 715.871
82.0993 46.9339 111.888 5.06587 715.646
82.1993 46.8838 112.113 5.06792 715.422
82.2993 46.8338 112.337 5.06995 715.198
82.3993 46.7838 112.561 5.07196 714.974
82.4993 46.7338 112.786 5.07397 714.749
82.5993 46.6838 113.01 5.07595 714.525
82.6993 46.6337 113.235 5.07793 714.3
82.7993 46.5837 113.459 5.07988 714.075
82.8993 46.5337 113.684 5.08183 713.851
82.9993 46.4838 113.909 5.08376 713.626
83.0993 46.4338 114.133 5.08567 713.401
83.1993 46.3838 114.358 5.08757 713.177
83.2993 46.3338 114.583 5.08946 712.952
83.3993 46.2838 114.808 5.09133 712.727
83.4993 46.2339 115.033 5.09318 712.502
83.5993 46.1839 115.258 5.09502 712.277
83.6993 46.1339 115.483 5.09685 712.052
83.7993 46.084 115.708 5.09866 711.827
83.8993 46.034 115.933 5.10046 711.602
83.9993 45.9841 116.158 5.10224 711.377
84.0993 45.9342 116.383 5.10401 711.152
84.1993 45.8842 116.608 5.10576 710.926
84.2993 45.8343 116.834 5.1075 710.701
84.3993 45.7844 117.059 5.10923 710.476
84.4993 45.7345 117.284 5.11093 710.251
84.5993 45.6845 117.51 5.11263 710.025
84.6993 45.6346 117.735 5.11431 709.8
84.7993 45.5847 117.961 5.11597 709.574
84.8993 45.5348 118.186 5.11762 709.349
84.9993 45.4849 118.412 5.11926 709.123
85.0993 45.4351 118.637 5.12088 708.898
85.1993 45.3852 118.863 5.12248 708.672
85.2993 45.3353 119.088 5.12407 708.447
85.3993 45.2854 119.314 5.12565 708.221
85.4993 45.2356 119.54 5.12721 707.995
85.5993 45.1857 119.765 5.12875 707.769
85.6993 45.1359 119.991 5.13028 707.544
85.7993 45.086 120.217 5.1318 707.318
85.8993 45.0362 120.443 5.1333 707.092
85.9993 44.9863 120.669 5.13478 706.866
86.0993 44.9365 120.894 5.13626 706.64
86.1993 44.8867 121.12 5.13771 706.415
86.2993 44.8368 121.346 5.13915 706.189
86.3993 44.787 121.572 5.14058 705.963
86.4993 44.7372 121.798 5.14199 705.737
86.5993 44.6874 122.024 5.14338 705.511
86.6992 44.6376 122.25 5.14477 705.285
86.7992 44.5878 122.476 5.14613 705.059
86.8992 44.538 122.702 5.14748 704.833
86.9992 44.4882 122.928 5.14882 704.607
87.0992 44.4384 123.154 5.15014 704.381
87.1992 44.3886 123.38 5.15144 704.154
87.2992 44.3389 123.607 5.15273 703.928
87.3992 44.2891 123.833 5.15401 703.702
87.4992 44.2393 124.059 5.15527 703.476
87.5992 44.1896 124.285 5.15651 703.25
87.6992 44.1398 124.511 5.15774 703.024
87.7992 44.0901 124.737 5.15896 702.797
87.8992 44.0403 124.964 5.16016 702.571
87.9992 43.9906 125.19 5.16134 702.345
88.0992 43.9409 125.416 5.16251 702.119
88.1992 43.8911 125.643 5.16366 701.892
88.2992 43.8414 125.869 5.1648 701.666
88.3992 43.7917 126.095 5.16593 701.44
88.4992 43.742 126.321 5.16703 701.213
88.5992 43.6923 126.548 5.16813 700.987
88.6992 43.6426 126.774 5.16921 700.761
88.7992 43.5929 127 5.17027 700.534
88.8992 43.5432 127.227 5.17132 700.308
88.9992 43.4935 127.453 5.17235 700.082
89.0992 43.4438 127.679 5.17336 699.855
89.1992 43.3941 127.906 5.17436 699.629
89.2992 43.3445 128.132 5.17535 699.403
89.3992 43.2948 128.359 5.17632 699.176
89.4992 43.2452 128.585 5.17728 698.95
89.5992 43.1955 128.811 5.17822 698.723
89.6992 43.1458 129.038 5.17914 698.497
89.7992 43.0962 129.264 5.18005 698.271
89.8992 43.0466 129.491 5.18094 698.044
89.9992 42.9969 129.717 5.18182 697.818
90.0992 42.9473 129.943 5.18269 697.591
90.1992 42.8977 130.17 5.18353 697.365
90.2992 42.8481 130.396 5.18436 697.139
90.3992 42.7984 130.623 5.18518 696.912
90.4992 42.7488 130.849 5.18598 696.686
90.5992 42.6992 131.075 5.18677 696.46
90.6992 42.6496 131.302 5.18754 696.233
90.7992 42.6 131.528 5.18829 696.007
90.8992 42.5505 131.754 5.18903 695.78
90.9992 42.5009 131.981 5.18976 695.554
91.0992 42.4513 132.207 5.19046 695.328
91.1992 42.4017 132.434 5.19116 695.101
91.2992 42.3522 132.66 5.19183 694.875
91.3992 42.3026 132.886 5.1925 694.649
91.4992 42.253 133.113 5.19314 694.422
91.5992 42.2035 133.339 5.19377 694.196
91.6992 42.1539 133.565 5.19439 693.97
91.7992 42.1044 133.791 5.19499 693.743
91.8992 42.0549 134.018 5.19557 693.517
91.9992 42.0053 134.244 5.19614 693.291
92.0992 41.9558 134.47 5.19669 693.065
92.1992 41.9063 134.696 5.19723 692.838
92.2992 41.8568 134.923 5.19775 692.612
92.3992 41.8073 135.149 5.19826 692.386
92.4992 41.7578 135.375 5.19875 692.16
92.5992 41.7083 135.601 5.19922 691.934
92.6992 41.6588 135.827 5.19968 691.707
92.7992 41.6093 136.054 5.20012 691.481
92.8992 41.5598 136.28 5.20055 691.255
92.9992 41.5103 136.506 5.20096 691.029
93.0992 41.4608 136.732 5.20136 690.803
93.1992 41.4114 136.958 5.20174 690.577
93.2991 41.3619 137.184 5.2021 690.351
93.3991 41.3124 137.41 5.20245 690.125
93.4991 41.263 137.636 5.20279 689.899
93.5991 41.2135 137.862 5.2031 689.673
93.6991 41.1641 138.088 5.20341 689.447
93.7991 41.1147 138.314 5.20369 689.221
93.8991 41.0652 138.54 5.20396 688.995
93.9991 41.0158 138.765 5.20422 688.769
94.0991 40.9664 138.991 5.20446 688.544
94.1991 40.917 139.217 5.20468 688.318
94.2991 40.8676 139.443 5.20489 688.092
94.3991 40.8181 139.669 5.20508 687.866
94.4991 40.7687 139.894 5.20525 687.641
94.5991 40.7194 140.12 5.20541 687.415
94.6991 40.67 140.346 5.20556 687.189
94.7991 40.6206 140.571 5.20568 686.964
94.8991 40.5712 140.797 5.20579 686.738
94.9991 40.5218 141.022 5.20589 686.512
95.0991 40.4724 141.248 5.20597 686.287
95.1991 40.4231 141.473 5.20604 686.061
95.2991 40.3737 141.699 5.20608 685.836
95.3991 40.3244 141.924 5.20612 685.611
95.4991 40.275 142.15 5.20613 685.385
95.5991 40.2257 142.375 5.20613 685.16
95.6991 40.1763 142.6 5.20612 684.935
95.7991 40.127 142.825 5.20609 684.709
95.8991 40.0777 143.051 5.20604 684.484
95.9991 40.0283 143.276 5.20598 684.259
96.0991 39.979 143.501 5.2059 684.034
96.1991 39.9297 143.726 5.2058 683.809
96.2991 39.8804 143.951 5.20569 683.584
96.3991 39.8311 144.176 5.20557 683.359
96.4991 39.7818 144.401 5.20542 683.134
96.5991 39.7325 144.626 5.20526 682.909
96.6991 39.6832 144.851 5.20509 682.684
96.7991 39.6339 145.076 5.2049 682.459
96.8991 39.5847 145.301 5.20469 682.234
96.9991 39.5354 145.525 5.20447 682.01
97.0991 39.4861 145.75 5.20423 681.785
97.1991 39.4369 145.975 5.20398 681.56
97.2991 39.3876 146.199 5.2037 681.336
97.3991 39.3383 146.424 5.20342 681.111
97.4991 39.2891 146.648 5.20311 680.887
97.5991 39.2399 146.873 5.2028 680.662
97.6991 39.1906 147.097 5.20246 680.438
97.7991 39.1414 147.321 5.20211 680.214
97.8991 39.0922 147.546 5.20174 679.989
97.9991 39.0429 147.77 5.20136 679.765
98.0991 38.9937 147.994 5.20096 679.541
98.1991 38.9445 148.218 5.20054 679.317
98.2991 38.8953 148.442 5.20011 679.093
98.3991 38.8461 148.666 5.19966 678.869
98.4991 38.7969 148.89 5.1992 678.645
98.5991 38.7477 149.114 5.19872 678.421
98.6991 38.6985 149.338 5.19822 678.197
98.7991 38.6494 149.562 5.19771 677.973
98.8991 38.6002 149.785 5.19718 677.75
98.9991 38.551 150.009 5.19664 677.526
99.0991 38.5018 150.232 5.19607 677.302
99.1991 38.4527 150.456 5.1955 677.079
99.2991 38.4035 150.679 5.1949 676.855
99.3991 38.3544 150.903 5.19429 676.632
99.4991 38.3052 151.126 5.19367 676.409
99.5991 38.2561 151.349 5.19303 676.185
99.6991 38.207 151.573 5.19237 675.962
99.799 38.1578 151.796 5.19169 675.739
99.899 38.1087 152.019 5.191 675.516
99.999 38.0596 152.242 5.1903 675.293
100.099 38.0105 152.465 5.18957 675.07
100.199 37.9614 152.688 5.18883 674.847
100.299 37.9123 152.91 5.18808 674.625
100.399 37.8632 153.133 5.18731 674.402
100.499 37.8141 153.356 5.18652 674.179
100.599 37.765 153.578 5.18571 673.957
100.699 37.7159 153.801 5.18489 673.734
100.799 37.6668 154.023 5.18406 673.512
100.899 37.6177 154.246 5.1832 673.289
100.999 37.5687 154.468 5.18233 673.067
101.099 37.5196 154.69 5.18145 672.845
101.199 37.4705 154.912 5.18054 672.623
101.299 37.4215 155.134 5.17963 672.401
101.399 37.3724 155.356 5.17869 672.179
101.499 37.3234 155.578 5.17774 671.957
101.599 37.2744 155.8 5.17677 671.735
101.699 37.2253 156.022 5.17579 671.513
101.799 37.1763 156.243 5.17479 671.292
101.899 37.1273 156.465 5.17377 671.07
101.999 37.0783 156.686 5.17274 670.849
102.099 37.0293 156.908 5.17169 670.627
102.199 36.9802 157.129 5.17063 670.406
102.299 36.9312 157.35 5.16954 670.185
102.399 36.8822 157.571 5.16845 669.963
102.499 36.8333 157.792 5.16733 669.742
102.599 36.7843 158.013 5.1662 669.521
102.699 36.7353 158.234 5.16505 669.3
102.799 36.6863 158.455 5.16389 669.08
102.899 36.6373 158.676 5.16271 668.859
102.999 36.5884 158.897 5.16151 668.638
103.099 36.5394 159.117 5.1603 668.418
103.199 36.4904 159.338 5.15907 668.197
103.299 36.4415 159.558 5.15783 667.977
103.399 36.3925 159.778 5.15656 667.757
103.499 36.3436 159.998 5.15528 667.536
103.599 36.2947 160.218 5.15399 667.316
103.699 36.2457 160.438 5.15268 667.096
103.799 36.1968 160.658 5.15135 666.876
103.899 36.1479 160.878 5.15001 666.657
103.999 36.099 161.098 5.14865 666.437
104.099 36.0501 161.318 5.14727 666.217
104.199 36.0011 161.537 5.14588 665.998
104.299 35.9522 161.757 5.14447 665.778
104.399 35.9033 161.976 5.14304 665.559
104.499 35.8545 162.195 5.1416 665.34
104.599 35.8056 162.414 5.14014 665.121
104.699 35.7567 162.633 5.13866 664.902
104.799 35.7078 162.852 5.13717 664.683
104.899 35.6589 163.071 5.13566 664.464
104.999 35.6101 163.29 5.13414 664.245
105.099 35.5612 163.508 5.13259 664.026
105.199 35.5123 163.727 5.13104 663.808
105.299 35.4635 163.945 5.12946 663.59
105.399 35.4146 164.164 5.12787 663.371
105.499 35.3658 164.382 5.12626 663.153
105.599 35.317 164.6 5.12464 662.935
105.699 35.2681 164.818 5.123 662.717
105.799 35.2193 165.036 5.12134 662.499
105.899 35.1705 165.254 5.11967 662.281
105.999 35.1217 165.471 5.11798 662.064
106.099 35.0729 165.689 5.11627 661.846
106.199 35.024 165.906 5.11455 661.628
106.299 34.9752 166.124 5.11281 661.411
106.399 34.9264 166.341 5.11105 661.194
106.499 34.8777 166.558 5.10928 660.977
106.599 34.8289 166.775 5.10749 660.76
106.699 34.7801 166.992 5.10569 660.543
106.799 34.7313 167.209 5.10386 660.326
106.899 34.6825 167.425 5.10202 660.109
106.999 34.6338 167.642 5.10017 659.893
107.099 34.585 167.859 5.0983 659.676
107.199 34.5362 168.075 5.09641 659.46
107.299 34.4875 168.291 5.0945 659.244
107.399 34.4387 168.507 5.09258 659.028
107.499 34.39 168.723 5.09064 658.812
107.599 34.3413 168.939 5.08869 658.596
107.699 34.2925 169.155 5.08672 658.38
107.799 34.2438 169.37 5.08473 658.165
107.899 34.1951 169.586 5.08273 657.949
107.999 34.1464 169.801 5.08071 657.734
108.099 34.0976 170.016 5.07867 657.518
108.199 34.0489 170.232 5.07662 657.303
108.299 34.0002 170.447 5.07455 657.088
108.399 33.9515 170.661 5.07246 656.873
108.499 33.9028 170.876 5.07036 656.659
108.599 33.8541 171.091 5.06824 656.444
108.699 33.8055 171.305 5.0661 656.229
108.799 33.7568 171.52 5.06395 656.015
108.899 33.7081 171.734 5.06178 655.801
108.999 33.6594 171.948 5.05959 655.587
109.099 33.6108 172.162 5.05739 655.373
109.199 33.5621 172.376 5.05517 655.159
109.299 33.5134 172.59 5.05293 654.945
109.399 33.4648 172.803 5.05068 654.731
109.499 33.4161 173.017 5.04841 654.518
109.599 33.3675 173.23 5.04612 654.305
109.699 33.3189 173.443 5.04382 654.091
109.799 33.2702 173.656 5.0415 653.878
109.899 33.2216 173.869 5.03917 653.665
109.999 33.173 174.082 5.03681 653.453
110.099 33.1244 174.295 5.03445 653.24
110.199 33.0758 174.507 5.03206 653.027
110.299 33.0272 174.72 5.02966 652.815
110.399 32.9785 174.932 5.02724 652.603
110.499 32.93 175.144 5.02481 652.391
110.599 32.8814 175.356 5.02235 652.179
110.699 32.8328 175.568 5.01989 651.967
110.799 32.7842 175.78 5.0174 651.755
110.899 32.7356 175.991 5.0149 651.543
110.999 32.687 176.203 5.01238 651.332
111.099 32.6385 176.414 5.00985 651.121
111.199 32.5899 176.625 5.0073 650.91
111.299 32.5413 176.836 5.00473 650.699
111.399 32.4928 177.047 5.00215 650.488
111.499 32.4442 177.258 4.99954 650.277
111.599 32.3957 177.468 4.99693 650.066
111.699 32.3471 177.679 4.99429 649.856
111.799 32.2986 177.889 4.99164 649.646
111.899 32.2501 178.099 4.98898 649.436
111.999 32.2016 178.309 4.98629 649.226
112.099 32.153 178.519 4.98359 649.016
112.199 32.1045 178.729 4.98088 648.806
112.299 32.056 178.938 4.97814 648.597
112.399 32.0075 179.148 4.97539 648.387
112.499 31.959 179.357 4.97263 648.178
112.599 31.9105 179.566 4.96984 647.969
112.699 31.862 179.775 4.96704 647.76
112.799 31.8135 179.984 4.96423 647.551
112.899 31.765 180.192 4.96139 647.342
112.999 31.7166 180.401 4.95854 647.134
113.099 31.6681 180.609 4.95568 646.926
113.199 31.6196 180.817 4.9528 646.718
113.299 31.5711 181.025 4.9499 646.51
113.399 31.5227 181.233 4.94698 646.302
113.499 31.4742 181.441 4.94405 646.094
113.599 31.4258 181.648 4.9411 645.886
113.699 31.3773 181.856 4.93814 645.679
113.799 31.3289 182.063 4.93515 645.472
113.899 31.2805 182.27 4.93216 645.265
113.999 31.232 182.477 4.92914 645.058
114.099 31.1836 182.684 4.92611 644.851
114.199 31.1352 182.89 4.92306 644.645
114.299 31.0868 183.097 4.92 644.438
114.399 31.0383 183.303 4.91691 644.232
114.499 30.9899 183.509 4.91382 644.026
114.599 30.9415 183.715 4.9107 643.82
114.699 30.8931 183.921 4.90757 643.614
114.799 30.8447 184.126 4.90442 643.408
114.899 30.7963 184.332 4.90126 643.203
114.999 30.748 184.537 4.89808 642.998
115.099 30.6996 184.742 4.89488 642.793
115.199 30.6512 184.947 4.89167 642.588
115.299 30.6028 185.152 4.88844 642.383
115.399 30.5545 185.357 4.88519 642.178
115.499 30.5061 185.561 4.88193 641.974
115.599 30.4577 185.765 4.87865 641.77
115.699 30.4094 185.969 4.87535 641.566
115.799 30.361 186.173 4.87204 641.362
115.899 30.3127 186.377 4.86871 641.158
115.999 30.2644 186.581 4.86537 640.954
116.099 30.216 186.784 4.86201 640.751
116.199 30.1677 186.987 4.85863 640.548
116.299 30.1194 187.19 4.85523 640.345
116.399 30.071 187.393 4.85182 640.142
116.499 30.0227 187.596 4.84839 639.939
116.599 29.9744 187.798 4.84495 639.737
116.699 29.9261 188.001 4.84149 639.534
116.799 29.8778 188.203 4.83801 639.332
116.899 29.8295 188.405 4.83452 639.13
116.999 29.7812 188.607 4.83101 638.928
117.099 29.7329 188.808 4.82748 638.727
117.199 29.6846 189.01 4.82394 638.525
117.299 29.6364 189.211 4.82038 638.324
117.399 29.5881 189.412 4.8168 638.123
117.499 29.5398 189.613 4.81321 637.922
117.599 29.4915 189.814 4.8096 637.721
117.699 29.4433 190.014 4.80597 637.521
117.799 29.395 190.215 4.80233 637.32
117.899 29.3468 190.415 4.79867 637.12
117.999 29.2985 190.615 4.795 636.92
118.099 29.2503 190.815 4.79131 636.72
118.199 29.202 191.014 4.7876 636.521
118.299 29.1538 191.214 4.78387 636.321
118.399 29.1056 191.413 4.78013 636.122
118.499 29.0573 191.612 4.77638 635.923
118.599 29.0091 191.811 4.7726 635.724
118.699 28.9609 192.009 4.76881 635.525
118.799 28.9127 192.208 4.76501 635.327
118.899 28.8645 192.406 4.76118 635.129
118.999 28.8163 192.604 4.75735 634.93
119.099 28.7681 192.802 4.75349 634.733
119.199 28.7199 193 4.74962 634.535
119.299 28.6717 193.198 4.74573 634.337
119.399 28.6235 193.395 4.74183 634.14
119.499 28.5753 193.592 4.73791 633.943
119.599 28.5272 193.789 4.73397 633.746
119.699 28.479 193.986 4.73002 633.549
119.799 28.4308 194.182 4.72605 633.353
119.899 28.3826 194.379 4.72206 633.156
119.999 28.3345 194.575 4.71806 632.96
120.099 28.2863 194.771 4.71404 632.764
120.199 28.2382 194.967 4.71 632.568
120.299 28.19 195.162 4.70595 632.373
120.399 28.1419 195.357 4.70189 632.177
120.499 28.0938 195.553 4.6978 631.982
120.599 28.0456 195.748 4.6937 631.787
120.699 27.9975 195.942 4.68959 631.592
120.799 27.9494 196.137 4.68545 631.398
120.899 27.9012 196.331 4.6813 631.204
120.999 27.8531 196.525 4.67714 631.009
121.099 27.805 196.719 4.67296 630.815
121.199 27.7569 196.913 4.66876 630.622
121.299 27.7088 197.107 4.66455 630.428
121.399 27.6607 197.3 4.66032 630.235
121.499 27.6126 197.493 4.65607 630.042
121.599 27.5645 197.686 4.65181 629.849
121.699 27.5164 197.879 4.64753 629.656
121.799 27.4684 198.071 4.64323 629.463
121.899 27.4203 198.264 4.63892 629.271
121.999 27.3722 198.456 4.6346 629.079
122.099 27.3241 198.648 4.63025 628.887
122.199 27.2761 198.839 4.62589 628.695
122.299 27.228 199.031 4.62152 628.504
122.399 27.18 199.222 4.61712 628.313
122.499 27.1319 199.413 4.61272 628.122
122.599 27.0839 199.604 4.60829 627.931
122.699 27.0358 199.795 4.60385 627.74
122.799 26.9878 199.985 4.59939 627.55
122.899 26.9397 200.175 4.59492 627.36
122.999 26.8917 200.365 4.59043 627.17
123.099 26.8437 200.555 4.58593 626.98
123.199 26.7957 200.745 4.58141 626.79
123.299 26.7477 200.934 4.57687 626.601
123.399 26.6996 201.123 4.57232 626.412
123.499 26.6516 201.312 4.56775 626.223
123.599 26.6036 201.501 4.56316 626.034
123.699 26.5556 201.689 4.55856 625.846
123.799 26.5076 201.877 4.55394 625.658
123.899 26.4596 202.065 4.54931 625.47
123.999 26.4116 202.253 4.54466 625.282
124.099 26.3637 202.441 4.54 625.094
124.199 26.3157 202.628 4.53532 624.907
124.299 26.2677 202.815 4.53062 624.72
124.399 26.2197 203.002 4.5259 624.533
124.499 26.1718 203.189 4.52118 624.346
124.599 26.1238 203.375 4.51643 624.16
124.699 26.0758 203.562 4.51167 623.973
124.799 26.0279 203.748 4.50689 623.787
124.899 25.9799 203.933 4.5021 623.602
124.999 25.932 204.119 4.49729 623.416
125.099 25.8841 204.304 4.49246 623.231
125.199 25.8361 204.489 4.48762 623.045
125.299 25.7882 204.674 4.48277 622.861
125.399 25.7403 204.859 4.47789 622.676
125.499 25.6923 205.043 4.47301 622.492
125.599 25.6444 205.228 4.4681 622.307
125.699 25.5965 205.412 4.46318 622.123
125.799 25.5486 205.595 4.45824 621.94
125.899 25.5007 205.779 4.45329 621.756
125.999 25.4528 205.962 4.44832 621.573
126.099 25.4049 206.145 4.44334 621.39
126.199 25.357 206.328 4.43834 621.207
126.299 25.3091 206.51 4.43333 621.024
126.399 25.2612 206.693 4.4283 620.842
126.499 25.2133 206.875 4.42325 620.66
126.599 25.1654 207.057 4.41819 620.478
126.699 25.1175 207.238 4.41311 620.296
126.799 25.0697 207.42 4.40801 620.115
126.899 25.0218 207.601 4.4029 619.934
126.999 24.9739 207.782 4.39778 619.753
127.099 24.9261 207.963 4.39264 619.572
127.199 24.8782 208.143 4.38748 619.392
127.299 24.8304 208.323 4.38231 619.212
127.399 24.7825 208.503 4.37712 619.032
127.499 24.7347 208.683 4.37191 618.852
127.599 24.6868 208.862 4.3667 618.672
127.699 24.639 209.042 4.36146 618.493
127.799 24.5912 209.221 4.35621 618.314
127.899 24.5433 209.4 4.35094 618.135
127.999 24.4955 209.578 4.34566 617.957
128.099 24.4477 209.756 4.34036 617.779
128.199 24.3999 209.934 4.33505 617.6
128.299 24.3521 210.112 4.32972 617.423
128.399 24.3042 210.29 4.32437 617.245
128.499 24.2564 210.467 4.31901 617.068
128.599 24.2086 210.644 4.31364 616.891
128.699 24.1608 210.821 4.30825 616.714
128.799 24.113 210.998 4.30284 616.537
128.899 24.0652 211.174 4.29742 616.361
128.999 24.0174 211.35 4.29198 616.185
129.099 23.9697 211.526 4.28653 616.009
129.199 23.9219 211.701 4.28106 615.833
129.299 23.8741 211.877 4.27557 615.658
129.399 23.8263 212.052 4.27007 615.483
129.499 23.7786 212.227 4.26456 615.308
129.599 23.7308 212.401 4.25903 615.134
129.699 23.683 212.576 4.25348 614.959
129.799 23.6353 212.75 4.24792 614.785
129.899 23.5875 212.923 4.24234 614.611
129.999 23.5398 213.097 4.23675 614.438
130.099 23.492 213.27 4.23114 614.264
130.199 23.4443 213.443 4.22552 614.091
130.299 23.3965 213.616 4.21988 613.919
130.399 23.3488 213.789 4.21423 613.746
130.499 23.3011 213.961 4.20856 613.574
130.599 23.2534 214.133 4.20288 613.402
130.699 23.2056 214.305 4.19718 613.23
130.799 23.1579 214.476 4.19146 613.058
130.899 23.1102 214.648 4.18573 612.887
130.999 23.0625 214.819 4.17999 612.716
131.099 23.0148 214.989 4.17423 612.545
131.199 22.9671 215.16 4.16845 612.375
131.299 22.9194 215.33 4.16266 612.205
131.399 22.8717 215.5 4.15686 612.035
131.499 22.824 215.67 4.15104 611.865
131.599 22.7763 215.839 4.1452 611.696
131.699 22.7286 216.008 4.13935 611.526
131.799 22.6809 216.177 4.13348 611.357
131.899 22.6332 216.346 4.1276 611.189
131.999 22.5856 216.514 4.12171 611.02
132.099 22.5379 216.683 4.1158 610.852
132.199 22.4902 216.85 4.10987 610.684
132.299 22.4426 217.018 4.10393 610.517
132.399 22.3949 217.185 4.09797 610.349
132.499 22.3473 217.352 4.092 610.182
132.599 22.2996 217.519 4.08601 610.016
132.699 22.252 217.686 4.08001 609.849
132.799 22.2043 217.852 4.074 609.683
132.899 22.1567 218.018 4.06797 609.517
132.999 22.109 218.184 4.06192 609.351
133.099 22.0614 218.349 4.05586 609.186
133.199 22.0138 218.514 4.04978 609.02
133.299 21.9661 218.679 4.04369 608.856
133.399 21.9185 218.844 4.03759 608.691
133.499 21.8709 219.008 4.03147 608.527
133.599 21.8233 219.172 4.02533 608.362
133.699 21.7757 219.336 4.01918 608.199
133.799 21.7281 219.5 4.01302 608.035
133.899 21.6805 219.663 4.00684 607.872
133.999 21.6329 219.826 4.00064 607.709
134.099 21.5853 219.989 3.99443 607.546
134.199 21.5377 220.151 3.98821 607.384
134.299 21.4901 220.313 3.98197 607.221
134.399 21.4425 220.475 3.97572 607.059
134.499 21.3949 220.637 3.96945 606.898
134.599 21.3473 220.798 3.96317 606.736
134.699 21.2997 220.959 3.95687 606.575
134.799 21.2522 221.12 3.95056 606.415
134.899 21.2046 221.281 3.94423 606.254
134.999 21.157 221.441 3.93789 606.094
135.099 21.1095 221.601 3.93154 605.934
135.199 21.0619 221.761 3.92517 605.774
135.299 21.0144 221.92 3.91878 605.615
135.399 20.9668 222.079 3.91238 605.456
135.499 20.9193 222.238 3.90597 605.297
135.599 20.8717 222.397 3.89954 605.138
135.699 20.8242 222.555 3.8931 604.98
135.799 20.7766 222.713 3.88664 604.822
135.899 20.7291 222.871 3.88017 604.664
135.999 20.6816 223.028 3.87369 604.507
136.099 20.634 223.185 3.86719 604.35
136.199 20.5865 223.342 3.86067 604.193
136.299 20.539 223.499 3.85414 604.036
136.399 20.4915 223.655 3.8476 603.88
136.499 20.444 223.811 3.84104 603.724
136.599 20.3965 223.967 3.83447 603.568
136.699 20.349 224.122 3.82789 603.413
136.799 20.3015 224.277 3.82129 603.258
136.899 20.254 224.432 3.81467 603.103
136.999 20.2065 224.586 3.80804 602.948
137.099 20.159 224.741 3.8014 602.794
137.199 20.1115 224.895 3.79474 602.64
137.299 20.064 225.048 3.78807 602.486
137.399 20.0165 225.202 3.78139 602.333
137.499 19.969 225.355 3.77469 602.18
137.599 19.9215 225.508 3.76797 602.027
137.699 19.8741 225.66 3.76124 601.875
137.799 19.8266 225.813 3.7545 601.722
137.899 19.7791 225.964 3.74775 601.57
137.999 19.7317 226.116 3.74098 601.419
138.099 19.6842 226.267 3.73419 601.267
138.199 19.6368 226.419 3.7274 601.116
138.299 19.5893 226.569 3.72058 600.966
138.399 19.5419 226.72 3.71376 600.815
138.499 19.4944 226.87 3.70692 600.665
138.599 19.447 227.02 3.70007 600.515
138.699 19.3995 227.169 3.6932 600.365
138.799 19.3521 227.319 3.68632 600.216
138.899 19.3047 227.468 3.67942 600.067
138.999 19.2572 227.616 3.67251 599.918
139.099 19.2098 227.765 3.66559 599.77
139.199 19.1624 227.913 3.65865 599.622
139.299 19.115 228.061 3.6517 599.474
139.399 19.0675 228.208 3.64474 599.327
139.499 19.0201 228.355 3.63776 599.18
139.599 18.9727 228.502 3.63077 599.033
139.699 18.9253 228.649 3.62377 598.886
139.799 18.8779 228.795 3.61675 598.74
139.899 18.8305 228.941 3.60972 598.594
139.999 18.7831 229.087 3.60267 598.448
140.099 18.7357 229.232 3.59561 598.303
140.199 18.6883 229.377 3.58854 598.158
140.299 18.6409 229.522 3.58145 598.013
140.399 18.5936 229.667 3.57435 597.868
140.499 18.5462 229.811 3.56724 597.724
140.599 18.4988 229.955 3.56011 597.58
140.699 18.4514 230.098 3.55297 597.437
140.799 18.4041 230.241 3.54582 597.293
140.899 18.3567 230.384 3.53865 597.151
140.999 18.3093 230.527 3.53147 597.008
141.099 18.262 230.669 3.52427 596.866
141.199 18.2146 230.811 3.51707 596.724
141.299 18.1672 230.953 3.50984 596.582
141.399 18.1199 231.094 3.50261 596.44
141.499 18.0725 231.236 3.49536 596.299
141.599 18.0252 231.376 3.4881 596.159
141.699 17.9778 231.517 3.48083 596.018
141.799 17.9305 231.657 3.47354 595.878
141.899 17.8832 231.797 3.46624 595.738
141.999 17.8358 231.936 3.45893 595.598
142.099 17.7885 232.076 3.4516 595.459
142.199 17.7412 232.215 3.44426 595.32
142.299 17.6938 232.353 3.43691 595.182
142.399 17.6465 232.491 3.42954 595.043
142.499 17.5992 232.629 3.42216 594.905
142.6 17.5519 232.767 3.41477 594.768
142.7 17.5046 232.905 3.40737 594.63
142.8 17.4573 233.042 3.39995 594.493
142.9 17.41 233.178 3.39252 594.357
143 17.3626 233.315 3.38507 594.22
143.1 17.3153 233.451 3.37762 594.084
143.2 17.268 233.587 3.37015 593.948
143.3 17.2208 233.722 3.36267 593.813
143.4 17.1735 233.857 3.35517 593.678
143.5 17.1262 233.992 3.34766 593.543
143.6 17.0789 234.127 3.34014 593.408
143.7 17.0316 234.261 3.33261 593.274
143.8 16.9843 234.395 3.32506 593.14
143.9 16.937 234.528 3.3175 593.007
144 16.8898 234.661 3.30993 592.873
144.1 16.8425 234.794 3.30235 592.74
144.2 16.7952 234.927 3.29475 592.608
144.3 16.748 235.059 3.28714 592.476
144.4 16.7007 235.191 3.27952 592.344
144.5 16.6534 235.323 3.27188 592.212
144.6 16.6062 235.454 3.26423 592.081
144.7 16.5589 235.585 3.25657 591.95
144.8 16.5117 235.716 3.2489 591.819
144.9 16.4644 235.846 3.24122 591.689
145 16.4172 235.976 3.23352 591.559
145.1 16.3699 236.106 3.22581 591.429
145.2 16.3227 236.235 3.21809 591.3
145.3 16.2754 236.364 3.21035 591.17
145.4 16.2282 236.493 3.20261 591.042
145.5 16.181 236.622 3.19485 590.913
145.6 16.1337 236.75 3.18708 590.785
145.7 16.0865 236.877 3.17929 590.657
145.8 16.0393 237.005 3.1715 590.53
145.9 15.9921 237.132 3.16369 590.403
146 15.9449 237.259 3.15587 590.276
146.1 15.8976 237.385 3.14803 590.15
146.2 15.8504 237.511 3.14019 590.024
146.3 15.8032 237.637 3.13233 589.898
146.4 15.756 237.762 3.12446 589.772
146.5 15.7088 237.888 3.11658 589.647
146.6 15.6616 238.012 3.10869 589.522
146.7 15.6144 238.137 3.10079 589.398
146.8 15.5672 238.261 3.09287 589.274
146.9 15.52 238.385 3.08494 589.15
147 15.4728 238.508 3.077 589.027
147.1 15.4256 238.631 3.06905 588.903
147.2 15.3784 238.754 3.06108 588.781
147.3 15.3313 238.877 3.05311 588.658
147.4 15.2841 238.999 3.04512 588.536
147.5 15.2369 239.121 3.03712 588.414
147.6 15.1897 239.242 3.02911 588.293
147.7 15.1426 239.363 3.02108 588.171
147.8 15.0954 239.484 3.01305 588.051
147.9 15.0482 239.605 3.005 587.93
148 15.0011 239.725 2.99694 587.81
148.1 14.9539 239.845 2.98887 587.69
148.2 14.9067 239.964 2.98079 587.571
148.3 14.8596 240.083 2.9727 587.452
148.4 14.8124 240.202 2.96459 587.333
148.5 14.7653 240.321 2.95648 587.214
148.6 14.7181 240.439 2.94835 587.096
148.7 14.671 240.556 2.94021 586.978
148.8 14.6238 240.674 2.93206 586.861
148.9 14.5767 240.791 2.9239 586.744
149 14.5295 240.908 2.91572 586.627
149.1 14.4824 241.024 2.90754 586.511
149.2 14.4353 241.14 2.89934 586.394
149.3 14.3881 241.256 2.89114 586.279
149.4 14.341 241.372 2.88292 586.163
149.5 14.2939 241.487 2.87469 586.048
149.6 14.2468 241.601 2.86645 585.933
149.7 14.1996 241.716 2.85819 585.819
149.8 14.1525 241.83 2.84993 585.705
149.9 14.1054 241.944 2.84166 585.591
150 14.0583 242.057 2.83337 585.478
150.1 14.0112 242.17 2.82507 585.365
150.2 13.9641 242.283 2.81677 585.252
150.3 13.917 242.395 2.80845 585.14
150.4 13.8699 242.507 2.80012 585.028
150.5 13.8228 242.619 2.79178 584.916
150.6 13.7757 242.73 2.78343 584.805
150.7 13.7286 242.841 2.77506 584.694
150.8 13.6815 242.952 2.76669 584.583
150.9 13.6344 243.062 2.75831 584.473
151 13.5873 243.172 2.74991 584.363
151.1 13.5402 243.281 2.74151 584.253
151.2 13.4931 243.391 2.73309 584.144
151.3 13.446 243.5 2.72466 584.035
151.4 13.399 243.608 2.71623 583.927
151.5 13.3519 243.716 2.70778 583.819
151.6 13.3048 243.824 2.69932 583.711
151.7 13.2577 243.932 2.69085 583.603
151.8 13.2107 244.039 2.68237 583.496
151.9 13.1636 244.146 2.67388 583.389
152 13.1165 244.252 2.66538 583.283
152.1 13.0695 244.358 2.65687 583.177
152.2 13.0224 244.464 2.64835 583.071
152.3 12.9753 244.569 2.63981 582.965
152.4 12.9283 244.675 2.63127 582.86
152.5 12.8812 244.779 2.62272 582.756
152.6 12.8342 244.884 2.61415 582.651
152.7 12.7871 244.988 2.60558 582.547
152.8 12.7401 245.091 2.597 582.444
152.9 12.693 245.195 2.5884 582.34
153 12.646 245.298 2.5798 582.237
153.1 12.5989 245.4 2.57118 582.135
153.2 12.5519 245.502 2.56256 582.032
153.3 12.5049 245.604 2.55393 581.93
153.4 12.4578 245.706 2.54528 581.829
153.5 12.4108 245.807 2.53663 581.728
153.6 12.3638 245.908 2.52796 581.627
153.7 12.3167 246.008 2.51929 581.526
153.8 12.2697 246.109 2.5106 581.426
153.9 12.2227 246.208 2.50191 581.326
154 12.1757 246.308 2.4932 581.227
154.1 12.1286 246.407 2.48449 581.128
154.2 12.0816 246.506 2.47577 581.029
154.3 12.0346 246.604 2.46703 580.931
154.4 11.9876 246.702 2.45829 580.833
154.5 11.9406 246.8 2.44954 580.735
154.6 11.8936 246.897 2.44077 580.638
154.7 11.8466 246.994 2.432 580.541
154.8 11.7996 247.09 2.42322 580.444
154.9 11.7526 247.187 2.41443 580.348
155 11.7056 247.283 2.40562 580.252
155.1 11.6586 247.378 2.39681 580.157
155.2 11.6116 247.473 2.38799 580.062
155.3 11.5646 247.568 2.37916 579.967
155.4 11.5176 247.662 2.37033 579.872
155.5 11.4706 247.756 2.36148 579.778
155.6 11.4236 247.85 2.35262 579.685
155.7 11.3766 247.944 2.34375 579.591
155.8 11.3296 248.037 2.33488 579.498
155.9 11.2827 248.129 2.32599 579.406
156 11.2357 248.221 2.31709 579.313
156.1 11.1887 248.313 2.30819 579.222
156.2 11.1417 248.405 2.29928 579.13
156.3 11.0947 248.496 2.29035 579.039
156.4 11.0478 248.587 2.28142 578.948
156.5 11.0008 248.677 2.27248 578.857
156.6 10.9538 248.767 2.26353 578.767
156.7 10.9069 248.857 2.25457 578.678
156.8 10.8599 248.947 2.24561 578.588
156.9 10.8129 249.036 2.23663 578.499
157 10.766 249.124 2.22765 578.411
157.1 10.719 249.213 2.21865 578.322
157.2 10.6721 249.3 2.20965 578.234
157.3 10.6251 249.388 2.20064 578.147
157.4 10.5782 249.475 2.19162 578.06
157.5 10.5312 249.562 2.18259 577.973
157.6 10.4843 249.648 2.17355 577.886
157.7 10.4373 249.735 2.1645 577.8
157.8 10.3904 249.82 2.15545 577.715
157.9 10.3434 249.906 2.14638 577.629
158 10.2965 249.991 2.13731 577.544
158.1 10.2495 250.075 2.12823 577.46
158.2 10.2026 250.16 2.11914 577.375
158.3 10.1557 250.243 2.11004 577.291
158.4 10.1087 250.327 2.10094 577.208
158.5 10.0618 250.41 2.09182 577.125
158.6 10.0149 250.493 2.0827 577.042
158.7 9.96793 250.575 2.07357 576.96
158.8 9.921 250.657 2.06443 576.877
158.9 9.87408 250.739 2.05528 576.796
159.001 9.82715 250.82 2.04612 576.714
159.101 9.78023 250.901 2.03696 576.633
159.201 9.73331 250.982 2.02779 576.553
159.301 9.68639 251.062 2.01861 576.473
159.401 9.63947 251.142 2.00942 576.393
159.501 9.59256 251.221 2.00022 576.313
159.601 9.54564 251.301 1.99102 576.234
159.701 9.49873 251.379 1.98181 576.156
159.801 9.45182 251.458 1.97259 576.077
159.901 9.40491 251.536 1.96336 575.999
160.001 9.35801 251.613 1.95412 575.922
160.101 9.3111 251.691 1.94488 575.844
160.201 9.2642 251.767 1.93563 575.767
160.301 9.21729 251.844 1.92637 575.691
160.401 9.17039 251.92 1.9171 575.615
160.501 9.1235 251.996 1.90782 575.539
160.601 9.0766 252.071 1.89854 575.464
160.701 9.0297 252.146 1.88925 575.389
160.801 8.98281 252.221 1.87995 575.314
160.901 8.93592 252.295 1.87065 575.24
161.001 8.88903 252.369 1.86134 575.166
161.101 8.84214 252.443 1.85202 575.092
161.201 8.79525 252.516 1.84269 575.019
161.301 8.74836 252.589 1.83335 574.946
161.401 8.70148 252.661 1.82401 574.874
161.501 8.6546 252.733 1.81466 574.802
161.601 8.60772 252.805 1.80531 574.73
161.701 8.56084 252.876 1.79594 574.659
161.801 8.51396 252.947 1.78657 574.588
161.901 8.46708 253.017 1.77719 574.518
162.001 8.42021 253.087 1.76781 574.447
162.101 8.37333 253.157 1.75841 574.378
162.201 8.32646 253.227 1.74901 574.308
162.301 8.27959 253.296 1.73961 574.239
162.401 8.23272 253.364 1.73019 574.171
162.501 8.18585 253.433 1.72077 574.102
162.601 8.13899 253.5 1.71134 574.034
162.701 8.09212 253.568 1.70191 573.967
162.801 8.04526 253.635 1.69247 573.9
162.901 7.9984 253.702 1.68302 573.833
163.001 7.95154 253.768 1.67356 573.767
163.101 7.90468 253.834 1.6641 573.701
163.201 7.85782 253.9 1.65463 573.635
163.301 7.81096 253.965 1.64516 573.57
163.401 7.76411 254.03 1.63568 573.505
163.501 7.71726 254.094 1.62619 573.44
163.601 7.6704 254.159 1.61669 573.376
163.701 7.62355 254.222 1.60719 573.313
163.801 7.5767 254.286 1.59768 573.249
163.901 7.52986 254.349 1.58817 573.186
164.001 7.48301 254.411 1.57865 573.124
164.101 7.43616 254.473 1.56912 573.061
164.201 7.38932 254.535 1.55959 573
164.301 7.34248 254.597 1.55005 572.938
164.401 7.29564 254.658 1.5405 572.877
164.501 7.2488 254.719 1.53095 572.816
164.601 7.20196 254.779 1.52139 572.756
164.701 7.15512 254.839 1.51183 572.696
164.801 7.10828 254.898 1.50226 572.637
164.901 7.06145 254.957 1.49268 572.577
165.001 7.01462 255.016 1.4831 572.519
165.101 6.96778 255.075 1.47351 572.46
165.201 6.92095 255.133 1.46391 572.402
165.301 6.87412 255.19 1.45431 572.345
165.401 6.8273 255.248 1.44471 572.287
165.501 6.78047 255.304 1.43509 572.23
165.601 6.73364 255.361 1.42548 572.174
165.701 6.68682 255.417 1.41585 572.118
165.801 6.63999 255.473 1.40622 572.062
165.901 6.59317 255.528 1.39659 572.007
166.001 6.54635 255.583 1.38695 571.952
166.101 6.49953 255.638 1.3773 571.897
166.201 6.45271 255.692 1.36765 571.843
166.301 6.40589 255.746 1.35799 571.789
166.401 6.35908 255.799 1.34833 571.736
166.501 6.31226 255.852 1.33866 571.683
166.601 6.26545 255.905 1.32898 571.63
166.701 6.21863 255.957 1.3193 571.578
166.801 6.17182 256.009 1.30962 571.526
166.901 6.12501 256.061 1.29993 571.474
167.001 6.0782 256.112 1.29023 571.423
167.101 6.03139 256.162 1.28053 571.372
167.201 5.98458 256.213 1.27083 571.322
167.301 5.93778 256.263 1.26112 571.272
167.401 5.89097 256.312 1.2514 571.223
167.501 5.84417 256.361 1.24168 571.173
167.601 5.79736 256.41 1.23195 571.125
167.701 5.75056 256.459 1.22222 571.076
167.801 5.70376 256.507 1.21249 571.028
167.901 5.65696 256.554 1.20275 570.98
168.001 5.61016 256.602 1.193 570.933
168.101 5.56336 256.649 1.18325 570.886
168.201 5.51656 256.695 1.17349 570.84
168.301 5.46977 256.741 1.16373 570.794
168.401 5.42297 256.787 1.15397 570.748
168.501 5.37618 256.832 1.1442 570.703
168.601 5.32939 256.877 1.13442 570.658
168.701 5.28259 256.922 1.12465 570.613
168.801 5.2358 256.966 1.11486 570.569
168.901 5.18901 257.01 1.10507 570.525
169.001 5.14222 257.053 1.09528 570.482
169.101 5.09543 257.096 1.08549 570.439
169.201 5.04865 257.139 1.07568 570.396
169.301 5.00186 257.181 1.06588 570.354
169.401 4.95507 257.223 1.05607 570.312
169.501 4.90829 257.264 1.04625 570.271
169.601 4.8615 257.305 1.03644 570.23
169.701 4.81472 257.346 1.02661 570.189
169.801 4.76794 257.386 1.01679 570.149
169.901 4.72116 257.426 1.00695 570.109
170.001 4.67438 257.466 0.997119 570.069
170.101 4.6276 257.505 0.98728 570.03
170.201 4.58082 257.543 0.977437 569.991
170.301 4.53404 257.582 0.967589 569.953
170.401 4.48726 257.62 0.957738 569.915
170.501 4.44048 257.657 0.947883 569.878
170.601 4.39371 257.694 0.938024 569.84
170.701 4.34693 257.731 0.928162 569.804
170.801 4.30016 257.768 0.918295 569.767
170.901 4.25339 257.804 0.908425 569.731
171.001 4.20661 257.839 0.898551 569.696
171.101 4.15984 257.874 0.888673 569.66
171.201 4.11307 257.909 0.878792 569.626
171.301 4.0663 257.944 0.868907 569.591
171.401 4.01953 257.978 0.859019 569.557
171.501 3.97276 258.011 0.849127 569.523
171.601 3.92599 258.045 0.839232 569.49
171.701 3.87923 258.077 0.829333 569.457
171.801 3.83246 258.11 0.819431 569.425
171.901 3.78569 258.142 0.809526 569.393
172.001 3.73893 258.174 0.799617 569.361
172.101 3.69216 258.205 0.789705 569.33
172.201 3.6454 258.236 0.77979 569.299
172.301 3.59864 258.267 0.769872 569.268
172.401 3.55187 258.297 0.75995 569.238
172.501 3.50511 258.326 0.750026 569.208
172.601 3.45835 258.356 0.740098 569.179
172.701 3.41159 258.385 0.730167 569.15
172.801 3.36483 258.413 0.720234 569.122
172.901 3.31807 258.441 0.710297 569.093
173.001 3.27131 258.469 0.700358 569.066
173.101 3.22455 258.497 0.690415 569.038
173.201 3.17779 258.524 0.68047 569.011
173.301 3.13104 258.55 0.670522 568.985
173.401 3.08428 258.576 0.660572 568.958
173.501 3.03752 258.602 0.650618 568.933
173.601 2.99077 258.628 0.640662 568.907
173.701 2.94401 258.653 0.630704 568.882
173.801 2.89726 258.677 0.620742 568.857
173.901 2.8505 258.702 0.610779 568.833
174.001 2.80375 258.725 0.600813 568.809
174.101 2.757 258.749 0.590844 568.786
174.201 2.71025 258.772 0.580873 568.763
174.301 2.66349 258.795 0.570899 568.74
174.401 2.61674 258.817 0.560924 568.718
174.501 2.56999 258.839 0.550946 568.696
174.601 2.52324 258.86 0.540965 568.674
174.701 2.47649 258.881 0.530983 568.653
174.801 2.42974 258.902 0.520998 568.633
174.901 2.38299 258.923 0.511011 568.612
175.001 2.33624 258.942 0.501022 568.592
175.101 2.28949 258.962 0.491032 568.573
175.201 2.24275 258.981 0.481039 568.554
175.301 2.196 259 0.471044 568.535
175.402 2.14925 259.018 0.461047 568.517
175.502 2.1025 259.036 0.451048 568.499
175.602 2.05576 259.054 0.441048 568.481
175.702 2.00901 259.071 0.431045 568.464
175.802 1.96227 259.088 0.421041 568.447
175.902 1.91552 259.104 0.411035 568.431
176.002 1.86878 259.12 0.401028 568.415
176.102 1.82203 259.136 0.391019 568.399
176.202 1.77529 259.151 0.381008 568.384
176.302 1.72854 259.166 0.370996 568.369
176.402 1.6818 259.18 0.360982 568.355
176.502 1.63506 259.194 0.350967 568.341
176.602 1.58831 259.208 0.34095 568.327
176.702 1.54157 259.221 0.330932 568.314
176.802 1.49483 259.234 0.320912 568.301
176.902 1.44809 259.246 0.310892 568.289
177.002 1.40134 259.258 0.300869 568.277
177.102 1.3546 259.27 0.290846 568.265
177.202 1.30786 259.281 0.280822 568.254
177.302 1.26112 259.292 0.270796 568.243
177.402 1.21438 259.302 0.260769 568.232
177.502 1.16764 259.312 0.250742 568.222
177.602 1.1209 259.322 0.240713 568.213
177.702 1.07416 259.331 0.230683 568.203
177.802 1.02742 259.34 0.220652 568.195
177.902 0.980677 259.349 0.210621 568.186
178.002 0.933937 259.357 0.200588 568.178
178.102 0.887198 259.365 0.190555 568.17
178.202 0.840458 259.372 0.180521 568.163
178.302 0.793719 259.379 0.170486 568.156
178.402 0.74698 259.385 0.16045 568.15
178.502 0.700241 259.391 0.150414 568.143
178.602 0.653502 259.397 0.140377 568.138
178.702 0.606763 259.402 0.13034 568.132
178.802 0.560024 259.407 0.120302 568.127
178.902 0.513286 259.412 0.110264 568.123
179.002 0.466547 259.416 0.100225 568.119
179.102 0.419809 259.42 0.0901857 568.115
179.202 0.373071 259.423 0.0801461 568.112
179.302 0.326332 259.426 0.0701061 568.109
179.402 0.279594 259.429 0.0600659 568.106
179.502 0.232856 259.431 0.0500254 568.104
179.602 0.186118 259.433 0.0399847 568.102
179.702 0.13938 259.434 0.0299439 568.101
179.802 0.0926418 259.435 0.0199029 568.1
179.902 0.0459038 259.436 0.00986186 568.099
