./build/e20009AnaExe 0 100 0 run_0140 0 0
./build/e20009AnaExe 100 200 0 run_0140 0 0
./build/e20009AnaExe 200 300 0 run_0140 0 0
./build/e20009AnaExe 300 400 0 run_0140 0 0
./build/e20009AnaExe 400 500 0 run_0140 0 0
./build/e20009AnaExe 500 600 0 run_0140 0 0
./build/e20009AnaExe 600 700 0 run_0140 0 0
./build/e20009AnaExe 700 800 0 run_0140 0 0
./build/e20009AnaExe 800 900 0 run_0140 0 0
./build/e20009AnaExe 900 1000 0 run_0140 0 0
./build/e20009AnaExe 1000 1100 0 run_0140 0 0
./build/e20009AnaExe 1100 1200 0 run_0140 0 0
./build/e20009AnaExe 1200 1300 0 run_0140 0 0
./build/e20009AnaExe 1300 1400 0 run_0140 0 0
./build/e20009AnaExe 1400 1500 0 run_0140 0 0
./build/e20009AnaExe 1500 1600 0 run_0140 0 0
./build/e20009AnaExe 1600 1700 0 run_0140 0 0
./build/e20009AnaExe 1700 1800 0 run_0140 0 0
./build/e20009AnaExe 1800 1900 0 run_0140 0 0
./build/e20009AnaExe 1900 2000 0 run_0140 0 0
./build/e20009AnaExe 2000 2100 0 run_0140 0 0
./build/e20009AnaExe 2100 2200 0 run_0140 0 0
./build/e20009AnaExe 2200 2300 0 run_0140 0 0
./build/e20009AnaExe 2300 2400 0 run_0140 0 0
./build/e20009AnaExe 2400 2500 0 run_0140 0 0
./build/e20009AnaExe 2500 2600 0 run_0140 0 0
./build/e20009AnaExe 2600 2700 0 run_0140 0 0
./build/e20009AnaExe 2700 2800 0 run_0140 0 0
./build/e20009AnaExe 2800 2900 0 run_0140 0 0
./build/e20009AnaExe 2900 3000 0 run_0140 0 0
./build/e20009AnaExe 3000 3100 0 run_0140 0 0
./build/e20009AnaExe 3100 3200 0 run_0140 0 0
./build/e20009AnaExe 3200 3300 0 run_0140 0 0
./build/e20009AnaExe 3300 3400 0 run_0140 0 0
./build/e20009AnaExe 3400 3500 0 run_0140 0 0
./build/e20009AnaExe 3500 3600 0 run_0140 0 0
./build/e20009AnaExe 3600 3700 0 run_0140 0 0
./build/e20009AnaExe 3700 3800 0 run_0140 0 0
./build/e20009AnaExe 3800 3900 0 run_0140 0 0
./build/e20009AnaExe 3900 4000 0 run_0140 0 0
./build/e20009AnaExe 4000 4100 0 run_0140 0 0
./build/e20009AnaExe 4100 4200 0 run_0140 0 0
./build/e20009AnaExe 4200 4300 0 run_0140 0 0
./build/e20009AnaExe 4300 4400 0 run_0140 0 0
./build/e20009AnaExe 4400 4500 0 run_0140 0 0
./build/e20009AnaExe 4500 4600 0 run_0140 0 0
./build/e20009AnaExe 4600 4700 0 run_0140 0 0
./build/e20009AnaExe 4700 4800 0 run_0140 0 0
./build/e20009AnaExe 4800 4900 0 run_0140 0 0
./build/e20009AnaExe 4900 5000 0 run_0140 0 0
./build/e20009AnaExe 5000 5100 0 run_0140 0 0
./build/e20009AnaExe 5100 5200 0 run_0140 0 0
./build/e20009AnaExe 5200 5300 0 run_0140 0 0
./build/e20009AnaExe 5300 5400 0 run_0140 0 0
./build/e20009AnaExe 5400 5500 0 run_0140 0 0
./build/e20009AnaExe 5500 5600 0 run_0140 0 0
./build/e20009AnaExe 5600 5700 0 run_0140 0 0
./build/e20009AnaExe 5700 5800 0 run_0140 0 0
./build/e20009AnaExe 5800 5900 0 run_0140 0 0
./build/e20009AnaExe 5900 6000 0 run_0140 0 0
./build/e20009AnaExe 6000 6100 0 run_0140 0 0
./build/e20009AnaExe 6100 6200 0 run_0140 0 0
./build/e20009AnaExe 6200 6300 0 run_0140 0 0
./build/e20009AnaExe 6300 6400 0 run_0140 0 0
./build/e20009AnaExe 6400 6500 0 run_0140 0 0
./build/e20009AnaExe 6500 6600 0 run_0140 0 0
./build/e20009AnaExe 6600 6700 0 run_0140 0 0
./build/e20009AnaExe 6700 6800 0 run_0140 0 0
./build/e20009AnaExe 6800 6900 0 run_0140 0 0
./build/e20009AnaExe 6900 7000 0 run_0140 0 0
./build/e20009AnaExe 7000 7100 0 run_0140 0 0
./build/e20009AnaExe 7100 7200 0 run_0140 0 0
./build/e20009AnaExe 7200 7300 0 run_0140 0 0
./build/e20009AnaExe 7300 7400 0 run_0140 0 0
./build/e20009AnaExe 7400 7500 0 run_0140 0 0
./build/e20009AnaExe 7500 7600 0 run_0140 0 0
./build/e20009AnaExe 7600 7700 0 run_0140 0 0
./build/e20009AnaExe 7700 7800 0 run_0140 0 0
./build/e20009AnaExe 7800 7900 0 run_0140 0 0
./build/e20009AnaExe 7900 8000 0 run_0140 0 0
./build/e20009AnaExe 8000 8100 0 run_0140 0 0
./build/e20009AnaExe 8100 8200 0 run_0140 0 0
./build/e20009AnaExe 8200 8300 0 run_0140 0 0
./build/e20009AnaExe 8300 8400 0 run_0140 0 0
./build/e20009AnaExe 8400 8500 0 run_0140 0 0
./build/e20009AnaExe 8500 8600 0 run_0140 0 0
./build/e20009AnaExe 8600 8700 0 run_0140 0 0
./build/e20009AnaExe 8700 8800 0 run_0140 0 0
./build/e20009AnaExe 8800 8900 0 run_0140 0 0
./build/e20009AnaExe 8900 9000 0 run_0140 0 0
./build/e20009AnaExe 9000 9100 0 run_0140 0 0
./build/e20009AnaExe 9100 9200 0 run_0140 0 0
./build/e20009AnaExe 9200 9300 0 run_0140 0 0
./build/e20009AnaExe 9300 9400 0 run_0140 0 0
./build/e20009AnaExe 9400 9500 0 run_0140 0 0
./build/e20009AnaExe 9500 9600 0 run_0140 0 0
./build/e20009AnaExe 9600 9700 0 run_0140 0 0
./build/e20009AnaExe 9700 9800 0 run_0140 0 0
./build/e20009AnaExe 9800 9900 0 run_0140 0 0
./build/e20009AnaExe 9900 10000 0 run_0140 0 0
./build/e20009AnaExe 10000 10100 0 run_0140 0 0
./build/e20009AnaExe 10100 10200 0 run_0140 0 0
./build/e20009AnaExe 10200 10300 0 run_0140 0 0
./build/e20009AnaExe 10300 10400 0 run_0140 0 0
./build/e20009AnaExe 10400 10500 0 run_0140 0 0
./build/e20009AnaExe 10500 10600 0 run_0140 0 0
./build/e20009AnaExe 10600 10700 0 run_0140 0 0
./build/e20009AnaExe 10700 10800 0 run_0140 0 0
./build/e20009AnaExe 10800 10900 0 run_0140 0 0
./build/e20009AnaExe 10900 11000 0 run_0140 0 0
./build/e20009AnaExe 11000 11100 0 run_0140 0 0
./build/e20009AnaExe 11100 11200 0 run_0140 0 0
./build/e20009AnaExe 11200 11300 0 run_0140 0 0
./build/e20009AnaExe 11300 11400 0 run_0140 0 0
./build/e20009AnaExe 11400 11500 0 run_0140 0 0
./build/e20009AnaExe 11500 11600 0 run_0140 0 0
./build/e20009AnaExe 11600 11700 0 run_0140 0 0
./build/e20009AnaExe 11700 11800 0 run_0140 0 0
./build/e20009AnaExe 11800 11900 0 run_0140 0 0
./build/e20009AnaExe 11900 12000 0 run_0140 0 0
./build/e20009AnaExe 12000 12100 0 run_0140 0 0
./build/e20009AnaExe 12100 12200 0 run_0140 0 0
./build/e20009AnaExe 12200 12300 0 run_0140 0 0
./build/e20009AnaExe 12300 12400 0 run_0140 0 0
./build/e20009AnaExe 12400 12500 0 run_0140 0 0
./build/e20009AnaExe 12500 12600 0 run_0140 0 0
./build/e20009AnaExe 12600 12700 0 run_0140 0 0
./build/e20009AnaExe 12700 12800 0 run_0140 0 0
./build/e20009AnaExe 12800 12900 0 run_0140 0 0
./build/e20009AnaExe 12900 13000 0 run_0140 0 0
./build/e20009AnaExe 13000 13100 0 run_0140 0 0
./build/e20009AnaExe 13100 13200 0 run_0140 0 0
./build/e20009AnaExe 13200 13300 0 run_0140 0 0
./build/e20009AnaExe 13300 13400 0 run_0140 0 0
./build/e20009AnaExe 13400 13500 0 run_0140 0 0
./build/e20009AnaExe 13500 13600 0 run_0140 0 0
./build/e20009AnaExe 13600 13700 0 run_0140 0 0
./build/e20009AnaExe 13700 13800 0 run_0140 0 0
./build/e20009AnaExe 13800 13900 0 run_0140 0 0
./build/e20009AnaExe 13900 14000 0 run_0140 0 0
./build/e20009AnaExe 14000 14100 0 run_0140 0 0
./build/e20009AnaExe 14100 14200 0 run_0140 0 0
./build/e20009AnaExe 14200 14300 0 run_0140 0 0
./build/e20009AnaExe 14300 14400 0 run_0140 0 0
./build/e20009AnaExe 14400 14500 0 run_0140 0 0
./build/e20009AnaExe 14500 14600 0 run_0140 0 0
./build/e20009AnaExe 14600 14700 0 run_0140 0 0
./build/e20009AnaExe 14700 14800 0 run_0140 0 0
./build/e20009AnaExe 14800 14900 0 run_0140 0 0
./build/e20009AnaExe 14900 15000 0 run_0140 0 0
./build/e20009AnaExe 15000 15100 0 run_0140 0 0
./build/e20009AnaExe 15100 15200 0 run_0140 0 0
./build/e20009AnaExe 15200 15300 0 run_0140 0 0
./build/e20009AnaExe 15300 15400 0 run_0140 0 0
./build/e20009AnaExe 15400 15500 0 run_0140 0 0
./build/e20009AnaExe 15500 15600 0 run_0140 0 0
./build/e20009AnaExe 15600 15700 0 run_0140 0 0
./build/e20009AnaExe 15700 15800 0 run_0140 0 0
./build/e20009AnaExe 15800 15900 0 run_0140 0 0
./build/e20009AnaExe 15900 16000 0 run_0140 0 0
./build/e20009AnaExe 16000 16100 0 run_0140 0 0
./build/e20009AnaExe 16100 16200 0 run_0140 0 0
./build/e20009AnaExe 16200 16300 0 run_0140 0 0
./build/e20009AnaExe 16300 16400 0 run_0140 0 0
./build/e20009AnaExe 16400 16500 0 run_0140 0 0
./build/e20009AnaExe 16500 16600 0 run_0140 0 0
./build/e20009AnaExe 16600 16700 0 run_0140 0 0
./build/e20009AnaExe 16700 16800 0 run_0140 0 0
./build/e20009AnaExe 16800 16900 0 run_0140 0 0
./build/e20009AnaExe 16900 17000 0 run_0140 0 0
./build/e20009AnaExe 17000 17100 0 run_0140 0 0
./build/e20009AnaExe 17100 17200 0 run_0140 0 0
./build/e20009AnaExe 17200 17300 0 run_0140 0 0
./build/e20009AnaExe 17300 17400 0 run_0140 0 0
./build/e20009AnaExe 17400 17500 0 run_0140 0 0
./build/e20009AnaExe 17500 17600 0 run_0140 0 0
./build/e20009AnaExe 17600 17700 0 run_0140 0 0
./build/e20009AnaExe 17700 17800 0 run_0140 0 0
./build/e20009AnaExe 17800 17900 0 run_0140 0 0
./build/e20009AnaExe 17900 18000 0 run_0140 0 0
./build/e20009AnaExe 18000 18100 0 run_0140 0 0
./build/e20009AnaExe 18100 18200 0 run_0140 0 0
./build/e20009AnaExe 18200 18300 0 run_0140 0 0
./build/e20009AnaExe 18300 18400 0 run_0140 0 0
./build/e20009AnaExe 18400 18500 0 run_0140 0 0
./build/e20009AnaExe 18500 18600 0 run_0140 0 0
./build/e20009AnaExe 18600 18700 0 run_0140 0 0
./build/e20009AnaExe 18700 18800 0 run_0140 0 0
./build/e20009AnaExe 18800 18900 0 run_0140 0 0
./build/e20009AnaExe 18900 19000 0 run_0140 0 0
./build/e20009AnaExe 19000 19100 0 run_0140 0 0
./build/e20009AnaExe 19100 19200 0 run_0140 0 0
./build/e20009AnaExe 19200 19300 0 run_0140 0 0
./build/e20009AnaExe 19300 19400 0 run_0140 0 0
./build/e20009AnaExe 19400 19500 0 run_0140 0 0
./build/e20009AnaExe 19500 19600 0 run_0140 0 0
./build/e20009AnaExe 19600 19700 0 run_0140 0 0
./build/e20009AnaExe 19700 19800 0 run_0140 0 0
./build/e20009AnaExe 19800 19900 0 run_0140 0 0
./build/e20009AnaExe 19900 20000 0 run_0140 0 0
./build/e20009AnaExe 20000 20100 0 run_0140 0 0
./build/e20009AnaExe 20100 20200 0 run_0140 0 0
./build/e20009AnaExe 20200 20300 0 run_0140 0 0
./build/e20009AnaExe 20300 20400 0 run_0140 0 0
./build/e20009AnaExe 20400 20500 0 run_0140 0 0
./build/e20009AnaExe 20500 20600 0 run_0140 0 0
./build/e20009AnaExe 20600 20700 0 run_0140 0 0
./build/e20009AnaExe 20700 20800 0 run_0140 0 0
./build/e20009AnaExe 20800 20900 0 run_0140 0 0
./build/e20009AnaExe 20900 21000 0 run_0140 0 0
./build/e20009AnaExe 21000 21100 0 run_0140 0 0
./build/e20009AnaExe 21100 21200 0 run_0140 0 0
./build/e20009AnaExe 21200 21300 0 run_0140 0 0
./build/e20009AnaExe 21300 21400 0 run_0140 0 0
./build/e20009AnaExe 21400 21500 0 run_0140 0 0
./build/e20009AnaExe 21500 21600 0 run_0140 0 0
./build/e20009AnaExe 21600 21700 0 run_0140 0 0
./build/e20009AnaExe 21700 21800 0 run_0140 0 0
./build/e20009AnaExe 21800 21900 0 run_0140 0 0
./build/e20009AnaExe 21900 22000 0 run_0140 0 0
./build/e20009AnaExe 22000 22100 0 run_0140 0 0
./build/e20009AnaExe 22100 22200 0 run_0140 0 0
./build/e20009AnaExe 22200 22300 0 run_0140 0 0
./build/e20009AnaExe 22300 22400 0 run_0140 0 0
./build/e20009AnaExe 22400 22500 0 run_0140 0 0
./build/e20009AnaExe 22500 22600 0 run_0140 0 0
./build/e20009AnaExe 22600 22700 0 run_0140 0 0
./build/e20009AnaExe 22700 22800 0 run_0140 0 0
./build/e20009AnaExe 22800 22900 0 run_0140 0 0
./build/e20009AnaExe 22900 23000 0 run_0140 0 0
./build/e20009AnaExe 23000 23100 0 run_0140 0 0
./build/e20009AnaExe 23100 23200 0 run_0140 0 0
./build/e20009AnaExe 23200 23300 0 run_0140 0 0
./build/e20009AnaExe 23300 23400 0 run_0140 0 0
./build/e20009AnaExe 23400 23500 0 run_0140 0 0
./build/e20009AnaExe 23500 23600 0 run_0140 0 0
./build/e20009AnaExe 23600 23700 0 run_0140 0 0
./build/e20009AnaExe 23700 23800 0 run_0140 0 0
./build/e20009AnaExe 23800 23900 0 run_0140 0 0
./build/e20009AnaExe 23900 24000 0 run_0140 0 0
./build/e20009AnaExe 24000 24100 0 run_0140 0 0
./build/e20009AnaExe 24100 24200 0 run_0140 0 0
./build/e20009AnaExe 24200 24300 0 run_0140 0 0
./build/e20009AnaExe 24300 24400 0 run_0140 0 0
./build/e20009AnaExe 24400 24500 0 run_0140 0 0
./build/e20009AnaExe 24500 24600 0 run_0140 0 0
./build/e20009AnaExe 24600 24700 0 run_0140 0 0
./build/e20009AnaExe 24700 24800 0 run_0140 0 0
./build/e20009AnaExe 24800 24900 0 run_0140 0 0
./build/e20009AnaExe 24900 25000 0 run_0140 0 0
./build/e20009AnaExe 25000 25100 0 run_0140 0 0
./build/e20009AnaExe 25100 25200 0 run_0140 0 0
./build/e20009AnaExe 25200 25300 0 run_0140 0 0
./build/e20009AnaExe 25300 25400 0 run_0140 0 0
./build/e20009AnaExe 25400 25500 0 run_0140 0 0
./build/e20009AnaExe 25500 25600 0 run_0140 0 0
./build/e20009AnaExe 25600 25700 0 run_0140 0 0
./build/e20009AnaExe 25700 25800 0 run_0140 0 0
./build/e20009AnaExe 25800 25900 0 run_0140 0 0
./build/e20009AnaExe 25900 26000 0 run_0140 0 0
./build/e20009AnaExe 26000 26100 0 run_0140 0 0
./build/e20009AnaExe 26100 26200 0 run_0140 0 0
./build/e20009AnaExe 26200 26300 0 run_0140 0 0
./build/e20009AnaExe 26300 26400 0 run_0140 0 0
./build/e20009AnaExe 26400 26500 0 run_0140 0 0
./build/e20009AnaExe 26500 26600 0 run_0140 0 0
./build/e20009AnaExe 26600 26700 0 run_0140 0 0
./build/e20009AnaExe 26700 26800 0 run_0140 0 0
./build/e20009AnaExe 26800 26900 0 run_0140 0 0
./build/e20009AnaExe 26900 27000 0 run_0140 0 0
./build/e20009AnaExe 27000 27100 0 run_0140 0 0
./build/e20009AnaExe 27100 27200 0 run_0140 0 0
./build/e20009AnaExe 27200 27300 0 run_0140 0 0
./build/e20009AnaExe 27300 27400 0 run_0140 0 0
./build/e20009AnaExe 27400 27500 0 run_0140 0 0
./build/e20009AnaExe 27500 27600 0 run_0140 0 0
./build/e20009AnaExe 27600 27700 0 run_0140 0 0
./build/e20009AnaExe 27700 27800 0 run_0140 0 0
./build/e20009AnaExe 27800 27900 0 run_0140 0 0
./build/e20009AnaExe 27900 28000 0 run_0140 0 0
./build/e20009AnaExe 28000 28100 0 run_0140 0 0
./build/e20009AnaExe 28100 28200 0 run_0140 0 0
./build/e20009AnaExe 28200 28300 0 run_0140 0 0
./build/e20009AnaExe 28300 28400 0 run_0140 0 0
./build/e20009AnaExe 28400 28500 0 run_0140 0 0
./build/e20009AnaExe 28500 28600 0 run_0140 0 0
./build/e20009AnaExe 28600 28700 0 run_0140 0 0
./build/e20009AnaExe 28700 28800 0 run_0140 0 0
./build/e20009AnaExe 28800 28900 0 run_0140 0 0
./build/e20009AnaExe 28900 29000 0 run_0140 0 0
./build/e20009AnaExe 29000 29100 0 run_0140 0 0
./build/e20009AnaExe 29100 29200 0 run_0140 0 0
./build/e20009AnaExe 29200 29300 0 run_0140 0 0
./build/e20009AnaExe 29300 29400 0 run_0140 0 0
./build/e20009AnaExe 29400 29500 0 run_0140 0 0
./build/e20009AnaExe 29500 29600 0 run_0140 0 0
./build/e20009AnaExe 29600 29700 0 run_0140 0 0
./build/e20009AnaExe 29700 29800 0 run_0140 0 0
./build/e20009AnaExe 29800 29900 0 run_0140 0 0
./build/e20009AnaExe 29900 30000 0 run_0140 0 0
./build/e20009AnaExe 30000 30100 0 run_0140 0 0
./build/e20009AnaExe 30100 30200 0 run_0140 0 0
./build/e20009AnaExe 30200 30300 0 run_0140 0 0
./build/e20009AnaExe 30300 30400 0 run_0140 0 0
./build/e20009AnaExe 30400 30500 0 run_0140 0 0
./build/e20009AnaExe 30500 30600 0 run_0140 0 0
./build/e20009AnaExe 30600 30700 0 run_0140 0 0
./build/e20009AnaExe 30700 30800 0 run_0140 0 0
./build/e20009AnaExe 30800 30900 0 run_0140 0 0
./build/e20009AnaExe 30900 31000 0 run_0140 0 0
./build/e20009AnaExe 31000 31100 0 run_0140 0 0
./build/e20009AnaExe 31100 31200 0 run_0140 0 0
./build/e20009AnaExe 31200 31300 0 run_0140 0 0
./build/e20009AnaExe 31300 31400 0 run_0140 0 0
./build/e20009AnaExe 31400 31500 0 run_0140 0 0
./build/e20009AnaExe 31500 31600 0 run_0140 0 0
./build/e20009AnaExe 31600 31700 0 run_0140 0 0
./build/e20009AnaExe 31700 31800 0 run_0140 0 0
./build/e20009AnaExe 31800 31900 0 run_0140 0 0
./build/e20009AnaExe 31900 32000 0 run_0140 0 0
./build/e20009AnaExe 32000 32100 0 run_0140 0 0
./build/e20009AnaExe 32100 32200 0 run_0140 0 0
./build/e20009AnaExe 32200 32300 0 run_0140 0 0
./build/e20009AnaExe 32300 32400 0 run_0140 0 0
./build/e20009AnaExe 32400 32500 0 run_0140 0 0
./build/e20009AnaExe 32500 32600 0 run_0140 0 0
./build/e20009AnaExe 32600 32700 0 run_0140 0 0
./build/e20009AnaExe 32700 32800 0 run_0140 0 0
./build/e20009AnaExe 32800 32900 0 run_0140 0 0
./build/e20009AnaExe 32900 33000 0 run_0140 0 0
./build/e20009AnaExe 33000 33100 0 run_0140 0 0
./build/e20009AnaExe 33100 33200 0 run_0140 0 0
./build/e20009AnaExe 33200 33300 0 run_0140 0 0
./build/e20009AnaExe 33300 33400 0 run_0140 0 0
./build/e20009AnaExe 33400 33500 0 run_0140 0 0
./build/e20009AnaExe 33500 33600 0 run_0140 0 0
./build/e20009AnaExe 33600 33700 0 run_0140 0 0
./build/e20009AnaExe 33700 33800 0 run_0140 0 0
./build/e20009AnaExe 33800 33900 0 run_0140 0 0
./build/e20009AnaExe 33900 34000 0 run_0140 0 0
./build/e20009AnaExe 34000 34100 0 run_0140 0 0
./build/e20009AnaExe 34100 34200 0 run_0140 0 0
./build/e20009AnaExe 34200 34300 0 run_0140 0 0
./build/e20009AnaExe 34300 34400 0 run_0140 0 0
./build/e20009AnaExe 34400 34500 0 run_0140 0 0
./build/e20009AnaExe 34500 34600 0 run_0140 0 0
./build/e20009AnaExe 34600 34700 0 run_0140 0 0
./build/e20009AnaExe 34700 34800 0 run_0140 0 0
./build/e20009AnaExe 34800 34900 0 run_0140 0 0
./build/e20009AnaExe 34900 35000 0 run_0140 0 0
./build/e20009AnaExe 35000 35100 0 run_0140 0 0
./build/e20009AnaExe 35100 35200 0 run_0140 0 0
./build/e20009AnaExe 35200 35300 0 run_0140 0 0
./build/e20009AnaExe 35300 35400 0 run_0140 0 0
./build/e20009AnaExe 35400 35500 0 run_0140 0 0
./build/e20009AnaExe 35500 35600 0 run_0140 0 0
./build/e20009AnaExe 35600 35700 0 run_0140 0 0
./build/e20009AnaExe 35700 35800 0 run_0140 0 0
./build/e20009AnaExe 35800 35900 0 run_0140 0 0
./build/e20009AnaExe 35900 36000 0 run_0140 0 0
./build/e20009AnaExe 36000 36100 0 run_0140 0 0
./build/e20009AnaExe 36100 36200 0 run_0140 0 0
./build/e20009AnaExe 36200 36300 0 run_0140 0 0
./build/e20009AnaExe 36300 36400 0 run_0140 0 0
./build/e20009AnaExe 36400 36500 0 run_0140 0 0
./build/e20009AnaExe 36500 36600 0 run_0140 0 0
./build/e20009AnaExe 36600 36700 0 run_0140 0 0
./build/e20009AnaExe 36700 36800 0 run_0140 0 0
./build/e20009AnaExe 36800 36900 0 run_0140 0 0
./build/e20009AnaExe 36900 37000 0 run_0140 0 0
./build/e20009AnaExe 37000 37100 0 run_0140 0 0
./build/e20009AnaExe 37100 37200 0 run_0140 0 0
./build/e20009AnaExe 37200 37300 0 run_0140 0 0
./build/e20009AnaExe 37300 37400 0 run_0140 0 0
./build/e20009AnaExe 37400 37500 0 run_0140 0 0
./build/e20009AnaExe 37500 37600 0 run_0140 0 0
./build/e20009AnaExe 37600 37700 0 run_0140 0 0
./build/e20009AnaExe 37700 37800 0 run_0140 0 0
./build/e20009AnaExe 37800 37900 0 run_0140 0 0
./build/e20009AnaExe 37900 38000 0 run_0140 0 0
./build/e20009AnaExe 38000 38100 0 run_0140 0 0
./build/e20009AnaExe 38100 38200 0 run_0140 0 0
./build/e20009AnaExe 38200 38300 0 run_0140 0 0
./build/e20009AnaExe 38300 38400 0 run_0140 0 0
./build/e20009AnaExe 38400 38500 0 run_0140 0 0
./build/e20009AnaExe 38500 38600 0 run_0140 0 0
./build/e20009AnaExe 38600 38700 0 run_0140 0 0
./build/e20009AnaExe 38700 38800 0 run_0140 0 0
./build/e20009AnaExe 38800 38900 0 run_0140 0 0
./build/e20009AnaExe 38900 39000 0 run_0140 0 0
./build/e20009AnaExe 39000 39100 0 run_0140 0 0
./build/e20009AnaExe 39100 39200 0 run_0140 0 0
./build/e20009AnaExe 39200 39300 0 run_0140 0 0
./build/e20009AnaExe 39300 39400 0 run_0140 0 0
./build/e20009AnaExe 39400 39500 0 run_0140 0 0
./build/e20009AnaExe 39500 39600 0 run_0140 0 0
./build/e20009AnaExe 39600 39700 0 run_0140 0 0
./build/e20009AnaExe 39700 39800 0 run_0140 0 0
./build/e20009AnaExe 39800 39900 0 run_0140 0 0
./build/e20009AnaExe 39900 40000 0 run_0140 0 0
./build/e20009AnaExe 40000 40100 0 run_0140 0 0
./build/e20009AnaExe 40100 40200 0 run_0140 0 0
./build/e20009AnaExe 40200 40300 0 run_0140 0 0
./build/e20009AnaExe 40300 40400 0 run_0140 0 0
./build/e20009AnaExe 40400 40500 0 run_0140 0 0
./build/e20009AnaExe 40500 40600 0 run_0140 0 0
./build/e20009AnaExe 40600 40700 0 run_0140 0 0
./build/e20009AnaExe 40700 40800 0 run_0140 0 0
./build/e20009AnaExe 40800 40900 0 run_0140 0 0
./build/e20009AnaExe 40900 41000 0 run_0140 0 0
./build/e20009AnaExe 41000 41100 0 run_0140 0 0
./build/e20009AnaExe 41100 41200 0 run_0140 0 0
./build/e20009AnaExe 41200 41300 0 run_0140 0 0
./build/e20009AnaExe 41300 41400 0 run_0140 0 0
./build/e20009AnaExe 41400 41500 0 run_0140 0 0
./build/e20009AnaExe 41500 41600 0 run_0140 0 0
./build/e20009AnaExe 41600 41700 0 run_0140 0 0
./build/e20009AnaExe 41700 41800 0 run_0140 0 0
./build/e20009AnaExe 41800 41900 0 run_0140 0 0
./build/e20009AnaExe 41900 42000 0 run_0140 0 0
./build/e20009AnaExe 42000 42100 0 run_0140 0 0
./build/e20009AnaExe 42100 42200 0 run_0140 0 0
./build/e20009AnaExe 42200 42300 0 run_0140 0 0
./build/e20009AnaExe 42300 42400 0 run_0140 0 0
./build/e20009AnaExe 42400 42500 0 run_0140 0 0
./build/e20009AnaExe 42500 42600 0 run_0140 0 0
./build/e20009AnaExe 42600 42700 0 run_0140 0 0
./build/e20009AnaExe 42700 42800 0 run_0140 0 0
./build/e20009AnaExe 42800 42900 0 run_0140 0 0
./build/e20009AnaExe 42900 43000 0 run_0140 0 0
./build/e20009AnaExe 43000 43100 0 run_0140 0 0
./build/e20009AnaExe 43100 43200 0 run_0140 0 0
./build/e20009AnaExe 43200 43300 0 run_0140 0 0
./build/e20009AnaExe 43300 43400 0 run_0140 0 0
./build/e20009AnaExe 43400 43500 0 run_0140 0 0
./build/e20009AnaExe 43500 43600 0 run_0140 0 0
./build/e20009AnaExe 43600 43700 0 run_0140 0 0
./build/e20009AnaExe 43700 43800 0 run_0140 0 0
./build/e20009AnaExe 43800 43900 0 run_0140 0 0
./build/e20009AnaExe 43900 44000 0 run_0140 0 0
./build/e20009AnaExe 44000 44100 0 run_0140 0 0
./build/e20009AnaExe 44100 44200 0 run_0140 0 0
./build/e20009AnaExe 44200 44300 0 run_0140 0 0
./build/e20009AnaExe 44300 44400 0 run_0140 0 0
./build/e20009AnaExe 44400 44500 0 run_0140 0 0
./build/e20009AnaExe 44500 44600 0 run_0140 0 0
./build/e20009AnaExe 44600 44700 0 run_0140 0 0
./build/e20009AnaExe 44700 44800 0 run_0140 0 0
./build/e20009AnaExe 44800 44900 0 run_0140 0 0
./build/e20009AnaExe 44900 45000 0 run_0140 0 0
./build/e20009AnaExe 45000 45100 0 run_0140 0 0
./build/e20009AnaExe 45100 45200 0 run_0140 0 0
./build/e20009AnaExe 45200 45300 0 run_0140 0 0
./build/e20009AnaExe 45300 45400 0 run_0140 0 0
./build/e20009AnaExe 45400 45500 0 run_0140 0 0
./build/e20009AnaExe 45500 45600 0 run_0140 0 0
./build/e20009AnaExe 45600 45700 0 run_0140 0 0
./build/e20009AnaExe 45700 45800 0 run_0140 0 0
./build/e20009AnaExe 45800 45900 0 run_0140 0 0
./build/e20009AnaExe 45900 46000 0 run_0140 0 0
./build/e20009AnaExe 46000 46100 0 run_0140 0 0
./build/e20009AnaExe 46100 46200 0 run_0140 0 0
./build/e20009AnaExe 46200 46300 0 run_0140 0 0
./build/e20009AnaExe 46300 46400 0 run_0140 0 0
./build/e20009AnaExe 46400 46500 0 run_0140 0 0
./build/e20009AnaExe 46500 46600 0 run_0140 0 0
./build/e20009AnaExe 46600 46700 0 run_0140 0 0
./build/e20009AnaExe 46700 46800 0 run_0140 0 0
./build/e20009AnaExe 46800 46900 0 run_0140 0 0
./build/e20009AnaExe 46900 47000 0 run_0140 0 0
./build/e20009AnaExe 47000 47100 0 run_0140 0 0
./build/e20009AnaExe 47100 47200 0 run_0140 0 0
./build/e20009AnaExe 47200 47300 0 run_0140 0 0
./build/e20009AnaExe 47300 47400 0 run_0140 0 0
./build/e20009AnaExe 47400 47500 0 run_0140 0 0
./build/e20009AnaExe 47500 47600 0 run_0140 0 0
./build/e20009AnaExe 47600 47700 0 run_0140 0 0
./build/e20009AnaExe 47700 47800 0 run_0140 0 0
./build/e20009AnaExe 47800 47900 0 run_0140 0 0
./build/e20009AnaExe 47900 48000 0 run_0140 0 0
./build/e20009AnaExe 48000 48100 0 run_0140 0 0
./build/e20009AnaExe 48100 48200 0 run_0140 0 0
./build/e20009AnaExe 48200 48300 0 run_0140 0 0
./build/e20009AnaExe 48300 48400 0 run_0140 0 0
./build/e20009AnaExe 48400 48500 0 run_0140 0 0
./build/e20009AnaExe 48500 48600 0 run_0140 0 0
./build/e20009AnaExe 48600 48700 0 run_0140 0 0
./build/e20009AnaExe 48700 48800 0 run_0140 0 0
./build/e20009AnaExe 48800 48900 0 run_0140 0 0
./build/e20009AnaExe 48900 49000 0 run_0140 0 0
./build/e20009AnaExe 49000 49100 0 run_0140 0 0
./build/e20009AnaExe 49100 49200 0 run_0140 0 0
./build/e20009AnaExe 49200 49300 0 run_0140 0 0
./build/e20009AnaExe 49300 49400 0 run_0140 0 0
./build/e20009AnaExe 49400 49500 0 run_0140 0 0
./build/e20009AnaExe 49500 49600 0 run_0140 0 0
./build/e20009AnaExe 49600 49700 0 run_0140 0 0
./build/e20009AnaExe 49700 49800 0 run_0140 0 0
./build/e20009AnaExe 49800 49900 0 run_0140 0 0
./build/e20009AnaExe 49900 50000 0 run_0140 0 0
