0 179.954 0 0 19.0257
0.1 89.9499 1.18263e-05 0.0285452 19.0257
0.2 89.8999 4.73053e-05 0.0570904 19.0257
0.3 89.8498 0.000106437 0.0856356 19.0256
0.4 89.7998 0.000189221 0.114181 19.0255
0.5 89.7497 0.000295657 0.142726 19.0254
0.6 89.6997 0.000425744 0.17127 19.0253
0.7 89.6496 0.000579483 0.199815 19.0251
0.8 89.5996 0.000756874 0.22836 19.025
0.9 89.5495 0.000957914 0.256904 19.0248
1 89.4995 0.0011826 0.285448 19.0245
1.1 89.4494 0.00143094 0.313992 19.0243
1.2 89.3994 0.00170293 0.342535 19.024
1.3 89.3493 0.00199857 0.371078 19.0237
1.4 89.2993 0.00231785 0.399621 19.0234
1.5 89.2492 0.00266078 0.428164 19.0231
1.6 89.1992 0.00302735 0.456706 19.0227
1.7 89.1491 0.00341756 0.485247 19.0223
1.8 89.0991 0.00383142 0.513788 19.0219
1.9 89.049 0.00426892 0.542329 19.0214
2 88.999 0.00473006 0.570869 19.021
2.1 88.9489 0.00521483 0.599409 19.0205
2.2 88.8989 0.00572325 0.627948 19.02
2.3 88.8488 0.00625529 0.656486 19.0195
2.4 88.7988 0.00681097 0.685024 19.0189
2.5 88.7487 0.00739029 0.713561 19.0183
2.6 88.6986 0.00799323 0.742098 19.0177
2.7 88.6486 0.0086198 0.770634 19.0171
2.8 88.5985 0.00927 0.799169 19.0164
2.9 88.5485 0.00994382 0.827703 19.0158
3 88.4984 0.0106413 0.856237 19.0151
3.1 88.4484 0.0113623 0.88477 19.0144
3.2 88.3983 0.012107 0.913302 19.0136
3.3 88.3483 0.0128753 0.941833 19.0128
3.4 88.2982 0.0136672 0.970363 19.012
3.5 88.2482 0.0144828 0.998893 19.0112
3.6 88.1981 0.0153219 1.02742 19.0104
3.7 88.1481 0.0161846 1.05595 19.0095
3.8 88.098 0.017071 1.08448 19.0086
3.9 88.048 0.0179809 1.113 19.0077
4 87.9979 0.0189144 1.14153 19.0068
4.1 87.9479 0.0198716 1.17005 19.0058
4.2 87.8978 0.0208523 1.19857 19.0049
4.3 87.8478 0.0218566 1.22709 19.0039
4.4 87.7977 0.0228845 1.25561 19.0028
4.5 87.7477 0.023936 1.28413 19.0018
4.6 87.6976 0.0250111 1.31265 19.0007
4.7 87.6476 0.0261097 1.34117 18.9996
4.8 87.5975 0.0272319 1.36968 18.9985
4.9 87.5475 0.0283777 1.39819 18.9973
5 87.4974 0.0295471 1.42671 18.9962
5.1 87.4474 0.03074 1.45522 18.995
5.2 87.3973 0.0319564 1.48373 18.9938
5.3 87.3472 0.0331965 1.51224 18.9925
5.4 87.2972 0.0344601 1.54074 18.9913
5.5 87.2471 0.0357472 1.56925 18.99
5.6 87.1971 0.0370578 1.59775 18.9887
5.7 87.147 0.0383921 1.62626 18.9873
5.8 87.097 0.0397498 1.65476 18.986
5.9 87.0469 0.0411311 1.68326 18.9846
6 86.9969 0.0425359 1.71176 18.9832
6.1 86.9468 0.0439642 1.74025 18.9818
6.2 86.8968 0.0454161 1.76875 18.9803
6.3 86.8467 0.0468914 1.79724 18.9788
6.4 86.7967 0.0483903 1.82573 18.9773
6.5 86.7466 0.0499127 1.85422 18.9758
6.6 86.6966 0.0514585 1.88271 18.9743
6.7 86.6465 0.0530279 1.9112 18.9727
6.8 86.5965 0.0546208 1.93968 18.9711
6.9 86.5464 0.0562371 1.96816 18.9695
7 86.4964 0.0578769 1.99664 18.9678
7.1 86.4463 0.0595403 2.02512 18.9662
7.2 86.3963 0.061227 2.0536 18.9645
7.3 86.3462 0.0629373 2.08207 18.9628
7.4 86.2962 0.064671 2.11055 18.961
7.5 86.2461 0.0664281 2.13902 18.9593
7.6 86.1961 0.0682088 2.16749 18.9575
7.7 86.146 0.0700128 2.19596 18.9557
7.79999 86.096 0.0718403 2.22442 18.9539
7.89999 86.0459 0.0736912 2.25288 18.952
7.99999 85.9959 0.0755656 2.28135 18.9501
8.09999 85.9458 0.0774634 2.3098 18.9483
8.2 85.8957 0.0793846 2.33826 18.9463
8.3 85.8457 0.0813292 2.36672 18.9444
8.4 85.7956 0.0832972 2.39517 18.9424
8.5 85.7456 0.0852886 2.42362 18.9404
8.6 85.6955 0.0873034 2.45207 18.9384
8.7 85.6455 0.0893416 2.48051 18.9364
8.8 85.5954 0.0914032 2.50896 18.9343
8.9 85.5454 0.0934882 2.5374 18.9322
9 85.4953 0.0955965 2.56583 18.9301
9.1 85.4453 0.0977282 2.59427 18.928
9.2 85.3952 0.0998832 2.6227 18.9258
9.3 85.3452 0.102062 2.65114 18.9237
9.4 85.2951 0.104263 2.67956 18.9215
9.5 85.2451 0.106488 2.70799 18.9192
9.6 85.195 0.108737 2.73641 18.917
9.7 85.145 0.111009 2.76484 18.9147
9.8 85.0949 0.113304 2.79325 18.9124
9.9 85.0449 0.115622 2.82167 18.9101
10 84.9948 0.117964 2.85008 18.9078
10.1 84.9448 0.120328 2.87849 18.9054
10.2 84.8947 0.122717 2.9069 18.903
10.3 84.8447 0.125128 2.93531 18.9006
10.4 84.7946 0.127563 2.96371 18.8982
10.5 84.7446 0.130021 2.99211 18.8957
10.6 84.6945 0.132502 3.02051 18.8932
10.7 84.6445 0.135007 3.0489 18.8907
10.8 84.5944 0.137535 3.07729 18.8882
10.9 84.5444 0.140086 3.10568 18.8856
11 84.4943 0.14266 3.13406 18.8831
11.1 84.4443 0.145257 3.16245 18.8805
11.2 84.3942 0.147878 3.19083 18.8778
11.3 84.3442 0.150522 3.2192 18.8752
11.4 84.2941 0.153189 3.24758 18.8725
11.5 84.2441 0.155879 3.27595 18.8698
11.6 84.194 0.158593 3.30431 18.8671
11.7 84.1439 0.161329 3.33268 18.8644
11.8 84.0939 0.164089 3.36104 18.8616
11.9 84.0438 0.166872 3.3894 18.8588
12 83.9938 0.169678 3.41775 18.856
12.1 83.9437 0.172507 3.4461 18.8532
12.2 83.8937 0.175359 3.47445 18.8504
12.3 83.8436 0.178235 3.50279 18.8475
12.4 83.7936 0.181133 3.53114 18.8446
12.5 83.7435 0.184055 3.55947 18.8417
12.6 83.6935 0.187 3.58781 18.8387
12.7 83.6434 0.189968 3.61614 18.8357
12.8 83.5934 0.192959 3.64447 18.8328
12.9 83.5433 0.195973 3.67279 18.8297
13 83.4933 0.19901 3.70111 18.8267
13.1 83.4432 0.20207 3.72943 18.8236
13.2 83.3932 0.205153 3.75774 18.8206
13.3 83.3431 0.208259 3.78606 18.8175
13.4 83.2931 0.211388 3.81436 18.8143
13.5 83.243 0.21454 3.84267 18.8112
13.6 83.193 0.217715 3.87097 18.808
13.7 83.1429 0.220914 3.89926 18.8048
13.8 83.0929 0.224135 3.92755 18.8016
13.9 83.0428 0.227379 3.95584 18.7983
14 82.9928 0.230646 3.98413 18.7951
14.1 82.9427 0.233936 4.01241 18.7918
14.2 82.8927 0.237249 4.04068 18.7885
14.3 82.8426 0.240585 4.06896 18.7851
14.4 82.7926 0.243943 4.09723 18.7818
14.5 82.7425 0.247325 4.12549 18.7784
14.6 82.6925 0.25073 4.15376 18.775
14.7 82.6424 0.254157 4.18201 18.7716
14.8 82.5924 0.257608 4.21027 18.7681
14.9 82.5423 0.261081 4.23852 18.7646
15 82.4923 0.264577 4.26676 18.7611
15.1 82.4422 0.268096 4.295 18.7576
15.2 82.3922 0.271638 4.32324 18.7541
15.3 82.3421 0.275202 4.35148 18.7505
15.4 82.2921 0.27879 4.3797 18.7469
15.5 82.242 0.2824 4.40793 18.7433
15.6 82.192 0.286033 4.43615 18.7397
15.7 82.1419 0.289689 4.46437 18.736
15.8 82.0919 0.293367 4.49258 18.7323
15.9 82.0418 0.297069 4.52079 18.7286
16 81.9918 0.300793 4.54899 18.7249
16.1 81.9417 0.30454 4.57719 18.7212
16.2 81.8917 0.308309 4.60539 18.7174
16.3 81.8416 0.312101 4.63358 18.7136
16.4 81.7916 0.315916 4.66177 18.7098
16.5 81.7415 0.319754 4.68995 18.706
16.6 81.6915 0.323614 4.71812 18.7021
16.7 81.6414 0.327497 4.7463 18.6982
16.8 81.5914 0.331403 4.77447 18.6943
16.9 81.5413 0.335331 4.80263 18.6904
17 81.4913 0.339282 4.83079 18.6864
17.1 81.4412 0.343256 4.85894 18.6825
17.2 81.3912 0.347252 4.88709 18.6785
17.3 81.3411 0.351271 4.91524 18.6744
17.4 81.2911 0.355312 4.94338 18.6704
17.5 81.241 0.359376 4.97152 18.6663
17.6 81.191 0.363462 4.99965 18.6623
17.7 81.1409 0.367571 5.02777 18.6581
17.8 81.0909 0.371703 5.0559 18.654
17.9 81.0408 0.375857 5.08401 18.6499
18 80.9908 0.380034 5.11213 18.6457
18.1 80.9407 0.384233 5.14023 18.6415
18.2 80.8907 0.388454 5.16833 18.6373
18.3 80.8406 0.392698 5.19643 18.633
18.4 80.7906 0.396965 5.22452 18.6287
18.5 80.7405 0.401254 5.25261 18.6245
18.6 80.6905 0.405565 5.28069 18.6201
18.7 80.6404 0.409899 5.30877 18.6158
18.8 80.5904 0.414255 5.33684 18.6115
18.9 80.5403 0.418633 5.36491 18.6071
19 80.4903 0.423034 5.39297 18.6027
19.1 80.4402 0.427458 5.42103 18.5983
19.2 80.3902 0.431903 5.44908 18.5938
19.3 80.3401 0.436371 5.47712 18.5893
19.4 80.2901 0.440862 5.50516 18.5849
19.5 80.24 0.445374 5.5332 18.5803
19.6 80.19 0.449909 5.56123 18.5758
19.7 80.1399 0.454466 5.58925 18.5712
19.8 80.0899 0.459046 5.61727 18.5667
19.9 80.0398 0.463648 5.64529 18.5621
20 79.9898 0.468272 5.6733 18.5574
20.1 79.9397 0.472918 5.7013 18.5528
20.2 79.8897 0.477586 5.7293 18.5481
20.3 79.8396 0.482277 5.75729 18.5434
20.4 79.7896 0.48699 5.78528 18.5387
20.5 79.7395 0.491724 5.81326 18.534
20.6 79.6895 0.496482 5.84123 18.5292
20.7 79.6394 0.501261 5.8692 18.5245
20.8 79.5894 0.506062 5.89716 18.5197
20.9 79.5393 0.510886 5.92512 18.5148
21 79.4893 0.515731 5.95308 18.51
21.1 79.4392 0.520599 5.98102 18.5051
21.2 79.3892 0.525489 6.00896 18.5002
21.3 79.3391 0.5304 6.0369 18.4953
21.4 79.2891 0.535334 6.06483 18.4904
21.5 79.2391 0.54029 6.09275 18.4854
21.6 79.189 0.545268 6.12067 18.4804
21.7 79.139 0.550268 6.14858 18.4754
21.8 79.0889 0.55529 6.17648 18.4704
21.9 79.0389 0.560333 6.20438 18.4654
22 78.9888 0.565399 6.23228 18.4603
22.1 78.9388 0.570487 6.26016 18.4552
22.2 78.8887 0.575596 6.28805 18.4501
22.3 78.8387 0.580728 6.31592 18.445
22.4 78.7886 0.585881 6.34379 18.4398
22.5 78.7386 0.591056 6.37165 18.4347
22.6 78.6885 0.596253 6.39951 18.4295
22.7001 78.6385 0.601472 6.42736 18.4242
22.8001 78.5884 0.606713 6.4552 18.419
22.9001 78.5384 0.611976 6.48304 18.4137
23.0001 78.4883 0.61726 6.51087 18.4085
23.1001 78.4383 0.622566 6.5387 18.4031
23.2001 78.3882 0.627894 6.56652 18.3978
23.3001 78.3382 0.633244 6.59433 18.3925
23.4001 78.2881 0.638615 6.62213 18.3871
23.5001 78.2381 0.644008 6.64993 18.3817
23.6001 78.188 0.649423 6.67773 18.3763
23.7001 78.138 0.654859 6.70551 18.3709
23.8001 78.0879 0.660317 6.73329 18.3654
23.9001 78.0379 0.665797 6.76107 18.3599
24.0001 77.9878 0.671298 6.78883 18.3544
24.1001 77.9378 0.676821 6.81659 18.3489
24.2001 77.8878 0.682365 6.84435 18.3433
24.3001 77.8377 0.687932 6.87209 18.3378
24.4001 77.7877 0.693519 6.89983 18.3322
24.5001 77.7376 0.699128 6.92756 18.3266
24.6001 77.6876 0.704759 6.95529 18.321
24.7001 77.6375 0.710411 6.98301 18.3153
24.8001 77.5875 0.716085 7.01072 18.3096
24.9001 77.5374 0.72178 7.03843 18.3039
25.0001 77.4874 0.727497 7.06613 18.2982
25.1001 77.4373 0.733235 7.09382 18.2925
25.2001 77.3873 0.738994 7.1215 18.2867
25.3001 77.3372 0.744775 7.14918 18.2809
25.4001 77.2872 0.750578 7.17685 18.2751
25.5001 77.2371 0.756401 7.20451 18.2693
25.6001 77.1871 0.762246 7.23217 18.2635
25.7001 77.137 0.768112 7.25982 18.2576
25.8001 77.087 0.774 7.28746 18.2517
25.9001 77.0369 0.779909 7.3151 18.2458
26.0001 76.9869 0.785839 7.34272 18.2399
26.1001 76.9369 0.791791 7.37035 18.2339
26.2001 76.8868 0.797763 7.39796 18.228
26.3001 76.8368 0.803757 7.42556 18.222
26.4001 76.7867 0.809772 7.45316 18.2159
26.5001 76.7367 0.815809 7.48075 18.2099
26.6001 76.6866 0.821866 7.50834 18.2038
26.7001 76.6366 0.827945 7.53591 18.1978
26.8001 76.5865 0.834045 7.56348 18.1917
26.9001 76.5365 0.840166 7.59104 18.1855
27.0001 76.4864 0.846308 7.6186 18.1794
27.1001 76.4364 0.852471 7.64614 18.1732
27.2001 76.3863 0.858655 7.67368 18.1671
27.3001 76.3363 0.86486 7.70121 18.1609
27.4001 76.2862 0.871086 7.72873 18.1546
27.5001 76.2362 0.877333 7.75625 18.1484
27.6001 76.1862 0.883601 7.78376 18.1421
27.7001 76.1361 0.88989 7.81126 18.1358
27.8001 76.0861 0.8962 7.83875 18.1295
27.9001 76.036 0.902531 7.86623 18.1232
28.0001 75.986 0.908883 7.89371 18.1168
28.1001 75.9359 0.915256 7.92118 18.1105
28.2001 75.8859 0.92165 7.94864 18.1041
28.3001 75.8358 0.928064 7.97609 18.0977
28.4001 75.7858 0.934499 8.00354 18.0912
28.5001 75.7357 0.940955 8.03097 18.0848
28.6001 75.6857 0.947432 8.0584 18.0783
28.7001 75.6356 0.95393 8.08582 18.0718
28.8001 75.5856 0.960448 8.11323 18.0653
28.9001 75.5356 0.966987 8.14064 18.0587
29.0001 75.4855 0.973547 8.16804 18.0522
29.1001 75.4355 0.980128 8.19542 18.0456
29.2001 75.3854 0.986729 8.2228 18.039
29.3001 75.3354 0.993351 8.25017 18.0324
29.4001 75.2853 0.999993 8.27754 18.0257
29.5001 75.2353 1.00666 8.30489 18.0191
29.6001 75.1852 1.01334 8.33224 18.0124
29.7001 75.1352 1.02004 8.35958 18.0057
29.8001 75.0851 1.02677 8.38691 17.9989
29.9001 75.0351 1.03351 8.41423 17.9922
30.0001 74.9851 1.04028 8.44154 17.9854
30.1001 74.935 1.04707 8.46884 17.9786
30.2001 74.885 1.05387 8.49614 17.9718
30.3001 74.8349 1.0607 8.52343 17.965
30.4001 74.7849 1.06755 8.5507 17.9582
30.5001 74.7348 1.07442 8.57797 17.9513
30.6001 74.6848 1.0813 8.60524 17.9444
30.7001 74.6347 1.08821 8.63249 17.9375
30.8001 74.5847 1.09514 8.65973 17.9306
30.9001 74.5346 1.10209 8.68697 17.9236
31.0001 74.4846 1.10906 8.71419 17.9167
31.1001 74.4346 1.11605 8.74141 17.9097
31.2001 74.3845 1.12306 8.76862 17.9027
31.3001 74.3345 1.13009 8.79582 17.8956
31.4001 74.2844 1.13714 8.82301 17.8886
31.5001 74.2344 1.14421 8.85019 17.8815
31.6001 74.1843 1.1513 8.87736 17.8744
31.7001 74.1343 1.15842 8.90452 17.8673
31.8001 74.0842 1.16555 8.93168 17.8602
31.9001 74.0342 1.1727 8.95882 17.853
32.0001 73.9842 1.17987 8.98596 17.8458
32.1001 73.9341 1.18706 9.01308 17.8387
32.2001 73.8841 1.19427 9.0402 17.8314
32.3001 73.834 1.2015 9.06731 17.8242
32.4001 73.784 1.20876 9.09441 17.817
32.5001 73.7339 1.21603 9.1215 17.8097
32.6001 73.6839 1.22332 9.14858 17.8024
32.7001 73.6339 1.23063 9.17565 17.7951
32.8001 73.5838 1.23796 9.20271 17.7878
32.9001 73.5338 1.24531 9.22976 17.7804
33.0001 73.4837 1.25268 9.2568 17.773
33.1001 73.4337 1.26007 9.28384 17.7656
33.2001 73.3836 1.26748 9.31086 17.7582
33.3001 73.3336 1.27491 9.33787 17.7508
33.4001 73.2836 1.28236 9.36488 17.7434
33.5001 73.2335 1.28983 9.39187 17.7359
33.6001 73.1835 1.29732 9.41886 17.7284
33.7001 73.1334 1.30483 9.44583 17.7209
33.8001 73.0834 1.31236 9.4728 17.7134
33.9001 73.0333 1.31991 9.49975 17.7058
34.0001 72.9833 1.32748 9.5267 17.6982
34.1001 72.9333 1.33507 9.55363 17.6906
34.2001 72.8832 1.34267 9.58056 17.683
34.3 72.8332 1.3503 9.60747 17.6754
34.4 72.7831 1.35795 9.63438 17.6678
34.5 72.7331 1.36561 9.66128 17.6601
34.6 72.683 1.3733 9.68816 17.6524
34.7 72.633 1.381 9.71504 17.6447
34.8 72.583 1.38873 9.7419 17.637
34.9 72.5329 1.39647 9.76876 17.6292
35 72.4829 1.40424 9.79561 17.6215
35.1 72.4328 1.41202 9.82244 17.6137
35.2 72.3828 1.41982 9.84927 17.6059
35.3 72.3328 1.42764 9.87608 17.5981
35.4 72.2827 1.43548 9.90289 17.5902
35.5 72.2327 1.44334 9.92968 17.5824
35.6 72.1826 1.45122 9.95646 17.5745
35.7 72.1326 1.45912 9.98324 17.5666
35.8 72.0825 1.46704 10.01 17.5587
35.9 72.0325 1.47497 10.0368 17.5507
36 71.9825 1.48293 10.0635 17.5428
36.1 71.9324 1.49091 10.0902 17.5348
36.2 71.8824 1.4989 10.1169 17.5268
36.3 71.8323 1.50691 10.1437 17.5188
36.4 71.7823 1.51495 10.1704 17.5108
36.5 71.7323 1.523 10.197 17.5027
36.6 71.6822 1.53107 10.2237 17.4946
36.7 71.6322 1.53916 10.2504 17.4866
36.8 71.5821 1.54727 10.2771 17.4784
36.9 71.5321 1.55539 10.3037 17.4703
37 71.4821 1.56354 10.3303 17.4622
37.1 71.432 1.5717 10.357 17.454
37.2 71.382 1.57989 10.3836 17.4458
37.3 71.3319 1.58809 10.4102 17.4376
37.4 71.2819 1.59631 10.4368 17.4294
37.5 71.2319 1.60455 10.4633 17.4212
37.6 71.1818 1.61281 10.4899 17.4129
37.7 71.1318 1.62109 10.5165 17.4046
37.8 71.0817 1.62939 10.543 17.3963
37.9 71.0317 1.6377 10.5696 17.388
38 70.9816 1.64604 10.5961 17.3797
38.1 70.9316 1.65439 10.6226 17.3713
38.2 70.8816 1.66276 10.6491 17.363
38.3 70.8315 1.67115 10.6756 17.3546
38.4 70.7815 1.67956 10.7021 17.3462
38.5 70.7314 1.68798 10.7285 17.3377
38.6 70.6814 1.69643 10.755 17.3293
38.7 70.6314 1.70489 10.7814 17.3208
38.8 70.5813 1.71338 10.8079 17.3123
38.9 70.5313 1.72188 10.8343 17.3038
39 70.4813 1.7304 10.8607 17.2953
39.1 70.4312 1.73893 10.8871 17.2868
39.2 70.3812 1.74749 10.9135 17.2782
39.3 70.3311 1.75606 10.9399 17.2696
39.4 70.2811 1.76466 10.9662 17.2611
39.5 70.2311 1.77327 10.9926 17.2524
39.6 70.181 1.7819 11.0189 17.2438
39.7 70.131 1.79054 11.0453 17.2352
39.8 70.0809 1.79921 11.0716 17.2265
39.9 70.0309 1.80789 11.0979 17.2178
40 69.9809 1.8166 11.1242 17.2091
40.1 69.9308 1.82532 11.1504 17.2004
40.2 69.8808 1.83405 11.1767 17.1917
40.3 69.8307 1.84281 11.203 17.1829
40.4 69.7807 1.85158 11.2292 17.1741
40.5 69.7307 1.86038 11.2555 17.1653
40.6 69.6806 1.86919 11.2817 17.1565
40.7 69.6306 1.87801 11.3079 17.1477
40.7999 69.5805 1.88686 11.3341 17.1389
40.8999 69.5305 1.89572 11.3603 17.13
40.9999 69.4805 1.90461 11.3864 17.1211
41.0999 69.4304 1.91351 11.4126 17.1122
41.1999 69.3804 1.92242 11.4387 17.1033
41.2999 69.3304 1.93136 11.4649 17.0944
41.3999 69.2803 1.94031 11.491 17.0854
41.4999 69.2303 1.94928 11.5171 17.0764
41.5999 69.1802 1.95827 11.5432 17.0674
41.6999 69.1302 1.96728 11.5693 17.0584
41.7999 69.0802 1.9763 11.5954 17.0494
41.8999 69.0301 1.98534 11.6214 17.0404
41.9999 68.9801 1.9944 11.6475 17.0313
42.0999 68.93 2.00348 11.6735 17.0222
42.1999 68.88 2.01257 11.6995 17.0131
42.2999 68.83 2.02168 11.7255 17.004
42.3999 68.7799 2.03081 11.7515 16.9949
42.4999 68.7299 2.03996 11.7775 16.9858
42.5999 68.6799 2.04912 11.8035 16.9766
42.6999 68.6298 2.05831 11.8294 16.9674
42.7999 68.5798 2.0675 11.8554 16.9582
42.8999 68.5297 2.07672 11.8813 16.949
42.9999 68.4797 2.08595 11.9072 16.9398
43.0999 68.4297 2.09521 11.9331 16.9305
43.1999 68.3796 2.10447 11.959 16.9212
43.2999 68.3296 2.11376 11.9849 16.912
43.3999 68.2796 2.12306 12.0108 16.9027
43.4999 68.2295 2.13238 12.0366 16.8933
43.5999 68.1795 2.14172 12.0625 16.884
43.6999 68.1295 2.15107 12.0883 16.8746
43.7999 68.0794 2.16044 12.1141 16.8653
43.8999 68.0294 2.16983 12.1399 16.8559
43.9999 67.9793 2.17924 12.1657 16.8465
44.0999 67.9293 2.18866 12.1914 16.8371
44.1999 67.8793 2.1981 12.2172 16.8276
44.2999 67.8292 2.20756 12.2429 16.8182
44.3999 67.7792 2.21703 12.2687 16.8087
44.4999 67.7292 2.22652 12.2944 16.7992
44.5999 67.6791 2.23603 12.3201 16.7897
44.6999 67.6291 2.24555 12.3458 16.7802
44.7999 67.5791 2.25509 12.3715 16.7706
44.8999 67.529 2.26465 12.3971 16.7611
44.9999 67.479 2.27422 12.4228 16.7515
45.0999 67.4289 2.28381 12.4484 16.7419
45.1999 67.3789 2.29342 12.474 16.7323
45.2999 67.3289 2.30304 12.4996 16.7227
45.3999 67.2788 2.31269 12.5252 16.713
45.4999 67.2288 2.32234 12.5508 16.7034
45.5999 67.1788 2.33202 12.5764 16.6937
45.6999 67.1287 2.34171 12.6019 16.684
45.7999 67.0787 2.35141 12.6275 16.6743
45.8999 67.0287 2.36114 12.653 16.6646
45.9999 66.9786 2.37088 12.6785 16.6548
46.0999 66.9286 2.38064 12.704 16.6451
46.1999 66.8786 2.39041 12.7295 16.6353
46.2999 66.8285 2.4002 12.7549 16.6255
46.3999 66.7785 2.41 12.7804 16.6157
46.4999 66.7284 2.41982 12.8058 16.6059
46.5999 66.6784 2.42966 12.8312 16.5961
46.6999 66.6284 2.43952 12.8566 16.5862
46.7999 66.5783 2.44939 12.882 16.5763
46.8999 66.5283 2.45928 12.9074 16.5664
46.9999 66.4783 2.46918 12.9328 16.5565
47.0999 66.4282 2.4791 12.9581 16.5466
47.1999 66.3782 2.48903 12.9834 16.5367
47.2999 66.3282 2.49898 13.0088 16.5267
47.3998 66.2781 2.50895 13.0341 16.5168
47.4998 66.2281 2.51893 13.0593 16.5068
47.5998 66.1781 2.52893 13.0846 16.4968
47.6998 66.128 2.53895 13.1099 16.4868
47.7998 66.078 2.54898 13.1351 16.4767
47.8998 66.028 2.55903 13.1604 16.4667
47.9998 65.9779 2.56909 13.1856 16.4566
48.0998 65.9279 2.57917 13.2108 16.4465
48.1998 65.8779 2.58926 13.2359 16.4364
48.2998 65.8278 2.59937 13.2611 16.4263
48.3998 65.7778 2.6095 13.2863 16.4162
48.4998 65.7278 2.61964 13.3114 16.4061
48.5998 65.6777 2.6298 13.3365 16.3959
48.6998 65.6277 2.63997 13.3616 16.3857
48.7998 65.5777 2.65016 13.3867 16.3756
48.8998 65.5276 2.66037 13.4118 16.3653
48.9998 65.4776 2.67059 13.4369 16.3551
49.0998 65.4276 2.68082 13.4619 16.3449
49.1998 65.3775 2.69107 13.4869 16.3346
49.2998 65.3275 2.70134 13.5119 16.3244
49.3998 65.2775 2.71162 13.5369 16.3141
49.4998 65.2274 2.72192 13.5619 16.3038
49.5998 65.1774 2.73223 13.5869 16.2935
49.6998 65.1274 2.74256 13.6118 16.2832
49.7998 65.0773 2.7529 13.6368 16.2728
49.8998 65.0273 2.76326 13.6617 16.2625
49.9998 64.9773 2.77363 13.6866 16.2521
50.0998 64.9272 2.78402 13.7115 16.2417
50.1998 64.8772 2.79443 13.7363 16.2313
50.2998 64.8272 2.80485 13.7612 16.2209
50.3998 64.7771 2.81528 13.786 16.2104
50.4998 64.7271 2.82573 13.8109 16.2
50.5998 64.6771 2.83619 13.8357 16.1895
50.6998 64.627 2.84667 13.8605 16.179
50.7998 64.577 2.85717 13.8852 16.1685
50.8998 64.527 2.86768 13.91 16.158
50.9998 64.4769 2.8782 13.9347 16.1475
51.0998 64.4269 2.88874 13.9595 16.137
51.1998 64.3769 2.89929 13.9842 16.1264
51.2998 64.3268 2.90986 14.0089 16.1159
51.3998 64.2768 2.92045 14.0335 16.1053
51.4998 64.2268 2.93104 14.0582 16.0947
51.5998 64.1767 2.94166 14.0828 16.0841
51.6998 64.1267 2.95228 14.1074 16.0734
51.7998 64.0767 2.96293 14.1321 16.0628
51.8998 64.0267 2.97358 14.1566 16.0521
51.9998 63.9766 2.98426 14.1812 16.0415
52.0998 63.9266 2.99494 14.2058 16.0308
52.1998 63.8766 3.00564 14.2303 16.0201
52.2998 63.8265 3.01636 14.2548 16.0094
52.3998 63.7765 3.02709 14.2793 15.9986
52.4998 63.7265 3.03783 14.3038 15.9879
52.5998 63.6764 3.04859 14.3283 15.9771
52.6998 63.6264 3.05936 14.3528 15.9664
52.7998 63.5764 3.07015 14.3772 15.9556
52.8998 63.5263 3.08095 14.4016 15.9448
52.9998 63.4763 3.09177 14.426 15.9339
53.0998 63.4263 3.1026 14.4504 15.9231
53.1998 63.3763 3.11344 14.4748 15.9123
53.2998 63.3262 3.1243 14.4991 15.9014
53.3998 63.2762 3.13517 14.5235 15.8905
53.4998 63.2262 3.14606 14.5478 15.8797
53.5998 63.1761 3.15696 14.5721 15.8688
53.6998 63.1261 3.16787 14.5964 15.8578
53.7998 63.0761 3.1788 14.6206 15.8469
53.8997 63.026 3.18975 14.6449 15.836
53.9997 62.976 3.2007 14.6691 15.825
54.0997 62.926 3.21167 14.6933 15.814
54.1997 62.876 3.22266 14.7175 15.8031
54.2997 62.8259 3.23366 14.7417 15.7921
54.3997 62.7759 3.24467 14.7658 15.781
54.4997 62.7259 3.25569 14.79 15.77
54.5997 62.6758 3.26673 14.8141 15.759
54.6997 62.6258 3.27779 14.8382 15.7479
54.7997 62.5758 3.28885 14.8623 15.7369
54.8997 62.5257 3.29993 14.8863 15.7258
54.9997 62.4757 3.31103 14.9104 15.7147
55.0997 62.4257 3.32214 14.9344 15.7036
55.1997 62.3757 3.33326 14.9584 15.6925
55.2997 62.3256 3.34439 14.9824 15.6813
55.3997 62.2756 3.35554 15.0064 15.6702
55.4997 62.2256 3.3667 15.0303 15.659
55.5997 62.1755 3.37788 15.0543 15.6478
55.6997 62.1255 3.38907 15.0782 15.6366
55.7997 62.0755 3.40027 15.1021 15.6254
55.8997 62.0255 3.41148 15.126 15.6142
55.9997 61.9754 3.42271 15.1498 15.603
56.0997 61.9254 3.43395 15.1737 15.5918
56.1997 61.8754 3.44521 15.1975 15.5805
56.2997 61.8253 3.45647 15.2213 15.5692
56.3997 61.7753 3.46776 15.2451 15.558
56.4997 61.7253 3.47905 15.2688 15.5467
56.5997 61.6753 3.49036 15.2926 15.5354
56.6997 61.6252 3.50168 15.3163 15.524
56.7997 61.5752 3.51301 15.34 15.5127
56.8997 61.5252 3.52436 15.3637 15.5014
56.9997 61.4751 3.53571 15.3874 15.49
57.0997 61.4251 3.54709 15.4111 15.4786
57.1997 61.3751 3.55847 15.4347 15.4672
57.2997 61.3251 3.56987 15.4583 15.4558
57.3997 61.275 3.58128 15.4819 15.4444
57.4997 61.225 3.5927 15.5055 15.433
57.5997 61.175 3.60414 15.529 15.4216
57.6997 61.125 3.61559 15.5526 15.4101
57.7997 61.0749 3.62705 15.5761 15.3987
57.8997 61.0249 3.63852 15.5996 15.3872
57.9997 60.9749 3.65001 15.623 15.3757
58.0997 60.9249 3.66151 15.6465 15.3642
58.1997 60.8748 3.67302 15.6699 15.3527
58.2997 60.8248 3.68454 15.6934 15.3412
58.3997 60.7748 3.69608 15.7168 15.3296
58.4997 60.7247 3.70763 15.7401 15.3181
58.5997 60.6747 3.71919 15.7635 15.3065
58.6997 60.6247 3.73076 15.7868 15.295
58.7997 60.5747 3.74235 15.8101 15.2834
58.8997 60.5246 3.75394 15.8334 15.2718
58.9997 60.4746 3.76555 15.8567 15.2602
59.0997 60.4246 3.77718 15.88 15.2485
59.1997 60.3746 3.78881 15.9032 15.2369
59.2997 60.3245 3.80046 15.9264 15.2253
59.3997 60.2745 3.81212 15.9496 15.2136
59.4997 60.2245 3.82379 15.9728 15.2019
59.5997 60.1745 3.83547 15.9959 15.1902
59.6997 60.1244 3.84716 16.0191 15.1786
59.7997 60.0744 3.85887 16.0422 15.1668
59.8997 60.0244 3.87059 16.0653 15.1551
59.9997 59.9744 3.88232 16.0883 15.1434
60.0997 59.9243 3.89406 16.1114 15.1317
60.1997 59.8743 3.90581 16.1344 15.1199
60.2997 59.8243 3.91758 16.1574 15.1081
60.3997 59.7743 3.92936 16.1804 15.0964
60.4996 59.7242 3.94115 16.2034 15.0846
60.5996 59.6742 3.95295 16.2263 15.0728
60.6996 59.6242 3.96476 16.2493 15.061
60.7996 59.5742 3.97658 16.2722 15.0491
60.8996 59.5241 3.98842 16.295 15.0373
60.9996 59.4741 4.00026 16.3179 15.0254
61.0996 59.4241 4.01212 16.3407 15.0136
61.1996 59.3741 4.02399 16.3636 15.0017
61.2996 59.324 4.03587 16.3863 14.9898
61.3996 59.274 4.04777 16.4091 14.9779
61.4996 59.224 4.05967 16.4319 14.966
61.5996 59.174 4.07159 16.4546 14.9541
61.6996 59.1239 4.08351 16.4773 14.9422
61.7996 59.0739 4.09545 16.5 14.9303
61.8996 59.0239 4.1074 16.5227 14.9183
61.9996 58.9739 4.11936 16.5453 14.9064
62.0996 58.9238 4.13133 16.5679 14.8944
62.1996 58.8738 4.14331 16.5905 14.8824
62.2996 58.8238 4.1553 16.6131 14.8704
62.3996 58.7738 4.16731 16.6357 14.8584
62.4996 58.7238 4.17932 16.6582 14.8464
62.5996 58.6737 4.19135 16.6807 14.8344
62.6996 58.6237 4.20339 16.7032 14.8223
62.7996 58.5737 4.21543 16.7257 14.8103
62.8996 58.5237 4.22749 16.7481 14.7982
62.9996 58.4736 4.23956 16.7705 14.7862
63.0996 58.4236 4.25164 16.7929 14.7741
63.1996 58.3736 4.26373 16.8153 14.762
63.2996 58.3236 4.27583 16.8377 14.7499
63.3996 58.2735 4.28795 16.86 14.7378
63.4996 58.2235 4.30007 16.8823 14.7256
63.5996 58.1735 4.3122 16.9046 14.7135
63.6996 58.1235 4.32435 16.9269 14.7014
63.7996 58.0735 4.3365 16.9491 14.6892
63.8996 58.0234 4.34866 16.9713 14.677
63.9996 57.9734 4.36084 16.9935 14.6649
64.0996 57.9234 4.37302 17.0157 14.6527
64.1996 57.8734 4.38522 17.0378 14.6405
64.2996 57.8233 4.39743 17.0599 14.6283
64.3996 57.7733 4.40964 17.0821 14.6161
64.4996 57.7233 4.42187 17.1041 14.6038
64.5996 57.6733 4.43411 17.1262 14.5916
64.6996 57.6233 4.44635 17.1482 14.5794
64.7996 57.5732 4.45861 17.1702 14.5671
64.8996 57.5232 4.47088 17.1922 14.5548
64.9996 57.4732 4.48315 17.2142 14.5426
65.0996 57.4232 4.49544 17.2361 14.5303
65.1996 57.3732 4.50774 17.258 14.518
65.2996 57.3231 4.52004 17.2799 14.5057
65.3996 57.2731 4.53236 17.3018 14.4934
65.4996 57.2231 4.54469 17.3236 14.481
65.5996 57.1731 4.55702 17.3454 14.4687
65.6996 57.123 4.56937 17.3672 14.4563
65.7996 57.073 4.58173 17.389 14.444
65.8996 57.023 4.59409 17.4107 14.4316
65.9996 56.973 4.60647 17.4325 14.4192
66.0996 56.923 4.61885 17.4542 14.4069
66.1996 56.8729 4.63125 17.4758 14.3945
66.2996 56.8229 4.64365 17.4975 14.3821
66.3996 56.7729 4.65606 17.5191 14.3696
66.4996 56.7229 4.66849 17.5407 14.3572
66.5996 56.6729 4.68092 17.5623 14.3448
66.6996 56.6228 4.69336 17.5838 14.3324
66.7996 56.5728 4.70581 17.6054 14.3199
66.8996 56.5228 4.71827 17.6269 14.3074
66.9995 56.4728 4.73074 17.6483 14.295
67.0995 56.4228 4.74322 17.6698 14.2825
67.1995 56.3727 4.75571 17.6912 14.27
67.2995 56.3227 4.76821 17.7126 14.2575
67.3995 56.2727 4.78072 17.734 14.245
67.4995 56.2227 4.79323 17.7554 14.2325
67.5995 56.1727 4.80576 17.7767 14.22
67.6995 56.1227 4.81829 17.798 14.2074
67.7995 56.0726 4.83083 17.8193 14.1949
67.8995 56.0226 4.84338 17.8405 14.1823
67.9995 55.9726 4.85594 17.8617 14.1698
68.0995 55.9226 4.86851 17.8829 14.1572
68.1995 55.8726 4.88109 17.9041 14.1446
68.2995 55.8225 4.89368 17.9253 14.132
68.3995 55.7725 4.90627 17.9464 14.1194
68.4995 55.7225 4.91888 17.9675 14.1068
68.5995 55.6725 4.93149 17.9885 14.0942
68.6995 55.6225 4.94411 18.0096 14.0816
68.7995 55.5725 4.95674 18.0306 14.069
68.8995 55.5224 4.96938 18.0516 14.0563
68.9995 55.4724 4.98203 18.0726 14.0437
69.0995 55.4224 4.99469 18.0935 14.031
69.1995 55.3724 5.00735 18.1144 14.0184
69.2995 55.3224 5.02002 18.1353 14.0057
69.3995 55.2723 5.0327 18.1562 13.993
69.4995 55.2223 5.04539 18.177 13.9803
69.5995 55.1723 5.05809 18.1978 13.9676
69.6995 55.1223 5.0708 18.2186 13.9549
69.7995 55.0723 5.08351 18.2394 13.9422
69.8995 55.0223 5.09623 18.2601 13.9295
69.9995 54.9722 5.10896 18.2808 13.9168
70.0995 54.9222 5.1217 18.3015 13.904
70.1995 54.8722 5.13445 18.3221 13.8913
70.2995 54.8222 5.1472 18.3428 13.8785
70.3995 54.7722 5.15997 18.3633 13.8657
70.4995 54.7222 5.17274 18.3839 13.853
70.5995 54.6721 5.18551 18.4045 13.8402
70.6995 54.6221 5.1983 18.425 13.8274
70.7995 54.5721 5.2111 18.4455 13.8146
70.8995 54.5221 5.2239 18.4659 13.8018
70.9995 54.4721 5.23671 18.4864 13.789
71.0995 54.4221 5.24952 18.5068 13.7762
71.1995 54.372 5.26235 18.5271 13.7634
71.2995 54.322 5.27518 18.5475 13.7505
71.3995 54.272 5.28802 18.5678 13.7377
71.4995 54.222 5.30087 18.5881 13.7248
71.5995 54.172 5.31372 18.6084 13.712
71.6995 54.122 5.32659 18.6286 13.6991
71.7995 54.0719 5.33946 18.6488 13.6863
71.8995 54.0219 5.35233 18.669 13.6734
71.9995 53.9719 5.36522 18.6892 13.6605
72.0995 53.9219 5.37811 18.7093 13.6476
72.1995 53.8719 5.39101 18.7294 13.6347
72.2995 53.8219 5.40392 18.7495 13.6218
72.3995 53.7719 5.41683 18.7695 13.6089
72.4995 53.7218 5.42975 18.7895 13.596
72.5995 53.6718 5.44268 18.8095 13.583
72.6995 53.6218 5.45562 18.8295 13.5701
72.7995 53.5718 5.46856 18.8494 13.5572
72.8995 53.5218 5.48151 18.8693 13.5442
72.9995 53.4718 5.49446 18.8891 13.5313
73.0995 53.4218 5.50743 18.909 13.5183
73.1995 53.3717 5.5204 18.9288 13.5053
73.2995 53.3217 5.53337 18.9486 13.4923
73.3995 53.2717 5.54636 18.9683 13.4794
73.4995 53.2217 5.55935 18.9881 13.4664
73.5994 53.1717 5.57234 19.0078 13.4534
73.6994 53.1217 5.58535 19.0274 13.4404
73.7994 53.0717 5.59836 19.0471 13.4274
73.8994 53.0216 5.61137 19.0667 13.4143
73.9994 52.9716 5.6244 19.0863 13.4013
74.0994 52.9216 5.63743 19.1058 13.3883
74.1994 52.8716 5.65046 19.1253 13.3752
74.2994 52.8216 5.66351 19.1448 13.3622
74.3994 52.7716 5.67656 19.1643 13.3492
74.4994 52.7216 5.68961 19.1837 13.3361
74.5994 52.6715 5.70267 19.2031 13.323
74.6994 52.6215 5.71574 19.2225 13.31
74.7994 52.5715 5.72882 19.2418 13.2969
74.8994 52.5215 5.7419 19.2611 13.2838
74.9994 52.4715 5.75498 19.2804 13.2707
75.0994 52.4215 5.76808 19.2997 13.2576
75.1994 52.3715 5.78118 19.3189 13.2445
75.2994 52.3215 5.79428 19.3381 13.2314
75.3994 52.2714 5.80739 19.3572 13.2183
75.4994 52.2214 5.82051 19.3764 13.2052
75.5994 52.1714 5.83363 19.3955 13.1921
75.6994 52.1214 5.84676 19.4145 13.179
75.7994 52.0714 5.8599 19.4336 13.1658
75.8994 52.0214 5.87304 19.4526 13.1527
75.9994 51.9714 5.88618 19.4715 13.1395
76.0994 51.9214 5.89934 19.4905 13.1264
76.1994 51.8714 5.91249 19.5094 13.1132
76.2994 51.8213 5.92566 19.5283 13.1001
76.3994 51.7713 5.93883 19.5471 13.0869
76.4994 51.7213 5.952 19.5659 13.0737
76.5994 51.6713 5.96518 19.5847 13.0605
76.6994 51.6213 5.97837 19.6035 13.0473
76.7994 51.5713 5.99156 19.6222 13.0342
76.8994 51.5213 6.00475 19.6409 13.021
76.9994 51.4713 6.01796 19.6596 13.0078
77.0994 51.4213 6.03116 19.6782 12.9946
77.1994 51.3712 6.04438 19.6968 12.9813
77.2994 51.3212 6.05759 19.7154 12.9681
77.3994 51.2712 6.07082 19.7339 12.9549
77.4994 51.2212 6.08404 19.7524 12.9417
77.5994 51.1712 6.09728 19.7709 12.9284
77.6994 51.1212 6.11051 19.7893 12.9152
77.7994 51.0712 6.12376 19.8077 12.902
77.8994 51.0212 6.13701 19.8261 12.8887
77.9994 50.9712 6.15026 19.8444 12.8755
78.0994 50.9211 6.16352 19.8627 12.8622
78.1994 50.8711 6.17678 19.881 12.8489
78.2994 50.8211 6.19005 19.8992 12.8357
78.3994 50.7711 6.20332 19.9174 12.8224
78.4994 50.7211 6.2166 19.9356 12.8091
78.5994 50.6711 6.22988 19.9538 12.7958
78.6994 50.6211 6.24317 19.9719 12.7825
78.7994 50.5711 6.25646 19.9899 12.7693
78.8994 50.5211 6.26975 20.008 12.756
78.9994 50.4711 6.28305 20.026 12.7427
79.0994 50.4211 6.29636 20.044 12.7294
79.1994 50.371 6.30967 20.0619 12.716
79.2994 50.321 6.32298 20.0798 12.7027
79.3994 50.271 6.3363 20.0977 12.6894
79.4994 50.221 6.34962 20.1155 12.6761
79.5994 50.171 6.36295 20.1334 12.6628
79.6994 50.121 6.37628 20.1511 12.6494
79.7994 50.071 6.38962 20.1689 12.6361
79.8994 50.021 6.40296 20.1866 12.6228
79.9994 49.971 6.4163 20.2042 12.6094
80.0993 49.921 6.42965 20.2219 12.5961
80.1993 49.871 6.443 20.2395 12.5827
80.2993 49.821 6.45636 20.2571 12.5694
80.3993 49.7709 6.46972 20.2746 12.556
80.4993 49.7209 6.48308 20.2921 12.5426
80.5993 49.6709 6.49645 20.3096 12.5293
80.6993 49.6209 6.50982 20.327 12.5159
80.7993 49.5709 6.5232 20.3444 12.5025
80.8993 49.5209 6.53658 20.3618 12.4891
80.9993 49.4709 6.54996 20.3791 12.4758
81.0993 49.4209 6.56334 20.3964 12.4624
81.1993 49.3709 6.57674 20.4136 12.449
81.2993 49.3209 6.59013 20.4308 12.4356
81.3993 49.2709 6.60353 20.448 12.4222
81.4993 49.2209 6.61693 20.4652 12.4088
81.5993 49.1709 6.63033 20.4823 12.3954
81.6993 49.1208 6.64374 20.4994 12.382
81.7993 49.0708 6.65715 20.5164 12.3686
81.8993 49.0208 6.67057 20.5334 12.3551
81.9993 48.9708 6.68399 20.5504 12.3417
82.0993 48.9208 6.69741 20.5673 12.3283
82.1993 48.8708 6.71083 20.5842 12.3149
82.2993 48.8208 6.72426 20.6011 12.3015
82.3993 48.7708 6.73769 20.6179 12.288
82.4993 48.7208 6.75113 20.6347 12.2746
82.5993 48.6708 6.76456 20.6515 12.2612
82.6993 48.6208 6.778 20.6682 12.2477
82.7993 48.5708 6.79145 20.6849 12.2343
82.8993 48.5208 6.80489 20.7015 12.2208
82.9993 48.4708 6.81834 20.7181 12.2074
83.0993 48.4208 6.83179 20.7347 12.1939
83.1993 48.3708 6.84525 20.7513 12.1805
83.2993 48.3208 6.85871 20.7678 12.167
83.3993 48.2707 6.87217 20.7842 12.1535
83.4993 48.2207 6.88563 20.8006 12.1401
83.5993 48.1707 6.8991 20.817 12.1266
83.6993 48.1207 6.91257 20.8334 12.1131
83.7993 48.0707 6.92604 20.8497 12.0997
83.8993 48.0207 6.93951 20.866 12.0862
83.9993 47.9707 6.95299 20.8822 12.0727
84.0993 47.9207 6.96647 20.8984 12.0592
84.1993 47.8707 6.97995 20.9146 12.0458
84.2993 47.8207 6.99343 20.9307 12.0323
84.3993 47.7707 7.00692 20.9468 12.0188
84.4993 47.7207 7.0204 20.9628 12.0053
84.5993 47.6707 7.03389 20.9788 11.9918
84.6993 47.6207 7.04739 20.9948 11.9783
84.7993 47.5707 7.06088 21.0107 11.9648
84.8993 47.5207 7.07438 21.0266 11.9513
84.9993 47.4707 7.08788 21.0425 11.9378
85.0993 47.4207 7.10138 21.0583 11.9243
85.1993 47.3707 7.11488 21.0741 11.9108
85.2993 47.3207 7.12839 21.0898 11.8973
85.3993 47.2707 7.1419 21.1055 11.8838
85.4993 47.2207 7.1554 21.1212 11.8703
85.5993 47.1707 7.16892 21.1368 11.8568
85.6993 47.1207 7.18243 21.1524 11.8433
85.7993 47.0706 7.19594 21.168 11.8298
85.8993 47.0206 7.20946 21.1835 11.8163
85.9993 46.9706 7.22298 21.1989 11.8027
86.0993 46.9206 7.2365 21.2144 11.7892
86.1993 46.8706 7.25002 21.2297 11.7757
86.2993 46.8206 7.26354 21.2451 11.7622
86.3993 46.7706 7.27706 21.2604 11.7486
86.4993 46.7206 7.29059 21.2757 11.7351
86.5993 46.6706 7.30412 21.2909 11.7216
86.6992 46.6206 7.31765 21.3061 11.7081
86.7992 46.5706 7.33118 21.3212 11.6945
86.8992 46.5206 7.34471 21.3363 11.681
86.9992 46.4706 7.35824 21.3514 11.6675
87.0992 46.4206 7.37177 21.3664 11.6539
87.1992 46.3706 7.38531 21.3814 11.6404
87.2992 46.3206 7.39885 21.3964 11.6269
87.3992 46.2706 7.41238 21.4113 11.6133
87.4992 46.2206 7.42592 21.4261 11.5998
87.5992 46.1706 7.43946 21.441 11.5863
87.6992 46.1206 7.453 21.4557 11.5727
87.7992 46.0706 7.46654 21.4705 11.5592
87.8992 46.0206 7.48008 21.4852 11.5456
87.9992 45.9706 7.49363 21.4998 11.5321
88.0992 45.9206 7.50717 21.5145 11.5185
88.1992 45.8706 7.52072 21.529 11.505
88.2992 45.8206 7.53426 21.5436 11.4915
88.3992 45.7706 7.54781 21.5581 11.4779
88.4992 45.7206 7.56135 21.5725 11.4644
88.5992 45.6706 7.5749 21.5869 11.4508
88.6992 45.6206 7.58845 21.6013 11.4373
88.7992 45.5706 7.602 21.6156 11.4237
88.8992 45.5206 7.61555 21.6299 11.4102
88.9992 45.4706 7.6291 21.6441 11.3966
89.0992 45.4206 7.64265 21.6583 11.3831
89.1992 45.3706 7.6562 21.6725 11.3695
89.2992 45.3206 7.66975 21.6866 11.356
89.3992 45.2706 7.6833 21.7006 11.3424
89.4992 45.2206 7.69685 21.7147 11.3289
89.5992 45.1706 7.7104 21.7287 11.3153
89.6992 45.1206 7.72395 21.7426 11.3018
89.7992 45.0706 7.7375 21.7565 11.2882
89.8992 45.0206 7.75106 21.7703 11.2747
89.9992 44.9706 7.76461 21.7842 11.2611
90.0992 44.9206 7.77816 21.7979 11.2476
90.1992 44.8706 7.79171 21.8116 11.234
90.2992 44.8206 7.80526 21.8253 11.2205
90.3992 44.7706 7.81881 21.8389 11.2069
90.4992 44.7206 7.83237 21.8525 11.1933
90.5992 44.6706 7.84592 21.8661 11.1798
90.6992 44.6206 7.85947 21.8796 11.1662
90.7992 44.5706 7.87302 21.893 11.1527
90.8992 44.5206 7.88657 21.9065 11.1391
90.9992 44.4706 7.90012 21.9198 11.1256
91.0992 44.4206 7.91367 21.9331 11.112
91.1992 44.3706 7.92722 21.9464 11.0985
91.2992 44.3206 7.94077 21.9597 11.0849
91.3992 44.2706 7.95431 21.9729 11.0714
91.4992 44.2206 7.96786 21.986 11.0579
91.5992 44.1706 7.98141 21.9991 11.0443
91.6992 44.1206 7.99495 22.0122 11.0308
91.7992 44.0706 8.0085 22.0252 11.0172
91.8992 44.0206 8.02204 22.0381 11.0037
91.9992 43.9706 8.03559 22.051 10.9901
92.0992 43.9206 8.04913 22.0639 10.9766
92.1992 43.8706 8.06267 22.0767 10.963
92.2992 43.8206 8.07622 22.0895 10.9495
92.3992 43.7706 8.08976 22.1023 10.936
92.4992 43.7206 8.10329 22.1149 10.9224
92.5992 43.6707 8.11683 22.1276 10.9089
92.6992 43.6207 8.13037 22.1402 10.8953
92.7992 43.5707 8.14391 22.1527 10.8818
92.8992 43.5207 8.15744 22.1652 10.8683
92.9992 43.4707 8.17098 22.1777 10.8547
93.0992 43.4207 8.18451 22.1901 10.8412
93.1992 43.3707 8.19804 22.2025 10.8277
93.2991 43.3207 8.21157 22.2148 10.8141
93.3991 43.2707 8.2251 22.227 10.8006
93.4991 43.2207 8.23863 22.2393 10.7871
93.5991 43.1707 8.25215 22.2514 10.7736
93.6991 43.1207 8.26568 22.2636 10.76
93.7991 43.0707 8.2792 22.2756 10.7465
93.8991 43.0207 8.29272 22.2877 10.733
93.9991 42.9707 8.30624 22.2996 10.7195
94.0991 42.9207 8.31976 22.3116 10.706
94.1991 42.8707 8.33327 22.3235 10.6924
94.2991 42.8207 8.34679 22.3353 10.6789
94.3991 42.7707 8.3603 22.3471 10.6654
94.4991 42.7207 8.37381 22.3588 10.6519
94.5991 42.6707 8.38732 22.3705 10.6384
94.6991 42.6207 8.40083 22.3822 10.6249
94.7991 42.5707 8.41433 22.3938 10.6114
94.8991 42.5207 8.42784 22.4053 10.5979
94.9991 42.4708 8.44134 22.4168 10.5844
95.0991 42.4208 8.45484 22.4283 10.5709
95.1991 42.3708 8.46833 22.4397 10.5574
95.2991 42.3208 8.48183 22.451 10.5439
95.3991 42.2708 8.49532 22.4623 10.5304
95.4991 42.2208 8.50881 22.4736 10.5169
95.5991 42.1708 8.5223 22.4848 10.5034
95.6991 42.1208 8.53579 22.4959 10.4899
95.7991 42.0708 8.54927 22.507 10.4764
95.8991 42.0208 8.56275 22.5181 10.463
95.9991 41.9708 8.57623 22.5291 10.4495
96.0991 41.9208 8.58971 22.54 10.436
96.1991 41.8708 8.60318 22.5509 10.4225
96.2991 41.8208 8.61665 22.5618 10.4091
96.3991 41.7708 8.63012 22.5726 10.3956
96.4991 41.7208 8.64359 22.5833 10.3821
96.5991 41.6709 8.65705 22.594 10.3687
96.6991 41.6209 8.67051 22.6047 10.3552
96.7991 41.5709 8.68397 22.6153 10.3417
96.8991 41.5209 8.69742 22.6258 10.3283
96.9991 41.4709 8.71088 22.6363 10.3148
97.0991 41.4209 8.72432 22.6468 10.3014
97.1991 41.3709 8.73777 22.6571 10.2879
97.2991 41.3209 8.75121 22.6675 10.2745
97.3991 41.2709 8.76465 22.6778 10.2611
97.4991 41.2209 8.77809 22.688 10.2476
97.5991 41.1709 8.79153 22.6982 10.2342
97.6991 41.1209 8.80496 22.7083 10.2208
97.7991 41.0709 8.81839 22.7184 10.2073
97.8991 41.0209 8.83181 22.7284 10.1939
97.9991 40.971 8.84523 22.7384 10.1805
98.0991 40.921 8.85865 22.7483 10.1671
98.1991 40.871 8.87207 22.7582 10.1536
98.2991 40.821 8.88548 22.768 10.1402
98.3991 40.771 8.89888 22.7777 10.1268
98.4991 40.721 8.91229 22.7875 10.1134
98.5991 40.671 8.92569 22.7971 10.1
98.6991 40.621 8.93909 22.8067 10.0866
98.7991 40.571 8.95248 22.8163 10.0732
98.8991 40.521 8.96587 22.8257 10.0598
98.9991 40.471 8.97926 22.8352 10.0465
99.0991 40.421 8.99264 22.8446 10.0331
99.1991 40.3711 9.00602 22.8539 10.0197
99.2991 40.3211 9.0194 22.8632 10.0063
99.3991 40.2711 9.03277 22.8724 9.99294
99.4991 40.2211 9.04614 22.8816 9.97958
99.5991 40.1711 9.0595 22.8907 9.96621
99.6991 40.1211 9.07286 22.8997 9.95285
99.799 40.0711 9.08622 22.9087 9.9395
99.899 40.0211 9.09957 22.9177 9.92614
99.999 39.9711 9.11292 22.9266 9.9128
100.099 39.9211 9.12626 22.9354 9.89945
100.199 39.8712 9.1396 22.9442 9.88611
100.299 39.8212 9.15294 22.9529 9.87278
100.399 39.7712 9.16627 22.9616 9.85945
100.499 39.7212 9.1796 22.9702 9.84612
100.599 39.6712 9.19292 22.9788 9.8328
100.699 39.6212 9.20624 22.9873 9.81948
100.799 39.5712 9.21955 22.9957 9.80616
100.899 39.5212 9.23286 23.0041 9.79285
100.999 39.4712 9.24617 23.0124 9.77955
101.099 39.4212 9.25947 23.0207 9.76625
101.199 39.3713 9.27276 23.0289 9.75295
101.299 39.3213 9.28605 23.0371 9.73966
101.399 39.2713 9.29934 23.0452 9.72637
101.499 39.2213 9.31262 23.0533 9.71309
101.599 39.1713 9.3259 23.0612 9.69981
101.699 39.1213 9.33917 23.0692 9.68654
101.799 39.0713 9.35244 23.0771 9.67327
101.899 39.0213 9.3657 23.0849 9.66001
101.999 38.9713 9.37896 23.0926 9.64675
102.099 38.9214 9.39221 23.1003 9.6335
102.199 38.8714 9.40546 23.108 9.62025
102.299 38.8214 9.41871 23.1156 9.60701
102.399 38.7714 9.43194 23.1231 9.59377
102.499 38.7214 9.44518 23.1306 9.58054
102.599 38.6714 9.45841 23.138 9.56731
102.699 38.6214 9.47163 23.1453 9.55409
102.799 38.5714 9.48485 23.1526 9.54087
102.899 38.5215 9.49806 23.1599 9.52766
102.999 38.4715 9.51127 23.167 9.51445
103.099 38.4215 9.52447 23.1741 9.50125
103.199 38.3715 9.53766 23.1812 9.48805
103.299 38.3215 9.55085 23.1882 9.47486
103.399 38.2715 9.56404 23.1951 9.46167
103.499 38.2215 9.57722 23.202 9.44849
103.599 38.1715 9.5904 23.2088 9.43532
103.699 38.1216 9.60356 23.2156 9.42215
103.799 38.0716 9.61673 23.2223 9.40899
103.899 38.0216 9.62989 23.2289 9.39583
103.999 37.9716 9.64304 23.2355 9.38268
104.099 37.9216 9.65618 23.242 9.36953
104.199 37.8716 9.66932 23.2484 9.35639
104.299 37.8216 9.68246 23.2548 9.34325
104.399 37.7717 9.69559 23.2611 9.33013
104.499 37.7217 9.70871 23.2674 9.317
104.599 37.6717 9.72183 23.2736 9.30389
104.699 37.6217 9.73494 23.2798 9.29077
104.799 37.5717 9.74805 23.2858 9.27767
104.899 37.5217 9.76114 23.2919 9.26457
104.999 37.4717 9.77424 23.2978 9.25148
105.099 37.4217 9.78732 23.3037 9.23839
105.199 37.3718 9.80041 23.3095 9.22531
105.299 37.3218 9.81348 23.3153 9.21223
105.399 37.2718 9.82655 23.321 9.19917
105.499 37.2218 9.83961 23.3267 9.1861
105.599 37.1718 9.85267 23.3322 9.17305
105.699 37.1218 9.86572 23.3378 9.16
105.799 37.0719 9.87876 23.3432 9.14695
105.899 37.0219 9.8918 23.3486 9.13392
105.999 36.9719 9.90483 23.3539 9.12089
106.099 36.9219 9.91785 23.3592 9.10786
106.199 36.8719 9.93087 23.3644 9.09485
106.299 36.8219 9.94388 23.3695 9.08184
106.399 36.7719 9.95688 23.3746 9.06883
106.499 36.722 9.96988 23.3796 9.05584
106.599 36.672 9.98287 23.3846 9.04285
106.699 36.622 9.99585 23.3894 9.02986
106.799 36.572 10.0088 23.3942 9.01689
106.899 36.522 10.0218 23.399 9.00392
106.999 36.472 10.0348 23.4037 8.99095
107.099 36.4221 10.0477 23.4083 8.978
107.199 36.3721 10.0607 23.4128 8.96505
107.299 36.3221 10.0736 23.4173 8.9521
107.399 36.2721 10.0865 23.4218 8.93917
107.499 36.2221 10.0995 23.4261 8.92624
107.599 36.1721 10.1124 23.4304 8.91332
107.699 36.1222 10.1253 23.4346 8.90041
107.799 36.0722 10.1382 23.4388 8.8875
107.899 36.0222 10.1511 23.4429 8.8746
107.999 35.9722 10.164 23.4469 8.86171
108.099 35.9222 10.1769 23.4508 8.84882
108.199 35.8722 10.1898 23.4547 8.83594
108.299 35.8223 10.2026 23.4585 8.82307
108.399 35.7723 10.2155 23.4623 8.81021
108.499 35.7223 10.2284 23.466 8.79736
108.599 35.6723 10.2412 23.4696 8.78451
108.699 35.6223 10.254 23.4732 8.77167
108.799 35.5723 10.2669 23.4766 8.75884
108.899 35.5224 10.2797 23.4801 8.74601
108.999 35.4724 10.2925 23.4834 8.73319
109.099 35.4224 10.3053 23.4867 8.72038
109.199 35.3724 10.3181 23.4899 8.70758
109.299 35.3224 10.3309 23.493 8.69479
109.399 35.2724 10.3437 23.4961 8.682
109.499 35.2225 10.3565 23.4991 8.66922
109.599 35.1725 10.3693 23.502 8.65645
109.699 35.1225 10.382 23.5049 8.64369
109.799 35.0725 10.3948 23.5077 8.63093
109.899 35.0225 10.4075 23.5104 8.61819
109.999 34.9726 10.4203 23.5131 8.60545
110.099 34.9226 10.433 23.5156 8.59272
110.199 34.8726 10.4457 23.5182 8.58
110.299 34.8226 10.4584 23.5206 8.56728
110.399 34.7726 10.4711 23.523 8.55458
110.499 34.7226 10.4838 23.5253 8.54188
110.599 34.6727 10.4965 23.5275 8.52919
110.699 34.6227 10.5092 23.5297 8.51651
110.799 34.5727 10.5219 23.5318 8.50383
110.899 34.5227 10.5345 23.5338 8.49117
110.999 34.4727 10.5472 23.5357 8.47851
111.099 34.4228 10.5598 23.5376 8.46587
111.199 34.3728 10.5725 23.5394 8.45323
111.299 34.3228 10.5851 23.5411 8.4406
111.399 34.2728 10.5977 23.5428 8.42798
111.499 34.2228 10.6104 23.5444 8.41536
111.599 34.1729 10.623 23.5459 8.40276
111.699 34.1229 10.6356 23.5473 8.39016
111.799 34.0729 10.6481 23.5487 8.37757
111.899 34.0229 10.6607 23.55 8.365
111.999 33.9729 10.6733 23.5512 8.35243
112.099 33.923 10.6858 23.5524 8.33987
112.199 33.873 10.6984 23.5534 8.32731
112.299 33.823 10.7109 23.5544 8.31477
112.399 33.773 10.7235 23.5553 8.30224
112.499 33.723 10.736 23.5562 8.28971
112.599 33.6731 10.7485 23.557 8.2772
112.699 33.6231 10.761 23.5577 8.26469
112.799 33.5731 10.7735 23.5583 8.25219
112.899 33.5231 10.786 23.5589 8.2397
112.999 33.4732 10.7985 23.5593 8.22723
113.099 33.4232 10.811 23.5597 8.21476
113.199 33.3732 10.8234 23.5601 8.20229
113.299 33.3232 10.8359 23.5603 8.18984
113.399 33.2732 10.8483 23.5605 8.1774
113.499 33.2233 10.8607 23.5606 8.16497
113.599 33.1733 10.8732 23.5606 8.15255
113.699 33.1233 10.8856 23.5606 8.14013
113.799 33.0733 10.898 23.5605 8.12773
113.899 33.0233 10.9104 23.5603 8.11533
113.999 32.9734 10.9228 23.56 8.10295
114.099 32.9234 10.9351 23.5596 8.09057
114.199 32.8734 10.9475 23.5592 8.07821
114.299 32.8234 10.9599 23.5587 8.06585
114.399 32.7735 10.9722 23.5581 8.0535
114.499 32.7235 10.9845 23.5574 8.04117
114.599 32.6735 10.9969 23.5567 8.02884
114.699 32.6235 11.0092 23.5559 8.01652
114.799 32.5735 11.0215 23.555 8.00422
114.899 32.5236 11.0338 23.554 7.99192
114.999 32.4736 11.0461 23.5529 7.97963
115.099 32.4236 11.0584 23.5518 7.96736
115.199 32.3736 11.0706 23.5506 7.95509
115.299 32.3237 11.0829 23.5493 7.94283
115.399 32.2737 11.0951 23.5479 7.93058
115.499 32.2237 11.1074 23.5464 7.91835
115.599 32.1737 11.1196 23.5449 7.90612
115.699 32.1238 11.1318 23.5433 7.8939
115.799 32.0738 11.144 23.5416 7.8817
115.899 32.0238 11.1562 23.5398 7.8695
115.999 31.9738 11.1684 23.538 7.85732
116.099 31.9238 11.1806 23.5361 7.84514
116.199 31.8739 11.1927 23.5341 7.83298
116.299 31.8239 11.2049 23.532 7.82082
116.399 31.7739 11.217 23.5298 7.80868
116.499 31.7239 11.2292 23.5275 7.79654
116.599 31.674 11.2413 23.5252 7.78442
116.699 31.624 11.2534 23.5228 7.77231
116.799 31.574 11.2655 23.5203 7.76021
116.899 31.524 11.2776 23.5177 7.74812
116.999 31.4741 11.2897 23.515 7.73604
117.099 31.4241 11.3017 23.5123 7.72397
117.199 31.3741 11.3138 23.5095 7.71191
117.299 31.3241 11.3259 23.5065 7.69986
117.399 31.2742 11.3379 23.5036 7.68782
117.499 31.2242 11.3499 23.5005 7.6758
117.599 31.1742 11.3619 23.4973 7.66378
117.699 31.1242 11.3739 23.4941 7.65178
117.799 31.0743 11.3859 23.4908 7.63978
117.899 31.0243 11.3979 23.4873 7.6278
117.999 30.9743 11.4099 23.4838 7.61583
118.099 30.9243 11.4218 23.4803 7.60387
118.199 30.8744 11.4338 23.4766 7.59192
118.299 30.8244 11.4457 23.4729 7.57998
118.399 30.7744 11.4577 23.469 7.56806
118.499 30.7244 11.4696 23.4651 7.55614
118.599 30.6745 11.4815 23.4611 7.54424
118.699 30.6245 11.4934 23.457 7.53235
118.799 30.5745 11.5052 23.4529 7.52046
118.899 30.5245 11.5171 23.4486 7.50859
118.999 30.4746 11.529 23.4442 7.49674
119.099 30.4246 11.5408 23.4398 7.48489
119.199 30.3746 11.5527 23.4353 7.47305
119.299 30.3246 11.5645 23.4307 7.46123
119.399 30.2747 11.5763 23.426 7.44942
119.499 30.2247 11.5881 23.4212 7.43762
119.599 30.1747 11.5999 23.4164 7.42583
119.699 30.1247 11.6117 23.4114 7.41405
119.799 30.0748 11.6234 23.4064 7.40228
119.899 30.0248 11.6352 23.4013 7.39053
119.999 29.9748 11.6469 23.3961 7.37879
120.099 29.9249 11.6587 23.3908 7.36706
120.199 29.8749 11.6704 23.3854 7.35534
120.299 29.8249 11.6821 23.3799 7.34363
120.399 29.7749 11.6938 23.3743 7.33194
120.499 29.725 11.7055 23.3687 7.32025
120.599 29.675 11.7171 23.3629 7.30858
120.699 29.625 11.7288 23.3571 7.29692
120.799 29.575 11.7404 23.3512 7.28528
120.899 29.5251 11.7521 23.3452 7.27364
120.999 29.4751 11.7637 23.3391 7.26202
121.099 29.4251 11.7753 23.3329 7.25041
121.199 29.3752 11.7869 23.3266 7.23881
121.299 29.3252 11.7985 23.3202 7.22723
121.399 29.2752 11.8101 23.3138 7.21565
121.499 29.2252 11.8216 23.3072 7.20409
121.599 29.1753 11.8332 23.3006 7.19254
121.699 29.1253 11.8447 23.2939 7.18101
121.799 29.0753 11.8562 23.287 7.16948
121.899 29.0254 11.8677 23.2801 7.15797
121.999 28.9754 11.8792 23.2731 7.14647
122.099 28.9254 11.8907 23.266 7.13499
122.199 28.8754 11.9022 23.2588 7.12351
122.299 28.8255 11.9137 23.2515 7.11205
122.399 28.7755 11.9251 23.2442 7.1006
122.499 28.7255 11.9365 23.2367 7.08917
122.599 28.6756 11.948 23.2291 7.07774
122.699 28.6256 11.9594 23.2215 7.06633
122.799 28.5756 11.9708 23.2137 7.05494
122.899 28.5256 11.9822 23.2059 7.04355
122.999 28.4757 11.9935 23.198 7.03218
123.099 28.4257 12.0049 23.19 7.02082
123.199 28.3757 12.0162 23.1818 7.00947
123.299 28.3258 12.0276 23.1736 6.99814
123.399 28.2758 12.0389 23.1653 6.98682
123.499 28.2258 12.0502 23.1569 6.97551
123.599 28.1758 12.0615 23.1484 6.96422
123.699 28.1259 12.0728 23.1398 6.95294
123.799 28.0759 12.084 23.1311 6.94167
123.899 28.0259 12.0953 23.1224 6.93041
123.999 27.976 12.1065 23.1135 6.91917
124.099 27.926 12.1178 23.1045 6.90794
124.199 27.876 12.129 23.0954 6.89673
124.299 27.8261 12.1402 23.0863 6.88553
124.399 27.7761 12.1514 23.077 6.87434
124.499 27.7261 12.1626 23.0676 6.86316
124.599 27.6761 12.1737 23.0582 6.852
124.699 27.6262 12.1849 23.0486 6.84085
124.799 27.5762 12.196 23.039 6.82972
124.899 27.5262 12.2071 23.0292 6.8186
124.999 27.4763 12.2182 23.0194 6.80749
125.099 27.4263 12.2293 23.0095 6.79639
125.199 27.3763 12.2404 22.9994 6.78531
125.299 27.3264 12.2515 22.9893 6.77425
125.399 27.2764 12.2625 22.9791 6.76319
125.499 27.2264 12.2736 22.9687 6.75215
125.599 27.1764 12.2846 22.9583 6.74113
125.699 27.1265 12.2956 22.9478 6.73011
125.799 27.0765 12.3066 22.9371 6.71912
125.899 27.0265 12.3176 22.9264 6.70813
125.999 26.9766 12.3286 22.9156 6.69716
126.099 26.9266 12.3395 22.9046 6.6862
126.199 26.8766 12.3505 22.8936 6.67526
126.299 26.8267 12.3614 22.8825 6.66433
126.399 26.7767 12.3723 22.8713 6.65342
126.499 26.7267 12.3832 22.8599 6.64252
126.599 26.6768 12.3941 22.8485 6.63163
126.699 26.6268 12.405 22.837 6.62076
126.799 26.5768 12.4158 22.8253 6.6099
126.899 26.5269 12.4267 22.8136 6.59905
126.999 26.4769 12.4375 22.8018 6.58822
127.099 26.4269 12.4483 22.7898 6.57741
127.199 26.377 12.4591 22.7778 6.56661
127.299 26.327 12.4699 22.7657 6.55582
127.399 26.277 12.4807 22.7534 6.54504
127.499 26.2271 12.4914 22.7411 6.53429
127.599 26.1771 12.5022 22.7286 6.52354
127.699 26.1271 12.5129 22.7161 6.51281
127.799 26.0771 12.5236 22.7034 6.5021
127.899 26.0272 12.5343 22.6907 6.4914
127.999 25.9772 12.545 22.6778 6.48071
128.099 25.9272 12.5557 22.6648 6.47004
128.199 25.8773 12.5663 22.6518 6.45938
128.299 25.8273 12.577 22.6386 6.44874
128.399 25.7773 12.5876 22.6253 6.43811
128.499 25.7274 12.5982 22.6119 6.42749
128.599 25.6774 12.6088 22.5984 6.41689
128.699 25.6274 12.6194 22.5849 6.40631
128.799 25.5775 12.63 22.5712 6.39574
128.899 25.5275 12.6405 22.5574 6.38518
128.999 25.4775 12.6511 22.5435 6.37464
129.099 25.4275 12.6616 22.5294 6.36412
129.199 25.3776 12.6721 22.5153 6.35361
129.299 25.3276 12.6826 22.5011 6.34311
129.399 25.2776 12.6931 22.4868 6.33263
129.499 25.2277 12.7035 22.4723 6.32217
129.599 25.1777 12.714 22.4578 6.31172
129.699 25.1277 12.7244 22.4431 6.30128
129.799 25.0778 12.7349 22.4284 6.29086
129.899 25.0278 12.7453 22.4135 6.28046
129.999 24.9778 12.7556 22.3985 6.27007
130.099 24.9278 12.766 22.3835 6.25969
130.199 24.8779 12.7764 22.3683 6.24933
130.299 24.8279 12.7867 22.353 6.23899
130.399 24.7779 12.7971 22.3376 6.22866
130.499 24.728 12.8074 22.3221 6.21835
130.599 24.678 12.8177 22.3064 6.20805
130.699 24.628 12.8279 22.2907 6.19776
130.799 24.5781 12.8382 22.2749 6.1875
130.899 24.5281 12.8485 22.2589 6.17725
130.999 24.4781 12.8587 22.2429 6.16701
131.099 24.4282 12.8689 22.2267 6.15679
131.199 24.3782 12.8791 22.2104 6.14658
131.299 24.3282 12.8893 22.194 6.13639
131.399 24.2782 12.8995 22.1775 6.12622
131.499 24.2283 12.9097 22.1609 6.11606
131.599 24.1783 12.9198 22.1442 6.10592
131.699 24.1283 12.9299 22.1274 6.09579
131.799 24.0784 12.94 22.1104 6.08568
131.899 24.0284 12.9501 22.0934 6.07558
131.999 23.9784 12.9602 22.0762 6.0655
132.099 23.9285 12.9703 22.0589 6.05544
132.199 23.8785 12.9803 22.0416 6.04539
132.299 23.8285 12.9904 22.0241 6.03536
132.399 23.7786 13.0004 22.0064 6.02534
132.499 23.7286 13.0104 21.9887 6.01534
132.599 23.6786 13.0204 21.9709 6.00536
132.699 23.6287 13.0303 21.9529 5.99539
132.799 23.5787 13.0403 21.9349 5.98544
132.899 23.5287 13.0502 21.9167 5.9755
132.999 23.4788 13.0601 21.8984 5.96558
133.099 23.4288 13.07 21.88 5.95568
133.199 23.3788 13.0799 21.8615 5.94579
133.299 23.3289 13.0898 21.8429 5.93592
133.399 23.2789 13.0997 21.8241 5.92606
133.499 23.2289 13.1095 21.8053 5.91622
133.599 23.179 13.1193 21.7863 5.9064
133.699 23.129 13.1291 21.7672 5.89659
133.799 23.079 13.1389 21.748 5.8868
133.899 23.029 13.1487 21.7287 5.87703
133.999 22.9791 13.1584 21.7093 5.86727
134.099 22.9291 13.1682 21.6897 5.85753
134.199 22.8791 13.1779 21.67 5.84781
134.299 22.8292 13.1876 21.6503 5.8381
134.399 22.7792 13.1973 21.6304 5.82841
134.499 22.7292 13.207 21.6104 5.81873
134.599 22.6793 13.2166 21.5902 5.80907
134.699 22.6293 13.2263 21.57 5.79943
134.799 22.5793 13.2359 21.5496 5.78981
134.899 22.5294 13.2455 21.5291 5.7802
134.999 22.4794 13.2551 21.5085 5.77061
135.099 22.4295 13.2647 21.4878 5.76103
135.199 22.3795 13.2742 21.467 5.75147
135.299 22.3295 13.2838 21.4461 5.74193
135.399 22.2796 13.2933 21.425 5.73241
135.499 22.2296 13.3028 21.4038 5.7229
135.599 22.1796 13.3123 21.3825 5.71341
135.699 22.1297 13.3218 21.3611 5.70393
135.799 22.0797 13.3312 21.3395 5.69448
135.899 22.0297 13.3407 21.3179 5.68504
135.999 21.9798 13.3501 21.2961 5.67561
136.099 21.9298 13.3595 21.2742 5.66621
136.199 21.8798 13.3689 21.2522 5.65682
136.299 21.8299 13.3783 21.2301 5.64745
136.399 21.7799 13.3876 21.2078 5.63809
136.499 21.7299 13.397 21.1854 5.62875
136.599 21.68 13.4063 21.1629 5.61943
136.699 21.63 13.4156 21.1403 5.61013
136.799 21.58 13.4249 21.1176 5.60084
136.899 21.5301 13.4341 21.0947 5.59157
136.999 21.4801 13.4434 21.0717 5.58232
137.099 21.4301 13.4526 21.0486 5.57309
137.199 21.3802 13.4618 21.0254 5.56387
137.299 21.3302 13.471 21.0021 5.55467
137.399 21.2802 13.4802 20.9786 5.54549
137.499 21.2303 13.4894 20.955 5.53632
137.599 21.1803 13.4985 20.9313 5.52718
137.699 21.1304 13.5077 20.9075 5.51804
137.799 21.0804 13.5168 20.8836 5.50893
137.899 21.0304 13.5259 20.8595 5.49984
137.999 20.9805 13.535 20.8353 5.49076
138.099 20.9305 13.544 20.811 5.4817
138.199 20.8805 13.5531 20.7865 5.47266
138.299 20.8306 13.5621 20.762 5.46363
138.399 20.7806 13.5711 20.7373 5.45463
138.499 20.7306 13.5801 20.7125 5.44564
138.599 20.6807 13.589 20.6875 5.43666
138.699 20.6307 13.598 20.6625 5.42771
138.799 20.5807 13.6069 20.6373 5.41877
138.899 20.5308 13.6159 20.612 5.40986
138.999 20.4808 13.6248 20.5866 5.40096
139.099 20.4309 13.6336 20.561 5.39207
139.199 20.3809 13.6425 20.5353 5.38321
139.299 20.3309 13.6514 20.5095 5.37436
139.399 20.281 13.6602 20.4836 5.36553
139.499 20.231 13.669 20.4576 5.35672
139.599 20.181 13.6778 20.4314 5.34793
139.699 20.1311 13.6866 20.4051 5.33915
139.799 20.0811 13.6953 20.3787 5.3304
139.899 20.0311 13.7041 20.3521 5.32166
139.999 19.9812 13.7128 20.3254 5.31294
140.099 19.9312 13.7215 20.2986 5.30423
140.199 19.8813 13.7302 20.2717 5.29555
140.299 19.8313 13.7388 20.2446 5.28688
140.399 19.7813 13.7475 20.2175 5.27824
140.499 19.7314 13.7561 20.1901 5.26961
140.599 19.6814 13.7647 20.1627 5.26099
140.699 19.6314 13.7733 20.1351 5.2524
140.799 19.5815 13.7819 20.1075 5.24383
140.899 19.5315 13.7904 20.0796 5.23527
140.999 19.4816 13.799 20.0517 5.22673
141.099 19.4316 13.8075 20.0236 5.21821
141.199 19.3816 13.816 19.9954 5.20971
141.299 19.3317 13.8245 19.9671 5.20123
141.399 19.2817 13.833 19.9387 5.19276
141.499 19.2317 13.8414 19.9101 5.18432
141.599 19.1818 13.8498 19.8814 5.17589
141.699 19.1318 13.8582 19.8525 5.16748
141.799 19.0819 13.8666 19.8236 5.15909
141.899 19.0319 13.875 19.7945 5.15072
141.999 18.9819 13.8834 19.7652 5.14236
142.099 18.932 13.8917 19.7359 5.13403
142.199 18.882 13.9 19.7064 5.12571
142.299 18.832 13.9083 19.6768 5.11741
142.399 18.7821 13.9166 19.6471 5.10914
142.499 18.7321 13.9248 19.6172 5.10088
142.6 18.6822 13.9331 19.5872 5.09263
142.7 18.6322 13.9413 19.5571 5.08441
142.8 18.5822 13.9495 19.5268 5.07621
142.9 18.5323 13.9577 19.4964 5.06802
143 18.4823 13.9659 19.4659 5.05986
143.1 18.4323 13.974 19.4353 5.05171
143.2 18.3824 13.9821 19.4045 5.04358
143.3 18.3324 13.9902 19.3736 5.03547
143.4 18.2825 13.9983 19.3426 5.02738
143.5 18.2325 14.0064 19.3114 5.01931
143.6 18.1825 14.0145 19.2801 5.01126
143.7 18.1326 14.0225 19.2487 5.00323
143.8 18.0826 14.0305 19.2171 4.99521
143.9 18.0327 14.0385 19.1854 4.98722
144 17.9827 14.0465 19.1536 4.97924
144.1 17.9327 14.0544 19.1217 4.97129
144.2 17.8828 14.0624 19.0896 4.96335
144.3 17.8328 14.0703 19.0574 4.95543
144.4 17.7829 14.0782 19.025 4.94753
144.5 17.7329 14.0861 18.9925 4.93965
144.6 17.6829 14.0939 18.9599 4.93179
144.7 17.633 14.1018 18.9272 4.92395
144.8 17.583 14.1096 18.8943 4.91613
144.9 17.5331 14.1174 18.8613 4.90833
145 17.4831 14.1252 18.8282 4.90054
145.1 17.4331 14.1329 18.7949 4.89278
145.2 17.3832 14.1407 18.7615 4.88503
145.3 17.3332 14.1484 18.728 4.87731
145.4 17.2832 14.1561 18.6943 4.8696
145.5 17.2333 14.1638 18.6605 4.86192
145.6 17.1833 14.1715 18.6266 4.85425
145.7 17.1334 14.1791 18.5926 4.8466
145.8 17.0834 14.1867 18.5584 4.83897
145.9 17.0334 14.1943 18.524 4.83137
146 16.9835 14.2019 18.4896 4.82378
146.1 16.9335 14.2095 18.455 4.81621
146.2 16.8836 14.2171 18.4203 4.80866
146.3 16.8336 14.2246 18.3854 4.80113
146.4 16.7836 14.2321 18.3504 4.79362
146.5 16.7337 14.2396 18.3153 4.78613
146.6 16.6837 14.2471 18.2801 4.77866
146.7 16.6338 14.2545 18.2447 4.77121
146.8 16.5838 14.2619 18.2091 4.76378
146.9 16.5339 14.2693 18.1735 4.75637
147 16.4839 14.2767 18.1377 4.74898
147.1 16.4339 14.2841 18.1018 4.7416
147.2 16.384 14.2915 18.0657 4.73425
147.3 16.334 14.2988 18.0295 4.72692
147.4 16.2841 14.3061 17.9932 4.71961
147.5 16.2341 14.3134 17.9568 4.71232
147.6 16.1841 14.3207 17.9202 4.70505
147.7 16.1342 14.3279 17.8834 4.69779
147.8 16.0842 14.3352 17.8466 4.69056
147.9 16.0343 14.3424 17.8096 4.68335
148 15.9843 14.3496 17.7725 4.67616
148.1 15.9343 14.3567 17.7352 4.66899
148.2 15.8844 14.3639 17.6978 4.66183
148.3 15.8344 14.371 17.6603 4.6547
148.4 15.7845 14.3781 17.6226 4.64759
148.5 15.7345 14.3852 17.5848 4.6405
148.6 15.6845 14.3923 17.5469 4.63343
148.7 15.6346 14.3993 17.5088 4.62638
148.8 15.5846 14.4064 17.4706 4.61935
148.9 15.5347 14.4134 17.4323 4.61233
149 15.4847 14.4204 17.3938 4.60534
149.1 15.4348 14.4273 17.3552 4.59837
149.2 15.3848 14.4343 17.3165 4.59142
149.3 15.3348 14.4412 17.2776 4.5845
149.4 15.2849 14.4481 17.2386 4.57759
149.5 15.2349 14.455 17.1995 4.5707
149.6 15.185 14.4619 17.1602 4.56383
149.7 15.135 14.4687 17.1208 4.55698
149.8 15.085 14.4756 17.0813 4.55015
149.9 15.0351 14.4824 17.0416 4.54335
150 14.9851 14.4892 17.0018 4.53656
150.1 14.9352 14.4959 16.9619 4.52979
150.2 14.8852 14.5027 16.9218 4.52305
150.3 14.8353 14.5094 16.8816 4.51632
150.4 14.7853 14.5161 16.8412 4.50962
150.5 14.7353 14.5228 16.8007 4.50293
150.6 14.6854 14.5294 16.7601 4.49627
150.7 14.6354 14.5361 16.7194 4.48963
150.8 14.5855 14.5427 16.6785 4.48301
150.9 14.5355 14.5493 16.6375 4.4764
151 14.4856 14.5559 16.5963 4.46982
151.1 14.4356 14.5625 16.555 4.46326
151.2 14.3856 14.569 16.5136 4.45672
151.3 14.3357 14.5755 16.4721 4.4502
151.4 14.2857 14.582 16.4304 4.44371
151.5 14.2358 14.5885 16.3886 4.43723
151.6 14.1858 14.5949 16.3466 4.43077
151.7 14.1358 14.6014 16.3045 4.42434
151.8 14.0859 14.6078 16.2623 4.41792
151.9 14.0359 14.6142 16.2199 4.41153
152 13.986 14.6206 16.1775 4.40516
152.1 13.936 14.6269 16.1348 4.3988
152.2 13.8861 14.6332 16.0921 4.39247
152.3 13.8361 14.6396 16.0492 4.38616
152.4 13.7861 14.6458 16.0062 4.37987
152.5 13.7362 14.6521 15.963 4.3736
152.6 13.6862 14.6584 15.9197 4.36736
152.7 13.6363 14.6646 15.8763 4.36113
152.8 13.5863 14.6708 15.8327 4.35492
152.9 13.5364 14.677 15.789 4.34874
153 13.4864 14.6831 15.7452 4.34258
153.1 13.4365 14.6893 15.7013 4.33643
153.2 13.3865 14.6954 15.6572 4.33031
153.3 13.3365 14.7015 15.6129 4.32421
153.4 13.2866 14.7076 15.5686 4.31813
153.5 13.2366 14.7136 15.5241 4.31208
153.6 13.1867 14.7197 15.4795 4.30604
153.7 13.1367 14.7257 15.4347 4.30002
153.8 13.0868 14.7317 15.3898 4.29403
153.9 13.0368 14.7377 15.3448 4.28806
154 12.9868 14.7436 15.2997 4.28211
154.1 12.9369 14.7495 15.2544 4.27617
154.2 12.8869 14.7554 15.209 4.27027
154.3 12.837 14.7613 15.1634 4.26438
154.4 12.787 14.7672 15.1177 4.25851
154.5 12.7371 14.773 15.0719 4.25267
154.6 12.6871 14.7789 15.026 4.24684
154.7 12.6372 14.7847 14.9799 4.24104
154.8 12.5872 14.7905 14.9337 4.23526
154.9 12.5372 14.7962 14.8874 4.2295
155 12.4873 14.802 14.8409 4.22376
155.1 12.4373 14.8077 14.7943 4.21804
155.2 12.3874 14.8134 14.7476 4.21235
155.3 12.3374 14.819 14.7007 4.20667
155.4 12.2875 14.8247 14.6537 4.20102
155.5 12.2375 14.8303 14.6066 4.19539
155.6 12.1875 14.8359 14.5594 4.18978
155.7 12.1376 14.8415 14.512 4.18419
155.8 12.0876 14.8471 14.4645 4.17863
155.9 12.0377 14.8526 14.4168 4.17308
156 11.9877 14.8582 14.3691 4.16756
156.1 11.9378 14.8637 14.3212 4.16206
156.2 11.8878 14.8691 14.2731 4.15658
156.3 11.8379 14.8746 14.225 4.15112
156.4 11.7879 14.88 14.1767 4.14568
156.5 11.7379 14.8854 14.1283 4.14027
156.6 11.688 14.8908 14.0797 4.13487
156.7 11.638 14.8962 14.0311 4.1295
156.8 11.5881 14.9016 13.9823 4.12415
156.9 11.5381 14.9069 13.9333 4.11883
157 11.4882 14.9122 13.8843 4.11352
157.1 11.4382 14.9175 13.8351 4.10823
157.2 11.3883 14.9227 13.7858 4.10297
157.3 11.3383 14.928 13.7363 4.09773
157.4 11.2884 14.9332 13.6868 4.09251
157.5 11.2384 14.9384 13.6371 4.08731
157.6 11.1884 14.9436 13.5873 4.08214
157.7 11.1385 14.9487 13.5373 4.07699
157.8 11.0885 14.9539 13.4873 4.07185
157.9 11.0386 14.959 13.4371 4.06674
158 10.9886 14.9641 13.3867 4.06166
158.1 10.9387 14.9691 13.3363 4.05659
158.2 10.8887 14.9742 13.2857 4.05155
158.3 10.8388 14.9792 13.235 4.04652
158.4 10.7888 14.9842 13.1842 4.04152
158.5 10.7388 14.9892 13.1332 4.03655
158.6 10.6889 14.9941 13.0822 4.03159
158.7 10.6389 14.9991 13.031 4.02666
158.8 10.589 15.004 12.9797 4.02174
158.9 10.539 15.0089 12.9282 4.01685
159.001 10.4891 15.0137 12.8767 4.01199
159.101 10.4391 15.0186 12.825 4.00714
159.201 10.3892 15.0234 12.7731 4.00232
159.301 10.3392 15.0282 12.7212 3.99752
159.401 10.2893 15.033 12.6692 3.99274
159.501 10.2393 15.0377 12.617 3.98798
159.601 10.1893 15.0425 12.5647 3.98324
159.701 10.1394 15.0472 12.5123 3.97853
159.801 10.0894 15.0519 12.4597 3.97384
159.901 10.0395 15.0565 12.407 3.96917
160.001 9.98953 15.0612 12.3543 3.96453
160.101 9.93958 15.0658 12.3014 3.9599
160.201 9.88962 15.0704 12.2483 3.9553
160.301 9.83967 15.075 12.1952 3.95072
160.401 9.78971 15.0796 12.1419 3.94616
160.501 9.73976 15.0841 12.0885 3.94163
160.601 9.68981 15.0886 12.035 3.93711
160.701 9.63985 15.0931 11.9814 3.93262
160.801 9.5899 15.0976 11.9277 3.92816
160.901 9.53994 15.102 11.8738 3.92371
161.001 9.48999 15.1064 11.8198 3.91929
161.101 9.44004 15.1108 11.7658 3.91489
161.201 9.39008 15.1152 11.7115 3.91051
161.301 9.34013 15.1196 11.6572 3.90615
161.401 9.29018 15.1239 11.6028 3.90182
161.501 9.24022 15.1282 11.5482 3.89751
161.601 9.19027 15.1325 11.4936 3.89322
161.701 9.14031 15.1368 11.4388 3.88895
161.801 9.09036 15.141 11.3839 3.88471
161.901 9.04041 15.1452 11.3289 3.88048
162.001 8.99045 15.1494 11.2737 3.87629
162.101 8.9405 15.1536 11.2185 3.87211
162.201 8.89055 15.1578 11.1631 3.86795
162.301 8.84059 15.1619 11.1077 3.86382
162.401 8.79064 15.166 11.0521 3.85971
162.501 8.74069 15.1701 10.9964 3.85563
162.601 8.69073 15.1742 10.9406 3.85156
162.701 8.64078 15.1782 10.8847 3.84752
162.801 8.59083 15.1822 10.8286 3.8435
162.901 8.54087 15.1862 10.7725 3.83951
163.001 8.49092 15.1902 10.7162 3.83553
163.101 8.44097 15.1941 10.6599 3.83158
163.201 8.39101 15.1981 10.6034 3.82765
163.301 8.34106 15.202 10.5468 3.82375
163.401 8.29111 15.2058 10.4901 3.81987
163.501 8.24115 15.2097 10.4334 3.816
163.601 8.1912 15.2135 10.3764 3.81217
163.701 8.14125 15.2174 10.3194 3.80835
163.801 8.09129 15.2212 10.2623 3.80456
163.901 8.04134 15.2249 10.2051 3.80079
164.001 7.99139 15.2287 10.1478 3.79704
164.101 7.94143 15.2324 10.0903 3.79332
164.201 7.89148 15.2361 10.0328 3.78962
164.301 7.84153 15.2398 9.97515 3.78594
164.401 7.79157 15.2434 9.9174 3.78228
164.501 7.74162 15.2471 9.85955 3.77865
164.601 7.69167 15.2507 9.80159 3.77504
164.701 7.64172 15.2543 9.74353 3.77145
164.801 7.59176 15.2578 9.68537 3.76789
164.901 7.54181 15.2614 9.62711 3.76435
165.001 7.49186 15.2649 9.56874 3.76083
165.101 7.4419 15.2684 9.51028 3.75733
165.201 7.39195 15.2719 9.45171 3.75386
165.301 7.342 15.2753 9.39304 3.75041
165.401 7.29205 15.2787 9.33427 3.74698
165.501 7.24209 15.2821 9.27541 3.74358
165.601 7.19214 15.2855 9.21644 3.74019
165.701 7.14219 15.2889 9.15738 3.73684
165.801 7.09223 15.2922 9.09822 3.7335
165.901 7.04228 15.2955 9.03896 3.73019
166.001 6.99233 15.2988 8.9796 3.7269
166.101 6.94238 15.3021 8.92015 3.72363
166.201 6.89242 15.3053 8.86061 3.72039
166.301 6.84247 15.3086 8.80096 3.71716
166.401 6.79252 15.3117 8.74123 3.71397
166.501 6.74257 15.3149 8.6814 3.71079
166.601 6.69261 15.3181 8.62147 3.70764
166.701 6.64266 15.3212 8.56145 3.70451
166.801 6.59271 15.3243 8.50134 3.7014
166.901 6.54276 15.3274 8.44114 3.69832
167.001 6.4928 15.3305 8.38084 3.69526
167.101 6.44285 15.3335 8.32046 3.69222
167.201 6.3929 15.3365 8.25998 3.68921
167.301 6.34295 15.3395 8.19942 3.68622
167.401 6.293 15.3425 8.13876 3.68325
167.501 6.24304 15.3454 8.07802 3.68031
167.601 6.19309 15.3483 8.01718 3.67738
167.701 6.14314 15.3512 7.95626 3.67449
167.801 6.09319 15.3541 7.89526 3.67161
167.901 6.04323 15.357 7.83416 3.66876
168.001 5.99328 15.3598 7.77298 3.66593
168.101 5.94333 15.3626 7.71172 3.66312
168.201 5.89338 15.3654 7.65037 3.66034
168.301 5.84343 15.3681 7.58893 3.65758
168.401 5.79347 15.3709 7.52741 3.65484
168.501 5.74352 15.3736 7.46581 3.65213
168.601 5.69357 15.3763 7.40413 3.64944
168.701 5.64362 15.3789 7.34236 3.64677
168.801 5.59366 15.3816 7.28051 3.64413
168.901 5.54371 15.3842 7.21858 3.64151
169.001 5.49376 15.3868 7.15657 3.63891
169.101 5.44381 15.3894 7.09448 3.63634
169.201 5.39386 15.3919 7.03232 3.63379
169.301 5.3439 15.3945 6.97007 3.63126
169.401 5.29395 15.397 6.90775 3.62876
169.501 5.244 15.3994 6.84535 3.62627
169.601 5.19405 15.4019 6.78287 3.62382
169.701 5.1441 15.4043 6.72031 3.62138
169.801 5.09414 15.4067 6.65769 3.61897
169.901 5.04419 15.4091 6.59498 3.61658
170.001 4.99424 15.4115 6.5322 3.61422
170.101 4.94429 15.4138 6.46935 3.61188
170.201 4.89434 15.4162 6.40643 3.60956
170.301 4.84439 15.4185 6.34343 3.60726
170.401 4.79443 15.4207 6.28037 3.60499
170.501 4.74448 15.423 6.21723 3.60274
170.601 4.69453 15.4252 6.15402 3.60052
170.701 4.64458 15.4274 6.09074 3.59832
170.801 4.59463 15.4296 6.02739 3.59614
170.901 4.54468 15.4317 5.96398 3.59398
171.001 4.49472 15.4339 5.90049 3.59185
171.101 4.44477 15.436 5.83694 3.58974
171.201 4.39482 15.4381 5.77332 3.58766
171.301 4.34487 15.4401 5.70964 3.5856
171.401 4.29492 15.4422 5.64589 3.58356
171.501 4.24497 15.4442 5.58208 3.58154
171.601 4.19501 15.4462 5.51821 3.57955
171.701 4.14506 15.4481 5.45427 3.57759
171.801 4.09511 15.4501 5.39027 3.57564
171.901 4.04516 15.452 5.3262 3.57372
172.001 3.99521 15.4539 5.26208 3.57182
172.101 3.94526 15.4558 5.1979 3.56995
172.201 3.8953 15.4576 5.13365 3.5681
172.301 3.84535 15.4594 5.06935 3.56627
172.401 3.7954 15.4612 5.00499 3.56447
172.501 3.74545 15.463 4.94057 3.56269
172.601 3.6955 15.4648 4.8761 3.56093
172.701 3.64555 15.4665 4.81157 3.5592
172.801 3.59559 15.4682 4.74698 3.55749
172.901 3.54564 15.4699 4.68234 3.5558
173.001 3.49569 15.4716 4.61764 3.55414
173.101 3.44574 15.4732 4.5529 3.5525
173.201 3.39579 15.4748 4.4881 3.55088
173.301 3.34584 15.4764 4.42324 3.54929
173.401 3.29589 15.478 4.35834 3.54772
173.501 3.24593 15.4795 4.29338 3.54617
173.601 3.19598 15.4811 4.22838 3.54465
173.701 3.14603 15.4826 4.16333 3.54315
173.801 3.09608 15.484 4.09822 3.54168
173.901 3.04613 15.4855 4.03307 3.54023
174.001 2.99618 15.4869 3.96788 3.5388
174.101 2.94623 15.4883 3.90264 3.53739
174.201 2.89628 15.4897 3.83735 3.53601
174.301 2.84632 15.4911 3.77202 3.53465
174.401 2.79637 15.4924 3.70664 3.53332
174.501 2.74642 15.4937 3.64122 3.53201
174.601 2.69647 15.495 3.57576 3.53072
174.701 2.64652 15.4963 3.51026 3.52946
174.801 2.59657 15.4975 3.44471 3.52822
174.901 2.54662 15.4987 3.37913 3.527
175.001 2.49666 15.4999 3.3135 3.52581
175.101 2.44671 15.5011 3.24784 3.52464
175.201 2.39676 15.5022 3.18214 3.5235
175.301 2.34681 15.5033 3.1164 3.52237
175.402 2.29686 15.5044 3.05063 3.52128
175.502 2.24691 15.5055 2.98482 3.5202
175.602 2.19696 15.5066 2.91897 3.51915
175.702 2.14701 15.5076 2.85309 3.51812
175.802 2.09706 15.5086 2.78718 3.51712
175.902 2.0471 15.5096 2.72123 3.51614
176.002 1.99715 15.5105 2.65525 3.51518
176.102 1.9472 15.5115 2.58925 3.51425
176.202 1.89725 15.5124 2.52321 3.51334
176.302 1.8473 15.5133 2.45714 3.51245
176.402 1.79735 15.5141 2.39104 3.51159
176.502 1.7474 15.515 2.32491 3.51075
176.602 1.69745 15.5158 2.25876 3.50994
176.702 1.64749 15.5166 2.19258 3.50914
176.802 1.59754 15.5173 2.12637 3.50838
176.902 1.54759 15.5181 2.06014 3.50763
177.002 1.49764 15.5188 1.99389 3.50691
177.102 1.44769 15.5195 1.92761 3.50621
177.202 1.39774 15.5202 1.86131 3.50554
177.302 1.34779 15.5208 1.79499 3.50489
177.402 1.29784 15.5214 1.72864 3.50426
177.502 1.24789 15.5221 1.66228 3.50366
177.602 1.19793 15.5226 1.59589 3.50308
177.702 1.14798 15.5232 1.52949 3.50253
177.802 1.09803 15.5237 1.46307 3.502
177.902 1.04808 15.5242 1.39663 3.50149
178.002 0.99813 15.5247 1.33017 3.501
178.102 0.948179 15.5252 1.2637 3.50054
178.202 0.898228 15.5256 1.19722 3.50011
178.302 0.848277 15.526 1.13072 3.49969
178.402 0.798326 15.5264 1.0642 3.4993
178.502 0.748374 15.5268 0.997677 3.49894
178.602 0.698423 15.5271 0.931139 3.49859
178.702 0.648472 15.5274 0.86459 3.49827
178.802 0.598521 15.5277 0.798031 3.49798
178.902 0.54857 15.528 0.731462 3.49771
179.002 0.498619 15.5283 0.664885 3.49746
179.102 0.448668 15.5285 0.5983 3.49724
179.202 0.398717 15.5287 0.531708 3.49704
179.302 0.348766 15.5289 0.46511 3.49686
179.402 0.298815 15.529 0.398506 3.4967
179.502 0.248864 15.5291 0.331897 3.49658
179.602 0.198913 15.5292 0.265285 3.49647
179.702 0.148962 15.5293 0.198669 3.49639
179.802 0.0990105 15.5294 0.132051 3.49633
179.902 0.0490595 15.5294 0.0654312 3.49629
