0 179.909 0 0 19.0257
0.1 89.95 1.4371e-05 0.0544844 19.0257
0.2 89.9 5.74841e-05 0.108969 19.0257
0.3 89.8499 0.000129339 0.163453 19.0256
0.4 89.7999 0.000229936 0.217938 19.0255
0.5 89.7499 0.000359274 0.272422 19.0254
0.6 89.6999 0.000517353 0.326906 19.0252
0.7 89.6499 0.000704173 0.381391 19.025
0.8 89.5998 0.000919732 0.435876 19.0248
0.9 89.5498 0.00116403 0.49036 19.0246
1 89.4998 0.00143707 0.544845 19.0243
1.1 89.4498 0.00173884 0.59933 19.024
1.2 89.3997 0.00206936 0.653815 19.0236
1.3 89.3497 0.0024286 0.708299 19.0233
1.4 89.2997 0.00281659 0.762784 19.0229
1.5 89.2497 0.0032333 0.81727 19.0225
1.6 89.1997 0.00367875 0.871755 19.022
1.7 89.1496 0.00415293 0.92624 19.0216
1.8 89.0996 0.00465584 0.980726 19.0211
1.9 89.0496 0.00518747 1.03521 19.0205
2 88.9996 0.00574784 1.0897 19.02
2.1 88.9496 0.00633692 1.14418 19.0194
2.2 88.8995 0.00695473 1.19867 19.0188
2.3 88.8495 0.00760126 1.25315 19.0181
2.4 88.7995 0.00827651 1.30764 19.0174
2.5 88.7495 0.00898048 1.36213 19.0167
2.6 88.6995 0.00971316 1.41661 19.016
2.7 88.6494 0.0104746 1.4711 19.0152
2.8 88.5994 0.0112647 1.52559 19.0144
2.9 88.5494 0.0120835 1.58007 19.0136
3 88.4994 0.012931 1.63456 19.0128
3.1 88.4493 0.0138072 1.68905 19.0119
3.2 88.3993 0.0147121 1.74354 19.011
3.3 88.3493 0.0156457 1.79802 19.0101
3.4 88.2993 0.016608 1.85251 19.0091
3.5 88.2493 0.017599 1.907 19.0081
3.6 88.1992 0.0186187 1.96149 19.0071
3.7 88.1492 0.0196671 2.01598 19.006
3.8 88.0992 0.0207442 2.07047 19.005
3.9 88.0492 0.0218499 2.12496 19.0039
4 87.9992 0.0229843 2.17945 19.0027
4.1 87.9491 0.0241474 2.23394 19.0016
4.2 87.8991 0.0253392 2.28843 19.0004
4.3 87.8491 0.0265596 2.34292 18.9992
4.4 87.7991 0.0278087 2.39741 18.9979
4.5 87.7491 0.0290864 2.4519 18.9966
4.6 87.699 0.0303928 2.50639 18.9953
4.7 87.649 0.0317278 2.56088 18.994
4.8 87.599 0.0330915 2.61538 18.9926
4.9 87.549 0.0344838 2.66987 18.9912
5 87.4989 0.0359048 2.72436 18.9898
5.1 87.4489 0.0373544 2.77885 18.9884
5.2 87.3989 0.0388326 2.83335 18.9869
5.3 87.3489 0.0403395 2.88784 18.9854
5.4 87.2989 0.0418749 2.94234 18.9838
5.5 87.2488 0.043439 2.99683 18.9823
5.6 87.1988 0.0450317 3.05132 18.9807
5.7 87.1488 0.046653 3.10582 18.9791
5.8 87.0988 0.0483029 3.16032 18.9774
5.9 87.0488 0.0499814 3.21481 18.9757
6 86.9987 0.0516884 3.26931 18.974
6.1 86.9487 0.0534241 3.32381 18.9723
6.2 86.8987 0.0551884 3.3783 18.9705
6.3 86.8487 0.0569812 3.4328 18.9687
6.4 86.7987 0.0588026 3.4873 18.9669
6.5 86.7486 0.0606525 3.5418 18.9651
6.6 86.6986 0.062531 3.5963 18.9632
6.7 86.6486 0.0644381 3.6508 18.9613
6.8 86.5986 0.0663737 3.7053 18.9593
6.9 86.5485 0.0683378 3.7598 18.9574
7 86.4985 0.0703305 3.8143 18.9554
7.1 86.4485 0.0723517 3.8688 18.9534
7.2 86.3985 0.0744014 3.9233 18.9513
7.3 86.3485 0.0764797 3.9778 18.9492
7.4 86.2984 0.0785864 4.03231 18.9471
7.5 86.2484 0.0807217 4.08681 18.945
7.6 86.1984 0.0828854 4.14131 18.9428
7.7 86.1484 0.0850777 4.19582 18.9406
7.79999 86.0984 0.0872984 4.25032 18.9384
7.89999 86.0483 0.0895476 4.30483 18.9362
7.99999 85.9983 0.0918252 4.35934 18.9339
8.09999 85.9483 0.0941314 4.41384 18.9316
8.2 85.8983 0.096466 4.46835 18.9292
8.3 85.8483 0.098829 4.52286 18.9269
8.4 85.7982 0.101221 4.57737 18.9245
8.5 85.7482 0.10364 4.63188 18.9221
8.6 85.6982 0.106089 4.68639 18.9196
8.7 85.6482 0.108566 4.7409 18.9171
8.8 85.5982 0.111071 4.79541 18.9146
8.9 85.5481 0.113604 4.84992 18.9121
9 85.4981 0.116166 4.90443 18.9095
9.1 85.4481 0.118757 4.95894 18.907
9.2 85.3981 0.121375 5.01346 18.9043
9.3 85.348 0.124023 5.06797 18.9017
9.4 85.298 0.126698 5.12249 18.899
9.5 85.248 0.129402 5.177 18.8963
9.6 85.198 0.132134 5.23152 18.8936
9.7 85.148 0.134895 5.28604 18.8908
9.8 85.0979 0.137683 5.34055 18.888
9.9 85.0479 0.140501 5.39507 18.8852
10 84.9979 0.143346 5.44959 18.8824
10.1 84.9479 0.14622 5.50411 18.8795
10.2 84.8979 0.149122 5.55863 18.8766
10.3 84.8478 0.152052 5.61315 18.8737
10.4 84.7978 0.155011 5.66767 18.8707
10.5 84.7478 0.157998 5.72219 18.8677
10.6 84.6978 0.161013 5.77672 18.8647
10.7 84.6478 0.164057 5.83124 18.8617
10.8 84.5977 0.167128 5.88577 18.8586
10.9 84.5477 0.170228 5.94029 18.8555
11 84.4977 0.173356 5.99482 18.8524
11.1 84.4477 0.176513 6.04934 18.8492
11.2 84.3976 0.179697 6.10387 18.846
11.3 84.3476 0.18291 6.1584 18.8428
11.4 84.2976 0.186151 6.21293 18.8396
11.5 84.2476 0.18942 6.26746 18.8363
11.6 84.1976 0.192717 6.32199 18.833
11.7 84.1475 0.196043 6.37652 18.8297
11.8 84.0975 0.199396 6.43105 18.8263
11.9 84.0475 0.202778 6.48559 18.8229
12 83.9975 0.206188 6.54012 18.8195
12.1 83.9475 0.209626 6.59466 18.8161
12.2 83.8974 0.213092 6.64919 18.8126
12.3 83.8474 0.216586 6.70373 18.8091
12.4 83.7974 0.220108 6.75827 18.8056
12.5 83.7474 0.223659 6.81281 18.8021
12.6 83.6974 0.227237 6.86734 18.7985
12.7 83.6473 0.230844 6.92189 18.7949
12.8 83.5973 0.234478 6.97643 18.7912
12.9 83.5473 0.238141 7.03097 18.7876
13 83.4973 0.241831 7.08551 18.7839
13.1 83.4473 0.24555 7.14005 18.7802
13.2 83.3972 0.249296 7.1946 18.7764
13.3 83.3472 0.253071 7.24914 18.7726
13.4 83.2972 0.256873 7.30369 18.7688
13.5 83.2472 0.260703 7.35824 18.765
13.6 83.1971 0.264562 7.41279 18.7612
13.7 83.1471 0.268448 7.46734 18.7573
13.8 83.0971 0.272362 7.52189 18.7534
13.9 83.0471 0.276304 7.57644 18.7494
14 82.9971 0.280275 7.63099 18.7454
14.1 82.947 0.284272 7.68554 18.7414
14.2 82.897 0.288298 7.7401 18.7374
14.3 82.847 0.292352 7.79465 18.7334
14.4 82.797 0.296433 7.84921 18.7293
14.5 82.747 0.300543 7.90377 18.7252
14.6 82.6969 0.30468 7.95832 18.721
14.7 82.6469 0.308845 8.01288 18.7169
14.8 82.5969 0.313038 8.06744 18.7127
14.9 82.5469 0.317258 8.12201 18.7085
15 82.4969 0.321507 8.17657 18.7042
15.1 82.4468 0.325783 8.23113 18.6999
15.2 82.3968 0.330087 8.2857 18.6956
15.3 82.3468 0.334418 8.34026 18.6913
15.4 82.2968 0.338778 8.39483 18.6869
15.5 82.2468 0.343165 8.4494 18.6825
15.6 82.1967 0.34758 8.50397 18.6781
15.7 82.1467 0.352022 8.55854 18.6737
15.8 82.0967 0.356492 8.61311 18.6692
15.9 82.0467 0.36099 8.66768 18.6647
16 81.9967 0.365515 8.72225 18.6602
16.1 81.9466 0.370068 8.77683 18.6556
16.2 81.8966 0.374649 8.8314 18.6511
16.3 81.8466 0.379257 8.88598 18.6465
16.4 81.7966 0.383893 8.94056 18.6418
16.5 81.7466 0.388557 8.99514 18.6372
16.6 81.6965 0.393247 9.04972 18.6325
16.7 81.6465 0.397966 9.1043 18.6277
16.8 81.5965 0.402712 9.15888 18.623
16.9 81.5465 0.407486 9.21346 18.6182
17 81.4965 0.412287 9.26805 18.6134
17.1 81.4464 0.417115 9.32263 18.6086
17.2 81.3964 0.421971 9.37722 18.6037
17.3 81.3464 0.426855 9.43181 18.5989
17.4 81.2964 0.431766 9.4864 18.5939
17.5 81.2463 0.436704 9.54099 18.589
17.6 81.1963 0.44167 9.59558 18.584
17.7 81.1463 0.446663 9.65018 18.5791
17.8 81.0963 0.451683 9.70477 18.574
17.9 81.0463 0.456731 9.75937 18.569
18 80.9962 0.461807 9.81397 18.5639
18.1 80.9462 0.466909 9.86856 18.5588
18.2 80.8962 0.472039 9.92316 18.5537
18.3 80.8462 0.477196 9.97777 18.5485
18.4 80.7962 0.482381 10.0324 18.5433
18.5 80.7461 0.487593 10.087 18.5381
18.6 80.6961 0.492832 10.1416 18.5329
18.7 80.6461 0.498098 10.1962 18.5276
18.8 80.5961 0.503391 10.2508 18.5223
18.9 80.5461 0.508712 10.3054 18.517
19 80.496 0.51406 10.36 18.5117
19.1 80.446 0.519435 10.4146 18.5063
19.2 80.396 0.524837 10.4692 18.5009
19.3 80.346 0.530267 10.5239 18.4954
19.4 80.296 0.535723 10.5785 18.49
19.5 80.2459 0.541207 10.6331 18.4845
19.6 80.1959 0.546717 10.6877 18.479
19.7 80.1459 0.552255 10.7423 18.4735
19.8 80.0959 0.55782 10.7969 18.4679
19.9 80.0459 0.563412 10.8516 18.4623
20 79.9958 0.569031 10.9062 18.4567
20.1 79.9458 0.574677 10.9608 18.451
20.2 79.8958 0.58035 11.0154 18.4454
20.3 79.8458 0.58605 11.0701 18.4397
20.4 79.7958 0.591776 11.1247 18.4339
20.5 79.7457 0.59753 11.1793 18.4282
20.6 79.6957 0.603311 11.234 18.4224
20.7 79.6457 0.609119 11.2886 18.4166
20.8 79.5957 0.614953 11.3432 18.4108
20.9 79.5457 0.620814 11.3979 18.4049
21 79.4956 0.626703 11.4525 18.399
21.1 79.4456 0.632618 11.5072 18.3931
21.2 79.3956 0.63856 11.5618 18.3872
21.3 79.3456 0.644528 11.6164 18.3812
21.4 79.2956 0.650524 11.6711 18.3752
21.5 79.2455 0.656546 11.7257 18.3692
21.6 79.1955 0.662595 11.7804 18.3631
21.7 79.1455 0.668671 11.835 18.357
21.8 79.0955 0.674773 11.8897 18.3509
21.9 79.0455 0.680902 11.9443 18.3448
22 78.9954 0.687058 11.999 18.3387
22.1 78.9454 0.69324 12.0536 18.3325
22.2 78.8954 0.699449 12.1083 18.3263
22.3 78.8454 0.705685 12.163 18.32
22.4 78.7954 0.711947 12.2176 18.3138
22.5 78.7453 0.718236 12.2723 18.3075
22.6 78.6953 0.724551 12.327 18.3012
22.7001 78.6453 0.730893 12.3816 18.2948
22.8001 78.5953 0.737261 12.4363 18.2885
22.9001 78.5453 0.743656 12.491 18.2821
23.0001 78.4953 0.750078 12.5456 18.2756
23.1001 78.4452 0.756525 12.6003 18.2692
23.2001 78.3952 0.763 12.655 18.2627
23.3001 78.3452 0.7695 12.7096 18.2562
23.4001 78.2952 0.776027 12.7643 18.2497
23.5001 78.2452 0.782581 12.819 18.2431
23.6001 78.1951 0.789161 12.8737 18.2366
23.7001 78.1451 0.795767 12.9284 18.2299
23.8001 78.0951 0.802399 12.9831 18.2233
23.9001 78.0451 0.809058 13.0377 18.2167
24.0001 77.9951 0.815743 13.0924 18.21
24.1001 77.945 0.822454 13.1471 18.2033
24.2001 77.895 0.829192 13.2018 18.1965
24.3001 77.845 0.835956 13.2565 18.1898
24.4001 77.795 0.842746 13.3112 18.183
24.5001 77.745 0.849562 13.3659 18.1762
24.6001 77.6949 0.856404 13.4206 18.1693
24.7001 77.6449 0.863273 13.4753 18.1624
24.8001 77.5949 0.870167 13.53 18.1555
24.9001 77.5449 0.877088 13.5847 18.1486
25.0001 77.4949 0.884034 13.6394 18.1417
25.1001 77.4448 0.891007 13.6941 18.1347
25.2001 77.3948 0.898006 13.7488 18.1277
25.3001 77.3448 0.905031 13.8035 18.1207
25.4001 77.2948 0.912081 13.8582 18.1136
25.5001 77.2448 0.919158 13.913 18.1066
25.6001 77.1947 0.926261 13.9677 18.0995
25.7001 77.1447 0.933389 14.0224 18.0923
25.8001 77.0947 0.940544 14.0771 18.0852
25.9001 77.0447 0.947724 14.1318 18.078
26.0001 76.9947 0.954931 14.1866 18.0708
26.1001 76.9447 0.962163 14.2413 18.0636
26.2001 76.8946 0.96942 14.296 18.0563
26.3001 76.8446 0.976704 14.3507 18.049
26.4001 76.7946 0.984014 14.4055 18.0417
26.5001 76.7446 0.991349 14.4602 18.0344
26.6001 76.6946 0.99871 14.515 18.027
26.7001 76.6445 1.0061 14.5697 18.0196
26.8001 76.5945 1.01351 14.6244 18.0122
26.9001 76.5445 1.02095 14.6792 18.0048
27.0001 76.4945 1.02841 14.7339 17.9973
27.1001 76.4445 1.0359 14.7887 17.9898
27.2001 76.3944 1.04341 14.8434 17.9823
27.3001 76.3444 1.05095 14.8982 17.9748
27.4001 76.2944 1.05852 14.9529 17.9672
27.5001 76.2444 1.06611 15.0077 17.9596
27.6001 76.1944 1.07373 15.0624 17.952
27.7001 76.1443 1.08137 15.1172 17.9443
27.8001 76.0943 1.08904 15.1719 17.9367
27.9001 76.0443 1.09673 15.2267 17.929
28.0001 75.9943 1.10445 15.2815 17.9213
28.1001 75.9443 1.11219 15.3362 17.9135
28.2001 75.8943 1.11996 15.391 17.9058
28.3001 75.8442 1.12776 15.4458 17.898
28.4001 75.7942 1.13558 15.5005 17.8901
28.5001 75.7442 1.14342 15.5553 17.8823
28.6001 75.6942 1.15129 15.6101 17.8744
28.7001 75.6442 1.15919 15.6649 17.8665
28.8001 75.5941 1.16711 15.7197 17.8586
28.9001 75.5441 1.17506 15.7744 17.8507
29.0001 75.4941 1.18303 15.8292 17.8427
29.1001 75.4441 1.19102 15.884 17.8347
29.2001 75.3941 1.19905 15.9388 17.8267
29.3001 75.344 1.20709 15.9936 17.8186
29.4001 75.294 1.21516 16.0484 17.8105
29.5001 75.244 1.22326 16.1032 17.8025
29.6001 75.194 1.23138 16.158 17.7943
29.7001 75.144 1.23953 16.2128 17.7862
29.8001 75.094 1.2477 16.2676 17.778
29.9001 75.0439 1.2559 16.3224 17.7698
30.0001 74.9939 1.26412 16.3772 17.7616
30.1001 74.9439 1.27237 16.432 17.7533
30.2001 74.8939 1.28064 16.4868 17.7451
30.3001 74.8439 1.28893 16.5416 17.7368
30.4001 74.7938 1.29726 16.5965 17.7285
30.5001 74.7438 1.3056 16.6513 17.7201
30.6001 74.6938 1.31397 16.7061 17.7117
30.7001 74.6438 1.32237 16.7609 17.7033
30.8001 74.5938 1.33079 16.8158 17.6949
30.9001 74.5438 1.33923 16.8706 17.6865
31.0001 74.4937 1.3477 16.9254 17.678
31.1001 74.4437 1.35619 16.9802 17.6695
31.2001 74.3937 1.36471 17.0351 17.661
31.3001 74.3437 1.37326 17.0899 17.6525
31.4001 74.2937 1.38182 17.1448 17.6439
31.5001 74.2436 1.39042 17.1996 17.6353
31.6001 74.1936 1.39903 17.2544 17.6267
31.7001 74.1436 1.40767 17.3093 17.618
31.8001 74.0936 1.41634 17.3641 17.6094
31.9001 74.0436 1.42503 17.419 17.6007
32.0001 73.9936 1.43375 17.4738 17.592
32.1001 73.9435 1.44248 17.5287 17.5832
32.2001 73.8935 1.45125 17.5836 17.5745
32.3001 73.8435 1.46003 17.6384 17.5657
32.4001 73.7935 1.46885 17.6933 17.5569
32.5001 73.7435 1.47768 17.7482 17.548
32.6001 73.6934 1.48654 17.803 17.5392
32.7001 73.6434 1.49543 17.8579 17.5303
32.8001 73.5934 1.50434 17.9128 17.5214
32.9001 73.5434 1.51327 17.9676 17.5124
33.0001 73.4934 1.52223 18.0225 17.5035
33.1001 73.4434 1.53121 18.0774 17.4945
33.2001 73.3933 1.54021 18.1323 17.4855
33.3001 73.3433 1.54924 18.1872 17.4765
33.4001 73.2933 1.55829 18.2421 17.4674
33.5001 73.2433 1.56737 18.297 17.4583
33.6001 73.1933 1.57647 18.3518 17.4492
33.7001 73.1433 1.5856 18.4067 17.4401
33.8001 73.0932 1.59475 18.4616 17.431
33.9001 73.0432 1.60392 18.5165 17.4218
34.0001 72.9932 1.61312 18.5714 17.4126
34.1001 72.9432 1.62234 18.6264 17.4034
34.2001 72.8932 1.63158 18.6813 17.3941
34.3 72.8432 1.64085 18.7362 17.3849
34.4 72.7931 1.65014 18.7911 17.3756
34.5 72.7431 1.65946 18.846 17.3663
34.6 72.6931 1.6688 18.9009 17.3569
34.7 72.6431 1.67816 18.9559 17.3476
34.8 72.5931 1.68755 19.0108 17.3382
34.9 72.5431 1.69696 19.0657 17.3288
35 72.493 1.70639 19.1206 17.3193
35.1 72.443 1.71585 19.1756 17.3099
35.2 72.393 1.72533 19.2305 17.3004
35.3 72.343 1.73483 19.2854 17.2909
35.4 72.293 1.74436 19.3404 17.2814
35.5 72.243 1.75391 19.3953 17.2718
35.6 72.1929 1.76349 19.4503 17.2622
35.7 72.1429 1.77308 19.5052 17.2526
35.8 72.0929 1.7827 19.5602 17.243
35.9 72.0429 1.79235 19.6151 17.2334
36 71.9929 1.80202 19.6701 17.2237
36.1 71.9429 1.81171 19.7251 17.214
36.2 71.8929 1.82142 19.78 17.2043
36.3 71.8428 1.83116 19.835 17.1946
36.4 71.7928 1.84092 19.89 17.1848
36.5 71.7428 1.8507 19.9449 17.175
36.6 71.6928 1.86051 19.9999 17.1652
36.7 71.6428 1.87034 20.0549 17.1554
36.8 71.5928 1.88019 20.1099 17.1455
36.9 71.5427 1.89007 20.1649 17.1356
37 71.4927 1.89997 20.2198 17.1257
37.1 71.4427 1.90989 20.2748 17.1158
37.2 71.3927 1.91984 20.3298 17.1059
37.3 71.3427 1.9298 20.3848 17.0959
37.4 71.2927 1.9398 20.4398 17.0859
37.5 71.2426 1.94981 20.4948 17.0759
37.6 71.1926 1.95985 20.5498 17.0659
37.7 71.1426 1.9699 20.6048 17.0558
37.8 71.0926 1.97999 20.6598 17.0457
37.9 71.0426 1.99009 20.7149 17.0356
38 70.9926 2.00022 20.7699 17.0255
38.1 70.9425 2.01037 20.8249 17.0153
38.2 70.8925 2.02054 20.8799 17.0052
38.3 70.8425 2.03074 20.9349 16.995
38.4 70.7925 2.04095 20.99 16.9848
38.5 70.7425 2.05119 21.045 16.9745
38.6 70.6925 2.06146 21.1 16.9643
38.7 70.6425 2.07174 21.1551 16.954
38.8 70.5924 2.08205 21.2101 16.9437
38.9 70.5424 2.09238 21.2652 16.9333
39 70.4924 2.10273 21.3202 16.923
39.1 70.4424 2.11311 21.3753 16.9126
39.2 70.3924 2.1235 21.4303 16.9022
39.3 70.3424 2.13392 21.4854 16.8918
39.4 70.2923 2.14436 21.5404 16.8814
39.5 70.2423 2.15483 21.5955 16.8709
39.6 70.1923 2.16531 21.6506 16.8604
39.7 70.1423 2.17582 21.7056 16.8499
39.8 70.0923 2.18635 21.7607 16.8394
39.9 70.0423 2.1969 21.8158 16.8288
40 69.9922 2.20748 21.8709 16.8182
40.1 69.9422 2.21807 21.926 16.8076
40.2 69.8922 2.22869 21.981 16.797
40.3 69.8422 2.23933 22.0361 16.7864
40.4 69.7922 2.24999 22.0912 16.7757
40.5 69.7422 2.26068 22.1463 16.765
40.6 69.6922 2.27138 22.2014 16.7543
40.7 69.6421 2.28211 22.2565 16.7436
40.7999 69.5921 2.29286 22.3116 16.7329
40.8999 69.5421 2.30363 22.3667 16.7221
40.9999 69.4921 2.31443 22.4219 16.7113
41.0999 69.4421 2.32524 22.477 16.7005
41.1999 69.3921 2.33608 22.5321 16.6896
41.2999 69.3421 2.34693 22.5872 16.6788
41.3999 69.292 2.35781 22.6423 16.6679
41.4999 69.242 2.36871 22.6975 16.657
41.5999 69.192 2.37964 22.7526 16.6461
41.6999 69.142 2.39058 22.8077 16.6351
41.7999 69.092 2.40155 22.8629 16.6242
41.8999 69.042 2.41253 22.918 16.6132
41.9999 68.9919 2.42354 22.9732 16.6022
42.0999 68.9419 2.43457 23.0283 16.5911
42.1999 68.8919 2.44562 23.0835 16.5801
42.2999 68.8419 2.4567 23.1386 16.569
42.3999 68.7919 2.46779 23.1938 16.5579
42.4999 68.7419 2.4789 23.2489 16.5468
42.5999 68.6919 2.49004 23.3041 16.5357
42.6999 68.6418 2.5012 23.3593 16.5245
42.7999 68.5918 2.51238 23.4145 16.5133
42.8999 68.5418 2.52357 23.4696 16.5021
42.9999 68.4918 2.5348 23.5248 16.4909
43.0999 68.4418 2.54604 23.58 16.4797
43.1999 68.3918 2.5573 23.6352 16.4684
43.2999 68.3418 2.56858 23.6904 16.4571
43.3999 68.2917 2.57989 23.7456 16.4458
43.4999 68.2417 2.59121 23.8008 16.4345
43.5999 68.1917 2.60256 23.856 16.4232
43.6999 68.1417 2.61393 23.9112 16.4118
43.7999 68.0917 2.62531 23.9664 16.4004
43.8999 68.0417 2.63672 24.0216 16.389
43.9999 67.9917 2.64815 24.0768 16.3776
44.0999 67.9416 2.6596 24.1321 16.3661
44.1999 67.8916 2.67107 24.1873 16.3546
44.2999 67.8416 2.68256 24.2425 16.3432
44.3999 67.7916 2.69407 24.2977 16.3316
44.4999 67.7416 2.70561 24.353 16.3201
44.5999 67.6916 2.71716 24.4082 16.3086
44.6999 67.6416 2.72873 24.4635 16.297
44.7999 67.5915 2.74032 24.5187 16.2854
44.8999 67.5415 2.75194 24.574 16.2738
44.9999 67.4915 2.76357 24.6292 16.2621
45.0999 67.4415 2.77523 24.6845 16.2505
45.1999 67.3915 2.7869 24.7397 16.2388
45.2999 67.3415 2.7986 24.795 16.2271
45.3999 67.2915 2.81031 24.8503 16.2154
45.4999 67.2414 2.82205 24.9056 16.2037
45.5999 67.1914 2.8338 24.9608 16.1919
45.6999 67.1414 2.84558 25.0161 16.1801
45.7999 67.0914 2.85738 25.0714 16.1683
45.8999 67.0414 2.86919 25.1267 16.1565
45.9999 66.9914 2.88103 25.182 16.1447
46.0999 66.9414 2.89288 25.2373 16.1328
46.1999 66.8913 2.90476 25.2926 16.121
46.2999 66.8413 2.91665 25.3479 16.1091
46.3999 66.7913 2.92857 25.4032 16.0971
46.4999 66.7413 2.94051 25.4585 16.0852
46.5999 66.6913 2.95246 25.5138 16.0733
46.6999 66.6413 2.96444 25.5692 16.0613
46.7999 66.5913 2.97643 25.6245 16.0493
46.8999 66.5412 2.98844 25.6798 16.0373
46.9999 66.4912 3.00048 25.7351 16.0252
47.0999 66.4412 3.01253 25.7905 16.0132
47.1999 66.3912 3.0246 25.8458 16.0011
47.2999 66.3412 3.0367 25.9012 15.989
47.3998 66.2912 3.04881 25.9565 15.9769
47.4998 66.2412 3.06094 26.0119 15.9648
47.5998 66.1912 3.07309 26.0672 15.9526
47.6998 66.1411 3.08526 26.1226 15.9405
47.7998 66.0911 3.09745 26.178 15.9283
47.8998 66.0411 3.10966 26.2333 15.9161
47.9998 65.9911 3.12189 26.2887 15.9038
48.0998 65.9411 3.13414 26.3441 15.8916
48.1998 65.8911 3.1464 26.3995 15.8793
48.2998 65.8411 3.15869 26.4549 15.867
48.3998 65.791 3.17099 26.5103 15.8547
48.4998 65.741 3.18332 26.5656 15.8424
48.5998 65.691 3.19566 26.621 15.8301
48.6998 65.641 3.20802 26.6765 15.8177
48.7998 65.591 3.2204 26.7319 15.8053
48.8998 65.541 3.2328 26.7873 15.7929
48.9998 65.491 3.24522 26.8427 15.7805
49.0998 65.441 3.25766 26.8981 15.7681
49.1998 65.3909 3.27012 26.9535 15.7556
49.2998 65.3409 3.28259 27.009 15.7431
49.3998 65.2909 3.29509 27.0644 15.7306
49.4998 65.2409 3.3076 27.1198 15.7181
49.5998 65.1909 3.32013 27.1753 15.7056
49.6998 65.1409 3.33268 27.2307 15.693
49.7998 65.0909 3.34525 27.2862 15.6805
49.8998 65.0408 3.35784 27.3416 15.6679
49.9998 64.9908 3.37044 27.3971 15.6553
50.0998 64.9408 3.38307 27.4526 15.6426
50.1998 64.8908 3.39571 27.508 15.63
50.2998 64.8408 3.40837 27.5635 15.6173
50.3998 64.7908 3.42105 27.619 15.6047
50.4998 64.7408 3.43375 27.6745 15.592
50.5998 64.6908 3.44646 27.73 15.5792
50.6998 64.6407 3.4592 27.7855 15.5665
50.7998 64.5907 3.47195 27.841 15.5538
50.8998 64.5407 3.48472 27.8965 15.541
50.9998 64.4907 3.49751 27.952 15.5282
51.0998 64.4407 3.51032 28.0075 15.5154
51.1998 64.3907 3.52314 28.063 15.5026
51.2998 64.3407 3.53599 28.1185 15.4897
51.3998 64.2907 3.54885 28.174 15.4769
51.4998 64.2406 3.56173 28.2296 15.464
51.5998 64.1906 3.57462 28.2851 15.4511
51.6998 64.1406 3.58754 28.3406 15.4382
51.7998 64.0906 3.60047 28.3962 15.4252
51.8998 64.0406 3.61342 28.4517 15.4123
51.9998 63.9906 3.62639 28.5073 15.3993
52.0998 63.9406 3.63937 28.5628 15.3863
52.1998 63.8906 3.65238 28.6184 15.3733
52.2998 63.8405 3.6654 28.674 15.3603
52.3998 63.7905 3.67843 28.7295 15.3473
52.4998 63.7405 3.69149 28.7851 15.3342
52.5998 63.6905 3.70456 28.8407 15.3211
52.6998 63.6405 3.71766 28.8963 15.3081
52.7998 63.5905 3.73076 28.9519 15.295
52.8998 63.5405 3.74389 29.0075 15.2818
52.9998 63.4905 3.75703 29.0631 15.2687
53.0998 63.4405 3.77019 29.1187 15.2555
53.1998 63.3904 3.78337 29.1743 15.2423
53.2998 63.3404 3.79657 29.2299 15.2291
53.3998 63.2904 3.80978 29.2855 15.2159
53.4998 63.2404 3.82301 29.3412 15.2027
53.5998 63.1904 3.83625 29.3968 15.1895
53.6998 63.1404 3.84952 29.4524 15.1762
53.7998 63.0904 3.8628 29.5081 15.1629
53.8997 63.0404 3.87609 29.5637 15.1496
53.9997 62.9903 3.88941 29.6194 15.1363
54.0997 62.9403 3.90274 29.675 15.123
54.1997 62.8903 3.91609 29.7307 15.1096
54.2997 62.8403 3.92945 29.7863 15.0963
54.3997 62.7903 3.94283 29.842 15.0829
54.4997 62.7403 3.95623 29.8977 15.0695
54.5997 62.6903 3.96965 29.9534 15.0561
54.6997 62.6403 3.98308 30.009 15.0426
54.7997 62.5903 3.99653 30.0647 15.0292
54.8997 62.5402 4.00999 30.1204 15.0157
54.9997 62.4902 4.02347 30.1761 15.0022
55.0997 62.4402 4.03697 30.2318 14.9887
55.1997 62.3902 4.05048 30.2876 14.9752
55.2997 62.3402 4.06401 30.3433 14.9617
55.3997 62.2902 4.07756 30.399 14.9482
55.4997 62.2402 4.09112 30.4547 14.9346
55.5997 62.1902 4.1047 30.5104 14.921
55.6997 62.1402 4.1183 30.5662 14.9074
55.7997 62.0901 4.13191 30.6219 14.8938
55.8997 62.0401 4.14554 30.6777 14.8802
55.9997 61.9901 4.15918 30.7334 14.8665
56.0997 61.9401 4.17285 30.7892 14.8529
56.1997 61.8901 4.18652 30.845 14.8392
56.2997 61.8401 4.20021 30.9007 14.8255
56.3997 61.7901 4.21392 30.9565 14.8118
56.4997 61.7401 4.22765 31.0123 14.7981
56.5997 61.6901 4.24139 31.0681 14.7843
56.6997 61.64 4.25514 31.1239 14.7706
56.7997 61.59 4.26891 31.1797 14.7568
56.8997 61.54 4.2827 31.2355 14.743
56.9997 61.49 4.2965 31.2913 14.7292
57.0997 61.44 4.31032 31.3471 14.7154
57.1997 61.39 4.32416 31.4029 14.7016
57.2997 61.34 4.33801 31.4587 14.6877
57.3997 61.29 4.35187 31.5146 14.6738
57.4997 61.24 4.36575 31.5704 14.66
57.5997 61.1899 4.37965 31.6262 14.6461
57.6997 61.1399 4.39356 31.6821 14.6322
57.7997 61.0899 4.40749 31.7379 14.6182
57.8997 61.0399 4.42143 31.7938 14.6043
57.9997 60.9899 4.43539 31.8496 14.5903
58.0997 60.9399 4.44936 31.9055 14.5764
58.1997 60.8899 4.46335 31.9614 14.5624
58.2997 60.8399 4.47735 32.0173 14.5484
58.3997 60.7899 4.49137 32.0732 14.5343
58.4997 60.7399 4.50541 32.129 14.5203
58.5997 60.6898 4.51946 32.1849 14.5063
58.6997 60.6398 4.53352 32.2409 14.4922
58.7997 60.5898 4.5476 32.2968 14.4781
58.8997 60.5398 4.56169 32.3527 14.464
58.9997 60.4898 4.5758 32.4086 14.4499
59.0997 60.4398 4.58992 32.4645 14.4358
59.1997 60.3898 4.60406 32.5205 14.4217
59.2997 60.3398 4.61821 32.5764 14.4075
59.3997 60.2898 4.63238 32.6323 14.3933
59.4997 60.2398 4.64656 32.6883 14.3792
59.5997 60.1897 4.66076 32.7442 14.365
59.6997 60.1397 4.67497 32.8002 14.3507
59.7997 60.0897 4.68919 32.8562 14.3365
59.8997 60.0397 4.70343 32.9121 14.3223
59.9997 59.9897 4.71769 32.9681 14.308
60.0997 59.9397 4.73196 33.0241 14.2938
60.1997 59.8897 4.74624 33.0801 14.2795
60.2997 59.8397 4.76054 33.1361 14.2652
60.3997 59.7897 4.77485 33.1921 14.2509
60.4996 59.7397 4.78917 33.2481 14.2365
60.5996 59.6896 4.80351 33.3041 14.2222
60.6996 59.6396 4.81787 33.3602 14.2078
60.7996 59.5896 4.83223 33.4162 14.1935
60.8996 59.5396 4.84662 33.4722 14.1791
60.9996 59.4896 4.86101 33.5283 14.1647
61.0996 59.4396 4.87542 33.5843 14.1503
61.1996 59.3896 4.88985 33.6404 14.1359
61.2996 59.3396 4.90428 33.6964 14.1214
61.3996 59.2896 4.91874 33.7525 14.107
61.4996 59.2396 4.9332 33.8086 14.0925
61.5996 59.1896 4.94768 33.8646 14.078
61.6996 59.1395 4.96217 33.9207 14.0635
61.7996 59.0895 4.97668 33.9768 14.049
61.8996 59.0395 4.9912 34.0329 14.0345
61.9996 58.9895 5.00573 34.089 14.02
62.0996 58.9395 5.02028 34.1451 14.0054
62.1996 58.8895 5.03484 34.2012 13.9909
62.2996 58.8395 5.04941 34.2574 13.9763
62.3996 58.7895 5.064 34.3135 13.9617
62.4996 58.7395 5.0786 34.3696 13.9471
62.5996 58.6895 5.09321 34.4258 13.9325
62.6996 58.6395 5.10784 34.4819 13.9179
62.7996 58.5894 5.12248 34.5381 13.9032
62.8996 58.5394 5.13713 34.5942 13.8886
62.9996 58.4894 5.1518 34.6504 13.8739
63.0996 58.4394 5.16648 34.7066 13.8592
63.1996 58.3894 5.18117 34.7628 13.8445
63.2996 58.3394 5.19588 34.819 13.8298
63.3996 58.2894 5.2106 34.8752 13.8151
63.4996 58.2394 5.22533 34.9314 13.8004
63.5996 58.1894 5.24007 34.9876 13.7856
63.6996 58.1394 5.25483 35.0438 13.7709
63.7996 58.0894 5.2696 35.1 13.7561
63.8996 58.0393 5.28438 35.1562 13.7413
63.9996 57.9893 5.29917 35.2125 13.7265
64.0996 57.9393 5.31398 35.2687 13.7117
64.1996 57.8893 5.3288 35.325 13.6969
64.2996 57.8393 5.34363 35.3812 13.6821
64.3996 57.7893 5.35848 35.4375 13.6672
64.4996 57.7393 5.37334 35.4937 13.6524
64.5996 57.6893 5.38821 35.55 13.6375
64.6996 57.6393 5.40309 35.6063 13.6226
64.7996 57.5893 5.41798 35.6626 13.6077
64.8996 57.5393 5.43289 35.7189 13.5928
64.9996 57.4893 5.44781 35.7752 13.5779
65.0996 57.4392 5.46274 35.8315 13.563
65.1996 57.3892 5.47768 35.8878 13.548
65.2996 57.3392 5.49264 35.9441 13.5331
65.3996 57.2892 5.5076 36.0005 13.5181
65.4996 57.2392 5.52258 36.0568 13.5031
65.5996 57.1892 5.53757 36.1132 13.4881
65.6996 57.1392 5.55258 36.1695 13.4731
65.7996 57.0892 5.56759 36.2259 13.4581
65.8996 57.0392 5.58262 36.2822 13.4431
65.9996 56.9892 5.59765 36.3386 13.4281
66.0996 56.9392 5.6127 36.395 13.413
66.1996 56.8892 5.62777 36.4514 13.3979
66.2996 56.8392 5.64284 36.5078 13.3829
66.3996 56.7891 5.65792 36.5642 13.3678
66.4996 56.7391 5.67302 36.6206 13.3527
66.5996 56.6891 5.68813 36.677 13.3376
66.6996 56.6391 5.70325 36.7334 13.3225
66.7996 56.5891 5.71838 36.7899 13.3073
66.8996 56.5391 5.73352 36.8463 13.2922
66.9995 56.4891 5.74867 36.9028 13.277
67.0995 56.4391 5.76384 36.9592 13.2619
67.1995 56.3891 5.77901 37.0157 13.2467
67.2995 56.3391 5.7942 37.0722 13.2315
67.3995 56.2891 5.8094 37.1286 13.2163
67.4995 56.2391 5.8246 37.1851 13.2011
67.5995 56.1891 5.83982 37.2416 13.1859
67.6995 56.139 5.85505 37.2981 13.1707
67.7995 56.089 5.8703 37.3546 13.1554
67.8995 56.039 5.88555 37.4111 13.1402
67.9995 55.989 5.90081 37.4677 13.1249
68.0995 55.939 5.91609 37.5242 13.1096
68.1995 55.889 5.93137 37.5807 13.0943
68.2995 55.839 5.94667 37.6373 13.079
68.3995 55.789 5.96197 37.6938 13.0637
68.4995 55.739 5.97729 37.7504 13.0484
68.5995 55.689 5.99261 37.807 13.0331
68.6995 55.639 6.00795 37.8635 13.0178
68.7995 55.589 6.0233 37.9201 13.0024
68.8995 55.539 6.03866 37.9767 12.9871
68.9995 55.489 6.05403 38.0333 12.9717
69.0995 55.4389 6.06941 38.0899 12.9563
69.1995 55.3889 6.0848 38.1465 12.9409
69.2995 55.3389 6.1002 38.2032 12.9255
69.3995 55.2889 6.11561 38.2598 12.9101
69.4995 55.2389 6.13103 38.3164 12.8947
69.5995 55.1889 6.14645 38.3731 12.8793
69.6995 55.1389 6.16189 38.4297 12.8638
69.7995 55.0889 6.17734 38.4864 12.8484
69.8995 55.0389 6.1928 38.5431 12.8329
69.9995 54.9889 6.20827 38.5998 12.8174
70.0995 54.9389 6.22375 38.6564 12.802
70.1995 54.8889 6.23924 38.7131 12.7865
70.2995 54.8389 6.25474 38.7698 12.771
70.3995 54.7889 6.27025 38.8266 12.7555
70.4995 54.7389 6.28577 38.8833 12.7399
70.5995 54.6889 6.3013 38.94 12.7244
70.6995 54.6388 6.31683 38.9967 12.7089
70.7995 54.5888 6.33238 39.0535 12.6933
70.8995 54.5388 6.34794 39.1102 12.6778
70.9995 54.4888 6.3635 39.167 12.6622
71.0995 54.4388 6.37908 39.2238 12.6466
71.1995 54.3888 6.39466 39.2806 12.6311
71.2995 54.3388 6.41026 39.3373 12.6155
71.3995 54.2888 6.42586 39.3941 12.5999
71.4995 54.2388 6.44147 39.4509 12.5842
71.5995 54.1888 6.45709 39.5078 12.5686
71.6995 54.1388 6.47272 39.5646 12.553
71.7995 54.0888 6.48836 39.6214 12.5374
71.8995 54.0388 6.50401 39.6783 12.5217
71.9995 53.9888 6.51967 39.7351 12.506
72.0995 53.9388 6.53533 39.792 12.4904
72.1995 53.8888 6.55101 39.8488 12.4747
72.2995 53.8388 6.56669 39.9057 12.459
72.3995 53.7887 6.58239 39.9626 12.4433
72.4995 53.7387 6.59809 40.0195 12.4276
72.5995 53.6887 6.6138 40.0764 12.4119
72.6995 53.6387 6.62952 40.1333 12.3962
72.7995 53.5887 6.64524 40.1902 12.3805
72.8995 53.5387 6.66098 40.2471 12.3647
72.9995 53.4887 6.67672 40.3041 12.349
73.0995 53.4387 6.69247 40.361 12.3332
73.1995 53.3887 6.70824 40.418 12.3175
73.2995 53.3387 6.724 40.4749 12.3017
73.3995 53.2887 6.73978 40.5319 12.2859
73.4995 53.2387 6.75557 40.5889 12.2701
73.5994 53.1887 6.77136 40.6459 12.2544
73.6994 53.1387 6.78716 40.7029 12.2386
73.7994 53.0887 6.80297 40.7599 12.2227
73.8994 53.0387 6.81879 40.8169 12.2069
73.9994 52.9887 6.83462 40.8739 12.1911
74.0994 52.9387 6.85045 40.9309 12.1753
74.1994 52.8887 6.86629 40.988 12.1594
74.2994 52.8386 6.88214 41.045 12.1436
74.3994 52.7886 6.898 41.1021 12.1277
74.4994 52.7386 6.91386 41.1592 12.1119
74.5994 52.6886 6.92974 41.2162 12.096
74.6994 52.6386 6.94562 41.2733 12.0801
74.7994 52.5886 6.9615 41.3304 12.0642
74.8994 52.5386 6.9774 41.3875 12.0483
74.9994 52.4886 6.9933 41.4447 12.0324
75.0994 52.4386 7.00921 41.5018 12.0165
75.1994 52.3886 7.02513 41.5589 12.0006
75.2994 52.3386 7.04105 41.6161 11.9847
75.3994 52.2886 7.05699 41.6732 11.9687
75.4994 52.2386 7.07293 41.7304 11.9528
75.5994 52.1886 7.08887 41.7876 11.9368
75.6994 52.1386 7.10483 41.8448 11.9209
75.7994 52.0886 7.12079 41.902 11.9049
75.8994 52.0386 7.13676 41.9592 11.889
75.9994 51.9886 7.15273 42.0164 11.873
76.0994 51.9386 7.16871 42.0736 11.857
76.1994 51.8886 7.1847 42.1308 11.841
76.2994 51.8386 7.2007 42.1881 11.825
76.3994 51.7885 7.2167 42.2453 11.809
76.4994 51.7385 7.23271 42.3026 11.793
76.5994 51.6885 7.24873 42.3599 11.777
76.6994 51.6385 7.26475 42.4172 11.761
76.7994 51.5885 7.28078 42.4744 11.7449
76.8994 51.5385 7.29681 42.5317 11.7289
76.9994 51.4885 7.31286 42.5891 11.7129
77.0994 51.4385 7.32891 42.6464 11.6968
77.1994 51.3885 7.34496 42.7037 11.6808
77.2994 51.3385 7.36102 42.7611 11.6647
77.3994 51.2885 7.37709 42.8184 11.6486
77.4994 51.2385 7.39316 42.8758 11.6325
77.5994 51.1885 7.40924 42.9332 11.6165
77.6994 51.1385 7.42533 42.9905 11.6004
77.7994 51.0885 7.44142 43.0479 11.5843
77.8994 51.0385 7.45752 43.1053 11.5682
77.9994 50.9885 7.47363 43.1628 11.5521
78.0994 50.9385 7.48974 43.2202 11.536
78.1994 50.8885 7.50586 43.2776 11.5199
78.2994 50.8385 7.52198 43.3351 11.5037
78.3994 50.7885 7.53811 43.3925 11.4876
78.4994 50.7385 7.55424 43.45 11.4715
78.5994 50.6885 7.57038 43.5075 11.4553
78.6994 50.6385 7.58653 43.565 11.4392
78.7994 50.5885 7.60268 43.6225 11.423
78.8994 50.5385 7.61883 43.68 11.4069
78.9994 50.4885 7.635 43.7375 11.3907
79.0994 50.4384 7.65116 43.795 11.3745
79.1994 50.3884 7.66734 43.8526 11.3584
79.2994 50.3384 7.68352 43.9101 11.3422
79.3994 50.2884 7.6997 43.9677 11.326
79.4994 50.2384 7.71589 44.0253 11.3098
79.5994 50.1884 7.73208 44.0828 11.2936
79.6994 50.1384 7.74828 44.1404 11.2774
79.7994 50.0884 7.76449 44.1981 11.2612
79.8994 50.0384 7.7807 44.2557 11.245
79.9994 49.9884 7.79691 44.3133 11.2288
80.0993 49.9384 7.81313 44.3709 11.2126
80.1993 49.8884 7.82936 44.4286 11.1964
80.2993 49.8384 7.84559 44.4863 11.1801
80.3993 49.7884 7.86182 44.5439 11.1639
80.4993 49.7384 7.87806 44.6016 11.1477
80.5993 49.6884 7.89431 44.6593 11.1314
80.6993 49.6384 7.91056 44.717 11.1152
80.7993 49.5884 7.92681 44.7747 11.0989
80.8993 49.5384 7.94307 44.8325 11.0826
80.9993 49.4884 7.95933 44.8902 11.0664
81.0993 49.4384 7.9756 44.948 11.0501
81.1993 49.3884 7.99187 45.0057 11.0338
81.2993 49.3384 8.00815 45.0635 11.0176
81.3993 49.2884 8.02443 45.1213 11.0013
81.4993 49.2384 8.04071 45.1791 10.985
81.5993 49.1884 8.057 45.2369 10.9687
81.6993 49.1384 8.07329 45.2947 10.9524
81.7993 49.0884 8.08959 45.3526 10.9361
81.8993 49.0384 8.10589 45.4104 10.9198
81.9993 48.9884 8.1222 45.4683 10.9035
82.0993 48.9384 8.13851 45.5262 10.8872
82.1993 48.8884 8.15482 45.584 10.8709
82.2993 48.8384 8.17114 45.6419 10.8546
82.3993 48.7884 8.18746 45.6998 10.8383
82.4993 48.7384 8.20378 45.7578 10.8219
82.5993 48.6884 8.22011 45.8157 10.8056
82.6993 48.6384 8.23645 45.8736 10.7893
82.7993 48.5884 8.25278 45.9316 10.7729
82.8993 48.5384 8.26912 45.9895 10.7566
82.9993 48.4884 8.28546 46.0475 10.7403
83.0993 48.4383 8.30181 46.1055 10.7239
83.1993 48.3883 8.31816 46.1635 10.7076
83.2993 48.3383 8.33451 46.2215 10.6912
83.3993 48.2883 8.35087 46.2796 10.6748
83.4993 48.2383 8.36723 46.3376 10.6585
83.5993 48.1883 8.3836 46.3957 10.6421
83.6993 48.1383 8.39996 46.4537 10.6258
83.7993 48.0883 8.41633 46.5118 10.6094
83.8993 48.0383 8.4327 46.5699 10.593
83.9993 47.9883 8.44908 46.628 10.5766
84.0993 47.9383 8.46546 46.6861 10.5603
84.1993 47.8883 8.48184 46.7442 10.5439
84.2993 47.8383 8.49823 46.8024 10.5275
84.3993 47.7883 8.51461 46.8605 10.5111
84.4993 47.7383 8.531 46.9187 10.4947
84.5993 47.6883 8.5474 46.9769 10.4783
84.6993 47.6383 8.56379 47.0351 10.4619
84.7993 47.5883 8.58019 47.0933 10.4455
84.8993 47.5383 8.59659 47.1515 10.4291
84.9993 47.4883 8.613 47.2097 10.4127
85.0993 47.4383 8.6294 47.268 10.3963
85.1993 47.3883 8.64581 47.3262 10.3799
85.2993 47.3383 8.66222 47.3845 10.3635
85.3993 47.2883 8.67864 47.4428 10.3471
85.4993 47.2383 8.69505 47.5011 10.3307
85.5993 47.1883 8.71147 47.5594 10.3142
85.6993 47.1383 8.72789 47.6177 10.2978
85.7993 47.0883 8.74431 47.676 10.2814
85.8993 47.0383 8.76074 47.7344 10.265
85.9993 46.9883 8.77717 47.7927 10.2485
86.0993 46.9383 8.79359 47.8511 10.2321
86.1993 46.8883 8.81002 47.9095 10.2157
86.2993 46.8383 8.82646 47.9679 10.1993
86.3993 46.7883 8.84289 48.0263 10.1828
86.4993 46.7383 8.85933 48.0847 10.1664
86.5993 46.6883 8.87577 48.1432 10.1499
86.6992 46.6383 8.89221 48.2017 10.1335
86.7992 46.5883 8.90865 48.2601 10.1171
86.8992 46.5383 8.92509 48.3186 10.1006
86.9992 46.4883 8.94153 48.3771 10.0842
87.0992 46.4383 8.95798 48.4356 10.0677
87.1992 46.3883 8.97443 48.4941 10.0513
87.2992 46.3383 8.99088 48.5527 10.0348
87.3992 46.2883 9.00733 48.6112 10.0184
87.4992 46.2383 9.02378 48.6698 10.0019
87.5992 46.1883 9.04023 48.7284 9.98548
87.6992 46.1383 9.05668 48.787 9.96903
87.7992 46.0883 9.07314 48.8456 9.95258
87.8992 46.0383 9.0896 48.9042 9.93612
87.9992 45.9883 9.10605 48.9629 9.91966
88.0992 45.9383 9.12251 49.0215 9.9032
88.1992 45.8883 9.13897 49.0802 9.88674
88.2992 45.8383 9.15543 49.1389 9.87028
88.3992 45.7883 9.17189 49.1976 9.85382
88.4992 45.7383 9.18835 49.2563 9.83736
88.5992 45.6883 9.20481 49.315 9.8209
88.6992 45.6383 9.22128 49.3738 9.80444
88.7992 45.5883 9.23774 49.4325 9.78797
88.8992 45.5383 9.25421 49.4913 9.77151
88.9992 45.4883 9.27067 49.5501 9.75504
89.0992 45.4383 9.28714 49.6089 9.73858
89.1992 45.3883 9.3036 49.6677 9.72211
89.2992 45.3383 9.32007 49.7265 9.70565
89.3992 45.2883 9.33654 49.7854 9.68918
89.4992 45.2383 9.353 49.8442 9.67271
89.5992 45.1883 9.36947 49.9031 9.65624
89.6992 45.1383 9.38594 49.962 9.63978
89.7992 45.0883 9.40241 50.0209 9.62331
89.8992 45.0383 9.41887 50.0798 9.60684
89.9992 44.9883 9.43534 50.1388 9.59037
90.0992 44.9383 9.45181 50.1977 9.57391
90.1992 44.8883 9.46828 50.2567 9.55744
90.2992 44.8383 9.48474 50.3157 9.54097
90.3992 44.7883 9.50121 50.3747 9.5245
90.4992 44.7383 9.51768 50.4337 9.50804
90.5992 44.6883 9.53415 50.4927 9.49157
90.6992 44.6383 9.55061 50.5518 9.4751
90.7992 44.5883 9.56708 50.6108 9.45864
90.8992 44.5383 9.58354 50.6699 9.44217
90.9992 44.4883 9.60001 50.729 9.4257
91.0992 44.4383 9.61647 50.7881 9.40924
91.1992 44.3883 9.63294 50.8472 9.39278
91.2992 44.3383 9.6494 50.9064 9.37631
91.3992 44.2883 9.66587 50.9655 9.35985
91.4992 44.2383 9.68233 51.0247 9.34339
91.5992 44.1883 9.69879 51.0839 9.32692
91.6992 44.1383 9.71525 51.1431 9.31046
91.7992 44.0883 9.73171 51.2023 9.294
91.8992 44.0383 9.74817 51.2616 9.27754
91.9992 43.9883 9.76463 51.3208 9.26109
92.0992 43.9383 9.78109 51.3801 9.24463
92.1992 43.8883 9.79754 51.4394 9.22817
92.2992 43.8383 9.814 51.4987 9.21172
92.3992 43.7883 9.83045 51.558 9.19526
92.4992 43.7383 9.8469 51.6174 9.17881
92.5992 43.6883 9.86336 51.6767 9.16236
92.6992 43.6383 9.87981 51.7361 9.14591
92.7992 43.5884 9.89625 51.7955 9.12946
92.8992 43.5384 9.9127 51.8549 9.11301
92.9992 43.4884 9.92915 51.9143 9.09657
93.0992 43.4384 9.94559 51.9738 9.08012
93.1992 43.3884 9.96203 52.0332 9.06368
93.2991 43.3384 9.97848 52.0927 9.04724
93.3991 43.2884 9.99492 52.1522 9.0308
93.4991 43.2384 10.0114 52.2117 9.01436
93.5991 43.1884 10.0278 52.2712 8.99792
93.6991 43.1384 10.0442 52.3308 8.98149
93.7991 43.0884 10.0607 52.3903 8.96506
93.8991 43.0384 10.0771 52.4499 8.94863
93.9991 42.9884 10.0935 52.5095 8.9322
94.0991 42.9384 10.1099 52.5691 8.91577
94.1991 42.8884 10.1264 52.6287 8.89935
94.2991 42.8384 10.1428 52.6884 8.88292
94.3991 42.7884 10.1592 52.7481 8.8665
94.4991 42.7384 10.1756 52.8078 8.85009
94.5991 42.6884 10.192 52.8675 8.83367
94.6991 42.6384 10.2085 52.9272 8.81726
94.7991 42.5884 10.2249 52.9869 8.80085
94.8991 42.5384 10.2413 53.0467 8.78444
94.9991 42.4884 10.2577 53.1065 8.76803
95.0991 42.4384 10.2741 53.1663 8.75163
95.1991 42.3884 10.2905 53.2261 8.73522
95.2991 42.3384 10.3069 53.2859 8.71883
95.3991 42.2884 10.3233 53.3458 8.70243
95.4991 42.2384 10.3397 53.4056 8.68604
95.5991 42.1884 10.3561 53.4655 8.66965
95.6991 42.1384 10.3725 53.5254 8.65326
95.7991 42.0884 10.3888 53.5853 8.63687
95.8991 42.0384 10.4052 53.6453 8.62049
95.9991 41.9884 10.4216 53.7053 8.60411
96.0991 41.9384 10.438 53.7652 8.58774
96.1991 41.8884 10.4544 53.8252 8.57136
96.2991 41.8384 10.4707 53.8853 8.55499
96.3991 41.7884 10.4871 53.9453 8.53863
96.4991 41.7384 10.5035 54.0054 8.52226
96.5991 41.6884 10.5198 54.0654 8.5059
96.6991 41.6384 10.5362 54.1255 8.48955
96.7991 41.5885 10.5525 54.1857 8.47319
96.8991 41.5385 10.5689 54.2458 8.45684
96.9991 41.4885 10.5852 54.306 8.4405
97.0991 41.4385 10.6016 54.3661 8.42415
97.1991 41.3885 10.6179 54.4263 8.40781
97.2991 41.3385 10.6342 54.4865 8.39148
97.3991 41.2885 10.6506 54.5468 8.37514
97.4991 41.2385 10.6669 54.607 8.35881
97.5991 41.1885 10.6832 54.6673 8.34249
97.6991 41.1385 10.6995 54.7276 8.32617
97.7991 41.0885 10.7159 54.7879 8.30985
97.8991 41.0385 10.7322 54.8483 8.29354
97.9991 40.9885 10.7485 54.9086 8.27723
98.0991 40.9385 10.7648 54.969 8.26092
98.1991 40.8885 10.7811 55.0294 8.24462
98.2991 40.8385 10.7974 55.0898 8.22832
98.3991 40.7885 10.8137 55.1503 8.21203
98.4991 40.7385 10.83 55.2107 8.19574
98.5991 40.6885 10.8463 55.2712 8.17946
98.6991 40.6385 10.8625 55.3317 8.16318
98.7991 40.5885 10.8788 55.3922 8.1469
98.8991 40.5385 10.8951 55.4528 8.13063
98.9991 40.4885 10.9114 55.5133 8.11436
99.0991 40.4385 10.9276 55.5739 8.0981
99.1991 40.3885 10.9439 55.6345 8.08184
99.2991 40.3385 10.9601 55.6952 8.06559
99.3991 40.2885 10.9764 55.7558 8.04934
99.4991 40.2386 10.9926 55.8165 8.03309
99.5991 40.1886 11.0089 55.8772 8.01685
99.6991 40.1386 11.0251 55.9379 8.00062
99.799 40.0886 11.0413 55.9986 7.98439
99.899 40.0386 11.0576 56.0594 7.96816
99.999 39.9886 11.0738 56.1202 7.95194
100.099 39.9386 11.09 56.181 7.93573
100.199 39.8886 11.1062 56.2418 7.91952
100.299 39.8386 11.1224 56.3027 7.90331
100.399 39.7886 11.1386 56.3635 7.88711
100.499 39.7386 11.1548 56.4244 7.87092
100.599 39.6886 11.171 56.4853 7.85473
100.699 39.6386 11.1872 56.5463 7.83855
100.799 39.5886 11.2033 56.6072 7.82237
100.899 39.5386 11.2195 56.6682 7.80619
100.999 39.4886 11.2357 56.7292 7.79003
101.099 39.4386 11.2519 56.7903 7.77386
101.199 39.3886 11.268 56.8513 7.75771
101.299 39.3386 11.2842 56.9124 7.74155
101.399 39.2886 11.3003 56.9735 7.72541
101.499 39.2386 11.3164 57.0346 7.70927
101.599 39.1887 11.3326 57.0958 7.69313
101.699 39.1387 11.3487 57.1569 7.67701
101.799 39.0887 11.3648 57.2181 7.66088
101.899 39.0387 11.3809 57.2793 7.64477
101.999 38.9887 11.3971 57.3406 7.62866
102.099 38.9387 11.4132 57.4018 7.61255
102.199 38.8887 11.4293 57.4631 7.59645
102.299 38.8387 11.4454 57.5244 7.58036
102.399 38.7887 11.4614 57.5858 7.56427
102.499 38.7387 11.4775 57.6471 7.54819
102.599 38.6887 11.4936 57.7085 7.53212
102.699 38.6387 11.5097 57.7699 7.51605
102.799 38.5887 11.5257 57.8314 7.49999
102.899 38.5387 11.5418 57.8928 7.48393
102.999 38.4887 11.5578 57.9543 7.46788
103.099 38.4387 11.5739 58.0158 7.45184
103.199 38.3887 11.5899 58.0773 7.4358
103.299 38.3387 11.6059 58.1389 7.41977
103.399 38.2887 11.622 58.2005 7.40375
103.499 38.2388 11.638 58.2621 7.38774
103.599 38.1888 11.654 58.3237 7.37173
103.699 38.1388 11.67 58.3854 7.35572
103.799 38.0888 11.686 58.447 7.33973
103.899 38.0388 11.702 58.5087 7.32374
103.999 37.9888 11.718 58.5705 7.30776
104.099 37.9388 11.7339 58.6322 7.29178
104.199 37.8888 11.7499 58.694 7.27581
104.299 37.8388 11.7659 58.7558 7.25985
104.399 37.7888 11.7818 58.8177 7.2439
104.499 37.7388 11.7978 58.8795 7.22795
104.599 37.6888 11.8137 58.9414 7.21201
104.699 37.6388 11.8296 59.0033 7.19608
104.799 37.5888 11.8456 59.0653 7.18015
104.899 37.5388 11.8615 59.1273 7.16424
104.999 37.4888 11.8774 59.1892 7.14833
105.099 37.4388 11.8933 59.2513 7.13242
105.199 37.3889 11.9092 59.3133 7.11653
105.299 37.3389 11.9251 59.3754 7.10064
105.399 37.2889 11.941 59.4375 7.08476
105.499 37.2389 11.9568 59.4996 7.06889
105.599 37.1889 11.9727 59.5618 7.05302
105.699 37.1389 11.9886 59.624 7.03716
105.799 37.0889 12.0044 59.6862 7.02131
105.899 37.0389 12.0202 59.7484 7.00547
105.999 36.9889 12.0361 59.8107 6.98964
106.099 36.9389 12.0519 59.873 6.97381
106.199 36.8889 12.0677 59.9353 6.95799
106.299 36.8389 12.0835 59.9977 6.94218
106.399 36.7889 12.0993 60.06 6.92638
106.499 36.7389 12.1151 60.1224 6.91059
106.599 36.6889 12.1309 60.1849 6.8948
106.699 36.639 12.1467 60.2473 6.87903
106.799 36.589 12.1625 60.3098 6.86326
106.899 36.539 12.1782 60.3724 6.8475
106.999 36.489 12.194 60.4349 6.83174
107.099 36.439 12.2097 60.4975 6.816
107.199 36.389 12.2255 60.5601 6.80026
107.299 36.339 12.2412 60.6227 6.78454
107.399 36.289 12.2569 60.6854 6.76882
107.499 36.239 12.2726 60.7481 6.75311
107.599 36.189 12.2883 60.8108 6.73741
107.699 36.139 12.304 60.8736 6.72171
107.799 36.089 12.3197 60.9364 6.70603
107.899 36.039 12.3354 60.9992 6.69036
107.999 35.989 12.351 61.062 6.67469
108.099 35.9391 12.3667 61.1249 6.65903
108.199 35.8891 12.3823 61.1878 6.64338
108.299 35.8391 12.398 61.2507 6.62774
108.399 35.7891 12.4136 61.3137 6.61211
108.499 35.7391 12.4292 61.3767 6.59649
108.599 35.6891 12.4448 61.4397 6.58088
108.699 35.6391 12.4604 61.5028 6.56528
108.799 35.5891 12.476 61.5659 6.54968
108.899 35.5391 12.4916 61.629 6.5341
108.999 35.4891 12.5072 61.6922 6.51852
109.099 35.4391 12.5228 61.7554 6.50296
109.199 35.3891 12.5383 61.8186 6.4874
109.299 35.3391 12.5539 61.8818 6.47185
109.399 35.2891 12.5694 61.9451 6.45631
109.499 35.2392 12.5849 62.0084 6.44079
109.599 35.1892 12.6004 62.0718 6.42527
109.699 35.1392 12.616 62.1351 6.40976
109.799 35.0892 12.6315 62.1985 6.39426
109.899 35.0392 12.6469 62.262 6.37877
109.999 34.9892 12.6624 62.3255 6.36329
110.099 34.9392 12.6779 62.389 6.34782
110.199 34.8892 12.6934 62.4525 6.33236
110.299 34.8392 12.7088 62.5161 6.31691
110.399 34.7892 12.7242 62.5797 6.30147
110.499 34.7392 12.7397 62.6433 6.28604
110.599 34.6892 12.7551 62.707 6.27062
110.699 34.6393 12.7705 62.7707 6.25521
110.799 34.5893 12.7859 62.8345 6.23981
110.899 34.5393 12.8013 62.8982 6.22442
110.999 34.4893 12.8167 62.962 6.20904
111.099 34.4393 12.832 63.0259 6.19367
111.199 34.3893 12.8474 63.0898 6.17832
111.299 34.3393 12.8627 63.1537 6.16297
111.399 34.2893 12.8781 63.2176 6.14763
111.499 34.2393 12.8934 63.2816 6.1323
111.599 34.1893 12.9087 63.3456 6.11699
111.699 34.1393 12.924 63.4097 6.10168
111.799 34.0893 12.9393 63.4738 6.08638
111.899 34.0394 12.9546 63.5379 6.0711
111.999 33.9894 12.9699 63.602 6.05583
112.099 33.9394 12.9852 63.6662 6.04056
112.199 33.8894 13.0004 63.7305 6.02531
112.299 33.8394 13.0156 63.7947 6.01007
112.399 33.7894 13.0309 63.859 5.99484
112.499 33.7394 13.0461 63.9234 5.97962
112.599 33.6894 13.0613 63.9878 5.96441
112.699 33.6394 13.0765 64.0522 5.94921
112.799 33.5894 13.0917 64.1166 5.93402
112.899 33.5394 13.1069 64.1811 5.91885
112.999 33.4895 13.122 64.2456 5.90368
113.099 33.4395 13.1372 64.3102 5.88853
113.199 33.3895 13.1523 64.3748 5.87339
113.299 33.3395 13.1675 64.4394 5.85826
113.399 33.2895 13.1826 64.5041 5.84314
113.499 33.2395 13.1977 64.5688 5.82803
113.599 33.1895 13.2128 64.6336 5.81293
113.699 33.1395 13.2279 64.6983 5.79785
113.799 33.0895 13.2429 64.7632 5.78278
113.899 33.0395 13.258 64.828 5.76771
113.999 32.9895 13.273 64.8929 5.75266
114.099 32.9396 13.2881 64.9579 5.73763
114.199 32.8896 13.3031 65.0229 5.7226
114.299 32.8396 13.3181 65.0879 5.70759
114.399 32.7896 13.3331 65.1529 5.69258
114.499 32.7396 13.3481 65.2181 5.67759
114.599 32.6896 13.3631 65.2832 5.66261
114.699 32.6396 13.3781 65.3484 5.64764
114.799 32.5896 13.393 65.4136 5.63269
114.899 32.5396 13.408 65.4789 5.61775
114.999 32.4896 13.4229 65.5442 5.60282
115.099 32.4396 13.4378 65.6095 5.5879
115.199 32.3897 13.4527 65.6749 5.57299
115.299 32.3397 13.4676 65.7403 5.5581
115.399 32.2897 13.4825 65.8058 5.54321
115.499 32.2397 13.4974 65.8713 5.52834
115.599 32.1897 13.5122 65.9368 5.51349
115.699 32.1397 13.5271 66.0024 5.49864
115.799 32.0897 13.5419 66.0681 5.48381
115.899 32.0397 13.5567 66.1337 5.46899
115.999 31.9897 13.5715 66.1995 5.45418
116.099 31.9397 13.5863 66.2652 5.43939
116.199 31.8898 13.6011 66.331 5.4246
116.299 31.8398 13.6159 66.3969 5.40983
116.399 31.7898 13.6306 66.4628 5.39508
116.499 31.7398 13.6454 66.5287 5.38033
116.599 31.6898 13.6601 66.5947 5.3656
116.699 31.6398 13.6748 66.6607 5.35088
116.799 31.5898 13.6895 66.7268 5.33618
116.899 31.5398 13.7042 66.7929 5.32148
116.999 31.4898 13.7189 66.859 5.3068
117.099 31.4398 13.7336 66.9252 5.29214
117.199 31.3899 13.7482 66.9915 5.27748
117.299 31.3399 13.7629 67.0578 5.26284
117.399 31.2899 13.7775 67.1241 5.24822
117.499 31.2399 13.7921 67.1905 5.2336
117.599 31.1899 13.8067 67.2569 5.219
117.699 31.1399 13.8213 67.3234 5.20442
117.799 31.0899 13.8359 67.3899 5.18984
117.899 31.0399 13.8504 67.4565 5.17528
117.999 30.9899 13.865 67.5231 5.16073
118.099 30.94 13.8795 67.5898 5.1462
118.199 30.89 13.894 67.6565 5.13168
118.299 30.84 13.9085 67.7232 5.11717
118.399 30.79 13.923 67.79 5.10268
118.499 30.74 13.9375 67.8569 5.0882
118.599 30.69 13.952 67.9238 5.07374
118.699 30.64 13.9664 67.9907 5.05929
118.799 30.59 13.9809 68.0577 5.04485
118.899 30.54 13.9953 68.1248 5.03042
118.999 30.4901 14.0097 68.1918 5.01601
119.099 30.4401 14.0241 68.259 5.00162
119.199 30.3901 14.0385 68.3262 4.98723
119.299 30.3401 14.0528 68.3934 4.97287
119.399 30.2901 14.0672 68.4607 4.95851
119.499 30.2401 14.0815 68.528 4.94417
119.599 30.1901 14.0959 68.5954 4.92985
119.699 30.1401 14.1102 68.6629 4.91553
119.799 30.0901 14.1245 68.7304 4.90124
119.899 30.0402 14.1388 68.7979 4.88695
119.999 29.9902 14.153 68.8655 4.87269
120.099 29.9402 14.1673 68.9331 4.85843
120.199 29.8902 14.1815 69.0008 4.84419
120.299 29.8402 14.1957 69.0686 4.82996
120.399 29.7902 14.21 69.1364 4.81575
120.499 29.7402 14.2242 69.2043 4.80156
120.599 29.6902 14.2383 69.2722 4.78738
120.699 29.6402 14.2525 69.3401 4.77321
120.799 29.5903 14.2667 69.4081 4.75906
120.899 29.5403 14.2808 69.4762 4.74492
120.999 29.4903 14.2949 69.5443 4.73079
121.099 29.4403 14.309 69.6125 4.71669
121.199 29.3903 14.3231 69.6807 4.70259
121.299 29.3403 14.3372 69.749 4.68851
121.399 29.2903 14.3513 69.8174 4.67445
121.499 29.2403 14.3653 69.8857 4.6604
121.599 29.1903 14.3793 69.9542 4.64637
121.699 29.1404 14.3934 70.0227 4.63235
121.799 29.0904 14.4074 70.0913 4.61834
121.899 29.0404 14.4214 70.1599 4.60436
121.999 28.9904 14.4353 70.2286 4.59038
122.099 28.9404 14.4493 70.2973 4.57643
122.199 28.8904 14.4632 70.3661 4.56248
122.299 28.8404 14.4772 70.4349 4.54855
122.399 28.7904 14.4911 70.5038 4.53464
122.499 28.7405 14.505 70.5728 4.52075
122.599 28.6905 14.5188 70.6418 4.50686
122.699 28.6405 14.5327 70.7109 4.493
122.799 28.5905 14.5466 70.78 4.47915
122.899 28.5405 14.5604 70.8492 4.46531
122.999 28.4905 14.5742 70.9185 4.4515
123.099 28.4405 14.588 70.9878 4.43769
123.199 28.3905 14.6018 71.0572 4.4239
123.299 28.3406 14.6156 71.1266 4.41013
123.399 28.2906 14.6293 71.1961 4.39638
123.499 28.2406 14.6431 71.2657 4.38264
123.599 28.1906 14.6568 71.3353 4.36891
123.699 28.1406 14.6705 71.405 4.3552
123.799 28.0906 14.6842 71.4747 4.34151
123.899 28.0406 14.6979 71.5445 4.32783
123.999 27.9906 14.7115 71.6144 4.31417
124.099 27.9407 14.7252 71.6843 4.30053
124.199 27.8907 14.7388 71.7543 4.2869
124.299 27.8407 14.7524 71.8244 4.27329
124.399 27.7907 14.766 71.8945 4.25969
124.499 27.7407 14.7796 71.9647 4.24611
124.599 27.6907 14.7932 72.0349 4.23255
124.699 27.6407 14.8067 72.1053 4.219
124.799 27.5907 14.8202 72.1756 4.20547
124.899 27.5408 14.8338 72.2461 4.19196
124.999 27.4908 14.8473 72.3166 4.17846
125.099 27.4408 14.8607 72.3872 4.16498
125.199 27.3908 14.8742 72.4578 4.15151
125.299 27.3408 14.8877 72.5286 4.13806
125.399 27.2908 14.9011 72.5993 4.12463
125.499 27.2408 14.9145 72.6702 4.11122
125.599 27.1908 14.9279 72.7411 4.09782
125.699 27.1409 14.9413 72.8121 4.08443
125.799 27.0909 14.9546 72.8831 4.07107
125.899 27.0409 14.968 72.9543 4.05772
125.999 26.9909 14.9813 73.0255 4.04439
126.099 26.9409 14.9946 73.0967 4.03108
126.199 26.8909 15.0079 73.1681 4.01778
126.299 26.8409 15.0212 73.2395 4.0045
126.399 26.791 15.0345 73.3109 3.99123
126.499 26.741 15.0477 73.3825 3.97799
126.599 26.691 15.061 73.4541 3.96476
126.699 26.641 15.0742 73.5258 3.95155
126.799 26.591 15.0874 73.5975 3.93835
126.899 26.541 15.1005 73.6694 3.92517
126.999 26.491 15.1137 73.7413 3.91201
127.099 26.441 15.1268 73.8133 3.89887
127.199 26.3911 15.14 73.8853 3.88574
127.299 26.3411 15.1531 73.9575 3.87263
127.399 26.2911 15.1662 74.0297 3.85954
127.499 26.2411 15.1792 74.102 3.84647
127.599 26.1911 15.1923 74.1743 3.83341
127.699 26.1411 15.2053 74.2467 3.82037
127.799 26.0911 15.2184 74.3193 3.80735
127.899 26.0412 15.2314 74.3918 3.79435
127.999 25.9912 15.2444 74.4645 3.78136
128.099 25.9412 15.2573 74.5373 3.7684
128.199 25.8912 15.2703 74.6101 3.75544
128.299 25.8412 15.2832 74.683 3.74251
128.399 25.7912 15.2961 74.756 3.7296
128.499 25.7412 15.309 74.829 3.7167
128.599 25.6912 15.3219 74.9022 3.70382
128.699 25.6412 15.3348 74.9754 3.69095
128.799 25.5913 15.3476 75.0487 3.67811
128.899 25.5413 15.3604 75.1221 3.66528
128.999 25.4913 15.3732 75.1956 3.65248
129.099 25.4413 15.386 75.2691 3.63969
129.199 25.3913 15.3988 75.3428 3.62691
129.299 25.3413 15.4116 75.4165 3.61416
129.399 25.2913 15.4243 75.4903 3.60143
129.499 25.2413 15.437 75.5642 3.58871
129.599 25.1913 15.4497 75.6381 3.57601
129.699 25.1413 15.4624 75.7122 3.56333
129.799 25.0914 15.475 75.7863 3.55067
129.899 25.0414 15.4877 75.8606 3.53802
129.999 24.9914 15.5003 75.9349 3.5254
130.099 24.9414 15.5129 76.0093 3.51279
130.199 24.8914 15.5255 76.0838 3.5002
130.299 24.8414 15.5381 76.1584 3.48763
130.399 24.7914 15.5506 76.233 3.47508
130.499 24.7414 15.5632 76.3078 3.46255
130.599 24.6914 15.5757 76.3826 3.45003
130.699 24.6415 15.5882 76.4576 3.43754
130.799 24.5915 15.6007 76.5326 3.42506
130.899 24.5415 15.6131 76.6077 3.4126
130.999 24.4915 15.6255 76.6829 3.40016
131.099 24.4415 15.638 76.7582 3.38774
131.199 24.3915 15.6504 76.8336 3.37534
131.299 24.3415 15.6628 76.9091 3.36296
131.399 24.2915 15.6751 76.9847 3.3506
131.499 24.2415 15.6875 77.0603 3.33825
131.599 24.1915 15.6998 77.1361 3.32593
131.699 24.1416 15.7121 77.212 3.31362
131.799 24.0916 15.7244 77.2879 3.30133
131.899 24.0416 15.7366 77.364 3.28907
131.999 23.9916 15.7489 77.4402 3.27682
132.099 23.9416 15.7611 77.5164 3.26459
132.199 23.8916 15.7733 77.5928 3.25238
132.299 23.8416 15.7855 77.6692 3.24019
132.399 23.7916 15.7977 77.7458 3.22802
132.499 23.7416 15.8099 77.8224 3.21586
132.599 23.6917 15.822 77.8992 3.20373
132.699 23.6417 15.8341 77.976 3.19162
132.799 23.5917 15.8462 78.053 3.17952
132.899 23.5417 15.8583 78.13 3.16745
132.999 23.4917 15.8703 78.2072 3.1554
133.099 23.4417 15.8824 78.2845 3.14336
133.199 23.3917 15.8944 78.3618 3.13134
133.299 23.3417 15.9064 78.4393 3.11935
133.399 23.2917 15.9183 78.5169 3.10737
133.499 23.2418 15.9303 78.5946 3.09542
133.599 23.1918 15.9422 78.6724 3.08348
133.699 23.1418 15.9542 78.7503 3.07156
133.799 23.0918 15.966 78.8283 3.05967
133.899 23.0418 15.9779 78.9064 3.04779
133.999 22.9918 15.9898 78.9846 3.03593
134.099 22.9418 16.0016 79.063 3.0241
134.199 22.8918 16.0134 79.1414 3.01228
134.299 22.8419 16.0252 79.22 3.00048
134.399 22.7919 16.037 79.2987 2.9887
134.499 22.7419 16.0488 79.3774 2.97695
134.599 22.6919 16.0605 79.4563 2.96521
134.699 22.6419 16.0722 79.5354 2.9535
134.799 22.5919 16.0839 79.6145 2.9418
134.899 22.5419 16.0956 79.6937 2.93012
134.999 22.4919 16.1072 79.7731 2.91847
135.099 22.4419 16.1189 79.8526 2.90683
135.199 22.392 16.1305 79.9322 2.89522
135.299 22.342 16.1421 80.0119 2.88362
135.399 22.292 16.1537 80.0917 2.87205
135.499 22.242 16.1652 80.1717 2.86049
135.599 22.192 16.1768 80.2518 2.84896
135.699 22.142 16.1883 80.332 2.83745
135.799 22.092 16.1998 80.4123 2.82596
135.899 22.042 16.2112 80.4927 2.81448
135.999 21.9921 16.2227 80.5733 2.80303
136.099 21.9421 16.2341 80.654 2.7916
136.199 21.8921 16.2455 80.7348 2.78019
136.299 21.8421 16.2569 80.8158 2.76881
136.399 21.7921 16.2683 80.8968 2.75744
136.499 21.7421 16.2796 80.978 2.74609
136.599 21.6921 16.291 81.0594 2.73476
136.699 21.6421 16.3023 81.1408 2.72346
136.799 21.5922 16.3135 81.2224 2.71217
136.899 21.5422 16.3248 81.3042 2.70091
136.999 21.4922 16.336 81.386 2.68967
137.099 21.4422 16.3473 81.468 2.67845
137.199 21.3922 16.3585 81.5501 2.66725
137.299 21.3422 16.3696 81.6324 2.65607
137.399 21.2922 16.3808 81.7148 2.64491
137.499 21.2422 16.3919 81.7973 2.63377
137.599 21.1923 16.4031 81.88 2.62266
137.699 21.1423 16.4142 81.9628 2.61156
137.799 21.0923 16.4252 82.0457 2.60049
137.899 21.0423 16.4363 82.1288 2.58944
137.999 20.9923 16.4473 82.2121 2.5784
138.099 20.9423 16.4583 82.2954 2.5674
138.199 20.8923 16.4693 82.3789 2.55641
138.299 20.8423 16.4803 82.4626 2.54544
138.399 20.7924 16.4912 82.5464 2.5345
138.499 20.7424 16.5021 82.6304 2.52357
138.599 20.6924 16.513 82.7144 2.51267
138.699 20.6424 16.5239 82.7987 2.50179
138.799 20.5924 16.5348 82.8831 2.49093
138.899 20.5424 16.5456 82.9676 2.48009
138.999 20.4924 16.5564 83.0523 2.46928
139.099 20.4424 16.5672 83.1372 2.45848
139.199 20.3925 16.578 83.2222 2.44771
139.299 20.3425 16.5888 83.3073 2.43696
139.399 20.2925 16.5995 83.3926 2.42623
139.499 20.2425 16.6102 83.4781 2.41553
139.599 20.1925 16.6209 83.5637 2.40484
139.699 20.1425 16.6315 83.6495 2.39418
139.799 20.0925 16.6422 83.7354 2.38354
139.899 20.0425 16.6528 83.8216 2.37292
139.999 19.9926 16.6634 83.9078 2.36232
140.099 19.9426 16.674 83.9942 2.35174
140.199 19.8926 16.6845 84.0808 2.34119
140.299 19.8426 16.6951 84.1676 2.33066
140.399 19.7926 16.7056 84.2545 2.32015
140.499 19.7426 16.716 84.3416 2.30966
140.599 19.6926 16.7265 84.4289 2.2992
140.699 19.6427 16.737 84.5163 2.28876
140.799 19.5927 16.7474 84.6039 2.27834
140.899 19.5427 16.7578 84.6916 2.26794
140.999 19.4927 16.7682 84.7796 2.25756
141.099 19.4427 16.7785 84.8677 2.24721
141.199 19.3927 16.7888 84.956 2.23688
141.299 19.3427 16.7991 85.0445 2.22657
141.399 19.2927 16.8094 85.1331 2.21629
141.499 19.2428 16.8197 85.2219 2.20602
141.599 19.1928 16.8299 85.311 2.19578
141.699 19.1428 16.8402 85.4001 2.18556
141.799 19.0928 16.8503 85.4895 2.17537
141.899 19.0428 16.8605 85.5791 2.16519
141.999 18.9928 16.8707 85.6688 2.15504
142.099 18.9428 16.8808 85.7588 2.14491
142.199 18.8929 16.8909 85.8489 2.13481
142.299 18.8429 16.901 85.9392 2.12473
142.399 18.7929 16.911 86.0297 2.11467
142.499 18.7429 16.9211 86.1204 2.10463
142.6 18.6929 16.9311 86.2113 2.09461
142.7 18.6429 16.9411 86.3024 2.08462
142.8 18.5929 16.9511 86.3936 2.07465
142.9 18.543 16.961 86.4851 2.06471
143 18.493 16.9709 86.5768 2.05479
143.1 18.443 16.9808 86.6687 2.04489
143.2 18.393 16.9907 86.7608 2.03501
143.3 18.343 17.0006 86.8531 2.02515
143.4 18.293 17.0104 86.9456 2.01532
143.5 18.243 17.0202 87.0383 2.00552
143.6 18.193 17.03 87.1312 1.99573
143.7 18.1431 17.0397 87.2243 1.98597
143.8 18.0931 17.0495 87.3176 1.97623
143.9 18.0431 17.0592 87.4112 1.96652
144 17.9931 17.0689 87.5049 1.95682
144.1 17.9431 17.0786 87.5989 1.94716
144.2 17.8931 17.0882 87.6931 1.93751
144.3 17.8431 17.0978 87.7876 1.92789
144.4 17.7932 17.1074 87.8822 1.91829
144.5 17.7432 17.117 87.9771 1.90871
144.6 17.6932 17.1266 88.0721 1.89916
144.7 17.6432 17.1361 88.1675 1.88963
144.8 17.5932 17.1456 88.263 1.88013
144.9 17.5432 17.1551 88.3588 1.87065
145 17.4932 17.1645 88.4548 1.86119
145.1 17.4433 17.174 88.551 1.85175
145.2 17.3933 17.1834 88.6475 1.84234
145.3 17.3433 17.1928 88.7442 1.83296
145.4 17.2933 17.2021 88.8412 1.82359
145.5 17.2433 17.2115 88.9384 1.81425
145.6 17.1933 17.2208 89.0358 1.80494
145.7 17.1433 17.2301 89.1335 1.79564
145.8 17.0934 17.2393 89.2314 1.78637
145.9 17.0434 17.2486 89.3296 1.77713
146 16.9934 17.2578 89.4281 1.76791
146.1 16.9434 17.267 89.5267 1.75871
146.2 16.8934 17.2762 89.6257 1.74954
146.3 16.8434 17.2853 89.7249 1.74039
146.4 16.7934 17.2945 89.8243 1.73126
146.5 16.7435 17.3036 89.9241 1.72216
146.6 16.6935 17.3126 90.024 1.71308
146.7 16.6435 17.3217 90.1243 1.70403
146.8 16.5935 17.3307 90.2248 1.695
146.9 16.5435 17.3397 90.3256 1.68599
147 16.4935 17.3487 90.4266 1.67701
147.1 16.4435 17.3577 90.528 1.66805
147.2 16.3936 17.3666 90.6296 1.65912
147.3 16.3436 17.3755 90.7314 1.65021
147.4 16.2936 17.3844 90.8336 1.64132
147.5 16.2436 17.3933 90.936 1.63246
147.6 16.1936 17.4021 91.0388 1.62363
147.7 16.1436 17.4109 91.1418 1.61481
147.8 16.0937 17.4197 91.2451 1.60603
147.9 16.0437 17.4285 91.3487 1.59726
148 15.9937 17.4372 91.4526 1.58852
148.1 15.9437 17.4459 91.5568 1.57981
148.2 15.8937 17.4546 91.6613 1.57112
148.3 15.8437 17.4633 91.766 1.56245
148.4 15.7937 17.4719 91.8711 1.55381
148.5 15.7438 17.4805 91.9765 1.54519
148.6 15.6938 17.4891 92.0822 1.5366
148.7 15.6438 17.4977 92.1883 1.52803
148.8 15.5938 17.5062 92.2946 1.51949
148.9 15.5438 17.5147 92.4013 1.51097
149 15.4938 17.5232 92.5082 1.50247
149.1 15.4438 17.5317 92.6155 1.494
149.2 15.3939 17.5402 92.7231 1.48556
149.3 15.3439 17.5486 92.8311 1.47714
149.4 15.2939 17.557 92.9394 1.46874
149.5 15.2439 17.5653 93.048 1.46037
149.6 15.1939 17.5737 93.1569 1.45202
149.7 15.1439 17.582 93.2662 1.4437
149.8 15.094 17.5903 93.3759 1.43541
149.9 15.044 17.5986 93.4858 1.42713
150 14.994 17.6068 93.5962 1.41889
150.1 14.944 17.615 93.7068 1.41066
150.2 14.894 17.6232 93.8179 1.40247
150.3 14.844 17.6314 93.9292 1.3943
150.4 14.794 17.6396 94.041 1.38615
150.5 14.7441 17.6477 94.1531 1.37803
150.6 14.6941 17.6558 94.2656 1.36993
150.7 14.6441 17.6639 94.3784 1.36186
150.8 14.5941 17.6719 94.4916 1.35381
150.9 14.5441 17.6799 94.6052 1.34579
151 14.4941 17.6879 94.7192 1.33779
151.1 14.4441 17.6959 94.8336 1.32982
151.2 14.3942 17.7038 94.9483 1.32187
151.3 14.3442 17.7118 95.0634 1.31395
151.4 14.2942 17.7197 95.179 1.30605
151.5 14.2442 17.7275 95.2949 1.29818
151.6 14.1942 17.7354 95.4112 1.29034
151.7 14.1442 17.7432 95.5279 1.28252
151.8 14.0943 17.751 95.6451 1.27472
151.9 14.0443 17.7588 95.7626 1.26695
152 13.9943 17.7665 95.8806 1.25921
152.1 13.9443 17.7742 95.9989 1.25149
152.2 13.8943 17.7819 96.1177 1.2438
152.3 13.8443 17.7896 96.237 1.23613
152.4 13.7944 17.7972 96.3566 1.22848
152.5 13.7444 17.8048 96.4767 1.22087
152.6 13.6944 17.8124 96.5972 1.21328
152.7 13.6444 17.82 96.7182 1.20571
152.8 13.5944 17.8275 96.8396 1.19817
152.9 13.5444 17.8351 96.9615 1.19065
153 13.4944 17.8426 97.0838 1.18316
153.1 13.4445 17.85 97.2066 1.1757
153.2 13.3945 17.8575 97.3298 1.16826
153.3 13.3445 17.8649 97.4535 1.16085
153.4 13.2945 17.8723 97.5777 1.15346
153.5 13.2445 17.8796 97.7023 1.1461
153.6 13.1945 17.8869 97.8275 1.13877
153.7 13.1446 17.8943 97.9531 1.13146
153.8 13.0946 17.9015 98.0792 1.12417
153.9 13.0446 17.9088 98.2058 1.11691
154 12.9946 17.916 98.3329 1.10968
154.1 12.9446 17.9232 98.4605 1.10247
154.2 12.8946 17.9304 98.5886 1.09529
154.3 12.8447 17.9376 98.7172 1.08814
154.4 12.7947 17.9447 98.8464 1.08101
154.5 12.7447 17.9518 98.976 1.07391
154.6 12.6947 17.9589 99.1062 1.06683
154.7 12.6447 17.9659 99.2369 1.05978
154.8 12.5947 17.973 99.3682 1.05275
154.9 12.5447 17.98 99.5 1.04575
155 12.4948 17.9869 99.6324 1.03878
155.1 12.4448 17.9939 99.7653 1.03183
155.2 12.3948 18.0008 99.8987 1.02491
155.3 12.3448 18.0077 100.033 1.01802
155.4 12.2948 18.0146 100.167 1.01115
155.5 12.2448 18.0214 100.303 1.00431
155.6 12.1949 18.0282 100.438 0.997491
155.7 12.1449 18.035 100.575 0.990701
155.8 12.0949 18.0418 100.712 0.983937
155.9 12.0449 18.0485 100.849 0.977199
156 11.9949 18.0552 100.987 0.970487
156.1 11.9449 18.0619 101.126 0.963802
156.2 11.895 18.0686 101.265 0.957143
156.3 11.845 18.0752 101.405 0.95051
156.4 11.795 18.0818 101.546 0.943904
156.5 11.745 18.0884 101.687 0.937324
156.6 11.695 18.0949 101.829 0.93077
156.7 11.645 18.1015 101.972 0.924243
156.8 11.5951 18.108 102.115 0.917742
156.9 11.5451 18.1144 102.259 0.911267
157 11.4951 18.1209 102.403 0.904819
157.1 11.4451 18.1273 102.548 0.898397
157.2 11.3951 18.1337 102.694 0.892002
157.3 11.3451 18.1401 102.841 0.885634
157.4 11.2952 18.1464 102.988 0.879291
157.5 11.2452 18.1527 103.136 0.872976
157.6 11.1952 18.159 103.285 0.866687
157.7 11.1452 18.1653 103.434 0.860424
157.8 11.0952 18.1715 103.584 0.854189
157.9 11.0452 18.1777 103.735 0.847979
158 10.9953 18.1839 103.887 0.841797
158.1 10.9453 18.1901 104.039 0.835641
158.2 10.8953 18.1962 104.192 0.829511
158.3 10.8453 18.2023 104.346 0.823409
158.4 10.7953 18.2084 104.501 0.817333
158.5 10.7453 18.2144 104.656 0.811284
158.6 10.6954 18.2205 104.812 0.805261
158.7 10.6454 18.2264 104.969 0.799266
158.8 10.5954 18.2324 105.127 0.793297
158.9 10.5454 18.2384 105.285 0.787355
159.001 10.4954 18.2443 105.445 0.78144
159.101 10.4454 18.2502 105.605 0.775551
159.201 10.3955 18.256 105.766 0.76969
159.301 10.3455 18.2619 105.928 0.763855
159.401 10.2955 18.2677 106.091 0.758047
159.501 10.2455 18.2734 106.255 0.752266
159.601 10.1955 18.2792 106.419 0.746512
159.701 10.1455 18.2849 106.585 0.740785
159.801 10.0956 18.2906 106.751 0.735085
159.901 10.0456 18.2963 106.918 0.729412
160.001 9.99559 18.3019 107.086 0.723766
160.101 9.9456 18.3076 107.255 0.718147
160.201 9.89562 18.3132 107.425 0.712555
160.301 9.84564 18.3187 107.596 0.70699
160.401 9.79565 18.3243 107.768 0.701452
160.501 9.74567 18.3298 107.941 0.695941
160.601 9.69569 18.3353 108.115 0.690457
160.701 9.6457 18.3407 108.289 0.685001
160.801 9.59572 18.3461 108.465 0.679571
160.901 9.54574 18.3515 108.642 0.674169
161.001 9.49575 18.3569 108.82 0.668794
161.101 9.44577 18.3623 108.999 0.663446
161.201 9.39579 18.3676 109.178 0.658125
161.301 9.3458 18.3729 109.359 0.652831
161.401 9.29582 18.3781 109.541 0.647565
161.501 9.24584 18.3834 109.724 0.642326
161.601 9.19585 18.3886 109.909 0.637114
161.701 9.14587 18.3938 110.094 0.631929
161.801 9.09589 18.3989 110.28 0.626772
161.901 9.04591 18.4041 110.468 0.621642
162.001 8.99592 18.4092 110.656 0.616539
162.101 8.94594 18.4143 110.846 0.611464
162.201 8.89596 18.4193 111.037 0.606416
162.301 8.84597 18.4243 111.229 0.601395
162.401 8.79599 18.4293 111.423 0.596402
162.501 8.74601 18.4343 111.617 0.591436
162.601 8.69603 18.4392 111.813 0.586498
162.701 8.64604 18.4441 112.01 0.581587
162.801 8.59606 18.449 112.208 0.576703
162.901 8.54608 18.4539 112.407 0.571847
163.001 8.49609 18.4587 112.608 0.567019
163.101 8.44611 18.4635 112.81 0.562217
163.201 8.39613 18.4683 113.013 0.557444
163.301 8.34614 18.473 113.218 0.552698
163.401 8.29616 18.4777 113.424 0.547979
163.501 8.24618 18.4824 113.631 0.543288
163.601 8.1962 18.4871 113.84 0.538625
163.701 8.14621 18.4917 114.05 0.533989
163.801 8.09623 18.4963 114.261 0.529381
163.901 8.04625 18.5009 114.474 0.5248
164.001 7.99627 18.5055 114.688 0.520247
164.101 7.94628 18.51 114.904 0.515721
164.201 7.8963 18.5145 115.121 0.511224
164.301 7.84632 18.519 115.34 0.506753
164.401 7.79633 18.5234 115.56 0.502311
164.501 7.74635 18.5278 115.781 0.497896
164.601 7.69637 18.5322 116.005 0.493509
164.701 7.64639 18.5366 116.229 0.48915
164.801 7.5964 18.5409 116.455 0.484818
164.901 7.54642 18.5452 116.683 0.480514
165.001 7.49644 18.5495 116.913 0.476238
165.101 7.44646 18.5537 117.144 0.47199
165.201 7.39647 18.5579 117.376 0.467769
165.301 7.34649 18.5621 117.611 0.463576
165.401 7.29651 18.5663 117.846 0.459411
165.501 7.24652 18.5704 118.084 0.455274
165.601 7.19654 18.5745 118.323 0.451165
165.701 7.14656 18.5786 118.565 0.447083
165.801 7.09658 18.5827 118.807 0.44303
165.901 7.04659 18.5867 119.052 0.439004
166.001 6.99661 18.5907 119.298 0.435006
166.101 6.94663 18.5947 119.547 0.431036
166.201 6.89665 18.5986 119.797 0.427094
166.301 6.84666 18.6025 120.048 0.42318
166.401 6.79668 18.6064 120.302 0.419293
166.501 6.7467 18.6103 120.558 0.415435
166.601 6.69672 18.6141 120.815 0.411605
166.701 6.64673 18.6179 121.075 0.407802
166.801 6.59675 18.6217 121.336 0.404028
166.901 6.54677 18.6254 121.6 0.400282
167.001 6.49679 18.6292 121.865 0.396563
167.101 6.4468 18.6328 122.132 0.392873
167.201 6.39682 18.6365 122.402 0.38921
167.301 6.34684 18.6401 122.673 0.385576
167.401 6.29686 18.6437 122.947 0.381969
167.501 6.24687 18.6473 123.223 0.378391
167.601 6.19689 18.6509 123.501 0.374841
167.701 6.14691 18.6544 123.781 0.371319
167.801 6.09693 18.6579 124.063 0.367825
167.901 6.04694 18.6614 124.347 0.364359
168.001 5.99696 18.6648 124.634 0.360921
168.101 5.94698 18.6682 124.923 0.357511
168.201 5.897 18.6716 125.214 0.35413
168.301 5.84701 18.6749 125.507 0.350776
168.401 5.79703 18.6783 125.803 0.347451
168.501 5.74705 18.6816 126.101 0.344154
168.601 5.69707 18.6848 126.402 0.340885
168.701 5.64708 18.6881 126.705 0.337644
168.801 5.5971 18.6913 127.01 0.334431
168.901 5.54712 18.6945 127.318 0.331247
169.001 5.49714 18.6976 127.628 0.32809
169.101 5.44716 18.7008 127.941 0.324962
169.201 5.39717 18.7039 128.256 0.321863
169.301 5.34719 18.7069 128.574 0.318791
169.401 5.29721 18.71 128.895 0.315748
169.501 5.24723 18.713 129.218 0.312733
169.601 5.19724 18.716 129.544 0.309746
169.701 5.14726 18.7189 129.872 0.306787
169.801 5.09728 18.7219 130.203 0.303857
169.901 5.0473 18.7248 130.537 0.300955
170.001 4.99731 18.7276 130.873 0.298082
170.101 4.94733 18.7305 131.213 0.295236
170.201 4.89735 18.7333 131.555 0.292419
170.301 4.84737 18.7361 131.9 0.289631
170.401 4.79739 18.7388 132.247 0.28687
170.501 4.7474 18.7416 132.598 0.284138
170.601 4.69742 18.7443 132.951 0.281435
170.701 4.64744 18.747 133.308 0.278759
170.801 4.59746 18.7496 133.667 0.276112
170.901 4.54747 18.7522 134.029 0.273494
171.001 4.49749 18.7548 134.395 0.270904
171.101 4.44751 18.7574 134.763 0.268342
171.201 4.39753 18.7599 135.134 0.265809
171.301 4.34755 18.7624 135.508 0.263304
171.401 4.29756 18.7649 135.886 0.260827
171.501 4.24758 18.7673 136.266 0.258379
171.601 4.1976 18.7698 136.65 0.255959
171.701 4.14762 18.7721 137.037 0.253568
171.801 4.09763 18.7745 137.427 0.251205
171.901 4.04765 18.7768 137.82 0.248871
172.001 3.99767 18.7791 138.217 0.246565
172.101 3.94769 18.7814 138.616 0.244287
172.201 3.89771 18.7837 139.019 0.242039
172.301 3.84772 18.7859 139.425 0.239818
172.401 3.79774 18.7881 139.835 0.237626
172.501 3.74776 18.7903 140.248 0.235463
172.601 3.69778 18.7924 140.664 0.233327
172.701 3.6478 18.7945 141.083 0.231221
172.801 3.59781 18.7966 141.506 0.229143
172.901 3.54783 18.7986 141.932 0.227094
173.001 3.49785 18.8006 142.362 0.225073
173.101 3.44787 18.8026 142.795 0.22308
173.201 3.39788 18.8046 143.231 0.221116
173.301 3.3479 18.8065 143.671 0.219181
173.401 3.29792 18.8084 144.114 0.217274
173.501 3.24794 18.8103 144.561 0.215396
173.601 3.19796 18.8122 145.011 0.213546
173.701 3.14797 18.814 145.464 0.211725
173.801 3.09799 18.8158 145.921 0.209933
173.901 3.04801 18.8175 146.382 0.208169
174.001 2.99803 18.8193 146.846 0.206433
174.101 2.94805 18.821 147.313 0.204727
174.201 2.89806 18.8227 147.784 0.203048
174.301 2.84808 18.8243 148.258 0.201399
174.401 2.7981 18.8259 148.736 0.199778
174.501 2.74812 18.8275 149.217 0.198185
174.601 2.69814 18.8291 149.702 0.196622
174.701 2.64815 18.8306 150.19 0.195087
174.801 2.59817 18.8321 150.682 0.19358
174.901 2.54819 18.8336 151.177 0.192102
175.001 2.49821 18.8351 151.675 0.190653
175.101 2.44823 18.8365 152.177 0.189232
175.201 2.39824 18.8379 152.682 0.18784
175.301 2.34826 18.8392 153.191 0.186477
175.402 2.29828 18.8406 153.702 0.185142
175.502 2.2483 18.8419 154.218 0.183836
175.602 2.19832 18.8432 154.736 0.182559
175.702 2.14833 18.8444 155.258 0.18131
175.802 2.09835 18.8456 155.783 0.18009
175.902 2.04837 18.8468 156.311 0.178899
176.002 1.99839 18.848 156.842 0.177736
176.102 1.9484 18.8491 157.376 0.176602
176.202 1.89842 18.8502 157.914 0.175496
176.302 1.84844 18.8513 158.454 0.17442
176.402 1.79846 18.8523 158.998 0.173372
176.502 1.74848 18.8534 159.544 0.172353
176.602 1.69849 18.8544 160.093 0.171362
176.702 1.64851 18.8553 160.645 0.1704
176.802 1.59853 18.8562 161.2 0.169467
176.902 1.54855 18.8572 161.758 0.168562
177.002 1.49857 18.858 162.318 0.167686
177.102 1.44858 18.8589 162.882 0.166839
177.202 1.3986 18.8597 163.447 0.166021
177.302 1.34862 18.8605 164.015 0.165231
177.402 1.29864 18.8612 164.586 0.16447
177.502 1.24866 18.862 165.159 0.163738
177.602 1.19868 18.8627 165.734 0.163034
177.702 1.14869 18.8634 166.311 0.16236
177.802 1.09871 18.864 166.891 0.161714
177.902 1.04873 18.8646 167.472 0.161096
178.002 0.998747 18.8652 168.056 0.160508
178.102 0.948765 18.8658 168.642 0.159948
178.202 0.898783 18.8663 169.229 0.159416
178.302 0.848801 18.8668 169.818 0.158914
178.402 0.798819 18.8673 170.409 0.15844
178.502 0.748837 18.8677 171.001 0.157995
178.602 0.698855 18.8681 171.595 0.157579
178.702 0.648873 18.8685 172.19 0.157191
178.802 0.598891 18.8689 172.787 0.156833
178.902 0.548909 18.8692 173.385 0.156503
179.002 0.498927 18.8695 173.983 0.156201
179.102 0.448945 18.8698 174.583 0.155929
179.202 0.398964 18.87 175.184 0.155685
179.302 0.348982 18.8702 175.786 0.15547
179.402 0.299 18.8704 176.388 0.155284
179.502 0.249018 18.8706 176.991 0.155126
179.602 0.199036 18.8707 177.594 0.154997
179.702 0.149054 18.8708 178.198 0.154897
179.802 0.0990718 18.8709 178.802 0.154826
179.902 0.0490898 18.8709 179.406 0.154783
