0 179.787 0 0 36.0808
0.1 89.9499 2.05997e-05 0.0249551 36.0807
0.2 89.8998 8.23988e-05 0.0499102 36.0807
0.3 89.8497 0.000185397 0.0748653 36.0806
0.4 89.7996 0.000329594 0.0998203 36.0804
0.5 89.7495 0.00051499 0.124775 36.0802
0.6 89.6995 0.000741583 0.14973 36.08
0.7 89.6494 0.00100937 0.174684 36.0798
0.8 89.5993 0.00131836 0.199639 36.0794
0.9 89.5492 0.00166854 0.224593 36.0791
1 89.4991 0.00205992 0.249547 36.0787
1.1 89.449 0.00249249 0.2745 36.0783
1.2 89.3989 0.00296625 0.299454 36.0778
1.3 89.3488 0.0034812 0.324406 36.0773
1.4 89.2987 0.00403734 0.349359 36.0767
1.5 89.2486 0.00463467 0.374311 36.0761
1.6 89.1986 0.00527319 0.399263 36.0755
1.7 89.1485 0.00595288 0.424214 36.0748
1.8 89.0984 0.00667376 0.449165 36.0741
1.9 89.0483 0.00743582 0.474115 36.0733
2 88.9982 0.00823905 0.499065 36.0725
2.1 88.9481 0.00908346 0.524014 36.0717
2.2 88.898 0.00996904 0.548963 36.0708
2.3 88.8479 0.0108958 0.57391 36.0699
2.4 88.7978 0.0118637 0.598858 36.0689
2.5 88.7477 0.0128728 0.623804 36.0679
2.6 88.6976 0.013923 0.64875 36.0668
2.7 88.6476 0.0150144 0.673695 36.0657
2.8 88.5975 0.016147 0.69864 36.0646
2.9 88.5474 0.0173207 0.723583 36.0634
3 88.4973 0.0185355 0.748526 36.0622
3.1 88.4472 0.0197915 0.773468 36.061
3.2 88.3971 0.0210886 0.798409 36.0597
3.3 88.347 0.0224269 0.823349 36.0583
3.4 88.2969 0.0238063 0.848288 36.057
3.5 88.2468 0.0252268 0.873226 36.0555
3.6 88.1967 0.0266884 0.898163 36.0541
3.7 88.1467 0.0281912 0.923099 36.0526
3.8 88.0966 0.0297351 0.948035 36.051
3.9 88.0465 0.03132 0.972969 36.0494
4 87.9964 0.0329461 0.997901 36.0478
4.1 87.9463 0.0346133 1.02283 36.0461
4.2 87.8962 0.0363216 1.04776 36.0444
4.3 87.8461 0.038071 1.07269 36.0427
4.4 87.796 0.0398614 1.09762 36.0409
4.5 87.7459 0.0416929 1.12255 36.0391
4.6 87.6958 0.0435655 1.14747 36.0372
4.7 87.6457 0.0454792 1.1724 36.0353
4.8 87.5957 0.0474339 1.19732 36.0333
4.9 87.5456 0.0494297 1.22224 36.0313
5 87.4955 0.0514666 1.24716 36.0293
5.1 87.4454 0.0535444 1.27208 36.0272
5.2 87.3953 0.0556633 1.297 36.0251
5.3 87.3452 0.0578233 1.32191 36.0229
5.4 87.2951 0.0600243 1.34683 36.0207
5.5 87.245 0.0622662 1.37174 36.0185
5.6 87.1949 0.0645492 1.39665 36.0162
5.7 87.1448 0.0668732 1.42156 36.0139
5.8 87.0948 0.0692382 1.44647 36.0115
5.9 87.0447 0.0716442 1.47138 36.0091
6 86.9946 0.0740911 1.49628 36.0067
6.1 86.9445 0.0765791 1.52118 36.0042
6.2 86.8944 0.079108 1.54609 36.0017
6.3 86.8443 0.0816778 1.57099 35.9991
6.4 86.7942 0.0842886 1.59588 35.9965
6.5 86.7441 0.0869404 1.62078 35.9938
6.6 86.694 0.0896331 1.64567 35.9911
6.7 86.6439 0.0923667 1.67056 35.9884
6.8 86.5939 0.0951412 1.69546 35.9856
6.9 86.5438 0.0979566 1.72034 35.9828
7 86.4937 0.100813 1.74523 35.98
7.1 86.4436 0.10371 1.77011 35.9771
7.2 86.3935 0.106648 1.795 35.9741
7.3 86.3434 0.109627 1.81988 35.9711
7.4 86.2933 0.112647 1.84475 35.9681
7.5 86.2432 0.115708 1.86963 35.9651
7.6 86.1931 0.118809 1.8945 35.962
7.7 86.143 0.121952 1.91938 35.9588
7.79999 86.093 0.125135 1.94425 35.9556
7.89999 86.0429 0.128359 1.96911 35.9524
7.99999 85.9928 0.131624 1.99398 35.9491
8.09999 85.9427 0.13493 2.01884 35.9458
8.2 85.8926 0.138276 2.0437 35.9425
8.3 85.8425 0.141663 2.06856 35.9391
8.4 85.7924 0.145091 2.09341 35.9357
8.5 85.7423 0.14856 2.11827 35.9322
8.6 85.6922 0.15207 2.14312 35.9287
8.7 85.6421 0.15562 2.16797 35.9251
8.8 85.5921 0.159211 2.19281 35.9216
8.9 85.542 0.162842 2.21766 35.9179
9 85.4919 0.166515 2.2425 35.9142
9.1 85.4418 0.170228 2.26734 35.9105
9.2 85.3917 0.173982 2.29217 35.9068
9.3 85.3416 0.177776 2.317 35.903
9.4 85.2915 0.181611 2.34184 35.8992
9.5 85.2414 0.185487 2.36666 35.8953
9.6 85.1913 0.189403 2.39149 35.8914
9.7 85.1413 0.19336 2.41631 35.8874
9.8 85.0912 0.197358 2.44113 35.8834
9.9 85.0411 0.201396 2.46595 35.8794
10 84.991 0.205475 2.49076 35.8753
10.1 84.9409 0.209594 2.51557 35.8712
10.2 84.8908 0.213754 2.54038 35.867
10.3 84.8407 0.217955 2.56518 35.8628
10.4 84.7906 0.222196 2.58999 35.8586
10.5 84.7405 0.226477 2.61479 35.8543
10.6 84.6904 0.230799 2.63958 35.85
10.7 84.6404 0.235162 2.66438 35.8456
10.8 84.5903 0.239565 2.68917 35.8412
10.9 84.5402 0.244008 2.71395 35.8368
11 84.4901 0.248492 2.73874 35.8323
11.1 84.44 0.253017 2.76352 35.8277
11.2 84.3899 0.257581 2.78829 35.8232
11.3 84.3398 0.262187 2.81307 35.8186
11.4 84.2897 0.266832 2.83784 35.8139
11.5 84.2396 0.271518 2.86261 35.8092
11.6 84.1896 0.276245 2.88737 35.8045
11.7 84.1395 0.281011 2.91213 35.7998
11.8 84.0894 0.285818 2.93689 35.7949
11.9 84.0393 0.290666 2.96165 35.7901
12 83.9892 0.295554 2.9864 35.7852
12.1 83.9391 0.300482 3.01114 35.7803
12.2 83.889 0.30545 3.03589 35.7753
12.3 83.8389 0.310459 3.06063 35.7703
12.4 83.7888 0.315507 3.08537 35.7653
12.5 83.7388 0.320596 3.1101 35.7602
12.6 83.6887 0.325726 3.13483 35.755
12.7 83.6386 0.330895 3.15956 35.7499
12.8 83.5885 0.336105 3.18428 35.7447
12.9 83.5384 0.341355 3.209 35.7394
13 83.4883 0.346645 3.23371 35.7341
13.1 83.4382 0.351975 3.25842 35.7288
13.2 83.3881 0.357345 3.28313 35.7234
13.3 83.3381 0.362756 3.30784 35.718
13.4 83.288 0.368206 3.33254 35.7126
13.5 83.2379 0.373697 3.35723 35.7071
13.6 83.1878 0.379228 3.38192 35.7015
13.7 83.1377 0.384798 3.40661 35.696
13.8 83.0876 0.390409 3.4313 35.6904
13.9 83.0375 0.39606 3.45598 35.6847
14 82.9874 0.401751 3.48065 35.679
14.1 82.9373 0.407481 3.50533 35.6733
14.2 82.8873 0.413252 3.52999 35.6675
14.3 82.8372 0.419063 3.55466 35.6617
14.4 82.7871 0.424913 3.57932 35.6558
14.5 82.737 0.430803 3.60398 35.65
14.6 82.6869 0.436734 3.62863 35.644
14.7 82.6368 0.442704 3.65327 35.6381
14.8 82.5867 0.448714 3.67792 35.632
14.9 82.5366 0.454764 3.70256 35.626
15 82.4866 0.460854 3.72719 35.6199
15.1 82.4365 0.466983 3.75182 35.6138
15.2 82.3864 0.473152 3.77645 35.6076
15.3 82.3363 0.479361 3.80107 35.6014
15.4 82.2862 0.48561 3.82569 35.5952
15.5 82.2361 0.491899 3.8503 35.5889
15.6 82.186 0.498227 3.87491 35.5825
15.7 82.1359 0.504595 3.89951 35.5762
15.8 82.0859 0.511002 3.92411 35.5698
15.9 82.0358 0.517449 3.94871 35.5633
16 81.9857 0.523936 3.9733 35.5568
16.1 81.9356 0.530463 3.99788 35.5503
16.2 81.8855 0.537029 4.02246 35.5437
16.3 81.8354 0.543634 4.04704 35.5371
16.4 81.7853 0.550279 4.07161 35.5305
16.5 81.7352 0.556964 4.09618 35.5238
16.6 81.6852 0.563688 4.12074 35.5171
16.7 81.6351 0.570452 4.1453 35.5103
16.8 81.585 0.577255 4.16985 35.5035
16.9 81.5349 0.584097 4.1944 35.4967
17 81.4848 0.590979 4.21894 35.4898
17.1 81.4347 0.5979 4.24348 35.4829
17.2 81.3846 0.604861 4.26801 35.4759
17.3 81.3345 0.611861 4.29254 35.4689
17.4 81.2845 0.618901 4.31706 35.4619
17.5 81.2344 0.625979 4.34158 35.4548
17.6 81.1843 0.633097 4.36609 35.4477
17.7 81.1342 0.640255 4.3906 35.4405
17.8 81.0841 0.647451 4.4151 35.4333
17.9 81.034 0.654687 4.43959 35.4261
18 80.9839 0.661962 4.46409 35.4188
18.1 80.9339 0.669276 4.48857 35.4115
18.2 80.8838 0.676629 4.51305 35.4041
18.3 80.8337 0.684022 4.53753 35.3967
18.4 80.7836 0.691453 4.562 35.3893
18.5 80.7335 0.698924 4.58647 35.3818
18.6 80.6834 0.706434 4.61093 35.3743
18.7 80.6333 0.713982 4.63538 35.3668
18.8 80.5833 0.72157 4.65983 35.3592
18.9 80.5332 0.729197 4.68427 35.3516
19 80.4831 0.736863 4.70871 35.3439
19.1 80.433 0.744567 4.73314 35.3362
19.2 80.3829 0.752311 4.75757 35.3285
19.3 80.3328 0.760094 4.78199 35.3207
19.4 80.2827 0.767915 4.80641 35.3128
19.5 80.2327 0.775775 4.83082 35.305
19.6 80.1826 0.783675 4.85522 35.2971
19.7 80.1325 0.791612 4.87962 35.2892
19.8 80.0824 0.799589 4.90401 35.2812
19.9 80.0323 0.807605 4.9284 35.2732
20 79.9822 0.815659 4.95278 35.2651
20.1 79.9321 0.823752 4.97716 35.257
20.2 79.8821 0.831884 5.00153 35.2489
20.3 79.832 0.840054 5.02589 35.2407
20.4 79.7819 0.848263 5.05025 35.2325
20.5 79.7318 0.85651 5.0746 35.2243
20.6 79.6817 0.864797 5.09895 35.216
20.7 79.6316 0.873121 5.12329 35.2076
20.8 79.5815 0.881485 5.14762 35.1993
20.9 79.5315 0.889886 5.17195 35.1909
21 79.4814 0.898327 5.19627 35.1824
21.1 79.4313 0.906805 5.22059 35.174
21.2 79.3812 0.915323 5.2449 35.1654
21.3 79.3311 0.923878 5.2692 35.1569
21.4 79.281 0.932472 5.2935 35.1483
21.5 79.231 0.941105 5.31779 35.1397
21.6 79.1809 0.949775 5.34207 35.131
21.7 79.1308 0.958484 5.36635 35.1223
21.8 79.0807 0.967231 5.39062 35.1135
21.9 79.0306 0.976017 5.41488 35.1047
22 78.9805 0.984841 5.43914 35.0959
22.1 78.9304 0.993703 5.4634 35.0871
22.2 78.8804 1.0026 5.48764 35.0782
22.3 78.8303 1.01154 5.51188 35.0692
22.4 78.7802 1.02052 5.53611 35.0602
22.5 78.7301 1.02953 5.56034 35.0512
22.6 78.68 1.03858 5.58456 35.0422
22.7001 78.6299 1.04767 5.60877 35.0331
22.8001 78.5799 1.0568 5.63298 35.024
22.9001 78.5298 1.06597 5.65718 35.0148
23.0001 78.4797 1.07517 5.68137 35.0056
23.1001 78.4296 1.08442 5.70556 34.9963
23.2001 78.3795 1.0937 5.72974 34.9871
23.3001 78.3294 1.10302 5.75391 34.9777
23.4001 78.2794 1.11237 5.77807 34.9684
23.5001 78.2293 1.12177 5.80223 34.959
23.6001 78.1792 1.1312 5.82638 34.9496
23.7001 78.1291 1.14067 5.85053 34.9401
23.8001 78.079 1.15017 5.87467 34.9306
23.9001 78.0289 1.15972 5.8988 34.921
24.0001 77.9789 1.1693 5.92292 34.9115
24.1001 77.9288 1.17892 5.94704 34.9018
24.2001 77.8787 1.18858 5.97115 34.8922
24.3001 77.8286 1.19827 5.99525 34.8825
24.4001 77.7785 1.20801 6.01934 34.8728
24.5001 77.7284 1.21778 6.04343 34.863
24.6001 77.6784 1.22758 6.06751 34.8532
24.7001 77.6283 1.23743 6.09158 34.8433
24.8001 77.5782 1.24731 6.11565 34.8334
24.9001 77.5281 1.25723 6.13971 34.8235
25.0001 77.478 1.26719 6.16376 34.8136
25.1001 77.428 1.27719 6.1878 34.8036
25.2001 77.3779 1.28722 6.21184 34.7935
25.3001 77.3278 1.29729 6.23587 34.7835
25.4001 77.2777 1.30739 6.25989 34.7734
25.5001 77.2276 1.31754 6.2839 34.7632
25.6001 77.1775 1.32772 6.30791 34.753
25.7001 77.1275 1.33794 6.33191 34.7428
25.8001 77.0774 1.34819 6.3559 34.7326
25.9001 77.0273 1.35848 6.37988 34.7223
26.0001 76.9772 1.36881 6.40386 34.7119
26.1001 76.9271 1.37918 6.42783 34.7016
26.2001 76.877 1.38958 6.45179 34.6912
26.3001 76.827 1.40003 6.47574 34.6807
26.4001 76.7769 1.4105 6.49968 34.6703
26.5001 76.7268 1.42102 6.52362 34.6597
26.6001 76.6767 1.43157 6.54755 34.6492
26.7001 76.6266 1.44216 6.57147 34.6386
26.8001 76.5766 1.45278 6.59538 34.628
26.9001 76.5265 1.46344 6.61929 34.6173
27.0001 76.4764 1.47414 6.64319 34.6066
27.1001 76.4263 1.48488 6.66708 34.5959
27.2001 76.3762 1.49565 6.69096 34.5851
27.3001 76.3262 1.50646 6.71483 34.5743
27.4001 76.2761 1.5173 6.73869 34.5635
27.5001 76.226 1.52818 6.76255 34.5526
27.6001 76.1759 1.5391 6.7864 34.5417
27.7001 76.1258 1.55006 6.81024 34.5307
27.8001 76.0758 1.56105 6.83407 34.5197
27.9001 76.0257 1.57207 6.85789 34.5087
28.0001 75.9756 1.58314 6.88171 34.4976
28.1001 75.9255 1.59424 6.90551 34.4865
28.2001 75.8754 1.60538 6.92931 34.4754
28.3001 75.8254 1.61655 6.9531 34.4642
28.4001 75.7753 1.62776 6.97688 34.453
28.5001 75.7252 1.639 7.00066 34.4418
28.6001 75.6751 1.65029 7.02442 34.4305
28.7001 75.625 1.6616 7.04818 34.4192
28.8001 75.575 1.67296 7.07192 34.4078
28.9001 75.5249 1.68435 7.09566 34.3964
29.0001 75.4748 1.69577 7.11939 34.385
29.1001 75.4247 1.70724 7.14311 34.3735
29.2001 75.3746 1.71873 7.16682 34.362
29.3001 75.3246 1.73027 7.19053 34.3505
29.4001 75.2745 1.74184 7.21422 34.3389
29.5001 75.2244 1.75344 7.23791 34.3273
29.6001 75.1743 1.76509 7.26159 34.3157
29.7001 75.1242 1.77676 7.28525 34.304
29.8001 75.0742 1.78848 7.30891 34.2923
29.9001 75.0241 1.80023 7.33256 34.2805
30.0001 74.974 1.81201 7.3562 34.2688
30.1001 74.9239 1.82383 7.37984 34.2569
30.2001 74.8738 1.83569 7.40346 34.2451
30.3001 74.8238 1.84758 7.42707 34.2332
30.4001 74.7737 1.85951 7.45068 34.2213
30.5001 74.7236 1.87147 7.47427 34.2093
30.6001 74.6735 1.88347 7.49786 34.1973
30.7001 74.6235 1.8955 7.52144 34.1853
30.8001 74.5734 1.90757 7.545 34.1732
30.9001 74.5233 1.91968 7.56856 34.1611
31.0001 74.4732 1.93182 7.59211 34.1489
31.1001 74.4231 1.94399 7.61565 34.1368
31.2001 74.3731 1.9562 7.63918 34.1246
31.3001 74.323 1.96845 7.6627 34.1123
31.4001 74.2729 1.98073 7.68621 34.1
31.5001 74.2228 1.99305 7.70972 34.0877
31.6001 74.1728 2.0054 7.73321 34.0754
31.7001 74.1227 2.01779 7.75669 34.063
31.8001 74.0726 2.03021 7.78016 34.0506
31.9001 74.0225 2.04266 7.80363 34.0381
32.0001 73.9725 2.05516 7.82708 34.0256
32.1001 73.9224 2.06768 7.85052 34.0131
32.2001 73.8723 2.08024 7.87396 34.0005
32.3001 73.8222 2.09284 7.89738 33.9879
32.4001 73.7721 2.10547 7.9208 33.9753
32.5001 73.7221 2.11814 7.9442 33.9626
32.6001 73.672 2.13084 7.9676 33.9499
32.7001 73.6219 2.14357 7.99098 33.9372
32.8001 73.5718 2.15634 8.01435 33.9244
32.9001 73.5218 2.16915 8.03772 33.9116
33.0001 73.4717 2.18199 8.06107 33.8988
33.1001 73.4216 2.19486 8.08442 33.8859
33.2001 73.3715 2.20777 8.10775 33.873
33.3001 73.3215 2.22071 8.13108 33.8601
33.4001 73.2714 2.23369 8.15439 33.8471
33.5001 73.2213 2.2467 8.17769 33.8341
33.6001 73.1712 2.25974 8.20099 33.821
33.7001 73.1212 2.27282 8.22427 33.8079
33.8001 73.0711 2.28594 8.24754 33.7948
33.9001 73.021 2.29909 8.27081 33.7817
34.0001 72.9709 2.31227 8.29406 33.7685
34.1001 72.9209 2.32549 8.3173 33.7553
34.2001 72.8708 2.33874 8.34053 33.742
34.3 72.8207 2.35202 8.36375 33.7287
34.4 72.7707 2.36534 8.38696 33.7154
34.5 72.7206 2.37869 8.41016 33.7021
34.6 72.6705 2.39208 8.43335 33.6887
34.7 72.6204 2.4055 8.45653 33.6753
34.8 72.5704 2.41896 8.4797 33.6618
34.9 72.5203 2.43245 8.50286 33.6483
35 72.4702 2.44597 8.526 33.6348
35.1 72.4201 2.45953 8.54914 33.6212
35.2 72.3701 2.47312 8.57226 33.6076
35.3 72.32 2.48674 8.59538 33.594
35.4 72.2699 2.5004 8.61848 33.5804
35.5 72.2198 2.51409 8.64157 33.5667
35.6 72.1698 2.52781 8.66465 33.553
35.7 72.1197 2.54157 8.68773 33.5392
35.8 72.0696 2.55536 8.71078 33.5254
35.9 72.0196 2.56919 8.73383 33.5116
36 71.9695 2.58304 8.75687 33.4977
36.1 71.9194 2.59693 8.7799 33.4838
36.2 71.8693 2.61086 8.80291 33.4699
36.3 71.8193 2.62482 8.82591 33.4559
36.4 71.7692 2.63881 8.84891 33.442
36.5 71.7191 2.65283 8.87189 33.4279
36.6 71.669 2.66689 8.89486 33.4139
36.7 71.619 2.68098 8.91782 33.3998
36.8 71.5689 2.6951 8.94076 33.3857
36.9 71.5188 2.70926 8.9637 33.3715
37 71.4688 2.72345 8.98662 33.3573
37.1 71.4187 2.73767 9.00954 33.3431
37.2 71.3686 2.75193 9.03244 33.3288
37.3 71.3185 2.76622 9.05533 33.3145
37.4 71.2685 2.78054 9.07821 33.3002
37.5 71.2184 2.79489 9.10107 33.2859
37.6 71.1683 2.80928 9.12393 33.2715
37.7 71.1183 2.8237 9.14677 33.2571
37.8 71.0682 2.83815 9.1696 33.2426
37.9 71.0181 2.85263 9.19242 33.2281
38 70.968 2.86715 9.21523 33.2136
38.1 70.918 2.8817 9.23802 33.1991
38.2 70.8679 2.89628 9.26081 33.1845
38.3 70.8178 2.91089 9.28358 33.1699
38.4 70.7678 2.92554 9.30634 33.1552
38.5 70.7177 2.94022 9.32909 33.1405
38.6 70.6676 2.95493 9.35182 33.1258
38.7 70.6176 2.96967 9.37455 33.1111
38.8 70.5675 2.98445 9.39726 33.0963
38.9 70.5174 2.99925 9.41996 33.0815
39 70.4673 3.01409 9.44265 33.0667
39.1 70.4173 3.02896 9.46532 33.0518
39.2 70.3672 3.04387 9.48799 33.0369
39.3 70.3171 3.0588 9.51064 33.022
39.4 70.2671 3.07377 9.53327 33.007
39.5 70.217 3.08877 9.5559 32.992
39.6 70.1669 3.1038 9.57851 32.977
39.7 70.1169 3.11886 9.60112 32.9619
39.8 70.0668 3.13395 9.6237 32.9468
39.9 70.0167 3.14908 9.64628 32.9317
40 69.9667 3.16424 9.66884 32.9165
40.1 69.9166 3.17943 9.69139 32.9013
40.2 69.8665 3.19465 9.71393 32.8861
40.3 69.8165 3.2099 9.73646 32.8709
40.4 69.7664 3.22518 9.75897 32.8556
40.5 69.7163 3.2405 9.78147 32.8403
40.6 69.6662 3.25584 9.80396 32.8249
40.7 69.6162 3.27122 9.82643 32.8095
40.7999 69.5661 3.28663 9.84889 32.7941
40.8999 69.516 3.30207 9.87134 32.7787
40.9999 69.466 3.31754 9.89378 32.7632
41.0999 69.4159 3.33304 9.9162 32.7477
41.1999 69.3658 3.34857 9.93861 32.7322
41.2999 69.3158 3.36414 9.96101 32.7166
41.3999 69.2657 3.37973 9.98339 32.701
41.4999 69.2156 3.39536 10.0058 32.6854
41.5999 69.1656 3.41101 10.0281 32.6697
41.6999 69.1155 3.4267 10.0505 32.6541
41.7999 69.0654 3.44242 10.0728 32.6383
41.8999 69.0154 3.45817 10.0951 32.6226
41.9999 68.9653 3.47395 10.1174 32.6068
42.0999 68.9152 3.48976 10.1397 32.591
42.1999 68.8652 3.5056 10.162 32.5752
42.2999 68.8151 3.52147 10.1842 32.5593
42.3999 68.765 3.53737 10.2065 32.5434
42.4999 68.715 3.55331 10.2287 32.5275
42.5999 68.6649 3.56927 10.251 32.5115
42.6999 68.6148 3.58526 10.2732 32.4955
42.7999 68.5648 3.60128 10.2954 32.4795
42.8999 68.5147 3.61734 10.3175 32.4634
42.9999 68.4646 3.63342 10.3397 32.4473
43.0999 68.4146 3.64953 10.3619 32.4312
43.1999 68.3645 3.66568 10.384 32.4151
43.2999 68.3144 3.68185 10.4061 32.3989
43.3999 68.2644 3.69806 10.4283 32.3827
43.4999 68.2143 3.71429 10.4504 32.3665
43.5999 68.1643 3.73055 10.4724 32.3502
43.6999 68.1142 3.74685 10.4945 32.3339
43.7999 68.0641 3.76317 10.5166 32.3176
43.8999 68.0141 3.77952 10.5386 32.3012
43.9999 67.964 3.79591 10.5606 32.2849
44.0999 67.9139 3.81232 10.5827 32.2684
44.1999 67.8639 3.82876 10.6047 32.252
44.2999 67.8138 3.84523 10.6266 32.2355
44.3999 67.7637 3.86173 10.6486 32.219
44.4999 67.7137 3.87826 10.6706 32.2025
44.5999 67.6636 3.89482 10.6925 32.1859
44.6999 67.6135 3.91141 10.7144 32.1694
44.7999 67.5635 3.92803 10.7364 32.1527
44.8999 67.5134 3.94468 10.7583 32.1361
44.9999 67.4634 3.96135 10.7801 32.1194
45.0999 67.4133 3.97806 10.802 32.1027
45.1999 67.3632 3.9948 10.8239 32.086
45.2999 67.3132 4.01156 10.8457 32.0692
45.3999 67.2631 4.02835 10.8675 32.0524
45.4999 67.213 4.04517 10.8894 32.0356
45.5999 67.163 4.06202 10.9112 32.0187
45.6999 67.1129 4.0789 10.9329 32.0019
45.7999 67.0629 4.09581 10.9547 31.985
45.8999 67.0128 4.11275 10.9765 31.968
45.9999 66.9627 4.12972 10.9982 31.951
46.0999 66.9127 4.14671 11.0199 31.9341
46.1999 66.8626 4.16373 11.0416 31.917
46.2999 66.8125 4.18078 11.0633 31.9
46.3999 66.7625 4.19786 11.085 31.8829
46.4999 66.7124 4.21497 11.1067 31.8658
46.5999 66.6624 4.23211 11.1283 31.8487
46.6999 66.6123 4.24927 11.1499 31.8315
46.7999 66.5622 4.26647 11.1716 31.8143
46.8999 66.5122 4.28369 11.1932 31.7971
46.9999 66.4621 4.30094 11.2147 31.7798
47.0999 66.4121 4.31822 11.2363 31.7625
47.1999 66.362 4.33552 11.2579 31.7452
47.2999 66.3119 4.35286 11.2794 31.7279
47.3998 66.2619 4.37022 11.3009 31.7105
47.4998 66.2118 4.38761 11.3224 31.6932
47.5998 66.1618 4.40503 11.3439 31.6757
47.6998 66.1117 4.42247 11.3654 31.6583
47.7998 66.0616 4.43994 11.3869 31.6408
47.8998 66.0116 4.45744 11.4083 31.6233
47.9998 65.9615 4.47497 11.4298 31.6058
48.0998 65.9115 4.49253 11.4512 31.5882
48.1998 65.8614 4.51011 11.4726 31.5707
48.2998 65.8113 4.52772 11.494 31.553
48.3998 65.7613 4.54536 11.5153 31.5354
48.4998 65.7112 4.56303 11.5367 31.5177
48.5998 65.6612 4.58072 11.558 31.5
48.6998 65.6111 4.59844 11.5793 31.4823
48.7998 65.561 4.61619 11.6006 31.4646
48.8998 65.511 4.63396 11.6219 31.4468
48.9998 65.4609 4.65176 11.6432 31.429
49.0998 65.4109 4.66959 11.6644 31.4112
49.1998 65.3608 4.68745 11.6857 31.3933
49.2998 65.3107 4.70533 11.7069 31.3754
49.3998 65.2607 4.72324 11.7281 31.3575
49.4998 65.2106 4.74117 11.7493 31.3396
49.5998 65.1606 4.75914 11.7705 31.3216
49.6998 65.1105 4.77713 11.7916 31.3036
49.7998 65.0605 4.79514 11.8128 31.2856
49.8998 65.0104 4.81318 11.8339 31.2676
49.9998 64.9603 4.83125 11.855 31.2495
50.0998 64.9103 4.84935 11.8761 31.2314
50.1998 64.8602 4.86747 11.8972 31.2133
50.2998 64.8102 4.88562 11.9182 31.1951
50.3998 64.7601 4.9038 11.9393 31.177
50.4998 64.7101 4.922 11.9603 31.1588
50.5998 64.66 4.94022 11.9813 31.1405
50.6998 64.6099 4.95848 12.0023 31.1223
50.7998 64.5599 4.97676 12.0233 31.104
50.8998 64.5098 4.99506 12.0442 31.0857
50.9998 64.4598 5.01339 12.0651 31.0674
51.0998 64.4097 5.03175 12.0861 31.049
51.1998 64.3597 5.05014 12.107 31.0306
51.2998 64.3096 5.06854 12.1279 31.0122
51.3998 64.2595 5.08698 12.1487 30.9938
51.4998 64.2095 5.10544 12.1696 30.9753
51.5998 64.1594 5.12393 12.1904 30.9568
51.6998 64.1094 5.14244 12.2112 30.9383
51.7998 64.0593 5.16098 12.232 30.9198
51.8998 64.0093 5.17954 12.2528 30.9012
51.9998 63.9592 5.19813 12.2736 30.8826
52.0998 63.9092 5.21674 12.2943 30.864
52.1998 63.8591 5.23538 12.3151 30.8454
52.2998 63.8091 5.25404 12.3358 30.8267
52.3998 63.759 5.27273 12.3565 30.808
52.4998 63.7089 5.29145 12.3771 30.7893
52.5998 63.6589 5.31019 12.3978 30.7706
52.6998 63.6088 5.32895 12.4184 30.7518
52.7998 63.5588 5.34774 12.4391 30.733
52.8998 63.5087 5.36656 12.4597 30.7142
52.9998 63.4587 5.3854 12.4802 30.6954
53.0998 63.4086 5.40426 12.5008 30.6765
53.1998 63.3586 5.42315 12.5214 30.6576
53.2998 63.3085 5.44206 12.5419 30.6387
53.3998 63.2585 5.461 12.5624 30.6198
53.4998 63.2084 5.47997 12.5829 30.6008
53.5998 63.1584 5.49895 12.6034 30.5818
53.6998 63.1083 5.51796 12.6238 30.5628
53.7998 63.0582 5.537 12.6443 30.5438
53.8997 63.0082 5.55606 12.6647 30.5247
53.9997 62.9581 5.57515 12.6851 30.5056
54.0997 62.9081 5.59425 12.7055 30.4865
54.1997 62.858 5.61339 12.7259 30.4674
54.2997 62.808 5.63255 12.7462 30.4482
54.3997 62.7579 5.65173 12.7666 30.429
54.4997 62.7079 5.67093 12.7869 30.4098
54.5997 62.6578 5.69016 12.8072 30.3906
54.6997 62.6078 5.70941 12.8274 30.3713
54.7997 62.5577 5.72869 12.8477 30.3521
54.8997 62.5077 5.74799 12.8679 30.3328
54.9997 62.4576 5.76732 12.8881 30.3134
55.0997 62.4076 5.78666 12.9083 30.2941
55.1997 62.3575 5.80604 12.9285 30.2747
55.2997 62.3075 5.82543 12.9487 30.2553
55.3997 62.2574 5.84485 12.9688 30.2359
55.4997 62.2074 5.86429 12.9889 30.2165
55.5997 62.1573 5.88376 13.0091 30.197
55.6997 62.1073 5.90324 13.0291 30.1775
55.7997 62.0572 5.92276 13.0492 30.158
55.8997 62.0072 5.94229 13.0692 30.1385
55.9997 61.9571 5.96185 13.0893 30.1189
56.0997 61.9071 5.98143 13.1093 30.0993
56.1997 61.857 6.00103 13.1293 30.0797
56.2997 61.807 6.02066 13.1492 30.0601
56.3997 61.7569 6.04031 13.1692 30.0405
56.4997 61.7069 6.05998 13.1891 30.0208
56.5997 61.6568 6.07968 13.209 30.0011
56.6997 61.6068 6.0994 13.2289 29.9814
56.7997 61.5567 6.11914 13.2488 29.9616
56.8997 61.5067 6.1389 13.2686 29.9419
56.9997 61.4566 6.15869 13.2885 29.9221
57.0997 61.4066 6.17849 13.3083 29.9023
57.1997 61.3565 6.19833 13.3281 29.8824
57.2997 61.3065 6.21818 13.3478 29.8626
57.3997 61.2564 6.23805 13.3676 29.8427
57.4997 61.2064 6.25795 13.3873 29.8228
57.5997 61.1563 6.27787 13.407 29.8029
57.6997 61.1063 6.29781 13.4267 29.783
57.7997 61.0562 6.31777 13.4464 29.763
57.8997 61.0062 6.33776 13.466 29.743
57.9997 60.9561 6.35777 13.4857 29.723
58.0997 60.9061 6.3778 13.5053 29.703
58.1997 60.8561 6.39785 13.5249 29.6829
58.2997 60.806 6.41792 13.5444 29.6628
58.3997 60.756 6.43801 13.564 29.6427
58.4997 60.7059 6.45813 13.5835 29.6226
58.5997 60.6559 6.47827 13.603 29.6025
58.6997 60.6058 6.49843 13.6225 29.5823
58.7997 60.5558 6.51861 13.6419 29.5622
58.8997 60.5057 6.53881 13.6614 29.542
58.9997 60.4557 6.55903 13.6808 29.5217
59.0997 60.4056 6.57928 13.7002 29.5015
59.1997 60.3556 6.59954 13.7196 29.4812
59.2997 60.3055 6.61983 13.739 29.4609
59.3997 60.2555 6.64013 13.7583 29.4406
59.4997 60.2055 6.66046 13.7776 29.4203
59.5997 60.1554 6.68081 13.7969 29.4
59.6997 60.1054 6.70118 13.8162 29.3796
59.7997 60.0553 6.72157 13.8354 29.3592
59.8997 60.0053 6.74198 13.8547 29.3388
59.9997 59.9552 6.76242 13.8739 29.3183
60.0997 59.9052 6.78287 13.8931 29.2979
60.1997 59.8551 6.80334 13.9122 29.2774
60.2997 59.8051 6.82384 13.9314 29.2569
60.3997 59.7551 6.84435 13.9505 29.2364
60.4996 59.705 6.86489 13.9696 29.2159
60.5996 59.655 6.88544 13.9887 29.1953
60.6996 59.6049 6.90602 14.0077 29.1747
60.7996 59.5549 6.92661 14.0268 29.1542
60.8996 59.5048 6.94723 14.0458 29.1335
60.9996 59.4548 6.96786 14.0648 29.1129
61.0996 59.4048 6.98852 14.0838 29.0922
61.1996 59.3547 7.00919 14.1027 29.0716
61.2996 59.3047 7.02989 14.1216 29.0509
61.3996 59.2546 7.0506 14.1406 29.0302
61.4996 59.2046 7.07134 14.1594 29.0094
61.5996 59.1545 7.09209 14.1783 28.9887
61.6996 59.1045 7.11287 14.1971 28.9679
61.7996 59.0545 7.13366 14.216 28.9471
61.8996 59.0044 7.15447 14.2348 28.9263
61.9996 58.9544 7.17531 14.2535 28.9055
62.0996 58.9043 7.19616 14.2723 28.8846
62.1996 58.8543 7.21703 14.291 28.8637
62.2996 58.8042 7.23792 14.3097 28.8428
62.3996 58.7542 7.25883 14.3284 28.8219
62.4996 58.7042 7.27976 14.347 28.801
62.5996 58.6541 7.3007 14.3657 28.7801
62.6996 58.6041 7.32167 14.3843 28.7591
62.7996 58.554 7.34266 14.4029 28.7381
62.8996 58.504 7.36366 14.4215 28.7171
62.9996 58.454 7.38468 14.44 28.6961
63.0996 58.4039 7.40572 14.4585 28.675
63.1996 58.3539 7.42678 14.477 28.654
63.2996 58.3038 7.44786 14.4955 28.6329
63.3996 58.2538 7.46896 14.514 28.6118
63.4996 58.2038 7.49008 14.5324 28.5907
63.5996 58.1537 7.51121 14.5508 28.5696
63.6996 58.1037 7.53236 14.5692 28.5484
63.7996 58.0536 7.55353 14.5875 28.5272
63.8996 58.0036 7.57472 14.6059 28.506
63.9996 57.9536 7.59593 14.6242 28.4848
64.0996 57.9035 7.61716 14.6425 28.4636
64.1996 57.8535 7.6384 14.6607 28.4424
64.2996 57.8035 7.65966 14.679 28.4211
64.3996 57.7534 7.68094 14.6972 28.3998
64.4996 57.7034 7.70224 14.7154 28.3785
64.5996 57.6533 7.72355 14.7336 28.3572
64.6996 57.6033 7.74488 14.7517 28.3359
64.7996 57.5533 7.76623 14.7698 28.3145
64.8996 57.5032 7.7876 14.7879 28.2932
64.9996 57.4532 7.80898 14.806 28.2718
65.0996 57.4031 7.83039 14.8241 28.2504
65.1996 57.3531 7.85181 14.8421 28.229
65.2996 57.3031 7.87324 14.8601 28.2075
65.3996 57.253 7.8947 14.8781 28.1861
65.4996 57.203 7.91617 14.896 28.1646
65.5996 57.153 7.93766 14.914 28.1431
65.6996 57.1029 7.95916 14.9319 28.1216
65.7996 57.0529 7.98068 14.9497 28.1001
65.8996 57.0029 8.00222 14.9676 28.0785
65.9996 56.9528 8.02378 14.9854 28.057
66.0996 56.9028 8.04535 15.0032 28.0354
66.1996 56.8527 8.06694 15.021 28.0138
66.2996 56.8027 8.08855 15.0388 27.9922
66.3996 56.7527 8.11017 15.0565 27.9706
66.4996 56.7026 8.13181 15.0742 27.949
66.5996 56.6526 8.15346 15.0919 27.9273
66.6996 56.6026 8.17514 15.1096 27.9056
66.7996 56.5525 8.19682 15.1272 27.8839
66.8996 56.5025 8.21853 15.1448 27.8622
66.9995 56.4525 8.24025 15.1624 27.8405
67.0995 56.4024 8.26198 15.1799 27.8188
67.1995 56.3524 8.28374 15.1975 27.797
67.2995 56.3024 8.30551 15.215 27.7753
67.3995 56.2523 8.32729 15.2324 27.7535
67.4995 56.2023 8.34909 15.2499 27.7317
67.5995 56.1523 8.37091 15.2673 27.7099
67.6995 56.1022 8.39274 15.2847 27.688
67.7995 56.0522 8.41459 15.3021 27.6662
67.8995 56.0022 8.43645 15.3195 27.6443
67.9995 55.9521 8.45833 15.3368 27.6224
68.0995 55.9021 8.48022 15.3541 27.6005
68.1995 55.8521 8.50213 15.3714 27.5786
68.2995 55.802 8.52406 15.3886 27.5567
68.3995 55.752 8.546 15.4058 27.5348
68.4995 55.702 8.56795 15.423 27.5128
68.5995 55.6519 8.58992 15.4402 27.4908
68.6995 55.6019 8.61191 15.4574 27.4689
68.7995 55.5519 8.63391 15.4745 27.4469
68.8995 55.5018 8.65592 15.4916 27.4248
68.9995 55.4518 8.67795 15.5086 27.4028
69.0995 55.4018 8.7 15.5257 27.3808
69.1995 55.3517 8.72206 15.5427 27.3587
69.2995 55.3017 8.74413 15.5597 27.3366
69.3995 55.2517 8.76622 15.5766 27.3145
69.4995 55.2016 8.78832 15.5936 27.2924
69.5995 55.1516 8.81044 15.6105 27.2703
69.6995 55.1016 8.83257 15.6273 27.2482
69.7995 55.0516 8.85472 15.6442 27.226
69.8995 55.0015 8.87688 15.661 27.2039
69.9995 54.9515 8.89905 15.6778 27.1817
70.0995 54.9015 8.92124 15.6946 27.1595
70.1995 54.8514 8.94344 15.7113 27.1373
70.2995 54.8014 8.96566 15.7281 27.1151
70.3995 54.7514 8.98789 15.7447 27.0929
70.4995 54.7013 9.01013 15.7614 27.0706
70.5995 54.6513 9.03239 15.778 27.0484
70.6995 54.6013 9.05466 15.7947 27.0261
70.7995 54.5513 9.07695 15.8112 27.0038
70.8995 54.5012 9.09925 15.8278 26.9815
70.9995 54.4512 9.12156 15.8443 26.9592
71.0995 54.4012 9.14389 15.8608 26.9369
71.1995 54.3511 9.16622 15.8773 26.9145
71.2995 54.3011 9.18858 15.8937 26.8922
71.3995 54.2511 9.21094 15.9101 26.8698
71.4995 54.2011 9.23332 15.9265 26.8474
71.5995 54.151 9.25571 15.9429 26.8251
71.6995 54.101 9.27812 15.9592 26.8026
71.7995 54.051 9.30054 15.9755 26.7802
71.8995 54.0009 9.32297 15.9918 26.7578
71.9995 53.9509 9.34541 16.008 26.7354
72.0995 53.9009 9.36787 16.0243 26.7129
72.1995 53.8509 9.39033 16.0404 26.6904
72.2995 53.8008 9.41282 16.0566 26.6679
72.3995 53.7508 9.43531 16.0727 26.6455
72.4995 53.7008 9.45782 16.0888 26.6229
72.5995 53.6508 9.48033 16.1049 26.6004
72.6995 53.6007 9.50287 16.121 26.5779
72.7995 53.5507 9.52541 16.137 26.5554
72.8995 53.5007 9.54796 16.153 26.5328
72.9995 53.4507 9.57053 16.1689 26.5102
73.0995 53.4006 9.59311 16.1849 26.4877
73.1995 53.3506 9.6157 16.2008 26.4651
73.2995 53.3006 9.63831 16.2166 26.4425
73.3995 53.2506 9.66092 16.2325 26.4198
73.4995 53.2005 9.68355 16.2483 26.3972
73.5994 53.1505 9.70619 16.2641 26.3746
73.6994 53.1005 9.72884 16.2798 26.3519
73.7994 53.0505 9.7515 16.2956 26.3293
73.8994 53.0004 9.77417 16.3113 26.3066
73.9994 52.9504 9.79686 16.3269 26.2839
74.0994 52.9004 9.81956 16.3426 26.2612
74.1994 52.8504 9.84226 16.3582 26.2385
74.2994 52.8003 9.86498 16.3737 26.2158
74.3994 52.7503 9.88771 16.3893 26.1931
74.4994 52.7003 9.91045 16.4048 26.1703
74.5994 52.6503 9.93321 16.4203 26.1476
74.6994 52.6002 9.95597 16.4358 26.1248
74.7994 52.5502 9.97874 16.4512 26.102
74.8994 52.5002 10.0015 16.4666 26.0792
74.9994 52.4502 10.0243 16.482 26.0564
75.0994 52.4002 10.0471 16.4973 26.0336
75.1994 52.3501 10.0699 16.5126 26.0108
75.2994 52.3001 10.0928 16.5279 25.988
75.3994 52.2501 10.1156 16.5431 25.9652
75.4994 52.2001 10.1385 16.5584 25.9423
75.5994 52.15 10.1613 16.5735 25.9194
75.6994 52.1 10.1842 16.5887 25.8966
75.7994 52.05 10.2071 16.6038 25.8737
75.8994 52 10.23 16.6189 25.8508
75.9994 51.95 10.2529 16.634 25.8279
76.0994 51.8999 10.2758 16.649 25.805
76.1994 51.8499 10.2987 16.664 25.7821
76.2994 51.7999 10.3216 16.679 25.7592
76.3994 51.7499 10.3445 16.6939 25.7362
76.4994 51.6999 10.3675 16.7088 25.7133
76.5994 51.6498 10.3905 16.7237 25.6903
76.6994 51.5998 10.4134 16.7385 25.6673
76.7994 51.5498 10.4364 16.7534 25.6444
76.8994 51.4998 10.4594 16.7681 25.6214
76.9994 51.4498 10.4824 16.7829 25.5984
77.0994 51.3997 10.5054 16.7976 25.5754
77.1994 51.3497 10.5284 16.8123 25.5524
77.2994 51.2997 10.5514 16.827 25.5293
77.3994 51.2497 10.5745 16.8416 25.5063
77.4994 51.1997 10.5975 16.8562 25.4833
77.5994 51.1496 10.6205 16.8707 25.4602
77.6994 51.0996 10.6436 16.8853 25.4372
77.7994 51.0496 10.6667 16.8998 25.4141
77.8994 50.9996 10.6897 16.9142 25.391
77.9994 50.9496 10.7128 16.9286 25.3679
78.0994 50.8995 10.7359 16.943 25.3448
78.1994 50.8495 10.759 16.9574 25.3217
78.2994 50.7995 10.7821 16.9717 25.2986
78.3994 50.7495 10.8053 16.9861 25.2755
78.4994 50.6995 10.8284 17.0003 25.2524
78.5994 50.6495 10.8515 17.0146 25.2292
78.6994 50.5994 10.8747 17.0288 25.2061
78.7994 50.5494 10.8978 17.0429 25.1829
78.8994 50.4994 10.921 17.0571 25.1598
78.9994 50.4494 10.9441 17.0712 25.1366
79.0994 50.3994 10.9673 17.0852 25.1134
79.1994 50.3494 10.9905 17.0993 25.0903
79.2994 50.2993 11.0137 17.1133 25.0671
79.3994 50.2493 11.0369 17.1273 25.0439
79.4994 50.1993 11.0601 17.1412 25.0207
79.5994 50.1493 11.0833 17.1551 24.9975
79.6994 50.0993 11.1065 17.169 24.9742
79.7994 50.0493 11.1298 17.1828 24.951
79.8994 49.9993 11.153 17.1966 24.9278
79.9994 49.9492 11.1762 17.2104 24.9045
80.0993 49.8992 11.1995 17.2241 24.8813
80.1993 49.8492 11.2227 17.2378 24.858
80.2993 49.7992 11.246 17.2515 24.8348
80.3993 49.7492 11.2693 17.2651 24.8115
80.4993 49.6992 11.2926 17.2787 24.7882
80.5993 49.6492 11.3158 17.2923 24.7649
80.6993 49.5991 11.3391 17.3058 24.7416
80.7993 49.5491 11.3624 17.3193 24.7183
80.8993 49.4991 11.3857 17.3328 24.695
80.9993 49.4491 11.409 17.3462 24.6717
81.0993 49.3991 11.4324 17.3596 24.6484
81.1993 49.3491 11.4557 17.373 24.6251
81.2993 49.2991 11.479 17.3863 24.6017
81.3993 49.249 11.5024 17.3996 24.5784
81.4993 49.199 11.5257 17.4129 24.5551
81.5993 49.149 11.549 17.4261 24.5317
81.6993 49.099 11.5724 17.4393 24.5084
81.7993 49.049 11.5958 17.4524 24.485
81.8993 48.999 11.6191 17.4655 24.4616
81.9993 48.949 11.6425 17.4786 24.4383
82.0993 48.899 11.6659 17.4917 24.4149
82.1993 48.8489 11.6893 17.5047 24.3915
82.2993 48.7989 11.7127 17.5177 24.3681
82.3993 48.7489 11.736 17.5306 24.3447
82.4993 48.6989 11.7595 17.5435 24.3213
82.5993 48.6489 11.7829 17.5564 24.2979
82.6993 48.5989 11.8063 17.5692 24.2745
82.7993 48.5489 11.8297 17.582 24.2511
82.8993 48.4989 11.8531 17.5948 24.2277
82.9993 48.4489 11.8765 17.6075 24.2042
83.0993 48.3989 11.9 17.6202 24.1808
83.1993 48.3488 11.9234 17.6328 24.1574
83.2993 48.2988 11.9468 17.6454 24.1339
83.3993 48.2488 11.9703 17.658 24.1105
83.4993 48.1988 11.9937 17.6706 24.087
83.5993 48.1488 12.0172 17.6831 24.0636
83.6993 48.0988 12.0407 17.6955 24.0401
83.7993 48.0488 12.0641 17.708 24.0166
83.8993 47.9988 12.0876 17.7204 23.9932
83.9993 47.9488 12.1111 17.7327 23.9697
84.0993 47.8988 12.1345 17.7451 23.9462
84.1993 47.8488 12.158 17.7573 23.9227
84.2993 47.7987 12.1815 17.7696 23.8993
84.3993 47.7487 12.205 17.7818 23.8758
84.4993 47.6987 12.2285 17.794 23.8523
84.5993 47.6487 12.252 17.8061 23.8288
84.6993 47.5987 12.2755 17.8182 23.8053
84.7993 47.5487 12.299 17.8303 23.7818
84.8993 47.4987 12.3225 17.8423 23.7583
84.9993 47.4487 12.346 17.8543 23.7347
85.0993 47.3987 12.3695 17.8663 23.7112
85.1993 47.3487 12.3931 17.8782 23.6877
85.2993 47.2987 12.4166 17.8901 23.6642
85.3993 47.2487 12.4401 17.9019 23.6406
85.4993 47.1987 12.4636 17.9137 23.6171
85.5993 47.1486 12.4872 17.9255 23.5936
85.6993 47.0986 12.5107 17.9372 23.57
85.7993 47.0486 12.5343 17.9489 23.5465
85.8993 46.9986 12.5578 17.9605 23.523
85.9993 46.9486 12.5813 17.9721 23.4994
86.0993 46.8986 12.6049 17.9837 23.4759
86.1993 46.8486 12.6284 17.9952 23.4523
86.2993 46.7986 12.652 18.0067 23.4288
86.3993 46.7486 12.6756 18.0182 23.4052
86.4993 46.6986 12.6991 18.0296 23.3816
86.5993 46.6486 12.7227 18.041 23.3581
86.6992 46.5986 12.7462 18.0523 23.3345
86.7992 46.5486 12.7698 18.0636 23.311
86.8992 46.4986 12.7934 18.0749 23.2874
86.9992 46.4486 12.817 18.0861 23.2638
87.0992 46.3986 12.8405 18.0973 23.2402
87.1992 46.3486 12.8641 18.1084 23.2167
87.2992 46.2986 12.8877 18.1195 23.1931
87.3992 46.2486 12.9113 18.1306 23.1695
87.4992 46.1986 12.9348 18.1416 23.1459
87.5992 46.1486 12.9584 18.1526 23.1223
87.6992 46.0986 12.982 18.1635 23.0988
87.7992 46.0486 13.0056 18.1744 23.0752
87.8992 45.9986 13.0292 18.1853 23.0516
87.9992 45.9485 13.0528 18.1961 23.028
88.0992 45.8985 13.0764 18.2069 23.0044
88.1992 45.8485 13.1 18.2177 22.9808
88.2992 45.7985 13.1236 18.2284 22.9572
88.3992 45.7485 13.1472 18.239 22.9336
88.4992 45.6985 13.1707 18.2497 22.91
88.5992 45.6485 13.1943 18.2602 22.8864
88.6992 45.5985 13.2179 18.2708 22.8628
88.7992 45.5485 13.2415 18.2813 22.8392
88.8992 45.4985 13.2651 18.2917 22.8156
88.9992 45.4485 13.2887 18.3022 22.792
89.0992 45.3985 13.3123 18.3125 22.7684
89.1992 45.3485 13.336 18.3229 22.7448
89.2992 45.2985 13.3596 18.3332 22.7212
89.3992 45.2485 13.3832 18.3434 22.6976
89.4992 45.1985 13.4068 18.3537 22.674
89.5992 45.1485 13.4304 18.3638 22.6504
89.6992 45.0985 13.454 18.374 22.6268
89.7992 45.0485 13.4776 18.384 22.6032
89.8992 44.9985 13.5012 18.3941 22.5796
89.9992 44.9485 13.5248 18.4041 22.556
90.0992 44.8985 13.5484 18.4141 22.5324
90.1992 44.8485 13.572 18.424 22.5088
90.2992 44.7985 13.5956 18.4339 22.4852
90.3992 44.7485 13.6192 18.4437 22.4616
90.4992 44.6985 13.6428 18.4535 22.438
90.5992 44.6485 13.6664 18.4633 22.4143
90.6992 44.5985 13.69 18.473 22.3907
90.7992 44.5485 13.7136 18.4826 22.3671
90.8992 44.4985 13.7372 18.4923 22.3435
90.9992 44.4486 13.7608 18.5019 22.3199
91.0992 44.3986 13.7844 18.5114 22.2963
91.1992 44.3486 13.808 18.5209 22.2727
91.2992 44.2986 13.8316 18.5304 22.2491
91.3992 44.2486 13.8552 18.5398 22.2255
91.4992 44.1986 13.8788 18.5491 22.2019
91.5992 44.1486 13.9024 18.5585 22.1783
91.6992 44.0986 13.926 18.5678 22.1547
91.7992 44.0486 13.9496 18.577 22.1312
91.8992 43.9986 13.9732 18.5862 22.1076
91.9992 43.9486 13.9968 18.5953 22.084
92.0992 43.8986 14.0204 18.6045 22.0604
92.1992 43.8486 14.044 18.6135 22.0368
92.2992 43.7986 14.0676 18.6225 22.0132
92.3992 43.7486 14.0911 18.6315 21.9896
92.4992 43.6986 14.1147 18.6405 21.966
92.5992 43.6486 14.1383 18.6493 21.9425
92.6992 43.5986 14.1619 18.6582 21.9189
92.7992 43.5486 14.1855 18.667 21.8953
92.8992 43.4986 14.209 18.6758 21.8717
92.9992 43.4486 14.2326 18.6845 21.8481
93.0992 43.3986 14.2562 18.6931 21.8246
93.1992 43.3486 14.2798 18.7018 21.801
93.2991 43.2986 14.3033 18.7103 21.7774
93.3991 43.2487 14.3269 18.7189 21.7539
93.4991 43.1987 14.3505 18.7274 21.7303
93.5991 43.1487 14.374 18.7358 21.7068
93.6991 43.0987 14.3976 18.7442 21.6832
93.7991 43.0487 14.4211 18.7526 21.6596
93.8991 42.9987 14.4447 18.7609 21.6361
93.9991 42.9487 14.4682 18.7691 21.6125
94.0991 42.8987 14.4918 18.7774 21.589
94.1991 42.8487 14.5153 18.7855 21.5654
94.2991 42.7987 14.5389 18.7937 21.5419
94.3991 42.7487 14.5624 18.8017 21.5184
94.4991 42.6987 14.5859 18.8098 21.4948
94.5991 42.6487 14.6095 18.8178 21.4713
94.6991 42.5987 14.633 18.8257 21.4478
94.7991 42.5488 14.6565 18.8336 21.4243
94.8991 42.4988 14.68 18.8415 21.4007
94.9991 42.4488 14.7035 18.8493 21.3772
95.0991 42.3988 14.7271 18.857 21.3537
95.1991 42.3488 14.7506 18.8647 21.3302
95.2991 42.2988 14.7741 18.8724 21.3067
95.3991 42.2488 14.7976 18.88 21.2832
95.4991 42.1988 14.8211 18.8876 21.2597
95.5991 42.1488 14.8446 18.8951 21.2362
95.6991 42.0988 14.8681 18.9026 21.2127
95.7991 42.0488 14.8915 18.91 21.1892
95.8991 41.9989 14.915 18.9174 21.1657
95.9991 41.9489 14.9385 18.9248 21.1423
96.0991 41.8989 14.962 18.932 21.1188
96.1991 41.8489 14.9855 18.9393 21.0953
96.2991 41.7989 15.0089 18.9465 21.0718
96.3991 41.7489 15.0324 18.9536 21.0484
96.4991 41.6989 15.0558 18.9607 21.0249
96.5991 41.6489 15.0793 18.9678 21.0015
96.6991 41.5989 15.1027 18.9748 20.978
96.7991 41.549 15.1262 18.9817 20.9546
96.8991 41.499 15.1496 18.9886 20.9312
96.9991 41.449 15.173 18.9955 20.9077
97.0991 41.399 15.1965 19.0023 20.8843
97.1991 41.349 15.2199 19.0091 20.8609
97.2991 41.299 15.2433 19.0158 20.8375
97.3991 41.249 15.2667 19.0225 20.814
97.4991 41.199 15.2901 19.0291 20.7906
97.5991 41.1491 15.3135 19.0356 20.7672
97.6991 41.0991 15.3369 19.0422 20.7438
97.7991 41.0491 15.3603 19.0486 20.7205
97.8991 40.9991 15.3837 19.0551 20.6971
97.9991 40.9491 15.4071 19.0614 20.6737
98.0991 40.8991 15.4304 19.0677 20.6503
98.1991 40.8491 15.4538 19.074 20.627
98.2991 40.7991 15.4772 19.0802 20.6036
98.3991 40.7492 15.5005 19.0864 20.5802
98.4991 40.6992 15.5239 19.0925 20.5569
98.5991 40.6492 15.5472 19.0986 20.5335
98.6991 40.5992 15.5706 19.1046 20.5102
98.7991 40.5492 15.5939 19.1106 20.4869
98.8991 40.4992 15.6172 19.1165 20.4636
98.9991 40.4492 15.6405 19.1224 20.4402
99.0991 40.3993 15.6638 19.1282 20.4169
99.1991 40.3493 15.6871 19.134 20.3936
99.2991 40.2993 15.7104 19.1397 20.3703
99.3991 40.2493 15.7337 19.1454 20.347
99.4991 40.1993 15.757 19.151 20.3237
99.5991 40.1493 15.7803 19.1566 20.3005
99.6991 40.0994 15.8036 19.1621 20.2772
99.799 40.0494 15.8268 19.1676 20.2539
99.899 39.9994 15.8501 19.173 20.2307
99.999 39.9494 15.8733 19.1784 20.2074
100.099 39.8994 15.8966 19.1837 20.1842
100.199 39.8494 15.9198 19.189 20.1609
100.299 39.7995 15.943 19.1942 20.1377
100.399 39.7495 15.9663 19.1993 20.1145
100.499 39.6995 15.9895 19.2044 20.0913
100.599 39.6495 16.0127 19.2095 20.0681
100.699 39.5995 16.0359 19.2145 20.0449
100.799 39.5495 16.0591 19.2194 20.0217
100.899 39.4996 16.0823 19.2243 19.9985
100.999 39.4496 16.1054 19.2292 19.9753
101.099 39.3996 16.1286 19.234 19.9522
101.199 39.3496 16.1518 19.2387 19.929
101.299 39.2996 16.1749 19.2434 19.9058
101.399 39.2497 16.1981 19.2481 19.8827
101.499 39.1997 16.2212 19.2527 19.8596
101.599 39.1497 16.2443 19.2572 19.8364
101.699 39.0997 16.2674 19.2617 19.8133
101.799 39.0497 16.2906 19.2661 19.7902
101.899 38.9997 16.3137 19.2705 19.7671
101.999 38.9498 16.3367 19.2748 19.744
102.099 38.8998 16.3598 19.2791 19.7209
102.199 38.8498 16.3829 19.2833 19.6979
102.299 38.7998 16.406 19.2874 19.6748
102.399 38.7498 16.429 19.2915 19.6517
102.499 38.6999 16.4521 19.2956 19.6287
102.599 38.6499 16.4751 19.2996 19.6056
102.699 38.5999 16.4982 19.3035 19.5826
102.799 38.5499 16.5212 19.3074 19.5596
102.899 38.5 16.5442 19.3113 19.5366
102.999 38.45 16.5672 19.315 19.5136
103.099 38.4 16.5902 19.3188 19.4906
103.199 38.35 16.6132 19.3224 19.4676
103.299 38.3 16.6362 19.3261 19.4446
103.399 38.2501 16.6591 19.3296 19.4216
103.499 38.2001 16.6821 19.3331 19.3987
103.599 38.1501 16.705 19.3366 19.3757
103.699 38.1001 16.728 19.34 19.3528
103.799 38.0501 16.7509 19.3433 19.3299
103.899 38.0002 16.7738 19.3466 19.3069
103.999 37.9502 16.7967 19.3498 19.284
104.099 37.9002 16.8196 19.353 19.2611
104.199 37.8502 16.8425 19.3561 19.2382
104.299 37.8003 16.8654 19.3592 19.2154
104.399 37.7503 16.8883 19.3622 19.1925
104.499 37.7003 16.9111 19.3652 19.1696
104.599 37.6503 16.934 19.3681 19.1468
104.699 37.6004 16.9568 19.3709 19.124
104.799 37.5504 16.9796 19.3737 19.1011
104.899 37.5004 17.0025 19.3764 19.0783
104.999 37.4504 17.0253 19.3791 19.0555
105.099 37.4005 17.0481 19.3817 19.0327
105.199 37.3505 17.0708 19.3843 19.0099
105.299 37.3005 17.0936 19.3868 18.9871
105.399 37.2505 17.1164 19.3892 18.9644
105.499 37.2006 17.1391 19.3916 18.9416
105.599 37.1506 17.1619 19.3939 18.9189
105.699 37.1006 17.1846 19.3962 18.8962
105.799 37.0506 17.2073 19.3984 18.8734
105.899 37.0007 17.23 19.4006 18.8507
105.999 36.9507 17.2527 19.4027 18.828
106.099 36.9007 17.2754 19.4047 18.8054
106.199 36.8507 17.2981 19.4067 18.7827
106.299 36.8008 17.3207 19.4086 18.76
106.399 36.7508 17.3434 19.4105 18.7374
106.499 36.7008 17.366 19.4123 18.7147
106.599 36.6508 17.3887 19.4141 18.6921
106.699 36.6009 17.4113 19.4158 18.6695
106.799 36.5509 17.4339 19.4174 18.6469
106.899 36.5009 17.4565 19.419 18.6243
106.999 36.4509 17.4791 19.4205 18.6017
107.099 36.401 17.5016 19.4219 18.5791
107.199 36.351 17.5242 19.4233 18.5566
107.299 36.301 17.5467 19.4247 18.534
107.399 36.2511 17.5693 19.426 18.5115
107.499 36.2011 17.5918 19.4272 18.489
107.599 36.1511 17.6143 19.4284 18.4665
107.699 36.1011 17.6368 19.4295 18.444
107.799 36.0512 17.6593 19.4305 18.4215
107.899 36.0012 17.6817 19.4315 18.399
107.999 35.9512 17.7042 19.4324 18.3766
108.099 35.9013 17.7266 19.4333 18.3541
108.199 35.8513 17.7491 19.4341 18.3317
108.299 35.8013 17.7715 19.4348 18.3093
108.399 35.7513 17.7939 19.4355 18.2869
108.499 35.7014 17.8163 19.4361 18.2645
108.599 35.6514 17.8386 19.4367 18.2421
108.699 35.6014 17.861 19.4372 18.2197
108.799 35.5515 17.8834 19.4376 18.1974
108.899 35.5015 17.9057 19.438 18.1751
108.999 35.4515 17.928 19.4383 18.1527
109.099 35.4015 17.9503 19.4386 18.1304
109.199 35.3516 17.9726 19.4388 18.1081
109.299 35.3016 17.9949 19.4389 18.0858
109.399 35.2516 18.0172 19.439 18.0636
109.499 35.2017 18.0395 19.439 18.0413
109.599 35.1517 18.0617 19.439 18.0191
109.699 35.1017 18.0839 19.4389 17.9968
109.799 35.0518 18.1062 19.4387 17.9746
109.899 35.0018 18.1284 19.4385 17.9524
109.999 34.9518 18.1505 19.4382 17.9302
110.099 34.9019 18.1727 19.4378 17.908
110.199 34.8519 18.1949 19.4374 17.8859
110.299 34.8019 18.217 19.4369 17.8637
110.399 34.752 18.2392 19.4364 17.8416
110.499 34.702 18.2613 19.4358 17.8195
110.599 34.652 18.2834 19.4351 17.7974
110.699 34.6021 18.3055 19.4344 17.7753
110.799 34.5521 18.3275 19.4336 17.7532
110.899 34.5021 18.3496 19.4327 17.7312
110.999 34.4522 18.3716 19.4318 17.7091
111.099 34.4022 18.3937 19.4308 17.6871
111.199 34.3522 18.4157 19.4297 17.6651
111.299 34.3023 18.4377 19.4286 17.6431
111.399 34.2523 18.4597 19.4275 17.6211
111.499 34.2023 18.4816 19.4262 17.5991
111.599 34.1524 18.5036 19.4249 17.5772
111.699 34.1024 18.5255 19.4235 17.5552
111.799 34.0524 18.5475 19.4221 17.5333
111.899 34.0025 18.5694 19.4206 17.5114
111.999 33.9525 18.5913 19.419 17.4895
112.099 33.9025 18.6131 19.4174 17.4676
112.199 33.8526 18.635 19.4157 17.4458
112.299 33.8026 18.6569 19.414 17.4239
112.399 33.7526 18.6787 19.4122 17.4021
112.499 33.7027 18.7005 19.4103 17.3803
112.599 33.6527 18.7223 19.4083 17.3585
112.699 33.6027 18.7441 19.4063 17.3367
112.799 33.5528 18.7659 19.4042 17.3149
112.899 33.5028 18.7876 19.4021 17.2931
112.999 33.4528 18.8094 19.3999 17.2714
113.099 33.4029 18.8311 19.3976 17.2497
113.199 33.3529 18.8528 19.3952 17.228
113.299 33.303 18.8745 19.3928 17.2063
113.399 33.253 18.8961 19.3904 17.1846
113.499 33.203 18.9178 19.3878 17.163
113.599 33.1531 18.9394 19.3852 17.1413
113.699 33.1031 18.9611 19.3825 17.1197
113.799 33.0531 18.9827 19.3798 17.0981
113.899 33.0032 19.0043 19.377 17.0765
113.999 32.9532 19.0258 19.3741 17.0549
114.099 32.9033 19.0474 19.3712 17.0334
114.199 32.8533 19.0689 19.3682 17.0118
114.299 32.8033 19.0904 19.3651 16.9903
114.399 32.7534 19.1119 19.3619 16.9688
114.499 32.7034 19.1334 19.3587 16.9473
114.599 32.6534 19.1549 19.3555 16.9259
114.699 32.6035 19.1764 19.3521 16.9044
114.799 32.5535 19.1978 19.3487 16.883
114.899 32.5036 19.2192 19.3452 16.8615
114.999 32.4536 19.2406 19.3417 16.8401
115.099 32.4036 19.262 19.338 16.8188
115.199 32.3537 19.2834 19.3344 16.7974
115.299 32.3037 19.3047 19.3306 16.776
115.399 32.2538 19.3261 19.3268 16.7547
115.499 32.2038 19.3474 19.3229 16.7334
115.599 32.1538 19.3687 19.3189 16.7121
115.699 32.1039 19.3899 19.3149 16.6908
115.799 32.0539 19.4112 19.3108 16.6696
115.899 32.004 19.4325 19.3067 16.6483
115.999 31.954 19.4537 19.3024 16.6271
116.099 31.904 19.4749 19.2981 16.6059
116.199 31.8541 19.4961 19.2937 16.5847
116.299 31.8041 19.5172 19.2893 16.5635
116.399 31.7542 19.5384 19.2848 16.5424
116.499 31.7042 19.5595 19.2802 16.5212
116.599 31.6542 19.5806 19.2756 16.5001
116.699 31.6043 19.6017 19.2708 16.479
116.799 31.5543 19.6228 19.266 16.4579
116.899 31.5044 19.6439 19.2612 16.4369
116.999 31.4544 19.6649 19.2563 16.4158
117.099 31.4045 19.686 19.2513 16.3948
117.199 31.3545 19.707 19.2462 16.3738
117.299 31.3045 19.7279 19.241 16.3528
117.399 31.2546 19.7489 19.2358 16.3319
117.499 31.2046 19.7699 19.2305 16.3109
117.599 31.1547 19.7908 19.2252 16.29
117.699 31.1047 19.8117 19.2198 16.2691
117.799 31.0548 19.8326 19.2143 16.2482
117.899 31.0048 19.8535 19.2087 16.2273
117.999 30.9548 19.8743 19.203 16.2065
118.099 30.9049 19.8951 19.1973 16.1856
118.199 30.8549 19.916 19.1916 16.1648
118.299 30.805 19.9367 19.1857 16.144
118.399 30.755 19.9575 19.1798 16.1232
118.499 30.7051 19.9783 19.1738 16.1025
118.599 30.6551 19.999 19.1677 16.0817
118.699 30.6051 20.0197 19.1616 16.061
118.799 30.5552 20.0404 19.1553 16.0403
118.899 30.5052 20.0611 19.149 16.0197
118.999 30.4553 20.0818 19.1427 15.999
119.099 30.4053 20.1024 19.1362 15.9784
119.199 30.3554 20.123 19.1297 15.9578
119.299 30.3054 20.1436 19.1232 15.9372
119.399 30.2555 20.1642 19.1165 15.9166
119.499 30.2055 20.1847 19.1098 15.896
119.599 30.1555 20.2053 19.103 15.8755
119.699 30.1056 20.2258 19.0961 15.855
119.799 30.0556 20.2463 19.0892 15.8345
119.899 30.0057 20.2668 19.0821 15.814
119.999 29.9557 20.2872 19.075 15.7936
120.099 29.9058 20.3076 19.0679 15.7731
120.199 29.8558 20.328 19.0606 15.7527
120.299 29.8059 20.3484 19.0533 15.7323
120.399 29.7559 20.3688 19.0459 15.712
120.499 29.706 20.3892 19.0385 15.6916
120.599 29.656 20.4095 19.0309 15.6713
120.699 29.6061 20.4298 19.0233 15.651
120.799 29.5561 20.4501 19.0156 15.6307
120.899 29.5062 20.4703 19.0079 15.6104
120.999 29.4562 20.4906 19 15.5902
121.099 29.4062 20.5108 18.9921 15.5699
121.199 29.3563 20.531 18.9841 15.5497
121.299 29.3063 20.5512 18.976 15.5296
121.399 29.2564 20.5714 18.9679 15.5094
121.499 29.2064 20.5915 18.9597 15.4893
121.599 29.1565 20.6116 18.9514 15.4692
121.699 29.1065 20.6317 18.943 15.4491
121.799 29.0566 20.6518 18.9346 15.429
121.899 29.0066 20.6718 18.9261 15.4089
121.999 28.9567 20.6919 18.9175 15.3889
122.099 28.9067 20.7119 18.9088 15.3689
122.199 28.8568 20.7319 18.9001 15.3489
122.299 28.8068 20.7518 18.8912 15.3289
122.399 28.7569 20.7718 18.8823 15.309
122.499 28.7069 20.7917 18.8734 15.2891
122.599 28.657 20.8116 18.8643 15.2692
122.699 28.607 20.8315 18.8552 15.2493
122.799 28.5571 20.8513 18.846 15.2295
122.899 28.5071 20.8711 18.8367 15.2096
122.999 28.4572 20.8909 18.8273 15.1898
123.099 28.4072 20.9107 18.8179 15.17
123.199 28.3573 20.9305 18.8084 15.1503
123.299 28.3073 20.9502 18.7988 15.1305
123.399 28.2574 20.97 18.7891 15.1108
123.499 28.2074 20.9896 18.7793 15.0911
123.599 28.1575 21.0093 18.7695 15.0714
123.699 28.1075 21.029 18.7596 15.0518
123.799 28.0576 21.0486 18.7496 15.0322
123.899 28.0076 21.0682 18.7395 15.0126
123.999 27.9577 21.0878 18.7294 14.993
124.099 27.9077 21.1073 18.7192 14.9734
124.199 27.8578 21.1269 18.7089 14.9539
124.299 27.8078 21.1464 18.6985 14.9344
124.399 27.7579 21.1659 18.6881 14.9149
124.499 27.7079 21.1853 18.6775 14.8954
124.599 27.658 21.2048 18.6669 14.876
124.699 27.608 21.2242 18.6562 14.8566
124.799 27.5581 21.2436 18.6454 14.8372
124.899 27.5081 21.263 18.6346 14.8178
124.999 27.4582 21.2823 18.6236 14.7984
125.099 27.4083 21.3016 18.6126 14.7791
125.199 27.3583 21.3209 18.6015 14.7598
125.299 27.3084 21.3402 18.5904 14.7405
125.399 27.2584 21.3595 18.5791 14.7213
125.499 27.2085 21.3787 18.5678 14.7021
125.599 27.1585 21.3979 18.5564 14.6828
125.699 27.1086 21.4171 18.5449 14.6637
125.799 27.0586 21.4363 18.5333 14.6445
125.899 27.0087 21.4554 18.5217 14.6254
125.999 26.9587 21.4745 18.5099 14.6063
126.099 26.9088 21.4936 18.4981 14.5872
126.199 26.8588 21.5126 18.4862 14.5681
126.299 26.8089 21.5317 18.4742 14.5491
126.399 26.759 21.5507 18.4622 14.5301
126.499 26.709 21.5697 18.45 14.5111
126.599 26.6591 21.5886 18.4378 14.4921
126.699 26.6091 21.6076 18.4255 14.4732
126.799 26.5592 21.6265 18.4131 14.4543
126.899 26.5092 21.6454 18.4007 14.4354
126.999 26.4593 21.6642 18.3881 14.4165
127.099 26.4093 21.6831 18.3755 14.3977
127.199 26.3594 21.7019 18.3628 14.3789
127.299 26.3094 21.7207 18.35 14.3601
127.399 26.2595 21.7395 18.3371 14.3413
127.499 26.2096 21.7582 18.3242 14.3226
127.599 26.1596 21.7769 18.3111 14.3038
127.699 26.1097 21.7956 18.298 14.2852
127.799 26.0597 21.8143 18.2848 14.2665
127.899 26.0098 21.8329 18.2715 14.2479
127.999 25.9598 21.8515 18.2582 14.2292
128.099 25.9099 21.8701 18.2447 14.2107
128.199 25.86 21.8887 18.2312 14.1921
128.299 25.81 21.9072 18.2175 14.1735
128.399 25.7601 21.9257 18.2038 14.155
128.499 25.7101 21.9442 18.1901 14.1365
128.599 25.6602 21.9627 18.1762 14.1181
128.699 25.6102 21.9811 18.1622 14.0996
128.799 25.5603 21.9995 18.1482 14.0812
128.899 25.5103 22.0179 18.1341 14.0628
128.999 25.4604 22.0363 18.1199 14.0445
129.099 25.4104 22.0546 18.1056 14.0262
129.199 25.3605 22.0729 18.0912 14.0078
129.299 25.3105 22.0912 18.0768 13.9896
129.399 25.2606 22.1095 18.0622 13.9713
129.499 25.2106 22.1277 18.0476 13.9531
129.599 25.1607 22.1459 18.0329 13.9349
129.699 25.1108 22.1641 18.0181 13.9167
129.799 25.0608 22.1822 18.0032 13.8986
129.899 25.0109 22.2003 17.9883 13.8804
129.999 24.9609 22.2184 17.9732 13.8623
130.099 24.911 22.2365 17.9581 13.8443
130.199 24.861 22.2545 17.9429 13.8262
130.299 24.8111 22.2726 17.9276 13.8082
130.399 24.7611 22.2906 17.9122 13.7902
130.499 24.7112 22.3085 17.8967 13.7722
130.599 24.6613 22.3265 17.8811 13.7543
130.699 24.6113 22.3444 17.8655 13.7364
130.799 24.5614 22.3623 17.8498 13.7185
130.899 24.5114 22.3801 17.834 13.7007
130.999 24.4615 22.3979 17.8181 13.6828
131.099 24.4115 22.4157 17.8021 13.665
131.199 24.3616 22.4335 17.786 13.6472
131.299 24.3117 22.4513 17.7698 13.6295
131.399 24.2617 22.469 17.7536 13.6118
131.499 24.2118 22.4867 17.7373 13.5941
131.599 24.1618 22.5044 17.7208 13.5764
131.699 24.1119 22.522 17.7043 13.5588
131.799 24.0619 22.5396 17.6877 13.5412
131.899 24.012 22.5572 17.6711 13.5236
131.999 23.9621 22.5747 17.6543 13.506
132.099 23.9121 22.5923 17.6375 13.4885
132.199 23.8622 22.6098 17.6205 13.471
132.299 23.8122 22.6273 17.6035 13.4535
132.399 23.7623 22.6447 17.5864 13.4361
132.499 23.7123 22.6621 17.5692 13.4186
132.599 23.6624 22.6795 17.5519 13.4013
132.699 23.6125 22.6969 17.5345 13.3839
132.799 23.5625 22.7142 17.5171 13.3666
132.899 23.5126 22.7315 17.4995 13.3492
132.999 23.4626 22.7488 17.4819 13.332
133.099 23.4127 22.766 17.4642 13.3147
133.199 23.3627 22.7833 17.4464 13.2975
133.299 23.3128 22.8005 17.4285 13.2803
133.399 23.2629 22.8176 17.4105 13.2631
133.499 23.2129 22.8348 17.3924 13.246
133.599 23.163 22.8519 17.3742 13.2289
133.699 23.113 22.869 17.356 13.2118
133.799 23.0631 22.886 17.3376 13.1947
133.899 23.0132 22.903 17.3192 13.1777
133.999 22.9632 22.92 17.3007 13.1607
134.099 22.9133 22.937 17.2821 13.1438
134.199 22.8633 22.9539 17.2634 13.1268
134.299 22.8134 22.9709 17.2446 13.1099
134.399 22.7635 22.9877 17.2258 13.093
134.499 22.7135 23.0046 17.2068 13.0762
134.599 22.6636 23.0214 17.1878 13.0594
134.699 22.6136 23.0382 17.1686 13.0426
134.799 22.5637 23.055 17.1494 13.0258
134.899 22.5138 23.0717 17.1301 13.0091
134.999 22.4638 23.0884 17.1107 12.9923
135.099 22.4139 23.1051 17.0912 12.9757
135.199 22.364 23.1217 17.0716 12.959
135.299 22.314 23.1384 17.0519 12.9424
135.399 22.2641 23.155 17.0322 12.9258
135.499 22.2141 23.1715 17.0123 12.9092
135.599 22.1642 23.188 16.9924 12.8927
135.699 22.1143 23.2045 16.9724 12.8762
135.799 22.0643 23.221 16.9522 12.8597
135.899 22.0144 23.2375 16.932 12.8433
135.999 21.9644 23.2539 16.9117 12.8269
136.099 21.9145 23.2703 16.8913 12.8105
136.199 21.8646 23.2866 16.8709 12.7941
136.299 21.8146 23.3029 16.8503 12.7778
136.399 21.7647 23.3192 16.8296 12.7615
136.499 21.7148 23.3355 16.8089 12.7453
136.599 21.6648 23.3517 16.788 12.729
136.699 21.6149 23.3679 16.7671 12.7128
136.799 21.5649 23.3841 16.7461 12.6966
136.899 21.515 23.4003 16.725 12.6805
136.999 21.4651 23.4164 16.7038 12.6644
137.099 21.4151 23.4325 16.6825 12.6483
137.199 21.3652 23.4485 16.6611 12.6322
137.299 21.3153 23.4645 16.6396 12.6162
137.399 21.2653 23.4805 16.6181 12.6002
137.499 21.2154 23.4965 16.5964 12.5843
137.599 21.1655 23.5124 16.5747 12.5683
137.699 21.1155 23.5283 16.5528 12.5524
137.799 21.0656 23.5442 16.5309 12.5366
137.899 21.0156 23.5601 16.5089 12.5207
137.999 20.9657 23.5759 16.4868 12.5049
138.099 20.9158 23.5916 16.4646 12.4891
138.199 20.8658 23.6074 16.4423 12.4734
138.299 20.8159 23.6231 16.4199 12.4576
138.399 20.766 23.6388 16.3974 12.442
138.499 20.716 23.6545 16.3749 12.4263
138.599 20.6661 23.6701 16.3522 12.4107
138.699 20.6162 23.6857 16.3295 12.3951
138.799 20.5662 23.7013 16.3066 12.3795
138.899 20.5163 23.7168 16.2837 12.364
138.999 20.4664 23.7323 16.2607 12.3485
139.099 20.4164 23.7478 16.2376 12.333
139.199 20.3665 23.7632 16.2144 12.3176
139.299 20.3165 23.7786 16.1911 12.3021
139.399 20.2666 23.794 16.1677 12.2868
139.499 20.2167 23.8093 16.1442 12.2714
139.599 20.1667 23.8247 16.1206 12.2561
139.699 20.1168 23.8399 16.0969 12.2408
139.799 20.0669 23.8552 16.0732 12.2256
139.899 20.0169 23.8704 16.0493 12.2103
139.999 19.967 23.8856 16.0254 12.1952
140.099 19.9171 23.9008 16.0014 12.18
140.199 19.8671 23.9159 15.9772 12.1649
140.299 19.8172 23.931 15.953 12.1498
140.399 19.7673 23.9461 15.9287 12.1347
140.499 19.7173 23.9611 15.9043 12.1197
140.599 19.6674 23.9761 15.8798 12.1047
140.699 19.6175 23.9911 15.8552 12.0897
140.799 19.5675 24.006 15.8305 12.0748
140.899 19.5176 24.0209 15.8058 12.0599
140.999 19.4677 24.0358 15.7809 12.045
141.099 19.4177 24.0506 15.756 12.0302
141.199 19.3678 24.0654 15.7309 12.0153
141.299 19.3179 24.0802 15.7058 12.0006
141.399 19.2679 24.0949 15.6805 11.9858
141.499 19.218 24.1096 15.6552 11.9711
141.599 19.1681 24.1243 15.6298 11.9564
141.699 19.1182 24.139 15.6043 11.9418
141.799 19.0682 24.1536 15.5787 11.9272
141.899 19.0183 24.1682 15.553 11.9126
141.999 18.9684 24.1827 15.5272 11.898
142.099 18.9184 24.1972 15.5013 11.8835
142.199 18.8685 24.2117 15.4753 11.869
142.299 18.8186 24.2262 15.4493 11.8546
142.399 18.7686 24.2406 15.4231 11.8402
142.499 18.7187 24.255 15.3969 11.8258
142.6 18.6688 24.2693 15.3705 11.8114
142.7 18.6188 24.2837 15.3441 11.7971
142.8 18.5689 24.298 15.3175 11.7828
142.9 18.519 24.3122 15.2909 11.7686
143 18.469 24.3264 15.2642 11.7543
143.1 18.4191 24.3406 15.2374 11.7401
143.2 18.3692 24.3548 15.2105 11.726
143.3 18.3193 24.3689 15.1835 11.7119
143.4 18.2693 24.383 15.1564 11.6978
143.5 18.2194 24.3971 15.1292 11.6837
143.6 18.1695 24.4111 15.102 11.6697
143.7 18.1195 24.4251 15.0746 11.6557
143.8 18.0696 24.439 15.0471 11.6417
143.9 18.0197 24.453 15.0196 11.6278
144 17.9697 24.4669 14.992 11.6139
144.1 17.9198 24.4807 14.9642 11.6001
144.2 17.8699 24.4945 14.9364 11.5862
144.3 17.82 24.5083 14.9085 11.5724
144.4 17.77 24.5221 14.8804 11.5587
144.5 17.7201 24.5358 14.8523 11.5449
144.6 17.6702 24.5495 14.8241 11.5313
144.7 17.6202 24.5632 14.7958 11.5176
144.8 17.5703 24.5768 14.7675 11.504
144.9 17.5204 24.5904 14.739 11.4904
145 17.4704 24.6039 14.7104 11.4768
145.1 17.4205 24.6175 14.6817 11.4633
145.2 17.3706 24.631 14.653 11.4498
145.3 17.3207 24.6444 14.6241 11.4364
145.4 17.2707 24.6578 14.5952 11.4229
145.5 17.2208 24.6712 14.5662 11.4095
145.6 17.1709 24.6846 14.537 11.3962
145.7 17.1209 24.6979 14.5078 11.3829
145.8 17.071 24.7112 14.4785 11.3696
145.9 17.0211 24.7244 14.4491 11.3563
146 16.9712 24.7376 14.4196 11.3431
146.1 16.9212 24.7508 14.39 11.3299
146.2 16.8713 24.764 14.3603 11.3168
146.3 16.8214 24.7771 14.3305 11.3037
146.4 16.7715 24.7902 14.3007 11.2906
146.5 16.7215 24.8032 14.2707 11.2775
146.6 16.6716 24.8162 14.2407 11.2645
146.7 16.6217 24.8292 14.2105 11.2515
146.8 16.5717 24.8422 14.1803 11.2386
146.9 16.5218 24.8551 14.1499 11.2257
147 16.4719 24.8679 14.1195 11.2128
147.1 16.422 24.8808 14.089 11.2
147.2 16.372 24.8936 14.0584 11.1872
147.3 16.3221 24.9064 14.0277 11.1744
147.4 16.2722 24.9191 13.9969 11.1617
147.5 16.2223 24.9318 13.966 11.149
147.6 16.1723 24.9445 13.935 11.1363
147.7 16.1224 24.9571 13.904 11.1237
147.8 16.0725 24.9697 13.8728 11.1111
147.9 16.0225 24.9823 13.8416 11.0985
148 15.9726 24.9948 13.8102 11.086
148.1 15.9227 25.0073 13.7788 11.0735
148.2 15.8728 25.0197 13.7473 11.061
148.3 15.8228 25.0322 13.7156 11.0486
148.4 15.7729 25.0445 13.6839 11.0362
148.5 15.723 25.0569 13.6521 11.0239
148.6 15.6731 25.0692 13.6202 11.0116
148.7 15.6231 25.0815 13.5882 10.9993
148.8 15.5732 25.0937 13.5562 10.987
148.9 15.5233 25.106 13.524 10.9748
149 15.4734 25.1181 13.4917 10.9626
149.1 15.4234 25.1303 13.4594 10.9505
149.2 15.3735 25.1424 13.4269 10.9384
149.3 15.3236 25.1544 13.3944 10.9263
149.4 15.2737 25.1665 13.3618 10.9143
149.5 15.2237 25.1785 13.3291 10.9023
149.6 15.1738 25.1904 13.2963 10.8903
149.7 15.1239 25.2024 13.2634 10.8784
149.8 15.074 25.2143 13.2304 10.8665
149.9 15.024 25.2261 13.1973 10.8546
150 14.9741 25.2379 13.1641 10.8428
150.1 14.9242 25.2497 13.1309 10.831
150.2 14.8743 25.2615 13.0975 10.8193
150.3 14.8243 25.2732 13.0641 10.8076
150.4 14.7744 25.2849 13.0305 10.7959
150.5 14.7245 25.2965 12.9969 10.7843
150.6 14.6746 25.3081 12.9632 10.7726
150.7 14.6246 25.3197 12.9294 10.7611
150.8 14.5747 25.3312 12.8955 10.7495
150.9 14.5248 25.3427 12.8615 10.738
151 14.4749 25.3542 12.8275 10.7266
151.1 14.4249 25.3656 12.7933 10.7152
151.2 14.375 25.377 12.759 10.7038
151.3 14.3251 25.3884 12.7247 10.6924
151.4 14.2752 25.3997 12.6903 10.6811
151.5 14.2252 25.411 12.6557 10.6698
151.6 14.1753 25.4222 12.6211 10.6586
151.7 14.1254 25.4334 12.5864 10.6473
151.8 14.0755 25.4446 12.5517 10.6362
151.9 14.0256 25.4557 12.5168 10.625
152 13.9756 25.4668 12.4818 10.6139
152.1 13.9257 25.4779 12.4468 10.6029
152.2 13.8758 25.4889 12.4116 10.5918
152.3 13.8259 25.4999 12.3764 10.5809
152.4 13.7759 25.5109 12.3411 10.5699
152.5 13.726 25.5218 12.3057 10.559
152.6 13.6761 25.5327 12.2702 10.5481
152.7 13.6262 25.5435 12.2346 10.5373
152.8 13.5762 25.5543 12.1989 10.5264
152.9 13.5263 25.5651 12.1631 10.5157
153 13.4764 25.5758 12.1273 10.5049
153.1 13.4265 25.5865 12.0914 10.4942
153.2 13.3766 25.5972 12.0553 10.4836
153.3 13.3266 25.6078 12.0192 10.4729
153.4 13.2767 25.6184 11.983 10.4624
153.5 13.2268 25.629 11.9467 10.4518
153.6 13.1769 25.6395 11.9104 10.4413
153.7 13.1269 25.6499 11.8739 10.4308
153.8 13.077 25.6604 11.8374 10.4204
153.9 13.0271 25.6708 11.8007 10.41
154 12.9772 25.6812 11.764 10.3996
154.1 12.9273 25.6915 11.7272 10.3893
154.2 12.8773 25.7018 11.6903 10.379
154.3 12.8274 25.712 11.6533 10.3687
154.4 12.7775 25.7223 11.6163 10.3585
154.5 12.7276 25.7324 11.5791 10.3483
154.6 12.6777 25.7426 11.5419 10.3382
154.7 12.6277 25.7527 11.5046 10.3281
154.8 12.5778 25.7628 11.4672 10.318
154.9 12.5279 25.7728 11.4297 10.308
155 12.478 25.7828 11.3921 10.298
155.1 12.428 25.7927 11.3544 10.288
155.2 12.3781 25.8027 11.3167 10.2781
155.3 12.3282 25.8126 11.2789 10.2682
155.4 12.2783 25.8224 11.2409 10.2584
155.5 12.2284 25.8322 11.2029 10.2486
155.6 12.1784 25.842 11.1649 10.2388
155.7 12.1285 25.8517 11.1267 10.2291
155.8 12.0786 25.8614 11.0884 10.2194
155.9 12.0287 25.8711 11.0501 10.2097
156 11.9788 25.8807 11.0117 10.2001
156.1 11.9288 25.8903 10.9732 10.1905
156.2 11.8789 25.8998 10.9346 10.181
156.3 11.829 25.9093 10.8959 10.1714
156.4 11.7791 25.9188 10.8572 10.162
156.5 11.7292 25.9282 10.8184 10.1525
156.6 11.6792 25.9376 10.7794 10.1431
156.7 11.6293 25.947 10.7404 10.1338
156.8 11.5794 25.9563 10.7014 10.1245
156.9 11.5295 25.9656 10.6622 10.1152
157 11.4796 25.9748 10.623 10.1059
157.1 11.4296 25.984 10.5836 10.0967
157.2 11.3797 25.9932 10.5442 10.0876
157.3 11.3298 26.0023 10.5047 10.0784
157.4 11.2799 26.0114 10.4652 10.0694
157.5 11.23 26.0205 10.4255 10.0603
157.6 11.18 26.0295 10.3858 10.0513
157.7 11.1301 26.0385 10.346 10.0423
157.8 11.0802 26.0474 10.3061 10.0334
157.9 11.0303 26.0563 10.2661 10.0245
158 10.9804 26.0652 10.2261 10.0156
158.1 10.9304 26.074 10.186 10.0068
158.2 10.8805 26.0828 10.1457 9.998
158.3 10.8306 26.0915 10.1055 9.98925
158.4 10.7807 26.1002 10.0651 9.98054
158.5 10.7308 26.1089 10.0247 9.97187
158.6 10.6809 26.1175 9.98413 9.96324
158.7 10.6309 26.1261 9.94353 9.95465
158.8 10.581 26.1347 9.90285 9.94609
158.9 10.5311 26.1432 9.86209 9.93757
159.001 10.4812 26.1517 9.82125 9.92909
159.101 10.4313 26.1601 9.78034 9.92065
159.201 10.3813 26.1685 9.73935 9.91225
159.301 10.3314 26.1769 9.69829 9.90389
159.401 10.2815 26.1852 9.65714 9.89556
159.501 10.2316 26.1935 9.61592 9.88728
159.601 10.1817 26.2017 9.57463 9.87903
159.701 10.1317 26.2099 9.53325 9.87082
159.801 10.0818 26.2181 9.4918 9.86265
159.901 10.0319 26.2262 9.45028 9.85452
160.001 9.98199 26.2343 9.40868 9.84642
160.101 9.93208 26.2424 9.36701 9.83837
160.201 9.88216 26.2504 9.32526 9.83035
160.301 9.83224 26.2584 9.28343 9.82238
160.401 9.78232 26.2663 9.24153 9.81444
160.501 9.7324 26.2742 9.19956 9.80654
160.601 9.68249 26.2821 9.15752 9.79868
160.701 9.63257 26.2899 9.1154 9.79086
160.801 9.58265 26.2977 9.0732 9.78307
160.901 9.53273 26.3054 9.03093 9.77533
161.001 9.48282 26.3131 8.98859 9.76763
161.101 9.4329 26.3208 8.94618 9.75996
161.201 9.38298 26.3284 8.9037 9.75233
161.301 9.33306 26.336 8.86114 9.74475
161.401 9.28315 26.3436 8.81851 9.7372
161.501 9.23323 26.3511 8.77581 9.72969
161.601 9.18331 26.3585 8.73304 9.72222
161.701 9.13339 26.366 8.69019 9.71478
161.801 9.08348 26.3734 8.64728 9.70739
161.901 9.03356 26.3807 8.6043 9.70004
162.001 8.98364 26.388 8.56124 9.69272
162.101 8.93373 26.3953 8.51812 9.68545
162.201 8.88381 26.4026 8.47492 9.67821
162.301 8.83389 26.4097 8.43166 9.67102
162.401 8.78398 26.4169 8.38832 9.66386
162.501 8.73406 26.424 8.34492 9.65674
162.601 8.68414 26.4311 8.30145 9.64966
162.701 8.63423 26.4381 8.25791 9.64262
162.801 8.58431 26.4451 8.2143 9.63562
162.901 8.53439 26.4521 8.17062 9.62866
163.001 8.48448 26.459 8.12688 9.62174
163.101 8.43456 26.4659 8.08307 9.61486
163.201 8.38464 26.4727 8.03919 9.60801
163.301 8.33473 26.4796 7.99525 9.60121
163.401 8.28481 26.4863 7.95124 9.59445
163.501 8.23489 26.493 7.90716 9.58772
163.601 8.18498 26.4997 7.86302 9.58104
163.701 8.13506 26.5064 7.81881 9.57439
163.801 8.08514 26.513 7.77454 9.56779
163.901 8.03523 26.5195 7.7302 9.56122
164.001 7.98531 26.5261 7.6858 9.5547
164.101 7.9354 26.5326 7.64133 9.54821
164.201 7.88548 26.539 7.5968 9.54176
164.301 7.83556 26.5454 7.5522 9.53535
164.401 7.78565 26.5518 7.50754 9.52899
164.501 7.73573 26.5581 7.46282 9.52266
164.601 7.68582 26.5644 7.41804 9.51637
164.701 7.6359 26.5706 7.37319 9.51012
164.801 7.58599 26.5769 7.32828 9.50391
164.901 7.53607 26.583 7.28331 9.49774
165.001 7.48615 26.5891 7.23828 9.49161
165.101 7.43624 26.5952 7.19319 9.48552
165.201 7.38632 26.6013 7.14803 9.47947
165.301 7.33641 26.6073 7.10282 9.47346
165.401 7.28649 26.6133 7.05754 9.46749
165.501 7.23658 26.6192 7.01221 9.46156
165.601 7.18666 26.6251 6.96681 9.45567
165.701 7.13674 26.6309 6.92136 9.44982
165.801 7.08683 26.6368 6.87585 9.44401
165.901 7.03691 26.6425 6.83028 9.43824
166.001 6.987 26.6483 6.78465 9.43251
166.101 6.93708 26.6539 6.73896 9.42682
166.201 6.88717 26.6596 6.69321 9.42117
166.301 6.83725 26.6652 6.64741 9.41556
166.401 6.78734 26.6708 6.60155 9.40999
166.501 6.73742 26.6763 6.55564 9.40446
166.601 6.68751 26.6818 6.50966 9.39897
166.701 6.63759 26.6872 6.46364 9.39352
166.801 6.58768 26.6927 6.41755 9.38811
166.901 6.53776 26.698 6.37141 9.38274
167.001 6.48785 26.7034 6.32522 9.37741
167.101 6.43793 26.7086 6.27897 9.37212
167.201 6.38802 26.7139 6.23267 9.36687
167.301 6.3381 26.7191 6.18631 9.36166
167.401 6.28819 26.7243 6.13991 9.35649
167.501 6.23827 26.7294 6.09344 9.35136
167.601 6.18836 26.7345 6.04693 9.34627
167.701 6.13844 26.7395 6.00036 9.34122
167.801 6.08853 26.7446 5.95374 9.33621
167.901 6.03862 26.7495 5.90707 9.33124
168.001 5.9887 26.7544 5.86035 9.32632
168.101 5.93879 26.7593 5.81357 9.32143
168.201 5.88887 26.7642 5.76675 9.31658
168.301 5.83896 26.769 5.71988 9.31177
168.401 5.78904 26.7738 5.67295 9.30701
168.501 5.73913 26.7785 5.62598 9.30228
168.601 5.68921 26.7832 5.57896 9.2976
168.701 5.6393 26.7878 5.53189 9.29295
168.801 5.58938 26.7924 5.48477 9.28834
168.901 5.53947 26.797 5.4376 9.28378
169.001 5.48956 26.8015 5.39038 9.27926
169.101 5.43964 26.806 5.34312 9.27477
169.201 5.38973 26.8104 5.29581 9.27033
169.301 5.33981 26.8148 5.24846 9.26593
169.401 5.2899 26.8192 5.20106 9.26156
169.501 5.23999 26.8235 5.15361 9.25724
169.601 5.19007 26.8278 5.10612 9.25296
169.701 5.14016 26.832 5.05858 9.24872
169.801 5.09024 26.8362 5.011 9.24452
169.901 5.04033 26.8404 4.96337 9.24036
170.001 4.99042 26.8445 4.9157 9.23624
170.101 4.9405 26.8486 4.86799 9.23216
170.201 4.89059 26.8526 4.82023 9.22812
170.301 4.84067 26.8566 4.77243 9.22413
170.401 4.79076 26.8606 4.72459 9.22017
170.501 4.74085 26.8645 4.67671 9.21625
170.601 4.69093 26.8684 4.62879 9.21238
170.701 4.64102 26.8722 4.58082 9.20854
170.801 4.5911 26.876 4.53281 9.20475
170.901 4.54119 26.8798 4.48477 9.201
171.001 4.49128 26.8835 4.43668 9.19728
171.101 4.44136 26.8872 4.38856 9.19361
171.201 4.39145 26.8908 4.34039 9.18998
171.301 4.34154 26.8944 4.29219 9.18639
171.401 4.29162 26.8979 4.24395 9.18284
171.501 4.24171 26.9014 4.19567 9.17933
171.601 4.19179 26.9049 4.14736 9.17586
171.701 4.14188 26.9083 4.099 9.17243
171.801 4.09197 26.9117 4.05061 9.16905
171.901 4.04205 26.9151 4.00219 9.1657
172.001 3.99214 26.9184 3.95373 9.1624
172.101 3.94223 26.9216 3.90523 9.15913
172.201 3.89231 26.9249 3.8567 9.15591
172.301 3.8424 26.928 3.80813 9.15272
172.401 3.79249 26.9312 3.75953 9.14958
172.501 3.74257 26.9343 3.7109 9.14648
172.601 3.69266 26.9373 3.66223 9.14342
172.701 3.64275 26.9404 3.61353 9.1404
172.801 3.59283 26.9433 3.5648 9.13742
172.901 3.54292 26.9463 3.51604 9.13448
173.001 3.49301 26.9492 3.46724 9.13159
173.101 3.44309 26.952 3.41841 9.12873
173.201 3.39318 26.9548 3.36956 9.12592
173.301 3.34327 26.9576 3.32067 9.12314
173.401 3.29335 26.9604 3.27175 9.12041
173.501 3.24344 26.963 3.2228 9.11772
173.601 3.19353 26.9657 3.17383 9.11507
173.701 3.14361 26.9683 3.12482 9.11246
173.801 3.0937 26.9709 3.07579 9.10989
173.901 3.04379 26.9734 3.02673 9.10736
174.001 2.99388 26.9759 2.97764 9.10487
174.101 2.94396 26.9783 2.92853 9.10242
174.201 2.89405 26.9807 2.87939 9.10002
174.301 2.84414 26.9831 2.83022 9.09765
174.401 2.79422 26.9854 2.78103 9.09533
174.501 2.74431 26.9877 2.73181 9.09305
174.601 2.6944 26.99 2.68257 9.09081
174.701 2.64448 26.9922 2.6333 9.08861
174.801 2.59457 26.9943 2.58401 9.08645
174.901 2.54466 26.9964 2.5347 9.08433
175.001 2.49474 26.9985 2.48536 9.08225
175.101 2.44483 27.0005 2.436 9.08021
175.201 2.39492 27.0025 2.38662 9.07822
175.301 2.34501 27.0045 2.33722 9.07626
175.402 2.29509 27.0064 2.28779 9.07435
175.502 2.24518 27.0083 2.23835 9.07248
175.602 2.19527 27.0101 2.18888 9.07065
175.702 2.14535 27.0119 2.1394 9.06886
175.802 2.09544 27.0137 2.08989 9.06711
175.902 2.04553 27.0154 2.04037 9.0654
176.002 1.99562 27.017 1.99083 9.06373
176.102 1.9457 27.0187 1.94127 9.06211
176.202 1.89579 27.0202 1.89169 9.06052
176.302 1.84588 27.0218 1.84209 9.05898
176.402 1.79596 27.0233 1.79248 9.05748
176.502 1.74605 27.0247 1.74285 9.05602
176.602 1.69614 27.0262 1.69321 9.0546
176.702 1.64623 27.0275 1.64355 9.05322
176.802 1.59631 27.0289 1.59388 9.05188
176.902 1.5464 27.0302 1.54419 9.05059
177.002 1.49649 27.0314 1.49449 9.04933
177.102 1.44658 27.0326 1.44477 9.04812
177.202 1.39666 27.0338 1.39504 9.04694
177.302 1.34675 27.035 1.3453 9.04581
177.402 1.29684 27.036 1.29554 9.04472
177.502 1.24692 27.0371 1.24578 9.04367
177.602 1.19701 27.0381 1.196 9.04266
177.702 1.1471 27.0391 1.14621 9.04169
177.802 1.09719 27.04 1.09641 9.04077
177.902 1.04727 27.0409 1.0466 9.03988
178.002 0.997362 27.0417 0.996784 9.03904
178.102 0.947449 27.0425 0.946957 9.03824
178.202 0.897536 27.0433 0.89712 9.03748
178.302 0.847624 27.044 0.847276 9.03676
178.402 0.797711 27.0447 0.797424 9.03608
178.502 0.747798 27.0453 0.747564 9.03544
178.602 0.697886 27.0459 0.697698 9.03484
178.702 0.647973 27.0465 0.647826 9.03429
178.802 0.59806 27.047 0.597947 9.03377
178.902 0.548148 27.0475 0.548063 9.0333
179.002 0.498235 27.0479 0.498174 9.03287
179.102 0.448323 27.0483 0.44828 9.03248
179.202 0.39841 27.0486 0.398383 9.03213
179.302 0.348497 27.0489 0.348482 9.03182
179.402 0.298585 27.0492 0.298577 9.03155
179.502 0.248672 27.0494 0.24867 9.03133
179.602 0.198759 27.0496 0.19876 9.03114
179.702 0.148847 27.0498 0.148849 9.031
179.802 0.0989343 27.0499 0.0989366 9.0309
179.902 0.0490217 27.0499 0.049023 9.03083
