0 1.15817e-14 1.44601 0 31.9347
0.1 0.165057 1.44603 0.027209 31.9347
0.2 0.330109 1.44609 0.054418 31.9346
0.3 0.49515 1.44618 0.081627 31.9345
0.4 0.660173 1.44632 0.108836 31.9344
0.5 0.825173 1.44649 0.136045 31.9342
0.6 0.990144 1.4467 0.163253 31.934
0.7 1.15508 1.44696 0.190462 31.9337
0.8 1.31998 1.44724 0.21767 31.9334
0.9 1.48483 1.44757 0.244878 31.9331
1 1.64963 1.44794 0.272086 31.9328
1.1 1.81437 1.44834 0.299293 31.9323
1.2 1.97905 1.44879 0.326501 31.9319
1.3 2.14366 1.44927 0.353708 31.9314
1.4 2.3082 1.44979 0.380914 31.9309
1.5 2.47266 1.45035 0.40812 31.9303
1.6 2.63703 1.45095 0.435326 31.9297
1.7 2.80131 1.45158 0.462531 31.9291
1.8 2.96549 1.45226 0.489736 31.9284
1.9 3.12957 1.45297 0.516941 31.9277
2 3.29354 1.45372 0.544144 31.927
2.1 3.4574 1.45451 0.571348 31.9262
2.2 3.62114 1.45534 0.59855 31.9254
2.3 3.78476 1.45621 0.625752 31.9245
2.4 3.94825 1.45711 0.652954 31.9236
2.5 4.1116 1.45806 0.680155 31.9226
2.6 4.27481 1.45904 0.707355 31.9216
2.7 4.43787 1.46006 0.734554 31.9206
2.8 4.60078 1.46112 0.761753 31.9196
2.9 4.76353 1.46222 0.788951 31.9185
3 4.92612 1.46336 0.816148 31.9173
3.1 5.08855 1.46454 0.843344 31.9162
3.2 5.2508 1.46575 0.870539 31.9149
3.3 5.41287 1.467 0.897734 31.9137
3.4 5.57476 1.46829 0.924928 31.9124
3.5 5.73645 1.46962 0.95212 31.9111
3.6 5.89796 1.47099 0.979312 31.9097
3.7 6.05926 1.4724 1.0065 31.9083
3.8 6.22036 1.47384 1.03369 31.9068
3.9 6.38125 1.47533 1.06088 31.9054
4 6.54193 1.47685 1.08807 31.9038
4.1 6.70239 1.47841 1.11526 31.9023
4.2 6.86262 1.48001 1.14244 31.9007
4.3 7.02262 1.48165 1.16963 31.899
4.4 7.18238 1.48332 1.19681 31.8974
4.5 7.34191 1.48504 1.22399 31.8957
4.6 7.50119 1.48679 1.25117 31.8939
4.7 7.66023 1.48858 1.27835 31.8921
4.8 7.81901 1.49041 1.30553 31.8903
4.9 7.97753 1.49228 1.33271 31.8884
5 8.13578 1.49418 1.35988 31.8865
5.1 8.29377 1.49613 1.38705 31.8846
5.2 8.45149 1.49811 1.41423 31.8826
5.3 8.60892 1.50013 1.4414 31.8806
5.4 8.76608 1.50219 1.46857 31.8785
5.5 8.92295 1.50429 1.49574 31.8764
5.6 9.07952 1.50643 1.5229 31.8743
5.7 9.23581 1.5086 1.55007 31.8721
5.8 9.39179 1.51082 1.57723 31.8699
5.9 9.54747 1.51307 1.60439 31.8676
6 9.70284 1.51536 1.63156 31.8653
6.1 9.85789 1.51769 1.65871 31.863
6.2 10.0126 1.52006 1.68587 31.8606
6.3 10.1671 1.52246 1.71303 31.8582
6.4 10.3211 1.52491 1.74018 31.8558
6.5 10.4749 1.52739 1.76733 31.8533
6.6 10.6283 1.52991 1.79448 31.8508
6.7 10.7814 1.53247 1.82163 31.8482
6.8 10.9342 1.53506 1.84878 31.8456
6.9 11.0866 1.5377 1.87592 31.843
7 11.2386 1.54037 1.90306 31.8403
7.1 11.3903 1.54309 1.93021 31.8376
7.2 11.5417 1.54584 1.95734 31.8349
7.3 11.6927 1.54862 1.98448 31.8321
7.4 11.8433 1.55145 2.01162 31.8292
7.5 11.9936 1.55432 2.03875 31.8264
7.6 12.1434 1.55722 2.06588 31.8235
7.7 12.293 1.56016 2.09301 31.8205
7.79999 12.4421 1.56314 2.12014 31.8176
7.89999 12.5908 1.56616 2.14726 31.8145
7.99999 12.7392 1.56921 2.17438 31.8115
8.09999 12.8872 1.57231 2.2015 31.8084
8.2 13.0348 1.57544 2.22862 31.8053
8.3 13.1819 1.57861 2.25574 31.8021
8.4 13.3287 1.58182 2.28285 31.7989
8.5 13.4751 1.58507 2.30996 31.7956
8.6 13.6211 1.58835 2.33707 31.7923
8.7 13.7667 1.59167 2.36418 31.789
8.8 13.9119 1.59503 2.39128 31.7857
8.9 14.0566 1.59843 2.41838 31.7823
9 14.2009 1.60187 2.44548 31.7788
9.1 14.3449 1.60535 2.47258 31.7753
9.2 14.4884 1.60886 2.49967 31.7718
9.3 14.6314 1.61241 2.52676 31.7683
9.4 14.7741 1.616 2.55385 31.7647
9.5 14.9163 1.61963 2.58094 31.7611
9.6 15.0581 1.6233 2.60802 31.7574
9.7 15.1994 1.627 2.6351 31.7537
9.8 15.3403 1.63074 2.66218 31.75
9.9 15.4808 1.63452 2.68926 31.7462
10 15.6208 1.63834 2.71633 31.7424
10.1 15.7604 1.64219 2.7434 31.7385
10.2 15.8996 1.64609 2.77047 31.7346
10.3 16.0382 1.65002 2.79753 31.7307
10.4 16.1765 1.65399 2.8246 31.7267
10.5 16.3143 1.658 2.85166 31.7227
10.6 16.4516 1.66204 2.87871 31.7186
10.7 16.5885 1.66613 2.90576 31.7146
10.8 16.7249 1.67025 2.93282 31.7104
10.9 16.8608 1.67441 2.95986 31.7063
11 16.9963 1.6786 2.98691 31.7021
11.1 17.1313 1.68284 3.01395 31.6979
11.2 17.2659 1.68711 3.04099 31.6936
11.3 17.4 1.69142 3.06802 31.6893
11.4 17.5336 1.69577 3.09505 31.6849
11.5 17.6667 1.70016 3.12208 31.6805
11.6 17.7994 1.70458 3.14911 31.6761
11.7 17.9316 1.70904 3.17613 31.6716
11.8 18.0633 1.71354 3.20315 31.6671
11.9 18.1945 1.71808 3.23017 31.6626
12 18.3253 1.72265 3.25718 31.658
12.1 18.4556 1.72727 3.28419 31.6534
12.2 18.5853 1.73192 3.31119 31.6488
12.3 18.7147 1.73661 3.3382 31.6441
12.4 18.8435 1.74133 3.3652 31.6394
12.5 18.9718 1.74609 3.39219 31.6346
12.6 19.0997 1.7509 3.41918 31.6298
12.7 19.227 1.75573 3.44617 31.625
12.8 19.3539 1.76061 3.47316 31.6201
12.9 19.4803 1.76553 3.50014 31.6152
13 19.6061 1.77048 3.52712 31.6102
13.1 19.7315 1.77547 3.55409 31.6052
13.2 19.8564 1.78049 3.58106 31.6002
13.3 19.9808 1.78556 3.60803 31.5951
13.4 20.1047 1.79066 3.63499 31.59
13.5 20.2281 1.7958 3.66195 31.5849
13.6 20.3511 1.80097 3.68891 31.5797
13.7 20.4735 1.80619 3.71586 31.5745
13.8 20.5954 1.81144 3.74281 31.5693
13.9 20.7168 1.81673 3.76976 31.564
14 20.8377 1.82206 3.7967 31.5586
14.1 20.9581 1.82742 3.82363 31.5533
14.2 21.078 1.83282 3.85057 31.5479
14.3 21.1974 1.83826 3.8775 31.5424
14.4 21.3164 1.84374 3.90442 31.537
14.5 21.4348 1.84925 3.93134 31.5314
14.6 21.5527 1.8548 3.95826 31.5259
14.7 21.6701 1.86039 3.98517 31.5203
14.8 21.787 1.86602 4.01208 31.5147
14.9 21.9033 1.87168 4.03899 31.509
15 22.0192 1.87738 4.06589 31.5033
15.1 22.1346 1.88312 4.09278 31.4976
15.2 22.2495 1.88889 4.11968 31.4918
15.3 22.3639 1.8947 4.14657 31.486
15.4 22.4777 1.90055 4.17345 31.4801
15.5 22.5911 1.90644 4.20033 31.4743
15.6 22.7039 1.91236 4.2272 31.4683
15.7 22.8163 1.91832 4.25407 31.4624
15.8 22.9281 1.92432 4.28094 31.4564
15.9 23.0395 1.93035 4.3078 31.4503
16 23.1503 1.93642 4.33466 31.4443
16.1 23.2606 1.94253 4.36151 31.4382
16.2 23.3705 1.94868 4.38836 31.432
16.3 23.4798 1.95486 4.41521 31.4258
16.4 23.5886 1.96108 4.44205 31.4196
16.5 23.6969 1.96734 4.46888 31.4134
16.6 23.8047 1.97363 4.49571 31.4071
16.7 23.912 1.97996 4.52254 31.4007
16.8 24.0188 1.98633 4.54936 31.3944
16.9 24.1251 1.99274 4.57618 31.388
17 24.2309 1.99918 4.60299 31.3815
17.1 24.3362 2.00566 4.6298 31.375
17.2 24.441 2.01217 4.6566 31.3685
17.3 24.5452 2.01872 4.6834 31.362
17.4 24.649 2.02531 4.71019 31.3554
17.5 24.7523 2.03194 4.73698 31.3488
17.6 24.8551 2.0386 4.76376 31.3421
17.7 24.9574 2.0453 4.79054 31.3354
17.8 25.0592 2.05204 4.81731 31.3287
17.9 25.1604 2.05881 4.84408 31.3219
18 25.2612 2.06562 4.87084 31.3151
18.1 25.3615 2.07247 4.8976 31.3082
18.2 25.4613 2.07935 4.92435 31.3013
18.3 25.5606 2.08627 4.9511 31.2944
18.4 25.6594 2.09322 4.97784 31.2875
18.5 25.7577 2.10022 5.00458 31.2805
18.6 25.8555 2.10725 5.03131 31.2734
18.7 25.9528 2.11431 5.05804 31.2664
18.8 26.0496 2.12141 5.08476 31.2593
18.9 26.146 2.12855 5.11148 31.2521
19 26.2418 2.13573 5.13819 31.245
19.1 26.3371 2.14294 5.1649 31.2378
19.2 26.432 2.15019 5.1916 31.2305
19.3 26.5264 2.15747 5.21829 31.2232
19.4 26.6203 2.16479 5.24498 31.2159
19.5 26.7136 2.17215 5.27167 31.2085
19.6 26.8066 2.17955 5.29834 31.2011
19.7 26.899 2.18698 5.32502 31.1937
19.8 26.9909 2.19444 5.35169 31.1863
19.9 27.0824 2.20194 5.37835 31.1787
20 27.1733 2.20948 5.405 31.1712
20.1 27.2638 2.21706 5.43165 31.1636
20.2 27.3538 2.22467 5.4583 31.156
20.3 27.4434 2.23232 5.48494 31.1484
20.4 27.5324 2.24 5.51157 31.1407
20.5 27.621 2.24772 5.5382 31.133
20.6 27.7091 2.25548 5.56482 31.1252
20.7 27.7967 2.26327 5.59144 31.1174
20.8 27.8839 2.2711 5.61805 31.1096
20.9 27.9705 2.27896 5.64466 31.1017
21 28.0567 2.28686 5.67126 31.0938
21.1 28.1425 2.2948 5.69785 31.0859
21.2 28.2277 2.30277 5.72444 31.0779
21.3 28.3125 2.31078 5.75102 31.0699
21.4 28.3969 2.31882 5.77759 31.0619
21.5 28.4807 2.3269 5.80416 31.0538
21.6 28.5641 2.33502 5.83072 31.0457
21.7 28.647 2.34317 5.85728 31.0375
21.8 28.7295 2.35136 5.88383 31.0293
21.9 28.8115 2.35958 5.91038 31.0211
22 28.8931 2.36784 5.93691 31.0129
22.1 28.9741 2.37614 5.96345 31.0046
22.2 29.0548 2.38447 5.98997 30.9962
22.3 29.1349 2.39283 6.01649 30.9879
22.4 29.2147 2.40123 6.043 30.9795
22.5 29.2939 2.40967 6.06951 30.971
22.6 29.3727 2.41815 6.09601 30.9625
22.7001 29.4511 2.42665 6.12251 30.954
22.8001 29.529 2.4352 6.14899 30.9455
22.9001 29.6065 2.44378 6.17547 30.9369
23.0001 29.6835 2.45239 6.20195 30.9283
23.1001 29.76 2.46105 6.22842 30.9196
23.2001 29.8361 2.46973 6.25488 30.911
23.3001 29.9118 2.47845 6.28133 30.9022
23.4001 29.9871 2.48721 6.30778 30.8935
23.5001 30.0618 2.496 6.33422 30.8847
23.6001 30.1362 2.50483 6.36066 30.8759
23.7001 30.2101 2.5137 6.38709 30.867
23.8001 30.2836 2.5226 6.41351 30.8581
23.9001 30.3566 2.53153 6.43992 30.8492
24.0001 30.4292 2.5405 6.46633 30.8402
24.1001 30.5014 2.5495 6.49273 30.8312
24.2001 30.5731 2.55854 6.51913 30.8221
24.3001 30.6445 2.56762 6.54551 30.8131
24.4001 30.7153 2.57673 6.57189 30.804
24.5001 30.7858 2.58587 6.59827 30.7948
24.6001 30.8558 2.59505 6.62463 30.7856
24.7001 30.9254 2.60427 6.65099 30.7764
24.8001 30.9946 2.61352 6.67734 30.7672
24.9001 31.0634 2.62281 6.70369 30.7579
25.0001 31.1317 2.63213 6.73003 30.7486
25.1001 31.1996 2.64148 6.75636 30.7392
25.2001 31.2671 2.65087 6.78268 30.7298
25.3001 31.3342 2.6603 6.809 30.7204
25.4001 31.4009 2.66976 6.83531 30.7109
25.5001 31.4671 2.67925 6.86161 30.7014
25.6001 31.533 2.68878 6.8879 30.6919
25.7001 31.5984 2.69835 6.91419 30.6823
25.8001 31.6634 2.70795 6.94047 30.6727
25.9001 31.728 2.71758 6.96674 30.6631
26.0001 31.7922 2.72725 6.99301 30.6534
26.1001 31.856 2.73695 7.01927 30.6437
26.2001 31.9194 2.74669 7.04552 30.634
26.3001 31.9824 2.75646 7.07176 30.6242
26.4001 32.045 2.76627 7.09799 30.6144
26.5001 32.1072 2.77611 7.12422 30.6046
26.6001 32.169 2.78599 7.15044 30.5947
26.7001 32.2304 2.7959 7.17665 30.5848
26.8001 32.2914 2.80584 7.20286 30.5748
26.9001 32.3521 2.81582 7.22906 30.5649
27.0001 32.4123 2.82584 7.25524 30.5549
27.1001 32.4721 2.83588 7.28143 30.5448
27.2001 32.5315 2.84597 7.3076 30.5347
27.3001 32.5906 2.85608 7.33376 30.5246
27.4001 32.6493 2.86623 7.35992 30.5145
27.5001 32.7076 2.87642 7.38607 30.5043
27.6001 32.7655 2.88664 7.41221 30.4941
27.7001 32.823 2.89689 7.43835 30.4838
27.8001 32.8801 2.90718 7.46447 30.4735
27.9001 32.9369 2.9175 7.49059 30.4632
28.0001 32.9932 2.92786 7.5167 30.4528
28.1001 33.0492 2.93825 7.5428 30.4424
28.2001 33.1049 2.94867 7.5689 30.432
28.3001 33.1601 2.95913 7.59498 30.4216
28.4001 33.215 2.96962 7.62106 30.4111
28.5001 33.2695 2.98015 7.64713 30.4005
28.6001 33.3237 2.99071 7.67319 30.39
28.7001 33.3774 3.0013 7.69924 30.3794
28.8001 33.4309 3.01193 7.72529 30.3688
28.9001 33.4839 3.02259 7.75132 30.3581
29.0001 33.5366 3.03329 7.77735 30.3474
29.1001 33.5889 3.04402 7.80337 30.3367
29.2001 33.6409 3.05478 7.82938 30.3259
29.3001 33.6925 3.06558 7.85538 30.3151
29.4001 33.7437 3.07641 7.88137 30.3043
29.5001 33.7946 3.08727 7.90736 30.2934
29.6001 33.8451 3.09817 7.93333 30.2825
29.7001 33.8953 3.1091 7.9593 30.2716
29.8001 33.9451 3.12006 7.98526 30.2606
29.9001 33.9946 3.13106 8.01121 30.2496
30.0001 34.0437 3.14209 8.03715 30.2386
30.1001 34.0925 3.15315 8.06309 30.2275
30.2001 34.1409 3.16425 8.08901 30.2164
30.3001 34.189 3.17538 8.11492 30.2053
30.4001 34.2367 3.18655 8.14083 30.1941
30.5001 34.2841 3.19774 8.16673 30.1829
30.6001 34.3312 3.20898 8.19262 30.1717
30.7001 34.3779 3.22024 8.2185 30.1605
30.8001 34.4243 3.23154 8.24437 30.1492
30.9001 34.4703 3.24287 8.27023 30.1378
31.0001 34.516 3.25423 8.29608 30.1265
31.1001 34.5614 3.26563 8.32193 30.1151
31.2001 34.6064 3.27706 8.34776 30.1036
31.3001 34.6511 3.28852 8.37358 30.0922
31.4001 34.6955 3.30001 8.3994 30.0807
31.5001 34.7396 3.31154 8.42521 30.0691
31.6001 34.7833 3.3231 8.45101 30.0576
31.7001 34.8267 3.3347 8.47679 30.046
31.8001 34.8697 3.34633 8.50257 30.0344
31.9001 34.9125 3.35799 8.52834 30.0227
32.0001 34.9549 3.36968 8.5541 30.011
32.1001 34.997 3.3814 8.57985 29.9993
32.2001 35.0388 3.39316 8.60559 29.9875
32.3001 35.0803 3.40495 8.63132 29.9757
32.4001 35.1214 3.41677 8.65705 29.9639
32.5001 35.1622 3.42863 8.68276 29.9521
32.6001 35.2028 3.44052 8.70846 29.9402
32.7001 35.243 3.45244 8.73416 29.9283
32.8001 35.2829 3.46439 8.75984 29.9163
32.9001 35.3224 3.47637 8.78551 29.9043
33.0001 35.3617 3.48839 8.81118 29.8923
33.1001 35.4007 3.50044 8.83683 29.8803
33.2001 35.4393 3.51252 8.86248 29.8682
33.3001 35.4777 3.52464 8.88811 29.8561
33.4001 35.5158 3.53679 8.91374 29.8439
33.5001 35.5535 3.54896 8.93935 29.8317
33.6001 35.591 3.56118 8.96496 29.8195
33.7001 35.6281 3.57342 8.99055 29.8073
33.8001 35.665 3.58569 9.01614 29.795
33.9001 35.7015 3.598 9.04171 29.7827
34.0001 35.7378 3.61034 9.06728 29.7704
34.1001 35.7737 3.62271 9.09283 29.758
34.2001 35.8094 3.63512 9.11838 29.7456
34.3 35.8448 3.64755 9.14391 29.7331
34.4 35.8799 3.66002 9.16943 29.7207
34.5 35.9147 3.67252 9.19495 29.7082
34.6 35.9492 3.68505 9.22045 29.6956
34.7 35.9834 3.69761 9.24595 29.6831
34.8 36.0173 3.7102 9.27143 29.6705
34.9 36.051 3.72283 9.2969 29.6579
35 36.0843 3.73549 9.32236 29.6452
35.1 36.1174 3.74817 9.34782 29.6325
35.2 36.1502 3.7609 9.37326 29.6198
35.3 36.1827 3.77365 9.39869 29.607
35.4 36.215 3.78643 9.42411 29.5943
35.5 36.247 3.79925 9.44952 29.5814
35.6 36.2786 3.81209 9.47492 29.5686
35.7 36.3101 3.82497 9.50031 29.5557
35.8 36.3412 3.83788 9.52569 29.5428
35.9 36.3721 3.85082 9.55105 29.5299
36 36.4027 3.86379 9.57641 29.5169
36.1 36.433 3.87679 9.60175 29.5039
36.2 36.463 3.88983 9.62709 29.4909
36.3 36.4928 3.90289 9.65241 29.4778
36.4 36.5224 3.91599 9.67773 29.4647
36.5 36.5516 3.92911 9.70303 29.4516
36.6 36.5806 3.94227 9.72832 29.4384
36.7 36.6093 3.95546 9.7536 29.4252
36.8 36.6378 3.96868 9.77887 29.412
36.9 36.666 3.98193 9.80413 29.3988
37 36.6939 3.99521 9.82937 29.3855
37.1 36.7216 4.00853 9.85461 29.3722
37.2 36.749 4.02187 9.87983 29.3588
37.3 36.7762 4.03524 9.90505 29.3454
37.4 36.8031 4.04865 9.93025 29.332
37.5 36.8298 4.06208 9.95544 29.3186
37.6 36.8562 4.07555 9.98062 29.3051
37.7 36.8823 4.08905 10.0058 29.2916
37.8 36.9082 4.10257 10.0309 29.2781
37.9 36.9339 4.11613 10.0561 29.2646
38 36.9593 4.12972 10.0812 29.251
38.1 36.9844 4.14334 10.1063 29.2374
38.2 37.0093 4.15698 10.1315 29.2237
38.3 37.034 4.17066 10.1566 29.21
38.4 37.0584 4.18437 10.1816 29.1963
38.5 37.0826 4.19811 10.2067 29.1826
38.6 37.1065 4.21188 10.2318 29.1688
38.7 37.1302 4.22568 10.2568 29.155
38.8 37.1537 4.23951 10.2819 29.1412
38.9 37.1769 4.25337 10.3069 29.1273
39 37.1998 4.26726 10.3319 29.1134
39.1 37.2226 4.28118 10.3569 29.0995
39.2 37.2451 4.29513 10.3819 29.0856
39.3 37.2673 4.30911 10.4069 29.0716
39.4 37.2893 4.32312 10.4319 29.0576
39.5 37.3111 4.33716 10.4568 29.0435
39.6 37.3327 4.35123 10.4818 29.0295
39.7 37.354 4.36533 10.5067 29.0154
39.8 37.3751 4.37945 10.5316 29.0012
39.9 37.396 4.39361 10.5565 28.9871
40 37.4166 4.4078 10.5814 28.9729
40.1 37.437 4.42202 10.6063 28.9587
40.2 37.4572 4.43626 10.6312 28.9444
40.3 37.4772 4.45054 10.656 28.9302
40.4 37.4969 4.46484 10.6809 28.9158
40.5 37.5164 4.47918 10.7057 28.9015
40.6 37.5357 4.49354 10.7305 28.8871
40.7 37.5548 4.50794 10.7554 28.8728
40.7999 37.5736 4.52236 10.7802 28.8583
40.8999 37.5923 4.53681 10.8049 28.8439
40.9999 37.6107 4.55129 10.8297 28.8294
41.0999 37.6289 4.5658 10.8545 28.8149
41.1999 37.6469 4.58034 10.8792 28.8004
41.2999 37.6646 4.59491 10.904 28.7858
41.3999 37.6822 4.60951 10.9287 28.7712
41.4999 37.6995 4.62413 10.9534 28.7566
41.5999 37.7166 4.63879 10.9781 28.7419
41.6999 37.7335 4.65347 11.0028 28.7272
41.7999 37.7502 4.66818 11.0274 28.7125
41.8999 37.7667 4.68293 11.0521 28.6978
41.9999 37.783 4.6977 11.0767 28.683
42.0999 37.7991 4.71249 11.1014 28.6682
42.1999 37.8149 4.72732 11.126 28.6534
42.2999 37.8306 4.74218 11.1506 28.6385
42.3999 37.846 4.75706 11.1752 28.6236
42.4999 37.8613 4.77197 11.1998 28.6087
42.5999 37.8763 4.78692 11.2243 28.5938
42.6999 37.8911 4.80189 11.2489 28.5788
42.7999 37.9058 4.81688 11.2734 28.5638
42.8999 37.9202 4.83191 11.2979 28.5488
42.9999 37.9345 4.84696 11.3224 28.5337
43.0999 37.9485 4.86205 11.3469 28.5186
43.1999 37.9623 4.87716 11.3714 28.5035
43.2999 37.976 4.8923 11.3959 28.4884
43.3999 37.9894 4.90746 11.4204 28.4732
43.4999 38.0026 4.92266 11.4448 28.458
43.5999 38.0157 4.93788 11.4692 28.4428
43.6999 38.0286 4.95313 11.4937 28.4276
43.7999 38.0412 4.96841 11.5181 28.4123
43.8999 38.0537 4.98372 11.5424 28.397
43.9999 38.066 4.99905 11.5668 28.3816
44.0999 38.0781 5.01442 11.5912 28.3663
44.1999 38.09 5.02981 11.6155 28.3509
44.2999 38.1017 5.04522 11.6399 28.3355
44.3999 38.1132 5.06067 11.6642 28.32
44.4999 38.1245 5.07614 11.6885 28.3046
44.5999 38.1357 5.09164 11.7128 28.2891
44.6999 38.1466 5.10717 11.7371 28.2735
44.7999 38.1574 5.12272 11.7613 28.258
44.8999 38.168 5.13831 11.7856 28.2424
44.9999 38.1784 5.15392 11.8098 28.2268
45.0999 38.1886 5.16955 11.834 28.2111
45.1999 38.1986 5.18522 11.8582 28.1955
45.2999 38.2085 5.20091 11.8824 28.1798
45.3999 38.2182 5.21663 11.9066 28.1641
45.4999 38.2277 5.23237 11.9308 28.1483
45.5999 38.237 5.24815 11.9549 28.1325
45.6999 38.2461 5.26395 11.9791 28.1167
45.7999 38.2551 5.27977 12.0032 28.1009
45.8999 38.2639 5.29563 12.0273 28.0851
45.9999 38.2725 5.31151 12.0514 28.0692
46.0999 38.2809 5.32741 12.0755 28.0533
46.1999 38.2892 5.34335 12.0995 28.0373
46.2999 38.2973 5.35931 12.1236 28.0214
46.3999 38.3052 5.37529 12.1476 28.0054
46.4999 38.313 5.39131 12.1716 27.9894
46.5999 38.3205 5.40735 12.1956 27.9733
46.6999 38.3279 5.42342 12.2196 27.9573
46.7999 38.3352 5.43951 12.2436 27.9412
46.8999 38.3422 5.45563 12.2676 27.9251
46.9999 38.3491 5.47177 12.2915 27.9089
47.0999 38.3558 5.48795 12.3154 27.8927
47.1999 38.3624 5.50415 12.3394 27.8765
47.2999 38.3688 5.52037 12.3633 27.8603
47.3998 38.375 5.53662 12.3871 27.8441
47.4998 38.3811 5.5529 12.411 27.8278
47.5998 38.387 5.5692 12.4349 27.8115
47.6998 38.3927 5.58553 12.4587 27.7952
47.7998 38.3983 5.60189 12.4825 27.7788
47.8998 38.4037 5.61827 12.5063 27.7624
47.9998 38.4089 5.63467 12.5301 27.746
48.0998 38.414 5.65111 12.5539 27.7296
48.1998 38.4189 5.66756 12.5777 27.7131
48.2998 38.4237 5.68405 12.6014 27.6966
48.3998 38.4283 5.70056 12.6251 27.6801
48.4998 38.4328 5.71709 12.6488 27.6636
48.5998 38.4371 5.73365 12.6725 27.647
48.6998 38.4412 5.75024 12.6962 27.6305
48.7998 38.4452 5.76685 12.7199 27.6138
48.8998 38.449 5.78349 12.7435 27.5972
48.9998 38.4527 5.80015 12.7672 27.5805
49.0998 38.4562 5.81684 12.7908 27.5639
49.1998 38.4595 5.83355 12.8144 27.5471
49.2998 38.4628 5.85029 12.838 27.5304
49.3998 38.4658 5.86705 12.8616 27.5136
49.4998 38.4687 5.88384 12.8851 27.4968
49.5998 38.4715 5.90066 12.9087 27.48
49.6998 38.4741 5.91749 12.9322 27.4632
49.7998 38.4765 5.93436 12.9557 27.4463
49.8998 38.4788 5.95125 12.9792 27.4294
49.9998 38.481 5.96816 13.0027 27.4125
50.0998 38.483 5.9851 13.0261 27.3956
50.1998 38.4849 6.00206 13.0496 27.3786
50.2998 38.4866 6.01905 13.073 27.3616
50.3998 38.4882 6.03606 13.0964 27.3446
50.4998 38.4896 6.0531 13.1198 27.3276
50.5998 38.4909 6.07016 13.1432 27.3105
50.6998 38.492 6.08724 13.1665 27.2934
50.7998 38.493 6.10435 13.1899 27.2763
50.8998 38.4938 6.12149 13.2132 27.2592
50.9998 38.4945 6.13865 13.2365 27.242
51.0998 38.4951 6.15583 13.2598 27.2249
51.1998 38.4955 6.17304 13.2831 27.2077
51.2998 38.4958 6.19027 13.3063 27.1904
51.3998 38.496 6.20752 13.3296 27.1732
51.4998 38.496 6.2248 13.3528 27.1559
51.5998 38.4958 6.24211 13.376 27.1386
51.6998 38.4956 6.25944 13.3992 27.1213
51.7998 38.4952 6.27679 13.4224 27.1039
51.8998 38.4946 6.29416 13.4455 27.0865
51.9998 38.4939 6.31156 13.4687 27.0691
52.0998 38.4931 6.32898 13.4918 27.0517
52.1998 38.4922 6.34643 13.5149 27.0343
52.2998 38.4911 6.3639 13.538 27.0168
52.3998 38.4898 6.38139 13.5611 26.9993
52.4998 38.4885 6.39891 13.5841 26.9818
52.5998 38.487 6.41645 13.6071 26.9642
52.6998 38.4854 6.43402 13.6302 26.9467
52.7998 38.4836 6.4516 13.6532 26.9291
52.8998 38.4817 6.46921 13.6761 26.9115
52.9998 38.4797 6.48685 13.6991 26.8938
53.0998 38.4776 6.50451 13.7221 26.8762
53.1998 38.4753 6.52219 13.745 26.8585
53.2998 38.4729 6.53989 13.7679 26.8408
53.3998 38.4704 6.55762 13.7908 26.8231
53.4998 38.4677 6.57537 13.8137 26.8053
53.5998 38.4649 6.59314 13.8365 26.7876
53.6998 38.462 6.61093 13.8594 26.7698
53.7998 38.4589 6.62875 13.8822 26.7519
53.8997 38.4558 6.64659 13.905 26.7341
53.9997 38.4525 6.66446 13.9278 26.7162
54.0997 38.449 6.68234 13.9506 26.6983
54.1997 38.4455 6.70025 13.9733 26.6804
54.2997 38.4418 6.71818 13.996 26.6625
54.3997 38.438 6.73614 14.0187 26.6446
54.4997 38.4341 6.75412 14.0414 26.6266
54.5997 38.4301 6.77211 14.0641 26.6086
54.6997 38.4259 6.79014 14.0868 26.5906
54.7997 38.4216 6.80818 14.1094 26.5725
54.8997 38.4172 6.82624 14.132 26.5544
54.9997 38.4127 6.84433 14.1546 26.5364
55.0997 38.4081 6.86244 14.1772 26.5182
55.1997 38.4033 6.88058 14.1998 26.5001
55.2997 38.3984 6.89873 14.2223 26.482
55.3997 38.3934 6.91691 14.2449 26.4638
55.4997 38.3883 6.9351 14.2674 26.4456
55.5997 38.3831 6.95332 14.2899 26.4274
55.6997 38.3777 6.97156 14.3123 26.4091
55.7997 38.3722 6.98983 14.3348 26.3909
55.8997 38.3666 7.00811 14.3572 26.3726
55.9997 38.3609 7.02642 14.3796 26.3543
56.0997 38.3551 7.04475 14.402 26.3359
56.1997 38.3492 7.0631 14.4244 26.3176
56.2997 38.3431 7.08147 14.4468 26.2992
56.3997 38.337 7.09986 14.4691 26.2808
56.4997 38.3307 7.11828 14.4914 26.2624
56.5997 38.3243 7.13671 14.5137 26.244
56.6997 38.3178 7.15517 14.536 26.2255
56.7997 38.3112 7.17364 14.5583 26.207
56.8997 38.3045 7.19214 14.5805 26.1885
56.9997 38.2976 7.21066 14.6027 26.17
57.0997 38.2907 7.2292 14.6249 26.1515
57.1997 38.2836 7.24777 14.6471 26.1329
57.2997 38.2765 7.26635 14.6693 26.1143
57.3997 38.2692 7.28495 14.6914 26.0957
57.4997 38.2618 7.30358 14.7135 26.0771
57.5997 38.2543 7.32222 14.7356 26.0585
57.6997 38.2467 7.34089 14.7577 26.0398
57.7997 38.239 7.35957 14.7798 26.0211
57.8997 38.2312 7.37828 14.8018 26.0024
57.9997 38.2232 7.39701 14.8238 25.9837
58.0997 38.2152 7.41575 14.8459 25.9649
58.1997 38.2071 7.43452 14.8678 25.9462
58.2997 38.1988 7.45331 14.8898 25.9274
58.3997 38.1905 7.47212 14.9117 25.9086
58.4997 38.182 7.49095 14.9337 25.8897
58.5997 38.1735 7.5098 14.9556 25.8709
58.6997 38.1648 7.52867 14.9774 25.852
58.7997 38.1561 7.54756 14.9993 25.8331
58.8997 38.1472 7.56646 15.0211 25.8142
58.9997 38.1382 7.58539 15.043 25.7953
59.0997 38.1291 7.60434 15.0648 25.7763
59.1997 38.12 7.62331 15.0865 25.7574
59.2997 38.1107 7.6423 15.1083 25.7384
59.3997 38.1013 7.66131 15.13 25.7194
59.4997 38.0918 7.68034 15.1517 25.7004
59.5997 38.0823 7.69938 15.1734 25.6813
59.6997 38.0726 7.71845 15.1951 25.6622
59.7997 38.0628 7.73754 15.2168 25.6432
59.8997 38.0529 7.75664 15.2384 25.624
59.9997 38.043 7.77577 15.26 25.6049
60.0997 38.0329 7.79491 15.2816 25.5858
60.1997 38.0227 7.81407 15.3032 25.5666
60.2997 38.0124 7.83326 15.3247 25.5474
60.3997 38.0021 7.85246 15.3462 25.5282
60.4996 37.9916 7.87168 15.3677 25.509
60.5996 37.9811 7.89092 15.3892 25.4898
60.6996 37.9704 7.91018 15.4107 25.4705
60.7996 37.9596 7.92946 15.4321 25.4512
60.8996 37.9488 7.94875 15.4535 25.4319
60.9996 37.9379 7.96807 15.4749 25.4126
61.0996 37.9268 7.9874 15.4963 25.3933
61.1996 37.9157 8.00675 15.5177 25.3739
61.2996 37.9045 8.02613 15.539 25.3546
61.3996 37.8931 8.04552 15.5603 25.3352
61.4996 37.8817 8.06492 15.5816 25.3158
61.5996 37.8702 8.08435 15.6029 25.2963
61.6996 37.8586 8.10379 15.6241 25.2769
61.7996 37.8469 8.12326 15.6453 25.2574
61.8996 37.8352 8.14274 15.6665 25.238
61.9996 37.8233 8.16224 15.6877 25.2185
62.0996 37.8113 8.18176 15.7089 25.1989
62.1996 37.7993 8.20129 15.73 25.1794
62.2996 37.7871 8.22085 15.7511 25.1598
62.3996 37.7749 8.24042 15.7722 25.1403
62.4996 37.7626 8.26001 15.7933 25.1207
62.5996 37.7502 8.27961 15.8143 25.1011
62.6996 37.7377 8.29924 15.8353 25.0815
62.7996 37.7251 8.31888 15.8563 25.0618
62.8996 37.7124 8.33854 15.8773 25.0421
62.9996 37.6996 8.35822 15.8982 25.0225
63.0996 37.6868 8.37792 15.9192 25.0028
63.1996 37.6738 8.39763 15.9401 24.9831
63.2996 37.6608 8.41736 15.961 24.9633
63.3996 37.6477 8.43711 15.9818 24.9436
63.4996 37.6345 8.45687 16.0027 24.9238
63.5996 37.6212 8.47665 16.0235 24.904
63.6996 37.6078 8.49645 16.0443 24.8842
63.7996 37.5944 8.51627 16.065 24.8644
63.8996 37.5808 8.5361 16.0858 24.8446
63.9996 37.5672 8.55595 16.1065 24.8247
64.0996 37.5535 8.57582 16.1272 24.8049
64.1996 37.5397 8.5957 16.1479 24.785
64.2996 37.5258 8.6156 16.1685 24.7651
64.3996 37.5119 8.63552 16.1892 24.7452
64.4996 37.4978 8.65546 16.2098 24.7252
64.5996 37.4837 8.67541 16.2303 24.7053
64.6996 37.4695 8.69537 16.2509 24.6853
64.7996 37.4552 8.71536 16.2714 24.6653
64.8996 37.4408 8.73536 16.2919 24.6453
64.9996 37.4264 8.75537 16.3124 24.6253
65.0996 37.4118 8.77541 16.3329 24.6053
65.1996 37.3972 8.79546 16.3533 24.5852
65.2996 37.3825 8.81552 16.3737 24.5652
65.3996 37.3677 8.8356 16.3941 24.5451
65.4996 37.3529 8.8557 16.4145 24.525
65.5996 37.3379 8.87581 16.4348 24.5049
65.6996 37.3229 8.89594 16.4551 24.4847
65.7996 37.3078 8.91609 16.4754 24.4646
65.8996 37.2927 8.93625 16.4957 24.4444
65.9996 37.2774 8.95643 16.5159 24.4243
66.0996 37.2621 8.97662 16.5362 24.4041
66.1996 37.2467 8.99683 16.5564 24.3839
66.2996 37.2312 9.01705 16.5765 24.3636
66.3996 37.2156 9.03729 16.5967 24.3434
66.4996 37.2 9.05754 16.6168 24.3231
66.5996 37.1842 9.07781 16.6369 24.3029
66.6996 37.1685 9.0981 16.657 24.2826
66.7996 37.1526 9.1184 16.677 24.2623
66.8996 37.1366 9.13872 16.697 24.242
66.9995 37.1206 9.15905 16.717 24.2216
67.0995 37.1045 9.17939 16.737 24.2013
67.1995 37.0883 9.19975 16.7569 24.1809
67.2995 37.0721 9.22013 16.7769 24.1606
67.3995 37.0558 9.24052 16.7968 24.1402
67.4995 37.0394 9.26093 16.8166 24.1198
67.5995 37.0229 9.28135 16.8365 24.0993
67.6995 37.0064 9.30178 16.8563 24.0789
67.7995 36.9897 9.32223 16.8761 24.0585
67.8995 36.9731 9.34269 16.8958 24.038
67.9995 36.9563 9.36317 16.9156 24.0175
68.0995 36.9395 9.38367 16.9353 23.997
68.1995 36.9226 9.40417 16.955 23.9765
68.2995 36.9056 9.4247 16.9747 23.956
68.3995 36.8885 9.44523 16.9943 23.9355
68.4995 36.8714 9.46578 17.0139 23.9149
68.5995 36.8542 9.48635 17.0335 23.8943
68.6995 36.8369 9.50693 17.053 23.8738
68.7995 36.8196 9.52752 17.0726 23.8532
68.8995 36.8022 9.54812 17.0921 23.8326
68.9995 36.7847 9.56874 17.1116 23.8119
69.0995 36.7672 9.58938 17.131 23.7913
69.1995 36.7496 9.61003 17.1504 23.7707
69.2995 36.7319 9.63069 17.1699 23.75
69.3995 36.7141 9.65136 17.1892 23.7293
69.4995 36.6963 9.67205 17.2086 23.7086
69.5995 36.6784 9.69276 17.2279 23.6879
69.6995 36.6604 9.71347 17.2472 23.6672
69.7995 36.6424 9.7342 17.2665 23.6465
69.8995 36.6243 9.75494 17.2857 23.6257
69.9995 36.6061 9.7757 17.3049 23.605
70.0995 36.5879 9.79647 17.3241 23.5842
70.1995 36.5696 9.81725 17.3433 23.5634
70.2995 36.5512 9.83804 17.3624 23.5426
70.3995 36.5328 9.85885 17.3815 23.5218
70.4995 36.5143 9.87967 17.4006 23.501
70.5995 36.4957 9.90051 17.4196 23.4802
70.6995 36.4771 9.92135 17.4387 23.4593
70.7995 36.4584 9.94221 17.4576 23.4385
70.8995 36.4396 9.96309 17.4766 23.4176
70.9995 36.4208 9.98397 17.4956 23.3967
71.0995 36.4019 10.0049 17.5145 23.3758
71.1995 36.383 10.0258 17.5334 23.3549
71.2995 36.3639 10.0467 17.5522 23.334
71.3995 36.3448 10.0676 17.571 23.3131
71.4995 36.3257 10.0886 17.5898 23.2921
71.5995 36.3065 10.1095 17.6086 23.2712
71.6995 36.2872 10.1305 17.6274 23.2502
71.7995 36.2678 10.1515 17.6461 23.2292
71.8995 36.2484 10.1725 17.6648 23.2082
71.9995 36.229 10.1935 17.6834 23.1872
72.0995 36.2094 10.2145 17.7021 23.1662
72.1995 36.1898 10.2355 17.7207 23.1451
72.2995 36.1702 10.2566 17.7392 23.1241
72.3995 36.1505 10.2776 17.7578 23.103
72.4995 36.1307 10.2987 17.7763 23.082
72.5995 36.1108 10.3198 17.7948 23.0609
72.6995 36.0909 10.3409 17.8133 23.0398
72.7995 36.071 10.362 17.8317 23.0187
72.8995 36.0509 10.3831 17.8501 22.9976
72.9995 36.0308 10.4042 17.8685 22.9765
73.0995 36.0107 10.4254 17.8868 22.9553
73.1995 35.9905 10.4465 17.9051 22.9342
73.2995 35.9702 10.4677 17.9234 22.913
73.3995 35.9499 10.4888 17.9417 22.8919
73.4995 35.9295 10.51 17.9599 22.8707
73.5994 35.9091 10.5312 17.9781 22.8495
73.6994 35.8885 10.5524 17.9963 22.8283
73.7994 35.868 10.5736 18.0144 22.8071
73.8994 35.8473 10.5948 18.0325 22.7859
73.9994 35.8267 10.6161 18.0506 22.7646
74.0994 35.8059 10.6373 18.0687 22.7434
74.1994 35.7851 10.6586 18.0867 22.7221
74.2994 35.7643 10.6798 18.1047 22.7009
74.3994 35.7433 10.7011 18.1226 22.6796
74.4994 35.7224 10.7224 18.1406 22.6583
74.5994 35.7013 10.7437 18.1585 22.637
74.6994 35.6802 10.765 18.1763 22.6157
74.7994 35.6591 10.7863 18.1942 22.5944
74.8994 35.6379 10.8076 18.212 22.5731
74.9994 35.6166 10.829 18.2298 22.5517
75.0994 35.5953 10.8503 18.2475 22.5304
75.1994 35.5739 10.8717 18.2652 22.509
75.2994 35.5525 10.893 18.2829 22.4876
75.3994 35.531 10.9144 18.3006 22.4663
75.4994 35.5095 10.9358 18.3182 22.4449
75.5994 35.4879 10.9572 18.3358 22.4235
75.6994 35.4662 10.9786 18.3534 22.4021
75.7994 35.4445 11 18.3709 22.3807
75.8994 35.4228 11.0215 18.3884 22.3592
75.9994 35.4009 11.0429 18.4059 22.3378
76.0994 35.3791 11.0643 18.4233 22.3164
76.1994 35.3571 11.0858 18.4407 22.2949
76.2994 35.3352 11.1072 18.4581 22.2735
76.3994 35.3131 11.1287 18.4755 22.252
76.4994 35.291 11.1502 18.4928 22.2305
76.5994 35.2689 11.1717 18.5101 22.209
76.6994 35.2467 11.1932 18.5273 22.1875
76.7994 35.2244 11.2147 18.5446 22.166
76.8994 35.2021 11.2362 18.5617 22.1445
76.9994 35.1798 11.2577 18.5789 22.123
77.0994 35.1574 11.2793 18.596 22.1014
77.1994 35.1349 11.3008 18.6131 22.0799
77.2994 35.1124 11.3223 18.6302 22.0583
77.3994 35.0898 11.3439 18.6472 22.0368
77.4994 35.0672 11.3655 18.6642 22.0152
77.5994 35.0446 11.3871 18.6812 21.9936
77.6994 35.0218 11.4086 18.6981 21.9721
77.7994 34.9991 11.4302 18.715 21.9505
77.8994 34.9762 11.4518 18.7319 21.9289
77.9994 34.9534 11.4734 18.7487 21.9073
78.0994 34.9304 11.495 18.7655 21.8856
78.1994 34.9075 11.5167 18.7823 21.864
78.2994 34.8844 11.5383 18.799 21.8424
78.3994 34.8614 11.5599 18.8157 21.8207
78.4994 34.8382 11.5816 18.8324 21.7991
78.5994 34.8151 11.6032 18.849 21.7774
78.6994 34.7918 11.6249 18.8656 21.7558
78.7994 34.7685 11.6466 18.8822 21.7341
78.8994 34.7452 11.6683 18.8988 21.7124
78.9994 34.7218 11.6899 18.9153 21.6907
79.0994 34.6984 11.7116 18.9317 21.6691
79.1994 34.6749 11.7333 18.9482 21.6474
79.2994 34.6514 11.755 18.9646 21.6256
79.3994 34.6278 11.7768 18.9809 21.6039
79.4994 34.6042 11.7985 18.9973 21.5822
79.5994 34.5806 11.8202 19.0136 21.5605
79.6994 34.5568 11.8419 19.0299 21.5387
79.7994 34.5331 11.8637 19.0461 21.517
79.8994 34.5093 11.8854 19.0623 21.4953
79.9994 34.4854 11.9072 19.0785 21.4735
80.0993 34.4615 11.929 19.0946 21.4517
80.1993 34.4375 11.9507 19.1107 21.43
80.2993 34.4135 11.9725 19.1268 21.4082
80.3993 34.3895 11.9943 19.1428 21.3864
80.4993 34.3654 12.0161 19.1588 21.3646
80.5993 34.3412 12.0379 19.1747 21.3428
80.6993 34.317 12.0597 19.1907 21.321
80.7993 34.2928 12.0815 19.2066 21.2992
80.8993 34.2685 12.1033 19.2224 21.2774
80.9993 34.2442 12.1251 19.2382 21.2556
81.0993 34.2198 12.1469 19.254 21.2338
81.1993 34.1954 12.1688 19.2698 21.2119
81.2993 34.1709 12.1906 19.2855 21.1901
81.3993 34.1464 12.2124 19.3012 21.1682
81.4993 34.1218 12.2343 19.3168 21.1464
81.5993 34.0972 12.2561 19.3324 21.1245
81.6993 34.0726 12.278 19.348 21.1027
81.7993 34.0479 12.2999 19.3635 21.0808
81.8993 34.0231 12.3217 19.379 21.0589
81.9993 33.9984 12.3436 19.3945 21.0371
82.0993 33.9735 12.3655 19.4099 21.0152
82.1993 33.9487 12.3874 19.4253 20.9933
82.2993 33.9237 12.4093 19.4407 20.9714
82.3993 33.8988 12.4312 19.456 20.9495
82.4993 33.8738 12.4531 19.4713 20.9276
82.5993 33.8487 12.475 19.4866 20.9057
82.6993 33.8236 12.4969 19.5018 20.8838
82.7993 33.7985 12.5188 19.5169 20.8619
82.8993 33.7733 12.5408 19.5321 20.8399
82.9993 33.7481 12.5627 19.5472 20.818
83.0993 33.7228 12.5846 19.5623 20.7961
83.1993 33.6975 12.6065 19.5773 20.7741
83.2993 33.6721 12.6285 19.5923 20.7522
83.3993 33.6468 12.6504 19.6072 20.7303
83.4993 33.6213 12.6724 19.6222 20.7083
83.5993 33.5958 12.6943 19.637 20.6863
83.6993 33.5703 12.7163 19.6519 20.6644
83.7993 33.5447 12.7383 19.6667 20.6424
83.8993 33.5191 12.7602 19.6815 20.6205
83.9993 33.4935 12.7822 19.6962 20.5985
84.0993 33.4678 12.8042 19.7109 20.5765
84.1993 33.4421 12.8262 19.7256 20.5545
84.2993 33.4163 12.8481 19.7402 20.5325
84.3993 33.3905 12.8701 19.7548 20.5106
84.4993 33.3646 12.8921 19.7693 20.4886
84.5993 33.3387 12.9141 19.7838 20.4666
84.6993 33.3128 12.9361 19.7983 20.4446
84.7993 33.2868 12.9581 19.8127 20.4226
84.8993 33.2608 12.9801 19.8271 20.4006
84.9993 33.2347 13.0021 19.8415 20.3786
85.0993 33.2086 13.0241 19.8558 20.3565
85.1993 33.1825 13.0462 19.8701 20.3345
85.2993 33.1563 13.0682 19.8843 20.3125
85.3993 33.1301 13.0902 19.8985 20.2905
85.4993 33.1038 13.1122 19.9127 20.2685
85.5993 33.0775 13.1343 19.9268 20.2464
85.6993 33.0512 13.1563 19.9409 20.2244
85.7993 33.0248 13.1783 19.9549 20.2024
85.8993 32.9984 13.2004 19.9689 20.1803
85.9993 32.9719 13.2224 19.9829 20.1583
86.0993 32.9454 13.2444 19.9968 20.1362
86.1993 32.9189 13.2665 20.0107 20.1142
86.2993 32.8923 13.2885 20.0245 20.0922
86.3993 32.8657 13.3106 20.0383 20.0701
86.4993 32.839 13.3326 20.0521 20.0481
86.5993 32.8123 13.3547 20.0658 20.026
86.6992 32.7856 13.3767 20.0795 20.0039
86.7992 32.7588 13.3988 20.0932 19.9819
86.8992 32.732 13.4209 20.1068 19.9598
86.9992 32.7052 13.4429 20.1204 19.9378
87.0992 32.6783 13.465 20.1339 19.9157
87.1992 32.6514 13.4871 20.1474 19.8936
87.2992 32.6244 13.5091 20.1608 19.8716
87.3992 32.5974 13.5312 20.1742 19.8495
87.4992 32.5704 13.5533 20.1876 19.8274
87.5992 32.5433 13.5754 20.2009 19.8053
87.6992 32.5162 13.5974 20.2142 19.7833
87.7992 32.4891 13.6195 20.2274 19.7612
87.8992 32.4619 13.6416 20.2406 19.7391
87.9992 32.4347 13.6637 20.2538 19.717
88.0992 32.4074 13.6858 20.2669 19.6949
88.1992 32.3801 13.7078 20.28 19.6729
88.2992 32.3528 13.7299 20.293 19.6508
88.3992 32.3254 13.752 20.306 19.6287
88.4992 32.298 13.7741 20.319 19.6066
88.5992 32.2706 13.7962 20.3319 19.5845
88.6992 32.2431 13.8183 20.3448 19.5624
88.7992 32.2156 13.8404 20.3576 19.5403
88.8992 32.1881 13.8624 20.3704 19.5182
88.9992 32.1605 13.8845 20.3831 19.4962
89.0992 32.1329 13.9066 20.3958 19.4741
89.1992 32.1052 13.9287 20.4085 19.452
89.2992 32.0776 13.9508 20.4211 19.4299
89.3992 32.0498 13.9729 20.4337 19.4078
89.4992 32.0221 13.995 20.4462 19.3857
89.5992 31.9943 14.0171 20.4587 19.3636
89.6992 31.9665 14.0392 20.4711 19.3415
89.7992 31.9386 14.0613 20.4835 19.3194
89.8992 31.9107 14.0834 20.4959 19.2973
89.9992 31.8828 14.1055 20.5082 19.2752
90.0992 31.8548 14.1276 20.5205 19.2531
90.1992 31.8268 14.1497 20.5327 19.231
90.2992 31.7988 14.1718 20.5449 19.2089
90.3992 31.7707 14.1939 20.5571 19.1868
90.4992 31.7426 14.216 20.5692 19.1647
90.5992 31.7145 14.238 20.5812 19.1426
90.6992 31.6863 14.2601 20.5932 19.1206
90.7992 31.6581 14.2822 20.6052 19.0985
90.8992 31.6299 14.3043 20.6171 19.0764
90.9992 31.6016 14.3264 20.629 19.0543
91.0992 31.5733 14.3485 20.6409 19.0322
91.1992 31.545 14.3706 20.6526 19.0101
91.2992 31.5166 14.3927 20.6644 18.988
91.3992 31.4882 14.4148 20.6761 18.9659
91.4992 31.4598 14.4369 20.6878 18.9438
91.5992 31.4313 14.459 20.6994 18.9217
91.6992 31.4028 14.481 20.7109 18.8997
91.7992 31.3742 14.5031 20.7225 18.8776
91.8992 31.3457 14.5252 20.734 18.8555
91.9992 31.3171 14.5473 20.7454 18.8334
92.0992 31.2885 14.5694 20.7568 18.8113
92.1992 31.2598 14.5914 20.7681 18.7892
92.2992 31.2311 14.6135 20.7794 18.7672
92.3992 31.2024 14.6356 20.7907 18.7451
92.4992 31.1736 14.6577 20.8019 18.723
92.5992 31.1448 14.6797 20.8131 18.7009
92.6992 31.116 14.7018 20.8242 18.6789
92.7992 31.0871 14.7239 20.8352 18.6568
92.8992 31.0583 14.746 20.8463 18.6347
92.9992 31.0293 14.768 20.8572 18.6127
93.0992 31.0004 14.7901 20.8682 18.5906
93.1992 30.9714 14.8121 20.8791 18.5685
93.2991 30.9424 14.8342 20.8899 18.5465
93.3991 30.9133 14.8563 20.9007 18.5244
93.4991 30.8843 14.8783 20.9114 18.5024
93.5991 30.8552 14.9004 20.9221 18.4803
93.6991 30.826 14.9224 20.9328 18.4583
93.7991 30.7969 14.9445 20.9434 18.4362
93.8991 30.7677 14.9665 20.954 18.4142
93.9991 30.7384 14.9886 20.9645 18.3921
94.0991 30.7092 15.0106 20.9749 18.3701
94.1991 30.6799 15.0326 20.9854 18.3481
94.2991 30.6506 15.0547 20.9957 18.326
94.3991 30.6212 15.0767 21.0061 18.304
94.4991 30.5919 15.0987 21.0163 18.282
94.5991 30.5624 15.1208 21.0266 18.2599
94.6991 30.533 15.1428 21.0367 18.2379
94.7991 30.5035 15.1648 21.0469 18.2159
94.8991 30.474 15.1868 21.0569 18.1939
94.9991 30.4445 15.2088 21.067 18.1719
95.0991 30.415 15.2308 21.077 18.1499
95.1991 30.3854 15.2528 21.0869 18.1279
95.2991 30.3558 15.2748 21.0968 18.1059
95.3991 30.3261 15.2968 21.1066 18.0839
95.4991 30.2964 15.3188 21.1164 18.0619
95.5991 30.2667 15.3408 21.1262 18.0399
95.6991 30.237 15.3628 21.1359 18.0179
95.7991 30.2072 15.3848 21.1455 17.9959
95.8991 30.1775 15.4068 21.1551 17.9739
95.9991 30.1476 15.4288 21.1646 17.9519
96.0991 30.1178 15.4507 21.1741 17.93
96.1991 30.0879 15.4727 21.1836 17.908
96.2991 30.058 15.4947 21.193 17.886
96.3991 30.0281 15.5166 21.2023 17.8641
96.4991 29.9981 15.5386 21.2116 17.8421
96.5991 29.9681 15.5605 21.2209 17.8202
96.6991 29.9381 15.5825 21.2301 17.7982
96.7991 29.9081 15.6044 21.2392 17.7763
96.8991 29.878 15.6263 21.2483 17.7543
96.9991 29.8479 15.6483 21.2574 17.7324
97.0991 29.8178 15.6702 21.2664 17.7105
97.1991 29.7876 15.6921 21.2753 17.6886
97.2991 29.7574 15.714 21.2842 17.6666
97.3991 29.7272 15.736 21.293 17.6447
97.4991 29.697 15.7579 21.3018 17.6228
97.5991 29.6667 15.7798 21.3106 17.6009
97.6991 29.6364 15.8017 21.3193 17.579
97.7991 29.6061 15.8236 21.3279 17.5571
97.8991 29.5757 15.8455 21.3365 17.5352
97.9991 29.5454 15.8673 21.345 17.5134
98.0991 29.515 15.8892 21.3535 17.4915
98.1991 29.4845 15.9111 21.3619 17.4696
98.2991 29.4541 15.933 21.3703 17.4477
98.3991 29.4236 15.9548 21.3786 17.4259
98.4991 29.3931 15.9767 21.3869 17.404
98.5991 29.3626 15.9985 21.3951 17.3822
98.6991 29.332 16.0204 21.4033 17.3603
98.7991 29.3014 16.0422 21.4114 17.3385
98.8991 29.2708 16.064 21.4195 17.3167
98.9991 29.2402 16.0859 21.4275 17.2948
99.0991 29.2095 16.1077 21.4354 17.273
99.1991 29.1788 16.1295 21.4433 17.2512
99.2991 29.1481 16.1513 21.4512 17.2294
99.3991 29.1173 16.1731 21.459 17.2076
99.4991 29.0866 16.1949 21.4667 17.1858
99.5991 29.0558 16.2167 21.4744 17.164
99.6991 29.0249 16.2385 21.4821 17.1422
99.799 28.9941 16.2602 21.4897 17.1205
99.899 28.9632 16.282 21.4972 17.0987
99.999 28.9323 16.3038 21.5047 17.0769
100.099 28.9014 16.3255 21.5121 17.0552
100.199 28.8705 16.3473 21.5195 17.0334
100.299 28.8395 16.369 21.5268 17.0117
100.399 28.8085 16.3908 21.534 16.9899
100.499 28.7775 16.4125 21.5412 16.9682
100.599 28.7464 16.4342 21.5484 16.9465
100.699 28.7153 16.4559 21.5555 16.9248
100.799 28.6842 16.4776 21.5625 16.9031
100.899 28.6531 16.4993 21.5695 16.8814
100.999 28.622 16.521 21.5764 16.8597
101.099 28.5908 16.5427 21.5833 16.838
101.199 28.5596 16.5644 21.5901 16.8163
101.299 28.5284 16.5861 21.5969 16.7946
101.399 28.4971 16.6077 21.6036 16.773
101.499 28.4659 16.6294 21.6102 16.7513
101.599 28.4346 16.651 21.6168 16.7297
101.699 28.4032 16.6727 21.6234 16.708
101.799 28.3719 16.6943 21.6298 16.6864
101.899 28.3405 16.7159 21.6363 16.6648
101.999 28.3091 16.7375 21.6426 16.6432
102.099 28.2777 16.7591 21.649 16.6216
102.199 28.2463 16.7807 21.6552 16.6
102.299 28.2148 16.8023 21.6614 16.5784
102.399 28.1833 16.8239 21.6676 16.5568
102.499 28.1518 16.8455 21.6736 16.5352
102.599 28.1203 16.8671 21.6797 16.5136
102.699 28.0887 16.8886 21.6856 16.4921
102.799 28.0572 16.9102 21.6915 16.4705
102.899 28.0256 16.9317 21.6974 16.449
102.999 27.9939 16.9532 21.7032 16.4275
103.099 27.9623 16.9748 21.7089 16.4059
103.199 27.9306 16.9963 21.7146 16.3844
103.299 27.8989 17.0178 21.7202 16.3629
103.399 27.8672 17.0393 21.7258 16.3414
103.499 27.8354 17.0608 21.7313 16.3199
103.599 27.8037 17.0823 21.7368 16.2984
103.699 27.7719 17.1037 21.7422 16.277
103.799 27.7401 17.1252 21.7475 16.2555
103.899 27.7082 17.1466 21.7528 16.2341
103.999 27.6764 17.1681 21.758 16.2126
104.099 27.6445 17.1895 21.7631 16.1912
104.199 27.6126 17.2109 21.7682 16.1698
104.299 27.5807 17.2324 21.7732 16.1483
104.399 27.5487 17.2538 21.7782 16.1269
104.499 27.5168 17.2752 21.7831 16.1055
104.599 27.4848 17.2965 21.788 16.0841
104.699 27.4528 17.3179 21.7928 16.0628
104.799 27.4207 17.3393 21.7975 16.0414
104.899 27.3887 17.3606 21.8022 16.02
104.999 27.3566 17.382 21.8068 15.9987
105.099 27.3245 17.4033 21.8114 15.9774
105.199 27.2924 17.4247 21.8159 15.956
105.299 27.2602 17.446 21.8203 15.9347
105.399 27.2281 17.4673 21.8247 15.9134
105.499 27.1959 17.4886 21.829 15.8921
105.599 27.1637 17.5099 21.8332 15.8708
105.699 27.1314 17.5311 21.8374 15.8496
105.799 27.0992 17.5524 21.8415 15.8283
105.899 27.0669 17.5737 21.8456 15.807
105.999 27.0346 17.5949 21.8496 15.7858
106.099 27.0023 17.6161 21.8535 15.7646
106.199 26.97 17.6374 21.8574 15.7433
106.299 26.9376 17.6586 21.8612 15.7221
106.399 26.9052 17.6798 21.865 15.7009
106.499 26.8728 17.701 21.8687 15.6797
106.599 26.8404 17.7221 21.8723 15.6585
106.699 26.808 17.7433 21.8759 15.6374
106.799 26.7755 17.7645 21.8794 15.6162
106.899 26.743 17.7856 21.8828 15.5951
106.999 26.7105 17.8068 21.8862 15.5739
107.099 26.678 17.8279 21.8895 15.5528
107.199 26.6454 17.849 21.8928 15.5317
107.299 26.6129 17.8701 21.8959 15.5106
107.399 26.5803 17.8912 21.8991 15.4895
107.499 26.5477 17.9123 21.9021 15.4684
107.599 26.5151 17.9333 21.9051 15.4474
107.699 26.4824 17.9544 21.9081 15.4263
107.799 26.4497 17.9754 21.9109 15.4053
107.899 26.4171 17.9965 21.9137 15.3842
107.999 26.3844 18.0175 21.9165 15.3632
108.099 26.3516 18.0385 21.9191 15.3422
108.199 26.3189 18.0595 21.9218 15.3212
108.299 26.2861 18.0805 21.9243 15.3002
108.399 26.2533 18.1014 21.9268 15.2793
108.499 26.2205 18.1224 21.9292 15.2583
108.599 26.1877 18.1433 21.9315 15.2374
108.699 26.1548 18.1643 21.9338 15.2164
108.799 26.122 18.1852 21.936 15.1955
108.899 26.0891 18.2061 21.9382 15.1746
108.999 26.0562 18.227 21.9403 15.1537
109.099 26.0233 18.2479 21.9423 15.1328
109.199 25.9903 18.2688 21.9443 15.1119
109.299 25.9573 18.2896 21.9461 15.0911
109.399 25.9244 18.3105 21.948 15.0702
109.499 25.8914 18.3313 21.9497 15.0494
109.599 25.8583 18.3521 21.9514 15.0286
109.699 25.8253 18.3729 21.953 15.0078
109.799 25.7922 18.3937 21.9546 14.987
109.899 25.7592 18.4145 21.9561 14.9662
109.999 25.7261 18.4353 21.9575 14.9454
110.099 25.6929 18.456 21.9588 14.9247
110.199 25.6598 18.4768 21.9601 14.9039
110.299 25.6267 18.4975 21.9613 14.8832
110.399 25.5935 18.5182 21.9625 14.8625
110.499 25.5603 18.5389 21.9636 14.8418
110.599 25.5271 18.5596 21.9646 14.8211
110.699 25.4939 18.5803 21.9655 14.8004
110.799 25.4606 18.601 21.9664 14.7797
110.899 25.4273 18.6216 21.9672 14.7591
110.999 25.3941 18.6422 21.9679 14.7385
111.099 25.3608 18.6629 21.9686 14.7178
111.199 25.3274 18.6835 21.9692 14.6972
111.299 25.2941 18.7041 21.9697 14.6766
111.399 25.2607 18.7246 21.9702 14.6561
111.499 25.2274 18.7452 21.9706 14.6355
111.599 25.194 18.7657 21.9709 14.6149
111.699 25.1606 18.7863 21.9712 14.5944
111.799 25.1271 18.8068 21.9713 14.5739
111.899 25.0937 18.8273 21.9715 14.5534
111.999 25.0602 18.8478 21.9715 14.5329
112.099 25.0267 18.8683 21.9715 14.5124
112.199 24.9932 18.8888 21.9714 14.4919
112.299 24.9597 18.9092 21.9712 14.4715
112.399 24.9262 18.9296 21.971 14.4511
112.499 24.8926 18.9501 21.9706 14.4306
112.599 24.859 18.9705 21.9703 14.4102
112.699 24.8255 18.9909 21.9698 14.3898
112.799 24.7918 19.0112 21.9693 14.3695
112.899 24.7582 19.0316 21.9687 14.3491
112.999 24.7246 19.0519 21.968 14.3288
113.099 24.6909 19.0723 21.9673 14.3084
113.199 24.6572 19.0926 21.9665 14.2881
113.299 24.6235 19.1129 21.9656 14.2678
113.399 24.5898 19.1332 21.9646 14.2475
113.499 24.5561 19.1534 21.9636 14.2272
113.599 24.5224 19.1737 21.9625 14.207
113.699 24.4886 19.1939 21.9613 14.1868
113.799 24.4548 19.2142 21.96 14.1665
113.899 24.421 19.2344 21.9587 14.1463
113.999 24.3872 19.2546 21.9573 14.1261
114.099 24.3534 19.2747 21.9559 14.106
114.199 24.3195 19.2949 21.9543 14.0858
114.299 24.2857 19.315 21.9527 14.0656
114.399 24.2518 19.3352 21.951 14.0455
114.499 24.2179 19.3553 21.9492 14.0254
114.599 24.184 19.3754 21.9474 14.0053
114.699 24.1501 19.3955 21.9455 13.9852
114.799 24.1161 19.4155 21.9435 13.9652
114.899 24.0821 19.4356 21.9414 13.9451
114.999 24.0482 19.4556 21.9393 13.9251
115.099 24.0142 19.4756 21.9371 13.9051
115.199 23.9802 19.4956 21.9348 13.8851
115.299 23.9461 19.5156 21.9324 13.8651
115.399 23.9121 19.5356 21.93 13.8451
115.499 23.878 19.5555 21.9275 13.8252
115.599 23.8439 19.5755 21.9249 13.8052
115.699 23.8099 19.5954 21.9222 13.7853
115.799 23.7757 19.6153 21.9195 13.7654
115.899 23.7416 19.6352 21.9167 13.7455
115.999 23.7075 19.655 21.9138 13.7257
116.099 23.6733 19.6749 21.9108 13.7058
116.199 23.6391 19.6947 21.9078 13.686
116.299 23.605 19.7145 21.9046 13.6662
116.399 23.5708 19.7343 21.9014 13.6464
116.499 23.5365 19.7541 21.8982 13.6266
116.599 23.5023 19.7739 21.8948 13.6068
116.699 23.468 19.7936 21.8914 13.5871
116.799 23.4338 19.8134 21.8879 13.5673
116.899 23.3995 19.8331 21.8843 13.5476
116.999 23.3652 19.8528 21.8806 13.5279
117.099 23.3309 19.8725 21.8769 13.5082
117.199 23.2966 19.8921 21.873 13.4886
117.299 23.2622 19.9118 21.8691 13.4689
117.399 23.2279 19.9314 21.8651 13.4493
117.499 23.1935 19.951 21.8611 13.4297
117.599 23.1591 19.9706 21.8569 13.4101
117.699 23.1247 19.9902 21.8527 13.3905
117.799 23.0903 20.0097 21.8484 13.371
117.899 23.0558 20.0292 21.8441 13.3515
117.999 23.0214 20.0488 21.8396 13.3319
118.099 22.9869 20.0683 21.8351 13.3124
118.199 22.9524 20.0877 21.8305 13.293
118.299 22.9179 20.1072 21.8258 13.2735
118.399 22.8834 20.1266 21.821 13.254
118.499 22.8489 20.1461 21.8161 13.2346
118.599 22.8144 20.1655 21.8112 13.2152
118.699 22.7798 20.1849 21.8062 13.1958
118.799 22.7452 20.2042 21.8011 13.1764
118.899 22.7107 20.2236 21.7959 13.1571
118.999 22.6761 20.2429 21.7906 13.1378
119.099 22.6414 20.2622 21.7853 13.1184
119.199 22.6068 20.2815 21.7799 13.0991
119.299 22.5722 20.3008 21.7744 13.0799
119.399 22.5375 20.3201 21.7688 13.0606
119.499 22.5028 20.3393 21.7631 13.0414
119.599 22.4682 20.3585 21.7574 13.0221
119.699 22.4335 20.3777 21.7515 13.0029
119.799 22.3987 20.3969 21.7456 12.9838
119.899 22.364 20.4161 21.7396 12.9646
119.999 22.3293 20.4352 21.7335 12.9455
120.099 22.2945 20.4544 21.7274 12.9263
120.199 22.2598 20.4735 21.7211 12.9072
120.299 22.225 20.4926 21.7148 12.8881
120.399 22.1902 20.5116 21.7084 12.8691
120.499 22.1554 20.5307 21.7019 12.85
120.599 22.1205 20.5497 21.6953 12.831
120.699 22.0857 20.5687 21.6887 12.812
120.799 22.0508 20.5877 21.6819 12.793
120.899 22.016 20.6067 21.6751 12.774
120.999 21.9811 20.6256 21.6682 12.7551
121.099 21.9462 20.6445 21.6612 12.7361
121.199 21.9113 20.6635 21.6541 12.7172
121.299 21.8764 20.6823 21.6469 12.6984
121.399 21.8414 20.7012 21.6396 12.6795
121.499 21.8065 20.7201 21.6323 12.6606
121.599 21.7715 20.7389 21.6249 12.6418
121.699 21.7365 20.7577 21.6174 12.623
121.799 21.7015 20.7765 21.6098 12.6042
121.899 21.6665 20.7953 21.6021 12.5854
121.999 21.6315 20.814 21.5943 12.5667
122.099 21.5965 20.8327 21.5865 12.548
122.199 21.5614 20.8514 21.5785 12.5293
122.299 21.5264 20.8701 21.5705 12.5106
122.399 21.4913 20.8888 21.5624 12.4919
122.499 21.4562 20.9074 21.5542 12.4733
122.599 21.4211 20.9261 21.5459 12.4546
122.699 21.386 20.9447 21.5375 12.436
122.799 21.3509 20.9632 21.529 12.4174
122.899 21.3157 20.9818 21.5205 12.3989
122.999 21.2806 21.0004 21.5118 12.3803
123.099 21.2454 21.0189 21.5031 12.3618
123.199 21.2103 21.0374 21.4943 12.3433
123.299 21.1751 21.0558 21.4854 12.3248
123.399 21.1399 21.0743 21.4764 12.3064
123.499 21.1047 21.0927 21.4673 12.288
123.599 21.0694 21.1112 21.4582 12.2695
123.699 21.0342 21.1295 21.4489 12.2511
123.799 20.9989 21.1479 21.4396 12.2328
123.899 20.9637 21.1663 21.4301 12.2144
123.999 20.9284 21.1846 21.4206 12.1961
124.099 20.8931 21.2029 21.411 12.1778
124.199 20.8578 21.2212 21.4013 12.1595
124.299 20.8225 21.2395 21.3915 12.1412
124.399 20.7871 21.2577 21.3816 12.123
124.499 20.7518 21.2759 21.3716 12.1048
124.599 20.7165 21.2941 21.3616 12.0866
124.699 20.6811 21.3123 21.3514 12.0684
124.799 20.6457 21.3304 21.3412 12.0502
124.899 20.6103 21.3486 21.3308 12.0321
124.999 20.5749 21.3667 21.3204 12.014
125.099 20.5395 21.3848 21.3099 11.9959
125.199 20.5041 21.4028 21.2993 11.9778
125.299 20.4686 21.4209 21.2886 11.9598
125.399 20.4332 21.4389 21.2778 11.9418
125.499 20.3977 21.4569 21.2669 11.9238
125.599 20.3622 21.4749 21.2559 11.9058
125.699 20.3268 21.4928 21.2449 11.8879
125.799 20.2913 21.5108 21.2337 11.8699
125.899 20.2557 21.5287 21.2225 11.852
125.999 20.2202 21.5466 21.2111 11.8341
126.099 20.1847 21.5644 21.1997 11.8163
126.199 20.1491 21.5823 21.1882 11.7984
126.299 20.1136 21.6001 21.1765 11.7806
126.399 20.078 21.6179 21.1648 11.7628
126.499 20.0424 21.6357 21.153 11.745
126.599 20.0068 21.6534 21.1411 11.7273
126.699 19.9712 21.6711 21.1291 11.7096
126.799 19.9356 21.6888 21.117 11.6919
126.899 19.9 21.7065 21.1048 11.6742
126.999 19.8643 21.7242 21.0926 11.6565
127.099 19.8287 21.7418 21.0802 11.6389
127.199 19.793 21.7594 21.0677 11.6213
127.299 19.7573 21.777 21.0552 11.6037
127.399 19.7217 21.7946 21.0425 11.5861
127.499 19.686 21.8121 21.0297 11.5686
127.599 19.6502 21.8296 21.0169 11.5511
127.699 19.6145 21.8471 21.004 11.5336
127.799 19.5788 21.8646 20.9909 11.5161
127.899 19.543 21.882 20.9778 11.4986
127.999 19.5073 21.8995 20.9646 11.4812
128.099 19.4715 21.9169 20.9512 11.4638
128.199 19.4357 21.9342 20.9378 11.4464
128.299 19.4 21.9516 20.9243 11.4291
128.399 19.3641 21.9689 20.9107 11.4118
128.499 19.3283 21.9862 20.897 11.3945
128.599 19.2925 22.0035 20.8832 11.3772
128.699 19.2567 22.0208 20.8692 11.3599
128.799 19.2208 22.038 20.8552 11.3427
128.899 19.185 22.0552 20.8411 11.3255
128.999 19.1491 22.0724 20.8269 11.3083
129.099 19.1132 22.0896 20.8127 11.2911
129.199 19.0773 22.1067 20.7983 11.274
129.299 19.0414 22.1238 20.7838 11.2569
129.399 19.0055 22.1409 20.7692 11.2398
129.499 18.9696 22.158 20.7545 11.2227
129.599 18.9337 22.175 20.7397 11.2057
129.699 18.8977 22.192 20.7248 11.1887
129.799 18.8618 22.209 20.7098 11.1717
129.899 18.8258 22.226 20.6948 11.1547
129.999 18.7898 22.2429 20.6796 11.1378
130.099 18.7538 22.2598 20.6643 11.1209
130.199 18.7178 22.2767 20.6489 11.104
130.299 18.6818 22.2936 20.6335 11.0871
130.399 18.6458 22.3104 20.6179 11.0703
130.499 18.6098 22.3272 20.6022 11.0535
130.599 18.5737 22.344 20.5864 11.0367
130.699 18.5377 22.3608 20.5705 11.0199
130.799 18.5016 22.3775 20.5546 11.0032
130.899 18.4656 22.3942 20.5385 10.9865
130.999 18.4295 22.4109 20.5223 10.9698
131.099 18.3934 22.4276 20.506 10.9531
131.199 18.3573 22.4442 20.4897 10.9365
131.299 18.3212 22.4608 20.4732 10.9198
131.399 18.2851 22.4774 20.4566 10.9033
131.499 18.2489 22.494 20.4399 10.8867
131.599 18.2128 22.5105 20.4231 10.8702
131.699 18.1766 22.527 20.4062 10.8536
131.799 18.1405 22.5435 20.3893 10.8372
131.899 18.1043 22.56 20.3722 10.8207
131.999 18.0681 22.5764 20.355 10.8043
132.099 18.0319 22.5928 20.3377 10.7879
132.199 17.9957 22.6092 20.3203 10.7715
132.299 17.9595 22.6256 20.3028 10.7551
132.399 17.9233 22.6419 20.2852 10.7388
132.499 17.8871 22.6582 20.2675 10.7225
132.599 17.8508 22.6745 20.2497 10.7062
132.699 17.8146 22.6907 20.2318 10.69
132.799 17.7783 22.707 20.2138 10.6737
132.899 17.742 22.7232 20.1956 10.6575
132.999 17.7058 22.7393 20.1774 10.6414
133.099 17.6695 22.7555 20.1591 10.6252
133.199 17.6332 22.7716 20.1407 10.6091
133.299 17.5969 22.7877 20.1221 10.593
133.399 17.5606 22.8038 20.1035 10.5769
133.499 17.5242 22.8198 20.0848 10.5609
133.599 17.4879 22.8358 20.0659 10.5449
133.699 17.4515 22.8518 20.047 10.5289
133.799 17.4152 22.8678 20.0279 10.5129
133.899 17.3788 22.8837 20.0087 10.497
133.999 17.3424 22.8996 19.9895 10.4811
134.099 17.3061 22.9155 19.9701 10.4652
134.199 17.2697 22.9314 19.9506 10.4493
134.299 17.2333 22.9472 19.9311 10.4335
134.399 17.1969 22.963 19.9114 10.4177
134.499 17.1604 22.9788 19.8916 10.4019
134.599 17.124 22.9945 19.8717 10.3862
134.699 17.0876 23.0102 19.8517 10.3705
134.799 17.0511 23.0259 19.8316 10.3548
134.899 17.0147 23.0416 19.8114 10.3391
134.999 16.9782 23.0572 19.791 10.3235
135.099 16.9417 23.0728 19.7706 10.3079
135.199 16.9052 23.0884 19.7501 10.2923
135.299 16.8687 23.104 19.7294 10.2767
135.399 16.8322 23.1195 19.7087 10.2612
135.499 16.7957 23.135 19.6878 10.2457
135.599 16.7592 23.1505 19.6669 10.2302
135.699 16.7227 23.1659 19.6458 10.2148
135.799 16.6861 23.1813 19.6246 10.1993
135.899 16.6496 23.1967 19.6033 10.184
135.999 16.613 23.2121 19.582 10.1686
136.099 16.5765 23.2274 19.5605 10.1533
136.199 16.5399 23.2427 19.5388 10.1379
136.299 16.5033 23.258 19.5171 10.1227
136.399 16.4667 23.2733 19.4953 10.1074
136.499 16.4301 23.2885 19.4734 10.0922
136.599 16.3935 23.3037 19.4513 10.077
136.699 16.3569 23.3189 19.4292 10.0618
136.799 16.3203 23.334 19.4069 10.0467
136.899 16.2836 23.3491 19.3846 10.0316
136.999 16.247 23.3642 19.3621 10.0165
137.099 16.2103 23.3793 19.3395 10.0014
137.199 16.1737 23.3943 19.3168 9.9864
137.299 16.137 23.4093 19.294 9.9714
137.399 16.1003 23.4243 19.2711 9.95643
137.499 16.0636 23.4392 19.2481 9.94149
137.599 16.0269 23.4541 19.2249 9.92657
137.699 15.9902 23.469 19.2017 9.91169
137.799 15.9535 23.4839 19.1783 9.89683
137.899 15.9168 23.4987 19.1549 9.882
137.999 15.8801 23.5135 19.1313 9.8672
138.099 15.8433 23.5283 19.1076 9.85243
138.199 15.8066 23.543 19.0838 9.83769
138.299 15.7698 23.5577 19.0599 9.82297
138.399 15.7331 23.5724 19.0359 9.80829
138.499 15.6963 23.5871 19.0118 9.79363
138.599 15.6595 23.6017 18.9875 9.77901
138.699 15.6228 23.6163 18.9632 9.76441
138.799 15.586 23.6309 18.9387 9.74984
138.899 15.5492 23.6454 18.9142 9.7353
138.999 15.5124 23.6599 18.8895 9.72079
139.099 15.4755 23.6744 18.8647 9.7063
139.199 15.4387 23.6888 18.8398 9.69185
139.299 15.4019 23.7033 18.8148 9.67743
139.399 15.365 23.7177 18.7896 9.66303
139.499 15.3282 23.732 18.7644 9.64867
139.599 15.2913 23.7464 18.739 9.63433
139.699 15.2545 23.7607 18.7136 9.62002
139.799 15.2176 23.7749 18.688 9.60575
139.899 15.1807 23.7892 18.6623 9.5915
139.999 15.1438 23.8034 18.6365 9.57728
140.099 15.1069 23.8176 18.6106 9.56309
140.199 15.07 23.8318 18.5846 9.54893
140.299 15.0331 23.8459 18.5584 9.5348
140.399 14.9962 23.86 18.5322 9.5207
140.499 14.9593 23.8741 18.5058 9.50663
140.599 14.9223 23.8881 18.4793 9.49259
140.699 14.8854 23.9021 18.4527 9.47858
140.799 14.8485 23.9161 18.426 9.4646
140.899 14.8115 23.93 18.3992 9.45065
140.999 14.7745 23.944 18.3723 9.43673
141.099 14.7376 23.9579 18.3453 9.42284
141.199 14.7006 23.9717 18.3181 9.40898
141.299 14.6636 23.9855 18.2908 9.39514
141.399 14.6266 23.9993 18.2634 9.38134
141.499 14.5896 24.0131 18.2359 9.36757
141.599 14.5526 24.0269 18.2083 9.35383
141.699 14.5156 24.0406 18.1806 9.34012
141.799 14.4786 24.0542 18.1528 9.32644
141.899 14.4415 24.0679 18.1248 9.31279
141.999 14.4045 24.0815 18.0967 9.29917
142.099 14.3674 24.0951 18.0686 9.28558
142.199 14.3304 24.1087 18.0403 9.27203
142.299 14.2933 24.1222 18.0118 9.2585
142.399 14.2563 24.1357 17.9833 9.245
142.499 14.2192 24.1492 17.9547 9.23153
142.6 14.1821 24.1626 17.9259 9.2181
142.7 14.145 24.176 17.8971 9.20469
142.8 14.1079 24.1894 17.8681 9.19132
142.9 14.0708 24.2027 17.839 9.17797
143 14.0337 24.216 17.8098 9.16466
143.1 13.9966 24.2293 17.7804 9.15137
143.2 13.9595 24.2426 17.751 9.13812
143.3 13.9224 24.2558 17.7214 9.1249
143.4 13.8852 24.269 17.6917 9.11171
143.5 13.8481 24.2821 17.6619 9.09855
143.6 13.8109 24.2953 17.632 9.08542
143.7 13.7738 24.3084 17.602 9.07233
143.8 13.7366 24.3214 17.5719 9.05926
143.9 13.6994 24.3345 17.5416 9.04623
144 13.6623 24.3475 17.5113 9.03322
144.1 13.6251 24.3604 17.4808 9.02025
144.2 13.5879 24.3734 17.4502 9.00731
144.3 13.5507 24.3863 17.4195 8.9944
144.4 13.5135 24.3992 17.3886 8.98152
144.5 13.4763 24.412 17.3577 8.96867
144.6 13.4391 24.4248 17.3266 8.95586
144.7 13.4018 24.4376 17.2954 8.94307
144.8 13.3646 24.4504 17.2641 8.93032
144.9 13.3274 24.4631 17.2327 8.9176
145 13.2901 24.4758 17.2012 8.90491
145.1 13.2529 24.4884 17.1696 8.89225
145.2 13.2156 24.5011 17.1378 8.87962
145.3 13.1783 24.5137 17.1059 8.86703
145.4 13.1411 24.5262 17.0739 8.85446
145.5 13.1038 24.5388 17.0418 8.84193
145.6 13.0665 24.5513 17.0096 8.82943
145.7 13.0292 24.5637 16.9773 8.81696
145.8 12.9919 24.5762 16.9448 8.80453
145.9 12.9546 24.5886 16.9122 8.79212
146 12.9173 24.6009 16.8795 8.77975
146.1 12.88 24.6133 16.8467 8.76741
146.2 12.8427 24.6256 16.8138 8.7551
146.3 12.8054 24.6379 16.7808 8.74283
146.4 12.768 24.6501 16.7476 8.73058
146.5 12.7307 24.6623 16.7143 8.71837
146.6 12.6933 24.6745 16.681 8.70619
146.7 12.656 24.6866 16.6474 8.69404
146.8 12.6186 24.6988 16.6138 8.68193
146.9 12.5813 24.7108 16.5801 8.66984
147 12.5439 24.7229 16.5462 8.65779
147.1 12.5065 24.7349 16.5123 8.64577
147.2 12.4691 24.7469 16.4782 8.63379
147.3 12.4318 24.7589 16.444 8.62183
147.4 12.3944 24.7708 16.4096 8.60991
147.5 12.357 24.7827 16.3752 8.59802
147.6 12.3195 24.7945 16.3406 8.58617
147.7 12.2821 24.8063 16.306 8.57434
147.8 12.2447 24.8181 16.2712 8.56255
147.9 12.2073 24.8299 16.2363 8.55079
148 12.1699 24.8416 16.2013 8.53907
148.1 12.1324 24.8533 16.1661 8.52738
148.2 12.095 24.865 16.1309 8.51572
148.3 12.0575 24.8766 16.0955 8.50409
148.4 12.0201 24.8882 16.06 8.49249
148.5 11.9826 24.8998 16.0244 8.48093
148.6 11.9452 24.9113 15.9887 8.4694
148.7 11.9077 24.9228 15.9528 8.45791
148.8 11.8702 24.9342 15.9169 8.44644
148.9 11.8327 24.9457 15.8808 8.43501
149 11.7952 24.9571 15.8446 8.42362
149.1 11.7578 24.9684 15.8083 8.41225
149.2 11.7203 24.9798 15.7719 8.40092
149.3 11.6828 24.9911 15.7353 8.38962
149.4 11.6452 25.0023 15.6987 8.37836
149.5 11.6077 25.0136 15.6619 8.36713
149.6 11.5702 25.0248 15.625 8.35593
149.7 11.5327 25.0359 15.588 8.34476
149.8 11.4951 25.0471 15.5509 8.33363
149.9 11.4576 25.0582 15.5137 8.32253
150 11.4201 25.0692 15.4763 8.31147
150.1 11.3825 25.0803 15.4388 8.30044
150.2 11.345 25.0913 15.4013 8.28944
150.3 11.3074 25.1022 15.3636 8.27847
150.4 11.2698 25.1131 15.3257 8.26754
150.5 11.2323 25.124 15.2878 8.25664
150.6 11.1947 25.1349 15.2498 8.24578
150.7 11.1571 25.1457 15.2116 8.23495
150.8 11.1195 25.1565 15.1733 8.22415
150.9 11.0819 25.1673 15.1349 8.21339
151 11.0443 25.178 15.0964 8.20266
151.1 11.0067 25.1887 15.0578 8.19196
151.2 10.9691 25.1994 15.019 8.1813
151.3 10.9315 25.21 14.9802 8.17067
151.4 10.8939 25.2206 14.9412 8.16008
151.5 10.8563 25.2312 14.9021 8.14952
151.6 10.8187 25.2417 14.8629 8.13899
151.7 10.781 25.2522 14.8236 8.1285
151.8 10.7434 25.2627 14.7841 8.11804
151.9 10.7057 25.2731 14.7446 8.10762
152 10.6681 25.2835 14.7049 8.09723
152.1 10.6304 25.2938 14.6651 8.08687
152.2 10.5928 25.3041 14.6252 8.07655
152.3 10.5551 25.3144 14.5852 8.06626
152.4 10.5175 25.3247 14.5451 8.056
152.5 10.4798 25.3349 14.5049 8.04578
152.6 10.4421 25.3451 14.4645 8.0356
152.7 10.4044 25.3552 14.424 8.02545
152.8 10.3667 25.3654 14.3835 8.01533
152.9 10.3291 25.3754 14.3428 8.00525
153 10.2914 25.3855 14.3019 7.9952
153.1 10.2537 25.3955 14.261 7.98518
153.2 10.216 25.4055 14.22 7.9752
153.3 10.1782 25.4154 14.1788 7.96526
153.4 10.1405 25.4253 14.1376 7.95535
153.5 10.1028 25.4352 14.0962 7.94547
153.6 10.0651 25.4451 14.0547 7.93563
153.7 10.0274 25.4549 14.0131 7.92582
153.8 9.98962 25.4646 13.9713 7.91605
153.9 9.95188 25.4744 13.9295 7.90631
154 9.91413 25.4841 13.8876 7.8966
154.1 9.87639 25.4938 13.8455 7.88693
154.2 9.83863 25.5034 13.8033 7.8773
154.3 9.80088 25.513 13.761 7.8677
154.4 9.76311 25.5226 13.7186 7.85814
154.5 9.72535 25.5321 13.6761 7.84861
154.6 9.68758 25.5416 13.6335 7.83911
154.7 9.6498 25.551 13.5908 7.82965
154.8 9.61202 25.5605 13.5479 7.82022
154.9 9.57424 25.5699 13.505 7.81083
155 9.53645 25.5792 13.4619 7.80148
155.1 9.49866 25.5885 13.4187 7.79216
155.2 9.46086 25.5978 13.3754 7.78287
155.3 9.42306 25.6071 13.332 7.77362
155.4 9.38525 25.6163 13.2885 7.7644
155.5 9.34744 25.6255 13.2449 7.75522
155.6 9.30963 25.6346 13.2011 7.74608
155.7 9.27181 25.6437 13.1573 7.73697
155.8 9.23399 25.6528 13.1133 7.72789
155.9 9.19616 25.6618 13.0693 7.71885
156 9.15833 25.6708 13.0251 7.70985
156.1 9.12049 25.6798 12.9808 7.70088
156.2 9.08265 25.6887 12.9364 7.69194
156.3 9.04481 25.6976 12.8919 7.68304
156.4 9.00696 25.7065 12.8473 7.67418
156.5 8.96911 25.7153 12.8026 7.66535
156.6 8.93125 25.7241 12.7577 7.65656
156.7 8.89339 25.7329 12.7128 7.6478
156.8 8.85553 25.7416 12.6677 7.63908
156.9 8.81766 25.7503 12.6226 7.63039
157 8.77978 25.759 12.5773 7.62174
157.1 8.74191 25.7676 12.5319 7.61312
157.2 8.70403 25.7761 12.4864 7.60454
157.3 8.66614 25.7847 12.4408 7.596
157.4 8.62825 25.7932 12.3952 7.58749
157.5 8.59036 25.8017 12.3493 7.57901
157.6 8.55246 25.8101 12.3034 7.57058
157.7 8.51456 25.8185 12.2574 7.56217
157.8 8.47666 25.8269 12.2113 7.55381
157.9 8.43875 25.8352 12.1651 7.54548
158 8.40084 25.8435 12.1187 7.53718
158.1 8.36292 25.8518 12.0723 7.52892
158.2 8.325 25.86 12.0257 7.5207
158.3 8.28708 25.8682 11.9791 7.51251
158.4 8.24915 25.8763 11.9323 7.50436
158.5 8.21122 25.8844 11.8854 7.49624
158.6 8.17329 25.8925 11.8385 7.48816
158.7 8.13535 25.9006 11.7914 7.48012
158.8 8.09741 25.9086 11.7442 7.47211
158.9 8.05946 25.9166 11.6969 7.46414
159.001 8.02151 25.9245 11.6495 7.4562
159.101 7.98356 25.9324 11.602 7.4483
159.201 7.9456 25.9403 11.5545 7.44044
159.301 7.90764 25.9481 11.5068 7.43261
159.401 7.86968 25.9559 11.459 7.42481
159.501 7.83171 25.9636 11.4111 7.41706
159.601 7.79374 25.9714 11.363 7.40934
159.701 7.75577 25.979 11.3149 7.40165
159.801 7.71779 25.9867 11.2667 7.39401
159.901 7.67981 25.9943 11.2184 7.38639
160.001 7.64182 26.0019 11.17 7.37882
160.101 7.60384 26.0094 11.1215 7.37128
160.201 7.56584 26.0169 11.0729 7.36378
160.301 7.52785 26.0244 11.0242 7.35631
160.401 7.48985 26.0318 10.9754 7.34888
160.501 7.45185 26.0392 10.9265 7.34149
160.601 7.41384 26.0466 10.8774 7.33413
160.701 7.37584 26.0539 10.8283 7.32681
160.801 7.33782 26.0612 10.7791 7.31952
160.901 7.29981 26.0684 10.7298 7.31227
161.001 7.26179 26.0756 10.6804 7.30506
161.101 7.22377 26.0828 10.6309 7.29789
161.201 7.18574 26.0899 10.5813 7.29075
161.301 7.14772 26.097 10.5316 7.28365
161.401 7.10969 26.1041 10.4818 7.27658
161.501 7.07165 26.1111 10.4319 7.26955
161.601 7.03361 26.1181 10.3819 7.26256
161.701 6.99557 26.1251 10.3318 7.2556
161.801 6.95753 26.132 10.2817 7.24868
161.901 6.91948 26.1389 10.2314 7.2418
162.001 6.88143 26.1457 10.181 7.23495
162.101 6.84338 26.1525 10.1305 7.22814
162.201 6.80532 26.1593 10.08 7.22137
162.301 6.76726 26.1661 10.0293 7.21463
162.401 6.7292 26.1728 9.97857 7.20793
162.501 6.69114 26.1794 9.92773 7.20127
162.601 6.65307 26.186 9.8768 7.19465
162.701 6.615 26.1926 9.82577 7.18806
162.801 6.57692 26.1992 9.77465 7.1815
162.901 6.53884 26.2057 9.72343 7.17499
163.001 6.50076 26.2122 9.67213 7.16851
163.101 6.46268 26.2186 9.62073 7.16207
163.201 6.4246 26.225 9.56925 7.15566
163.301 6.38651 26.2314 9.51767 7.1493
163.401 6.34842 26.2377 9.466 7.14296
163.501 6.31032 26.244 9.41424 7.13667
163.601 6.27222 26.2503 9.3624 7.13041
163.701 6.23412 26.2565 9.31046 7.12419
163.801 6.19602 26.2627 9.25844 7.11801
163.901 6.15792 26.2688 9.20632 7.11186
164.001 6.11981 26.2749 9.15412 7.10576
164.101 6.0817 26.281 9.10183 7.09968
164.201 6.04358 26.287 9.04945 7.09365
164.301 6.00547 26.293 8.99699 7.08765
164.401 5.96735 26.299 8.94444 7.08169
164.501 5.92923 26.3049 8.89181 7.07577
164.601 5.8911 26.3108 8.83908 7.06988
164.701 5.85298 26.3167 8.78628 7.06403
164.801 5.81485 26.3225 8.73339 7.05822
164.901 5.77671 26.3282 8.68041 7.05245
165.001 5.73858 26.334 8.62735 7.04671
165.101 5.70044 26.3397 8.5742 7.04101
165.201 5.6623 26.3453 8.52098 7.03535
165.301 5.62416 26.351 8.46767 7.02972
165.401 5.58602 26.3566 8.41427 7.02413
165.501 5.54787 26.3621 8.3608 7.01858
165.601 5.50972 26.3676 8.30724 7.01307
165.701 5.47157 26.3731 8.25361 7.00759
165.801 5.43341 26.3785 8.19989 7.00215
165.901 5.39526 26.3839 8.14609 6.99675
166.001 5.3571 26.3893 8.09221 6.99139
166.101 5.31893 26.3946 8.03825 6.98606
166.201 5.28077 26.3999 7.98422 6.98077
166.301 5.2426 26.4052 7.9301 6.97552
166.401 5.20444 26.4104 7.87591 6.97031
166.501 5.16627 26.4156 7.82163 6.96513
166.601 5.12809 26.4207 7.76729 6.95999
166.701 5.08992 26.4258 7.71286 6.95489
166.801 5.05174 26.4309 7.65836 6.94982
166.901 5.01356 26.4359 7.60378 6.9448
167.001 4.97538 26.4409 7.54913 6.93981
167.101 4.93719 26.4458 7.4944 6.93486
167.201 4.89901 26.4507 7.4396 6.92994
167.301 4.86082 26.4556 7.38472 6.92507
167.401 4.82263 26.4605 7.32977 6.92023
167.501 4.78443 26.4653 7.27475 6.91543
167.601 4.74624 26.47 7.21965 6.91066
167.701 4.70804 26.4748 7.16448 6.90594
167.801 4.66984 26.4794 7.10924 6.90125
167.901 4.63164 26.4841 7.05393 6.8966
168.001 4.59344 26.4887 6.99855 6.89199
168.101 4.55523 26.4933 6.9431 6.88741
168.201 4.51703 26.4978 6.88757 6.88287
168.301 4.47882 26.5023 6.83198 6.87838
168.401 4.44061 26.5068 6.77632 6.87391
168.501 4.40239 26.5112 6.72059 6.86949
168.601 4.36418 26.5156 6.6648 6.8651
168.701 4.32596 26.5199 6.60893 6.86076
168.801 4.28774 26.5242 6.553 6.85645
168.901 4.24952 26.5285 6.49701 6.85217
169.001 4.2113 26.5328 6.44094 6.84794
169.101 4.17308 26.537 6.38481 6.84374
169.201 4.13485 26.5411 6.32862 6.83958
169.301 4.09662 26.5452 6.27236 6.83546
169.401 4.05839 26.5493 6.21604 6.83138
169.501 4.02016 26.5534 6.15966 6.82733
169.601 3.98193 26.5574 6.10321 6.82333
169.701 3.94369 26.5613 6.0467 6.81936
169.801 3.90545 26.5653 5.99013 6.81542
169.901 3.86722 26.5692 5.9335 6.81153
170.001 3.82898 26.573 5.87681 6.80768
170.101 3.79073 26.5768 5.82005 6.80386
170.201 3.75249 26.5806 5.76324 6.80008
170.301 3.71425 26.5844 5.70637 6.79634
170.401 3.676 26.5881 5.64944 6.79263
170.501 3.63775 26.5917 5.59245 6.78897
170.601 3.5995 26.5954 5.5354 6.78534
170.701 3.56125 26.5989 5.4783 6.78175
170.801 3.523 26.6025 5.42114 6.7782
170.901 3.48474 26.606 5.36393 6.77469
171.001 3.44648 26.6095 5.30666 6.77121
171.101 3.40823 26.6129 5.24933 6.76777
171.201 3.36997 26.6163 5.19195 6.76437
171.301 3.33171 26.6197 5.13452 6.76101
171.401 3.29345 26.623 5.07703 6.75769
171.501 3.25518 26.6263 5.01949 6.75441
171.601 3.21692 26.6295 4.9619 6.75116
171.701 3.17865 26.6327 4.90426 6.74795
171.801 3.14038 26.6359 4.84657 6.74478
171.901 3.10211 26.639 4.78882 6.74165
172.001 3.06384 26.6421 4.73103 6.73855
172.101 3.02557 26.6452 4.67319 6.7355
172.201 2.9873 26.6482 4.6153 6.73248
172.301 2.94902 26.6512 4.55736 6.7295
172.401 2.91075 26.6541 4.49937 6.72656
172.501 2.87247 26.657 4.44134 6.72366
172.601 2.83419 26.6599 4.38326 6.72079
172.701 2.79591 26.6627 4.32513 6.71797
172.801 2.75763 26.6655 4.26696 6.71518
172.901 2.71935 26.6683 4.20874 6.71243
173.001 2.68107 26.671 4.15048 6.70972
173.101 2.64278 26.6736 4.09218 6.70704
173.201 2.6045 26.6763 4.03384 6.70441
173.301 2.56621 26.6789 3.97545 6.70181
173.401 2.52792 26.6814 3.91702 6.69926
173.501 2.48964 26.684 3.85855 6.69673
173.601 2.45135 26.6864 3.80003 6.69425
173.701 2.41306 26.6889 3.74148 6.69181
173.801 2.37476 26.6913 3.68289 6.6894
173.901 2.33647 26.6937 3.62426 6.68704
174.001 2.29818 26.696 3.5656 6.68471
174.101 2.25988 26.6983 3.50689 6.68242
174.201 2.22159 26.7005 3.44815 6.68017
174.301 2.18329 26.7027 3.38937 6.67795
174.401 2.14499 26.7049 3.33055 6.67578
174.501 2.10669 26.707 3.27171 6.67364
174.601 2.06839 26.7091 3.21282 6.67155
174.701 2.03009 26.7112 3.1539 6.66949
174.801 1.99179 26.7132 3.09495 6.66746
174.901 1.95349 26.7152 3.03597 6.66548
175.001 1.91519 26.7172 2.97695 6.66354
175.101 1.87688 26.7191 2.9179 6.66163
175.201 1.83858 26.7209 2.85883 6.65976
175.301 1.80027 26.7228 2.79972 6.65793
175.402 1.76196 26.7245 2.74058 6.65614
175.502 1.72366 26.7263 2.68141 6.65439
175.602 1.68535 26.728 2.62221 6.65268
175.702 1.64704 26.7297 2.56299 6.651
175.802 1.60873 26.7313 2.50374 6.64936
175.902 1.57042 26.7329 2.44446 6.64777
176.002 1.53211 26.7345 2.38516 6.64621
176.102 1.4938 26.736 2.32583 6.64468
176.202 1.45549 26.7375 2.26648 6.6432
176.302 1.41717 26.7389 2.2071 6.64176
176.402 1.37886 26.7403 2.1477 6.64035
176.502 1.34055 26.7417 2.08827 6.63898
176.602 1.30223 26.743 2.02883 6.63765
176.702 1.26392 26.7443 1.96936 6.63636
176.802 1.2256 26.7456 1.90987 6.63511
176.902 1.18729 26.7468 1.85036 6.6339
177.002 1.14897 26.748 1.79083 6.63272
177.102 1.11065 26.7491 1.73128 6.63159
177.202 1.07234 26.7502 1.67172 6.63049
177.302 1.03402 26.7513 1.61213 6.62943
177.402 0.995699 26.7523 1.55253 6.62841
177.502 0.95738 26.7533 1.49291 6.62743
177.602 0.919061 26.7542 1.43328 6.62648
177.702 0.880741 26.7551 1.37363 6.62558
177.802 0.842421 26.756 1.31396 6.62471
177.902 0.804101 26.7568 1.25429 6.62388
178.002 0.76578 26.7576 1.19459 6.62309
178.102 0.727459 26.7584 1.13489 6.62234
178.202 0.689137 26.7591 1.07517 6.62163
178.302 0.650815 26.7597 1.01545 6.62095
178.402 0.612493 26.7604 0.955707 6.62032
178.502 0.574171 26.761 0.895958 6.61972
178.602 0.535848 26.7615 0.8362 6.61916
178.702 0.497526 26.7621 0.776432 6.61864
178.802 0.459203 26.7625 0.716657 6.61816
178.902 0.420879 26.763 0.656873 6.61772
179.002 0.382556 26.7634 0.597083 6.61731
179.102 0.344233 26.7637 0.537286 6.61695
179.202 0.305909 26.7641 0.477483 6.61662
179.302 0.267585 26.7644 0.417676 6.61633
179.402 0.229261 26.7646 0.357863 6.61608
179.502 0.190937 26.7648 0.298047 6.61587
179.602 0.152613 26.765 0.238228 6.6157
179.702 0.114289 26.7651 0.178406 6.61556
179.802 0.0759645 26.7652 0.118583 6.61547
179.902 0.0376402 26.7653 0.0587577 6.61541
