0 179.989 0 0 188.469
0.1 89.9498 1.2077e-05 0.00214521 188.469
0.2 89.8996 4.83081e-05 0.00429041 188.469
0.3 89.8494 0.000108693 0.0064356 188.469
0.4 89.7992 0.000193232 0.00858077 188.469
0.5 89.7489 0.000301924 0.0107259 188.469
0.6 89.6987 0.00043477 0.012871 188.469
0.7 89.6485 0.000591768 0.0150161 188.469
0.8 89.5983 0.000772918 0.0171612 188.468
0.9 89.5481 0.000978221 0.0193061 188.468
1 89.4979 0.00120767 0.0214511 188.468
1.1 89.4477 0.00146128 0.023596 188.468
1.2 89.3975 0.00173903 0.0257408 188.467
1.3 89.3473 0.00204093 0.0278855 188.467
1.4 89.2971 0.00236698 0.0300301 188.467
1.5 89.2468 0.00271718 0.0321747 188.466
1.6 89.1966 0.00309152 0.0343192 188.466
1.7 89.1464 0.00349001 0.0364636 188.466
1.8 89.0962 0.00391264 0.0386078 188.465
1.9 89.046 0.00435941 0.040752 188.465
2 88.9958 0.00483033 0.042896 188.464
2.1 88.9456 0.00532538 0.04504 188.464
2.2 88.8954 0.00584457 0.0471838 188.463
2.3 88.8452 0.0063879 0.0493274 188.463
2.4 88.7949 0.00695536 0.0514709 188.462
2.5 88.7447 0.00754695 0.0536143 188.462
2.6 88.6945 0.00816268 0.0557575 188.461
2.7 88.6443 0.00880253 0.0579006 188.46
2.8 88.5941 0.00946651 0.0600435 188.46
2.9 88.5439 0.0101546 0.0621862 188.459
3 88.4937 0.0108669 0.0643287 188.458
3.1 88.4435 0.0116032 0.0664711 188.458
3.2 88.3933 0.0123637 0.0686133 188.457
3.3 88.3431 0.0131483 0.0707553 188.456
3.4 88.2928 0.013957 0.072897 188.455
3.5 88.2426 0.0147898 0.0750386 188.454
3.6 88.1924 0.0156467 0.07718 188.454
3.7 88.1422 0.0165277 0.0793211 188.453
3.8 88.092 0.0174328 0.081462 188.452
3.9 88.0418 0.0183621 0.0836027 188.451
4 87.9916 0.0193154 0.0857431 188.45
4.1 87.9414 0.0202928 0.0878833 188.449
4.2 87.8912 0.0212944 0.0900232 188.448
4.3 87.8409 0.02232 0.0921629 188.447
4.4 87.7907 0.0233696 0.0943023 188.446
4.5 87.7405 0.0244434 0.0964415 188.445
4.6 87.6903 0.0255413 0.0985804 188.444
4.7 87.6401 0.0266632 0.100719 188.443
4.8 87.5899 0.0278092 0.102857 188.441
4.9 87.5397 0.0289793 0.104995 188.44
5 87.4895 0.0301734 0.107133 188.439
5.1 87.4393 0.0313916 0.10927 188.438
5.2 87.3891 0.0326339 0.111408 188.437
5.3 87.3388 0.0339002 0.113544 188.435
5.4 87.2886 0.0351906 0.115681 188.434
5.5 87.2384 0.036505 0.117817 188.433
5.6 87.1882 0.0378434 0.119953 188.431
5.7 87.138 0.0392059 0.122088 188.43
5.8 87.0878 0.0405924 0.124223 188.429
5.9 87.0376 0.042003 0.126358 188.427
6 86.9874 0.0434376 0.128492 188.426
6.1 86.9372 0.0448962 0.130626 188.424
6.2 86.887 0.0463788 0.13276 188.423
6.3 86.8368 0.0478855 0.134893 188.421
6.4 86.7865 0.0494161 0.137026 188.42
6.5 86.7363 0.0509707 0.139159 188.418
6.6 86.6861 0.0525494 0.141291 188.417
6.7 86.6359 0.054152 0.143422 188.415
6.8 86.5857 0.0557787 0.145554 188.413
6.9 86.5355 0.0574293 0.147685 188.412
7 86.4853 0.0591039 0.149815 188.41
7.1 86.4351 0.0608024 0.151945 188.408
7.2 86.3849 0.062525 0.154075 188.407
7.3 86.3347 0.0642715 0.156204 188.405
7.4 86.2845 0.0660419 0.158332 188.403
7.5 86.2342 0.0678363 0.160461 188.401
7.6 86.184 0.0696547 0.162588 188.4
7.7 86.1338 0.071497 0.164716 188.398
7.79999 86.0836 0.0733632 0.166843 188.396
7.89999 86.0334 0.0752534 0.168969 188.394
7.99999 85.9832 0.0771675 0.171095 188.392
8.09999 85.933 0.0791055 0.17322 188.39
8.2 85.8828 0.0810674 0.175345 188.388
8.3 85.8326 0.0830533 0.17747 188.386
8.4 85.7824 0.085063 0.179594 188.384
8.5 85.7322 0.0870966 0.181717 188.382
8.6 85.6819 0.0891542 0.18384 188.38
8.7 85.6317 0.0912356 0.185962 188.378
8.8 85.5815 0.0933409 0.188084 188.376
8.9 85.5313 0.09547 0.190205 188.374
9 85.4811 0.097623 0.192326 188.372
9.1 85.4309 0.0997999 0.194446 188.369
9.2 85.3807 0.102001 0.196566 188.367
9.3 85.3305 0.104225 0.198685 188.365
9.4 85.2803 0.106474 0.200804 188.363
9.5 85.2301 0.108746 0.202922 188.36
9.6 85.1799 0.111042 0.205039 188.358
9.7 85.1297 0.113362 0.207156 188.356
9.8 85.0795 0.115705 0.209272 188.353
9.9 85.0292 0.118073 0.211387 188.351
10 84.979 0.120464 0.213502 188.349
10.1 84.9288 0.122879 0.215617 188.346
10.2 84.8786 0.125318 0.217731 188.344
10.3 84.8284 0.127781 0.219844 188.341
10.4 84.7782 0.130267 0.221956 188.339
10.5 84.728 0.132777 0.224068 188.336
10.6 84.6778 0.135311 0.226179 188.334
10.7 84.6276 0.137869 0.22829 188.331
10.8 84.5774 0.14045 0.2304 188.329
10.9 84.5272 0.143055 0.232509 188.326
11 84.477 0.145684 0.234618 188.323
11.1 84.4268 0.148337 0.236726 188.321
11.2 84.3765 0.151013 0.238833 188.318
11.3 84.3263 0.153713 0.24094 188.315
11.4 84.2761 0.156436 0.243046 188.313
11.5 84.2259 0.159184 0.245151 188.31
11.6 84.1757 0.161955 0.247255 188.307
11.7 84.1255 0.164749 0.249359 188.304
11.8 84.0753 0.167567 0.251462 188.302
11.9 84.0251 0.170409 0.253565 188.299
12 83.9749 0.173275 0.255666 188.296
12.1 83.9247 0.176164 0.257767 188.293
12.2 83.8745 0.179077 0.259867 188.29
12.3 83.8243 0.182013 0.261967 188.287
12.4 83.7741 0.184973 0.264065 188.284
12.5 83.7239 0.187957 0.266163 188.281
12.6 83.6737 0.190964 0.268261 188.278
12.7 83.6235 0.193995 0.270357 188.275
12.8 83.5732 0.197049 0.272453 188.272
12.9 83.523 0.200127 0.274547 188.269
13 83.4728 0.203228 0.276642 188.266
13.1 83.4226 0.206353 0.278735 188.263
13.2 83.3724 0.209502 0.280827 188.26
13.3 83.3222 0.212674 0.282919 188.256
13.4 83.272 0.215869 0.28501 188.253
13.5 83.2218 0.219088 0.2871 188.25
13.6 83.1716 0.222331 0.289189 188.247
13.7 83.1214 0.225597 0.291278 188.244
13.8 83.0712 0.228886 0.293365 188.24
13.9 83.021 0.232199 0.295452 188.237
14 82.9708 0.235535 0.297538 188.234
14.1 82.9206 0.238895 0.299623 188.23
14.2 82.8704 0.242278 0.301707 188.227
14.3 82.8202 0.245685 0.30379 188.223
14.4 82.77 0.249115 0.305873 188.22
14.5 82.7198 0.252568 0.307954 188.217
14.6 82.6696 0.256045 0.310035 188.213
14.7 82.6194 0.259545 0.312115 188.21
14.8 82.5692 0.263069 0.314194 188.206
14.9 82.5189 0.266616 0.316272 188.203
15 82.4687 0.270186 0.318349 188.199
15.1 82.4185 0.273779 0.320425 188.195
15.2 82.3683 0.277396 0.322501 188.192
15.3 82.3181 0.281036 0.324575 188.188
15.4 82.2679 0.2847 0.326649 188.184
15.5 82.2177 0.288387 0.328721 188.181
15.6 82.1675 0.292097 0.330793 188.177
15.7 82.1173 0.29583 0.332863 188.173
15.8 82.0671 0.299586 0.334933 188.17
15.9 82.0169 0.303366 0.337002 188.166
16 81.9667 0.307169 0.339069 188.162
16.1 81.9165 0.310996 0.341136 188.158
16.2 81.8663 0.314845 0.343202 188.154
16.3 81.8161 0.318718 0.345267 188.15
16.4 81.7659 0.322614 0.347331 188.147
16.5 81.7157 0.326533 0.349394 188.143
16.6 81.6655 0.330475 0.351455 188.139
16.7 81.6153 0.33444 0.353516 188.135
16.8 81.5651 0.338428 0.355576 188.131
16.9 81.5149 0.34244 0.357635 188.127
17 81.4647 0.346475 0.359693 188.123
17.1 81.4145 0.350532 0.36175 188.119
17.2 81.3643 0.354613 0.363805 188.115
17.3 81.3141 0.358717 0.36586 188.11
17.4 81.2639 0.362844 0.367914 188.106
17.5 81.2137 0.366994 0.369966 188.102
17.6 81.1635 0.371167 0.372018 188.098
17.7 81.1133 0.375364 0.374068 188.094
17.8 81.0631 0.379583 0.376118 188.09
17.9 81.0129 0.383825 0.378166 188.085
18 80.9627 0.38809 0.380213 188.081
18.1 80.9125 0.392378 0.382259 188.077
18.2 80.8623 0.396689 0.384305 188.072
18.3 80.8121 0.401023 0.386348 188.068
18.4 80.7619 0.40538 0.388391 188.064
18.5 80.7117 0.40976 0.390433 188.059
18.6 80.6615 0.414162 0.392474 188.055
18.7 80.6113 0.418588 0.394513 188.051
18.8 80.5611 0.423037 0.396552 188.046
18.9 80.5109 0.427508 0.398589 188.042
19 80.4607 0.432002 0.400625 188.037
19.1 80.4105 0.436519 0.40266 188.033
19.2 80.3603 0.441059 0.404694 188.028
19.3 80.3101 0.445622 0.406726 188.024
19.4 80.2599 0.450207 0.408758 188.019
19.5 80.2097 0.454816 0.410788 188.014
19.6 80.1595 0.459447 0.412817 188.01
19.7 80.1093 0.464101 0.414845 188.005
19.8 80.0591 0.468777 0.416872 188
19.9 80.0089 0.473476 0.418898 187.996
20 79.9587 0.478198 0.420922 187.991
20.1 79.9085 0.482943 0.422945 187.986
20.2 79.8583 0.48771 0.424967 187.981
20.3 79.8081 0.4925 0.426988 187.977
20.4 79.7579 0.497313 0.429007 187.972
20.5 79.7077 0.502148 0.431026 187.967
20.6 79.6575 0.507006 0.433043 187.962
20.7 79.6073 0.511887 0.435059 187.957
20.8 79.5571 0.51679 0.437073 187.952
20.9 79.5069 0.521716 0.439087 187.947
21 79.4567 0.526664 0.441099 187.943
21.1 79.4065 0.531635 0.443109 187.938
21.2 79.3563 0.536628 0.445119 187.933
21.3 79.3061 0.541644 0.447127 187.928
21.4 79.2559 0.546683 0.449134 187.922
21.5 79.2057 0.551744 0.45114 187.917
21.6 79.1555 0.556827 0.453144 187.912
21.7 79.1053 0.561933 0.455147 187.907
21.8 79.0551 0.567061 0.457149 187.902
21.9 79.005 0.572212 0.45915 187.897
22 78.9548 0.577385 0.461149 187.892
22.1 78.9046 0.58258 0.463147 187.887
22.2 78.8544 0.587798 0.465143 187.881
22.3 78.8042 0.593039 0.467138 187.876
22.4 78.754 0.598301 0.469132 187.871
22.5 78.7038 0.603586 0.471125 187.866
22.6 78.6536 0.608893 0.473116 187.86
22.7001 78.6034 0.614223 0.475106 187.855
22.8001 78.5532 0.619575 0.477094 187.85
22.9001 78.503 0.624949 0.479081 187.844
23.0001 78.4528 0.630345 0.481067 187.839
23.1001 78.4026 0.635764 0.483051 187.833
23.2001 78.3524 0.641205 0.485034 187.828
23.3001 78.3022 0.646668 0.487016 187.823
23.4001 78.252 0.652153 0.488996 187.817
23.5001 78.2018 0.65766 0.490975 187.812
23.6001 78.1516 0.66319 0.492952 187.806
23.7001 78.1015 0.668741 0.494928 187.8
23.8001 78.0513 0.674315 0.496902 187.795
23.9001 78.0011 0.679911 0.498875 187.789
24.0001 77.9509 0.685529 0.500847 187.784
24.1001 77.9007 0.691169 0.502817 187.778
24.2001 77.8505 0.696831 0.504786 187.772
24.3001 77.8003 0.702515 0.506753 187.767
24.4001 77.7501 0.708221 0.508719 187.761
24.5001 77.6999 0.713949 0.510684 187.755
24.6001 77.6497 0.719699 0.512647 187.749
24.7001 77.5995 0.725471 0.514608 187.744
24.8001 77.5493 0.731265 0.516568 187.738
24.9001 77.4991 0.737081 0.518527 187.732
25.0001 77.449 0.742919 0.520484 187.726
25.1001 77.3988 0.748779 0.522439 187.72
25.2001 77.3486 0.75466 0.524393 187.715
25.3001 77.2984 0.760564 0.526346 187.709
25.4001 77.2482 0.766489 0.528297 187.703
25.5001 77.198 0.772436 0.530246 187.697
25.6001 77.1478 0.778405 0.532194 187.691
25.7001 77.0976 0.784396 0.534141 187.685
25.8001 77.0474 0.790408 0.536086 187.679
25.9001 76.9972 0.796442 0.538029 187.673
26.0001 76.9471 0.802498 0.539971 187.667
26.1001 76.8969 0.808576 0.541911 187.661
26.2001 76.8467 0.814675 0.54385 187.654
26.3001 76.7965 0.820796 0.545787 187.648
26.4001 76.7463 0.826939 0.547723 187.642
26.5001 76.6961 0.833103 0.549657 187.636
26.6001 76.6459 0.839289 0.551589 187.63
26.7001 76.5957 0.845496 0.55352 187.624
26.8001 76.5455 0.851725 0.555449 187.617
26.9001 76.4954 0.857976 0.557377 187.611
27.0001 76.4452 0.864248 0.559303 187.605
27.1001 76.395 0.870542 0.561228 187.599
27.2001 76.3448 0.876857 0.563151 187.592
27.3001 76.2946 0.883194 0.565072 187.586
27.4001 76.2444 0.889552 0.566991 187.58
27.5001 76.1942 0.895932 0.568909 187.573
27.6001 76.144 0.902333 0.570826 187.567
27.7001 76.0939 0.908755 0.572741 187.56
27.8001 76.0437 0.915199 0.574654 187.554
27.9001 75.9935 0.921664 0.576565 187.548
28.0001 75.9433 0.92815 0.578475 187.541
28.1001 75.8931 0.934658 0.580383 187.535
28.2001 75.8429 0.941187 0.582289 187.528
28.3001 75.7927 0.947738 0.584194 187.521
28.4001 75.7426 0.95431 0.586097 187.515
28.5001 75.6924 0.960903 0.587999 187.508
28.6001 75.6422 0.967517 0.589898 187.502
28.7001 75.592 0.974152 0.591796 187.495
28.8001 75.5418 0.980809 0.593693 187.488
28.9001 75.4916 0.987486 0.595587 187.482
29.0001 75.4414 0.994185 0.59748 187.475
29.1001 75.3913 1.00091 0.599371 187.468
29.2001 75.3411 1.00765 0.601261 187.462
29.3001 75.2909 1.01441 0.603149 187.455
29.4001 75.2407 1.02119 0.605035 187.448
29.5001 75.1905 1.028 0.606919 187.441
29.6001 75.1403 1.03482 0.608801 187.434
29.7001 75.0902 1.04167 0.610682 187.428
29.8001 75.04 1.04854 0.612561 187.421
29.9001 74.9898 1.05542 0.614438 187.414
30.0001 74.9396 1.06233 0.616314 187.407
30.1001 74.8894 1.06926 0.618188 187.4
30.2001 74.8392 1.07621 0.620059 187.393
30.3001 74.7891 1.08319 0.62193 187.386
30.4001 74.7389 1.09018 0.623798 187.379
30.5001 74.6887 1.09719 0.625665 187.372
30.6001 74.6385 1.10423 0.627529 187.365
30.7001 74.5883 1.11128 0.629392 187.358
30.8001 74.5382 1.11836 0.631253 187.351
30.9001 74.488 1.12545 0.633113 187.344
31.0001 74.4378 1.13257 0.63497 187.337
31.1001 74.3876 1.13971 0.636826 187.329
31.2001 74.3374 1.14687 0.63868 187.322
31.3001 74.2873 1.15405 0.640532 187.315
31.4001 74.2371 1.16125 0.642382 187.308
31.5001 74.1869 1.16847 0.64423 187.301
31.6001 74.1367 1.17571 0.646077 187.293
31.7001 74.0865 1.18297 0.647921 187.286
31.8001 74.0364 1.19025 0.649764 187.279
31.9001 73.9862 1.19756 0.651605 187.272
32.0001 73.936 1.20488 0.653444 187.264
32.1001 73.8858 1.21223 0.655281 187.257
32.2001 73.8356 1.21959 0.657116 187.25
32.3001 73.7855 1.22697 0.658949 187.242
32.4001 73.7353 1.23438 0.660781 187.235
32.5001 73.6851 1.2418 0.66261 187.227
32.6001 73.6349 1.24925 0.664438 187.22
32.7001 73.5848 1.25672 0.666263 187.212
32.8001 73.5346 1.2642 0.668087 187.205
32.9001 73.4844 1.27171 0.669909 187.197
33.0001 73.4342 1.27924 0.671729 187.19
33.1001 73.3841 1.28679 0.673547 187.182
33.2001 73.3339 1.29435 0.675363 187.175
33.3001 73.2837 1.30194 0.677177 187.167
33.4001 73.2335 1.30955 0.678989 187.16
33.5001 73.1834 1.31718 0.680799 187.152
33.6001 73.1332 1.32483 0.682607 187.144
33.7001 73.083 1.33249 0.684414 187.137
33.8001 73.0328 1.34018 0.686218 187.129
33.9001 72.9827 1.34789 0.68802 187.121
34.0001 72.9325 1.35562 0.689821 187.114
34.1001 72.8823 1.36337 0.691619 187.106
34.2001 72.8321 1.37114 0.693415 187.098
34.3 72.782 1.37893 0.695209 187.09
34.4 72.7318 1.38673 0.697002 187.082
34.5 72.6816 1.39456 0.698792 187.075
34.6 72.6314 1.40241 0.70058 187.067
34.7 72.5813 1.41028 0.702367 187.059
34.8 72.5311 1.41817 0.704151 187.051
34.9 72.4809 1.42608 0.705933 187.043
35 72.4308 1.434 0.707713 187.035
35.1 72.3806 1.44195 0.709491 187.027
35.2 72.3304 1.44992 0.711267 187.019
35.3 72.2802 1.45791 0.713041 187.011
35.4 72.2301 1.46591 0.714813 187.003
35.5 72.1799 1.47394 0.716583 186.995
35.6 72.1297 1.48199 0.718351 186.987
35.7 72.0796 1.49005 0.720117 186.979
35.8 72.0294 1.49814 0.721881 186.971
35.9 71.9792 1.50624 0.723642 186.963
36 71.9291 1.51437 0.725402 186.955
36.1 71.8789 1.52251 0.727159 186.947
36.2 71.8287 1.53067 0.728914 186.938
36.3 71.7785 1.53886 0.730668 186.93
36.4 71.7284 1.54706 0.732419 186.922
36.5 71.6782 1.55528 0.734168 186.914
36.6 71.628 1.56352 0.735915 186.906
36.7 71.5779 1.57179 0.737659 186.897
36.8 71.5277 1.58007 0.739402 186.889
36.9 71.4775 1.58837 0.741143 186.881
37 71.4274 1.59668 0.742881 186.872
37.1 71.3772 1.60502 0.744617 186.864
37.2 71.327 1.61338 0.746351 186.856
37.3 71.2769 1.62176 0.748083 186.847
37.4 71.2267 1.63015 0.749813 186.839
37.5 71.1765 1.63857 0.75154 186.831
37.6 71.1264 1.647 0.753266 186.822
37.7 71.0762 1.65545 0.754989 186.814
37.8 71.026 1.66393 0.75671 186.805
37.9 70.9759 1.67242 0.758429 186.797
38 70.9257 1.68093 0.760145 186.788
38.1 70.8755 1.68946 0.76186 186.78
38.2 70.8254 1.69801 0.763572 186.771
38.3 70.7752 1.70658 0.765282 186.763
38.4 70.725 1.71516 0.76699 186.754
38.5 70.6749 1.72377 0.768696 186.745
38.6 70.6247 1.73239 0.770399 186.737
38.7 70.5746 1.74104 0.7721 186.728
38.8 70.5244 1.7497 0.773799 186.719
38.9 70.4742 1.75838 0.775496 186.711
39 70.4241 1.76708 0.77719 186.702
39.1 70.3739 1.7758 0.778882 186.693
39.2 70.3237 1.78453 0.780572 186.685
39.3 70.2736 1.79329 0.78226 186.676
39.4 70.2234 1.80207 0.783946 186.667
39.5 70.1733 1.81086 0.785629 186.658
39.6 70.1231 1.81967 0.78731 186.649
39.7 70.0729 1.8285 0.788988 186.641
39.8 70.0228 1.83735 0.790664 186.632
39.9 69.9726 1.84622 0.792339 186.623
40 69.9225 1.8551 0.79401 186.614
40.1 69.8723 1.86401 0.79568 186.605
40.2 69.8221 1.87293 0.797347 186.596
40.3 69.772 1.88187 0.799012 186.587
40.4 69.7218 1.89083 0.800674 186.578
40.5 69.6717 1.89981 0.802334 186.569
40.6 69.6215 1.90881 0.803992 186.56
40.7 69.5713 1.91783 0.805648 186.551
40.7999 69.5212 1.92686 0.807301 186.542
40.8999 69.471 1.93591 0.808952 186.533
40.9999 69.4209 1.94498 0.8106 186.524
41.0999 69.3707 1.95407 0.812247 186.515
41.1999 69.3205 1.96318 0.81389 186.506
41.2999 69.2704 1.9723 0.815532 186.497
41.3999 69.2202 1.98144 0.817171 186.488
41.4999 69.1701 1.9906 0.818808 186.479
41.5999 69.1199 1.99978 0.820442 186.469
41.6999 69.0698 2.00898 0.822074 186.46
41.7999 69.0196 2.0182 0.823704 186.451
41.8999 68.9694 2.02743 0.825331 186.442
41.9999 68.9193 2.03668 0.826956 186.432
42.0999 68.8691 2.04595 0.828578 186.423
42.1999 68.819 2.05524 0.830198 186.414
42.2999 68.7688 2.06454 0.831816 186.405
42.3999 68.7187 2.07386 0.833431 186.395
42.4999 68.6685 2.0832 0.835044 186.386
42.5999 68.6184 2.09256 0.836654 186.377
42.6999 68.5682 2.10194 0.838262 186.367
42.7999 68.5181 2.11133 0.839868 186.358
42.8999 68.4679 2.12074 0.841471 186.348
42.9999 68.4178 2.13017 0.843071 186.339
43.0999 68.3676 2.13962 0.84467 186.33
43.1999 68.3174 2.14909 0.846265 186.32
43.2999 68.2673 2.15857 0.847859 186.311
43.3999 68.2171 2.16807 0.84945 186.301
43.4999 68.167 2.17759 0.851038 186.292
43.5999 68.1168 2.18712 0.852624 186.282
43.6999 68.0667 2.19667 0.854207 186.272
43.7999 68.0165 2.20624 0.855788 186.263
43.8999 67.9664 2.21583 0.857367 186.253
43.9999 67.9162 2.22543 0.858943 186.244
44.0999 67.8661 2.23506 0.860516 186.234
44.1999 67.8159 2.2447 0.862087 186.224
44.2999 67.7658 2.25435 0.863655 186.215
44.3999 67.7156 2.26403 0.865221 186.205
44.4999 67.6655 2.27372 0.866785 186.195
44.5999 67.6153 2.28343 0.868346 186.186
44.6999 67.5652 2.29315 0.869904 186.176
44.7999 67.515 2.3029 0.87146 186.166
44.8999 67.4649 2.31266 0.873013 186.157
44.9999 67.4147 2.32243 0.874564 186.147
45.0999 67.3646 2.33223 0.876113 186.137
45.1999 67.3144 2.34204 0.877658 186.127
45.2999 67.2643 2.35187 0.879201 186.117
45.3999 67.2142 2.36171 0.880742 186.107
45.4999 67.164 2.37157 0.88228 186.098
45.5999 67.1139 2.38145 0.883816 186.088
45.6999 67.0637 2.39135 0.885349 186.078
45.7999 67.0136 2.40126 0.886879 186.068
45.8999 66.9634 2.41119 0.888407 186.058
45.9999 66.9133 2.42114 0.889932 186.048
46.0999 66.8631 2.4311 0.891454 186.038
46.1999 66.813 2.44108 0.892974 186.028
46.2999 66.7628 2.45108 0.894492 186.018
46.3999 66.7127 2.46109 0.896007 186.008
46.4999 66.6626 2.47112 0.897519 185.998
46.5999 66.6124 2.48117 0.899028 185.988
46.6999 66.5623 2.49123 0.900535 185.978
46.7999 66.5121 2.50131 0.90204 185.968
46.8999 66.462 2.51141 0.903542 185.958
46.9999 66.4118 2.52152 0.905041 185.948
47.0999 66.3617 2.53165 0.906537 185.938
47.1999 66.3116 2.5418 0.908031 185.927
47.2999 66.2614 2.55196 0.909522 185.917
47.3998 66.2113 2.56214 0.911011 185.907
47.4998 66.1611 2.57233 0.912497 185.897
47.5998 66.111 2.58254 0.91398 185.887
47.6998 66.0608 2.59277 0.91546 185.876
47.7998 66.0107 2.60302 0.916938 185.866
47.8998 65.9606 2.61328 0.918414 185.856
47.9998 65.9104 2.62355 0.919886 185.846
48.0998 65.8603 2.63384 0.921356 185.835
48.1998 65.8101 2.64415 0.922823 185.825
48.2998 65.76 2.65448 0.924288 185.815
48.3998 65.7099 2.66482 0.92575 185.804
48.4998 65.6597 2.67518 0.927209 185.794
48.5998 65.6096 2.68555 0.928665 185.784
48.6998 65.5594 2.69594 0.930119 185.773
48.7998 65.5093 2.70634 0.93157 185.763
48.8998 65.4592 2.71676 0.933018 185.752
48.9998 65.409 2.7272 0.934464 185.742
49.0998 65.3589 2.73765 0.935906 185.732
49.1998 65.3088 2.74812 0.937347 185.721
49.2998 65.2586 2.7586 0.938784 185.711
49.3998 65.2085 2.7691 0.940219 185.7
49.4998 65.1584 2.77962 0.94165 185.69
49.5998 65.1082 2.79015 0.94308 185.679
49.6998 65.0581 2.8007 0.944506 185.668
49.7998 65.0079 2.81126 0.94593 185.658
49.8998 64.9578 2.82184 0.947351 185.647
49.9998 64.9077 2.83243 0.948769 185.637
50.0998 64.8575 2.84304 0.950184 185.626
50.1998 64.8074 2.85366 0.951597 185.616
50.2998 64.7573 2.8643 0.953006 185.605
50.3998 64.7071 2.87496 0.954414 185.594
50.4998 64.657 2.88563 0.955818 185.584
50.5998 64.6069 2.89632 0.957219 185.573
50.6998 64.5567 2.90702 0.958618 185.562
50.7998 64.5066 2.91774 0.960014 185.551
50.8998 64.4565 2.92847 0.961407 185.541
50.9998 64.4064 2.93921 0.962797 185.53
51.0998 64.3562 2.94998 0.964184 185.519
51.1998 64.3061 2.96075 0.965569 185.508
51.2998 64.256 2.97155 0.966951 185.498
51.3998 64.2058 2.98236 0.96833 185.487
51.4998 64.1557 2.99318 0.969706 185.476
51.5998 64.1056 3.00402 0.971079 185.465
51.6998 64.0554 3.01487 0.97245 185.454
51.7998 64.0053 3.02574 0.973817 185.443
51.8998 63.9552 3.03662 0.975182 185.433
51.9998 63.9051 3.04752 0.976544 185.422
52.0998 63.8549 3.05843 0.977903 185.411
52.1998 63.8048 3.06936 0.97926 185.4
52.2998 63.7547 3.0803 0.980613 185.389
52.3998 63.7045 3.09126 0.981963 185.378
52.4998 63.6544 3.10223 0.983311 185.367
52.5998 63.6043 3.11322 0.984656 185.356
52.6998 63.5542 3.12422 0.985998 185.345
52.7998 63.504 3.13523 0.987337 185.334
52.8998 63.4539 3.14626 0.988673 185.323
52.9998 63.4038 3.15731 0.990006 185.312
53.0998 63.3537 3.16837 0.991336 185.301
53.1998 63.3035 3.17944 0.992664 185.29
53.2998 63.2534 3.19053 0.993988 185.279
53.3998 63.2033 3.20163 0.99531 185.268
53.4998 63.1532 3.21275 0.996629 185.256
53.5998 63.103 3.22388 0.997944 185.245
53.6998 63.0529 3.23503 0.999257 185.234
53.7998 63.0028 3.24619 1.00057 185.223
53.8997 62.9527 3.25737 1.00187 185.212
53.9997 62.9025 3.26855 1.00318 185.201
54.0997 62.8524 3.27976 1.00448 185.189
54.1997 62.8023 3.29097 1.00578 185.178
54.2997 62.7522 3.30221 1.00707 185.167
54.3997 62.702 3.31345 1.00836 185.156
54.4997 62.6519 3.32471 1.00965 185.144
54.5997 62.6018 3.33598 1.01094 185.133
54.6997 62.5517 3.34727 1.01222 185.122
54.7997 62.5016 3.35857 1.0135 185.111
54.8997 62.4514 3.36989 1.01478 185.099
54.9997 62.4013 3.38122 1.01606 185.088
55.0997 62.3512 3.39256 1.01733 185.077
55.1997 62.3011 3.40392 1.0186 185.065
55.2997 62.251 3.41529 1.01986 185.054
55.3997 62.2008 3.42667 1.02112 185.042
55.4997 62.1507 3.43807 1.02238 185.031
55.5997 62.1006 3.44948 1.02364 185.02
55.6997 62.0505 3.46091 1.02489 185.008
55.7997 62.0004 3.47235 1.02615 184.997
55.8997 61.9503 3.4838 1.02739 184.985
55.9997 61.9001 3.49527 1.02864 184.974
56.0997 61.85 3.50675 1.02988 184.962
56.1997 61.7999 3.51824 1.03112 184.951
56.2997 61.7498 3.52975 1.03235 184.939
56.3997 61.6997 3.54127 1.03359 184.928
56.4997 61.6496 3.5528 1.03481 184.916
56.5997 61.5994 3.56435 1.03604 184.905
56.6997 61.5493 3.57591 1.03726 184.893
56.7997 61.4992 3.58748 1.03848 184.882
56.8997 61.4491 3.59907 1.0397 184.87
56.9997 61.399 3.61067 1.04092 184.859
57.0997 61.3489 3.62228 1.04213 184.847
57.1997 61.2988 3.63391 1.04334 184.835
57.2997 61.2487 3.64555 1.04454 184.824
57.3997 61.1985 3.6572 1.04574 184.812
57.4997 61.1484 3.66886 1.04694 184.8
57.5997 61.0983 3.68054 1.04814 184.789
57.6997 61.0482 3.69223 1.04933 184.777
57.7997 60.9981 3.70394 1.05052 184.765
57.8997 60.948 3.71565 1.05171 184.754
57.9997 60.8979 3.72738 1.05289 184.742
58.0997 60.8478 3.73913 1.05407 184.73
58.1997 60.7977 3.75088 1.05525 184.718
58.2997 60.7475 3.76265 1.05642 184.707
58.3997 60.6974 3.77443 1.05759 184.695
58.4997 60.6473 3.78622 1.05876 184.683
58.5997 60.5972 3.79803 1.05993 184.671
58.6997 60.5471 3.80985 1.06109 184.659
58.7997 60.497 3.82168 1.06225 184.647
58.8997 60.4469 3.83352 1.0634 184.636
58.9997 60.3968 3.84538 1.06455 184.624
59.0997 60.3467 3.85725 1.0657 184.612
59.1997 60.2966 3.86913 1.06685 184.6
59.2997 60.2465 3.88102 1.06799 184.588
59.3997 60.1964 3.89293 1.06913 184.576
59.4997 60.1463 3.90485 1.07027 184.564
59.5997 60.0961 3.91678 1.0714 184.552
59.6997 60.046 3.92872 1.07253 184.54
59.7997 59.9959 3.94067 1.07366 184.528
59.8997 59.9458 3.95264 1.07478 184.517
59.9997 59.8957 3.96462 1.0759 184.505
60.0997 59.8456 3.97661 1.07702 184.493
60.1997 59.7955 3.98861 1.07814 184.481
60.2997 59.7454 4.00063 1.07925 184.469
60.3997 59.6953 4.01265 1.08036 184.457
60.4996 59.6452 4.02469 1.08146 184.444
60.5996 59.5951 4.03674 1.08256 184.432
60.6996 59.545 4.04881 1.08366 184.42
60.7996 59.4949 4.06088 1.08476 184.408
60.8996 59.4448 4.07297 1.08585 184.396
60.9996 59.3947 4.08507 1.08694 184.384
61.0996 59.3446 4.09718 1.08802 184.372
61.1996 59.2945 4.1093 1.08911 184.36
61.2996 59.2444 4.12143 1.09019 184.348
61.3996 59.1943 4.13357 1.09126 184.336
61.4996 59.1442 4.14573 1.09234 184.323
61.5996 59.0941 4.1579 1.09341 184.311
61.6996 59.044 4.17008 1.09447 184.299
61.7996 58.9939 4.18227 1.09554 184.287
61.8996 58.9438 4.19447 1.0966 184.275
61.9996 58.8937 4.20668 1.09765 184.262
62.0996 58.8436 4.21891 1.09871 184.25
62.1996 58.7935 4.23114 1.09976 184.238
62.2996 58.7434 4.24339 1.1008 184.226
62.3996 58.6933 4.25565 1.10185 184.214
62.4996 58.6432 4.26792 1.10289 184.201
62.5996 58.5931 4.2802 1.10393 184.189
62.6996 58.543 4.29249 1.10496 184.177
62.7996 58.4929 4.3048 1.10599 184.164
62.8996 58.4428 4.31711 1.10702 184.152
62.9996 58.3927 4.32944 1.10804 184.14
63.0996 58.3427 4.34177 1.10906 184.127
63.1996 58.2926 4.35412 1.11008 184.115
63.2996 58.2425 4.36648 1.1111 184.103
63.3996 58.1924 4.37885 1.11211 184.09
63.4996 58.1423 4.39123 1.11311 184.078
63.5996 58.0922 4.40362 1.11412 184.066
63.6996 58.0421 4.41602 1.11512 184.053
63.7996 57.992 4.42843 1.11612 184.041
63.8996 57.9419 4.44085 1.11711 184.028
63.9996 57.8918 4.45328 1.1181 184.016
64.0996 57.8417 4.46573 1.11909 184.003
64.1996 57.7916 4.47818 1.12008 183.991
64.2996 57.7415 4.49065 1.12106 183.979
64.3996 57.6915 4.50312 1.12204 183.966
64.4996 57.6414 4.51561 1.12301 183.954
64.5996 57.5913 4.5281 1.12398 183.941
64.6996 57.5412 4.54061 1.12495 183.929
64.7996 57.4911 4.55313 1.12592 183.916
64.8996 57.441 4.56565 1.12688 183.904
64.9996 57.3909 4.57819 1.12784 183.891
65.0996 57.3408 4.59074 1.12879 183.878
65.1996 57.2907 4.6033 1.12974 183.866
65.2996 57.2407 4.61586 1.13069 183.853
65.3996 57.1906 4.62844 1.13164 183.841
65.4996 57.1405 4.64103 1.13258 183.828
65.5996 57.0904 4.65363 1.13352 183.816
65.6996 57.0403 4.66624 1.13445 183.803
65.7996 56.9902 4.67885 1.13538 183.79
65.8996 56.9401 4.69148 1.13631 183.778
65.9996 56.8901 4.70412 1.13723 183.765
66.0996 56.84 4.71677 1.13816 183.752
66.1996 56.7899 4.72942 1.13907 183.74
66.2996 56.7398 4.74209 1.13999 183.727
66.3996 56.6897 4.75477 1.1409 183.714
66.4996 56.6396 4.76745 1.14181 183.702
66.5996 56.5896 4.78015 1.14271 183.689
66.6996 56.5395 4.79286 1.14361 183.676
66.7996 56.4894 4.80557 1.14451 183.664
66.8996 56.4393 4.8183 1.14541 183.651
66.9995 56.3892 4.83103 1.1463 183.638
67.0995 56.3392 4.84377 1.14718 183.625
67.1995 56.2891 4.85653 1.14807 183.613
67.2995 56.239 4.86929 1.14895 183.6
67.3995 56.1889 4.88206 1.14983 183.587
67.4995 56.1388 4.89484 1.1507 183.574
67.5995 56.0888 4.90763 1.15157 183.562
67.6995 56.0387 4.92043 1.15244 183.549
67.7995 55.9886 4.93324 1.1533 183.536
67.8995 55.9385 4.94606 1.15416 183.523
67.9995 55.8884 4.95888 1.15502 183.51
68.0995 55.8384 4.97172 1.15587 183.497
68.1995 55.7883 4.98456 1.15672 183.485
68.2995 55.7382 4.99742 1.15757 183.472
68.3995 55.6881 5.01028 1.15841 183.459
68.4995 55.6381 5.02315 1.15925 183.446
68.5995 55.588 5.03603 1.16009 183.433
68.6995 55.5379 5.04892 1.16092 183.42
68.7995 55.4878 5.06182 1.16175 183.407
68.8995 55.4378 5.07473 1.16257 183.394
68.9995 55.3877 5.08764 1.1634 183.382
69.0995 55.3376 5.10057 1.16422 183.369
69.1995 55.2875 5.1135 1.16503 183.356
69.2995 55.2375 5.12644 1.16584 183.343
69.3995 55.1874 5.13939 1.16665 183.33
69.4995 55.1373 5.15235 1.16746 183.317
69.5995 55.0872 5.16532 1.16826 183.304
69.6995 55.0372 5.17829 1.16906 183.291
69.7995 54.9871 5.19128 1.16985 183.278
69.8995 54.937 5.20427 1.17064 183.265
69.9995 54.887 5.21727 1.17143 183.252
70.0995 54.8369 5.23028 1.17221 183.239
70.1995 54.7868 5.24329 1.17299 183.226
70.2995 54.7367 5.25632 1.17377 183.213
70.3995 54.6867 5.26935 1.17455 183.2
70.4995 54.6366 5.28239 1.17532 183.187
70.5995 54.5865 5.29544 1.17608 183.174
70.6995 54.5365 5.3085 1.17685 183.161
70.7995 54.4864 5.32156 1.17761 183.148
70.8995 54.4363 5.33464 1.17836 183.135
70.9995 54.3863 5.34772 1.17911 183.121
71.0995 54.3362 5.36081 1.17986 183.108
71.1995 54.2861 5.3739 1.18061 183.095
71.2995 54.2361 5.38701 1.18135 183.082
71.3995 54.186 5.40012 1.18209 183.069
71.4995 54.1359 5.41324 1.18282 183.056
71.5995 54.0859 5.42637 1.18356 183.043
71.6995 54.0358 5.4395 1.18428 183.03
71.7995 53.9857 5.45265 1.18501 183.017
71.8995 53.9357 5.4658 1.18573 183.003
71.9995 53.8856 5.47896 1.18645 182.99
72.0995 53.8355 5.49212 1.18716 182.977
72.1995 53.7855 5.50529 1.18787 182.964
72.2995 53.7354 5.51847 1.18858 182.951
72.3995 53.6854 5.53166 1.18928 182.938
72.4995 53.6353 5.54486 1.18998 182.924
72.5995 53.5852 5.55806 1.19068 182.911
72.6995 53.5352 5.57127 1.19137 182.898
72.7995 53.4851 5.58448 1.19206 182.885
72.8995 53.435 5.59771 1.19275 182.871
72.9995 53.385 5.61094 1.19343 182.858
73.0995 53.3349 5.62418 1.19411 182.845
73.1995 53.2849 5.63742 1.19478 182.832
73.2995 53.2348 5.65067 1.19545 182.818
73.3995 53.1847 5.66393 1.19612 182.805
73.4995 53.1347 5.6772 1.19678 182.792
73.5994 53.0846 5.69047 1.19744 182.779
73.6994 53.0346 5.70375 1.1981 182.765
73.7994 52.9845 5.71704 1.19875 182.752
73.8994 52.9345 5.73033 1.1994 182.739
73.9994 52.8844 5.74363 1.20005 182.726
74.0994 52.8343 5.75693 1.20069 182.712
74.1994 52.7843 5.77025 1.20133 182.699
74.2994 52.7342 5.78357 1.20197 182.686
74.3994 52.6842 5.79689 1.2026 182.672
74.4994 52.6341 5.81023 1.20323 182.659
74.5994 52.5841 5.82356 1.20385 182.646
74.6994 52.534 5.83691 1.20447 182.632
74.7994 52.484 5.85026 1.20509 182.619
74.8994 52.4339 5.86362 1.20571 182.606
74.9994 52.3839 5.87698 1.20632 182.592
75.0994 52.3338 5.89035 1.20692 182.579
75.1994 52.2837 5.90373 1.20753 182.565
75.2994 52.2337 5.91711 1.20813 182.552
75.3994 52.1836 5.9305 1.20872 182.539
75.4994 52.1336 5.9439 1.20931 182.525
75.5994 52.0835 5.9573 1.2099 182.512
75.6994 52.0335 5.97071 1.21049 182.498
75.7994 51.9834 5.98412 1.21107 182.485
75.8994 51.9334 5.99754 1.21165 182.472
75.9994 51.8833 6.01096 1.21222 182.458
76.0994 51.8333 6.0244 1.21279 182.445
76.1994 51.7832 6.03783 1.21336 182.431
76.2994 51.7332 6.05127 1.21392 182.418
76.3994 51.6831 6.06472 1.21448 182.404
76.4994 51.6331 6.07818 1.21504 182.391
76.5994 51.583 6.09164 1.21559 182.378
76.6994 51.533 6.1051 1.21614 182.364
76.7994 51.4829 6.11857 1.21668 182.351
76.8994 51.4329 6.13205 1.21722 182.337
76.9994 51.3829 6.14553 1.21776 182.324
77.0994 51.3328 6.15902 1.2183 182.31
77.1994 51.2828 6.17251 1.21883 182.297
77.2994 51.2327 6.18601 1.21935 182.283
77.3994 51.1827 6.19951 1.21988 182.27
77.4994 51.1326 6.21302 1.2204 182.256
77.5994 51.0826 6.22653 1.22091 182.243
77.6994 51.0325 6.24005 1.22142 182.229
77.7994 50.9825 6.25357 1.22193 182.216
77.8994 50.9325 6.2671 1.22244 182.202
77.9994 50.8824 6.28064 1.22294 182.189
78.0994 50.8324 6.29418 1.22344 182.175
78.1994 50.7823 6.30772 1.22393 182.161
78.2994 50.7323 6.32127 1.22442 182.148
78.3994 50.6822 6.33482 1.22491 182.134
78.4994 50.6322 6.34838 1.22539 182.121
78.5994 50.5822 6.36195 1.22587 182.107
78.6994 50.5321 6.37551 1.22634 182.094
78.7994 50.4821 6.38909 1.22681 182.08
78.8994 50.432 6.40267 1.22728 182.067
78.9994 50.382 6.41625 1.22775 182.053
79.0994 50.332 6.42983 1.22821 182.039
79.1994 50.2819 6.44343 1.22866 182.026
79.2994 50.2319 6.45702 1.22912 182.012
79.3994 50.1819 6.47062 1.22957 181.999
79.4994 50.1318 6.48423 1.23001 181.985
79.5994 50.0818 6.49784 1.23046 181.971
79.6994 50.0317 6.51145 1.23089 181.958
79.7994 49.9817 6.52507 1.23133 181.944
79.8994 49.9317 6.53869 1.23176 181.93
79.9994 49.8816 6.55232 1.23219 181.917
80.0993 49.8316 6.56595 1.23261 181.903
80.1993 49.7816 6.57958 1.23303 181.89
80.2993 49.7315 6.59322 1.23345 181.876
80.3993 49.6815 6.60687 1.23386 181.862
80.4993 49.6315 6.62051 1.23427 181.849
80.5993 49.5814 6.63417 1.23467 181.835
80.6993 49.5314 6.64782 1.23508 181.821
80.7993 49.4814 6.66148 1.23547 181.808
80.8993 49.4313 6.67514 1.23587 181.794
80.9993 49.3813 6.68881 1.23626 181.78
81.0993 49.3313 6.70248 1.23664 181.767
81.1993 49.2812 6.71615 1.23703 181.753
81.2993 49.2312 6.72983 1.23741 181.739
81.3993 49.1812 6.74351 1.23778 181.726
81.4993 49.1311 6.7572 1.23815 181.712
81.5993 49.0811 6.77089 1.23852 181.698
81.6993 49.0311 6.78458 1.23888 181.685
81.7993 48.9811 6.79828 1.23925 181.671
81.8993 48.931 6.81198 1.2396 181.657
81.9993 48.881 6.82568 1.23995 181.643
82.0993 48.831 6.83938 1.2403 181.63
82.1993 48.7809 6.85309 1.24065 181.616
82.2993 48.7309 6.86681 1.24099 181.602
82.3993 48.6809 6.88052 1.24133 181.589
82.4993 48.6309 6.89424 1.24166 181.575
82.5993 48.5808 6.90796 1.24199 181.561
82.6993 48.5308 6.92169 1.24232 181.547
82.7993 48.4808 6.93542 1.24264 181.534
82.8993 48.4308 6.94915 1.24296 181.52
82.9993 48.3807 6.96288 1.24328 181.506
83.0993 48.3307 6.97662 1.24359 181.493
83.1993 48.2807 6.99036 1.2439 181.479
83.2993 48.2307 7.0041 1.2442 181.465
83.3993 48.1806 7.01785 1.2445 181.451
83.4993 48.1306 7.0316 1.2448 181.438
83.5993 48.0806 7.04535 1.24509 181.424
83.6993 48.0306 7.0591 1.24538 181.41
83.7993 47.9806 7.07286 1.24567 181.396
83.8993 47.9305 7.08662 1.24595 181.383
83.9993 47.8805 7.10038 1.24623 181.369
84.0993 47.8305 7.11415 1.2465 181.355
84.1993 47.7805 7.12791 1.24677 181.341
84.2993 47.7305 7.14168 1.24704 181.327
84.3993 47.6804 7.15545 1.2473 181.314
84.4993 47.6304 7.16923 1.24756 181.3
84.5993 47.5804 7.18301 1.24782 181.286
84.6993 47.5304 7.19678 1.24807 181.272
84.7993 47.4804 7.21056 1.24832 181.259
84.8993 47.4303 7.22435 1.24856 181.245
84.9993 47.3803 7.23813 1.2488 181.231
85.0993 47.3303 7.25192 1.24904 181.217
85.1993 47.2803 7.26571 1.24927 181.203
85.2993 47.2303 7.2795 1.2495 181.19
85.3993 47.1803 7.2933 1.24972 181.176
85.4993 47.1302 7.30709 1.24994 181.162
85.5993 47.0802 7.32089 1.25016 181.148
85.6993 47.0302 7.33469 1.25038 181.134
85.7993 46.9802 7.34849 1.25059 181.121
85.8993 46.9302 7.36229 1.25079 181.107
85.9993 46.8802 7.3761 1.25099 181.093
86.0993 46.8302 7.3899 1.25119 181.079
86.1993 46.7801 7.40371 1.25139 181.065
86.2993 46.7301 7.41752 1.25158 181.052
86.3993 46.6801 7.43133 1.25177 181.038
86.4993 46.6301 7.44514 1.25195 181.024
86.5993 46.5801 7.45896 1.25213 181.01
86.6992 46.5301 7.47277 1.2523 180.996
86.7992 46.4801 7.48659 1.25248 180.983
86.8992 46.4301 7.50041 1.25265 180.969
86.9992 46.3801 7.51423 1.25281 180.955
87.0992 46.33 7.52805 1.25297 180.941
87.1992 46.28 7.54187 1.25313 180.927
87.2992 46.23 7.55569 1.25328 180.913
87.3992 46.18 7.56952 1.25343 180.9
87.4992 46.13 7.58334 1.25357 180.886
87.5992 46.08 7.59717 1.25372 180.872
87.6992 46.03 7.611 1.25385 180.858
87.7992 45.98 7.62482 1.25399 180.844
87.8992 45.93 7.63865 1.25412 180.831
87.9992 45.88 7.65248 1.25425 180.817
88.0992 45.83 7.66631 1.25437 180.803
88.1992 45.78 7.68015 1.25449 180.789
88.2992 45.73 7.69398 1.2546 180.775
88.3992 45.68 7.70781 1.25471 180.761
88.4992 45.6299 7.72165 1.25482 180.748
88.5992 45.5799 7.73548 1.25492 180.734
88.6992 45.5299 7.74932 1.25502 180.72
88.7992 45.4799 7.76315 1.25512 180.706
88.8992 45.4299 7.77699 1.25521 180.692
88.9992 45.3799 7.79082 1.2553 180.678
89.0992 45.3299 7.80466 1.25539 180.665
89.1992 45.2799 7.8185 1.25547 180.651
89.2992 45.2299 7.83234 1.25554 180.637
89.3992 45.1799 7.84618 1.25562 180.623
89.4992 45.1299 7.86001 1.25569 180.609
89.5992 45.0799 7.87385 1.25575 180.595
89.6992 45.0299 7.88769 1.25581 180.581
89.7992 44.9799 7.90153 1.25587 180.568
89.8992 44.9299 7.91537 1.25592 180.554
89.9992 44.8799 7.92921 1.25597 180.54
90.0992 44.8299 7.94305 1.25602 180.526
90.1992 44.7799 7.95689 1.25606 180.512
90.2992 44.7299 7.97073 1.2561 180.498
90.3992 44.6799 7.98456 1.25614 180.485
90.4992 44.6299 7.9984 1.25617 180.471
90.5992 44.5799 8.01224 1.2562 180.457
90.6992 44.5299 8.02608 1.25622 180.443
90.7992 44.4799 8.03992 1.25624 180.429
90.8992 44.4299 8.05375 1.25625 180.415
90.9992 44.38 8.06759 1.25627 180.402
91.0992 44.33 8.08143 1.25627 180.388
91.1992 44.28 8.09526 1.25628 180.374
91.2992 44.23 8.1091 1.25628 180.36
91.3992 44.18 8.12294 1.25628 180.346
91.4992 44.13 8.13677 1.25627 180.332
91.5992 44.08 8.1506 1.25626 180.319
91.6992 44.03 8.16444 1.25624 180.305
91.7992 43.98 8.17827 1.25622 180.291
91.8992 43.93 8.1921 1.2562 180.277
91.9992 43.88 8.20593 1.25617 180.263
92.0992 43.83 8.21976 1.25614 180.249
92.1992 43.78 8.23359 1.25611 180.236
92.2992 43.73 8.24742 1.25607 180.222
92.3992 43.6801 8.26125 1.25603 180.208
92.4992 43.6301 8.27507 1.25599 180.194
92.5992 43.5801 8.2889 1.25594 180.18
92.6992 43.5301 8.30272 1.25588 180.166
92.7992 43.4801 8.31655 1.25583 180.153
92.8992 43.4301 8.33037 1.25577 180.139
92.9992 43.3801 8.34419 1.2557 180.125
93.0992 43.3301 8.35801 1.25563 180.111
93.1992 43.2801 8.37183 1.25556 180.097
93.2991 43.2302 8.38564 1.25548 180.084
93.3991 43.1802 8.39946 1.2554 180.07
93.4991 43.1302 8.41327 1.25532 180.056
93.5991 43.0802 8.42709 1.25523 180.042
93.6991 43.0302 8.4409 1.25514 180.028
93.7991 42.9802 8.45471 1.25505 180.014
93.8991 42.9302 8.46852 1.25495 180.001
93.9991 42.8803 8.48232 1.25484 179.987
94.0991 42.8303 8.49613 1.25474 179.973
94.1991 42.7803 8.50993 1.25463 179.959
94.2991 42.7303 8.52373 1.25451 179.945
94.3991 42.6803 8.53753 1.25439 179.932
94.4991 42.6303 8.55133 1.25427 179.918
94.5991 42.5804 8.56512 1.25415 179.904
94.6991 42.5304 8.57892 1.25402 179.89
94.7991 42.4804 8.59271 1.25388 179.876
94.8991 42.4304 8.6065 1.25374 179.863
94.9991 42.3804 8.62028 1.2536 179.849
95.0991 42.3305 8.63407 1.25346 179.835
95.1991 42.2805 8.64785 1.25331 179.821
95.2991 42.2305 8.66163 1.25316 179.808
95.3991 42.1805 8.67541 1.253 179.794
95.4991 42.1305 8.68919 1.25284 179.78
95.5991 42.0806 8.70296 1.25267 179.766
95.6991 42.0306 8.71673 1.25251 179.752
95.7991 41.9806 8.7305 1.25233 179.739
95.8991 41.9306 8.74427 1.25216 179.725
95.9991 41.8807 8.75804 1.25198 179.711
96.0991 41.8307 8.7718 1.25179 179.697
96.1991 41.7807 8.78556 1.25161 179.684
96.2991 41.7307 8.79931 1.25142 179.67
96.3991 41.6808 8.81307 1.25122 179.656
96.4991 41.6308 8.82682 1.25102 179.642
96.5991 41.5808 8.84057 1.25082 179.629
96.6991 41.5308 8.85431 1.25061 179.615
96.7991 41.4809 8.86806 1.2504 179.601
96.8991 41.4309 8.8818 1.25019 179.587
96.9991 41.3809 8.89554 1.24997 179.574
97.0991 41.3309 8.90927 1.24975 179.56
97.1991 41.281 8.923 1.24952 179.546
97.2991 41.231 8.93673 1.24929 179.532
97.3991 41.181 8.95045 1.24906 179.519
97.4991 41.131 8.96418 1.24882 179.505
97.5991 41.0811 8.9779 1.24858 179.491
97.6991 41.0311 8.99161 1.24834 179.478
97.7991 40.9811 9.00532 1.24809 179.464
97.8991 40.9312 9.01903 1.24784 179.45
97.9991 40.8812 9.03274 1.24758 179.436
98.0991 40.8312 9.04644 1.24732 179.423
98.1991 40.7813 9.06014 1.24706 179.409
98.2991 40.7313 9.07384 1.24679 179.395
98.3991 40.6813 9.08753 1.24652 179.382
98.4991 40.6313 9.10122 1.24624 179.368
98.5991 40.5814 9.1149 1.24596 179.354
98.6991 40.5314 9.12859 1.24568 179.341
98.7991 40.4814 9.14226 1.24539 179.327
98.8991 40.4315 9.15594 1.2451 179.313
98.9991 40.3815 9.16961 1.24481 179.3
99.0991 40.3315 9.18328 1.24451 179.286
99.1991 40.2816 9.19694 1.2442 179.272
99.2991 40.2316 9.2106 1.2439 179.259
99.3991 40.1817 9.22425 1.24359 179.245
99.4991 40.1317 9.2379 1.24327 179.231
99.5991 40.0817 9.25155 1.24296 179.218
99.6991 40.0318 9.2652 1.24264 179.204
99.799 39.9818 9.27883 1.24231 179.19
99.899 39.9318 9.29247 1.24198 179.177
99.999 39.8819 9.3061 1.24165 179.163
100.099 39.8319 9.31973 1.24131 179.149
100.199 39.7819 9.33335 1.24097 179.136
100.299 39.732 9.34697 1.24063 179.122
100.399 39.682 9.36058 1.24028 179.109
100.499 39.6321 9.37419 1.23993 179.095
100.599 39.5821 9.3878 1.23957 179.081
100.699 39.5321 9.4014 1.23921 179.068
100.799 39.4822 9.41499 1.23885 179.054
100.899 39.4322 9.42859 1.23848 179.041
100.999 39.3823 9.44217 1.23811 179.027
101.099 39.3323 9.45576 1.23773 179.013
101.199 39.2824 9.46933 1.23736 179
101.299 39.2324 9.48291 1.23697 178.986
101.399 39.1824 9.49647 1.23659 178.973
101.499 39.1325 9.51004 1.2362 178.959
101.599 39.0825 9.5236 1.2358 178.946
101.699 39.0326 9.53715 1.23541 178.932
101.799 38.9826 9.5507 1.235 178.918
101.899 38.9327 9.56424 1.2346 178.905
101.999 38.8827 9.57778 1.23419 178.891
102.099 38.8327 9.59132 1.23378 178.878
102.199 38.7828 9.60485 1.23336 178.864
102.299 38.7328 9.61837 1.23294 178.851
102.399 38.6829 9.63189 1.23251 178.837
102.499 38.6329 9.6454 1.23209 178.824
102.599 38.583 9.65891 1.23165 178.81
102.699 38.533 9.67242 1.23122 178.797
102.799 38.4831 9.68591 1.23078 178.783
102.899 38.4331 9.69941 1.23034 178.77
102.999 38.3832 9.71289 1.22989 178.756
103.099 38.3332 9.72637 1.22944 178.743
103.199 38.2833 9.73985 1.22898 178.729
103.299 38.2333 9.75332 1.22852 178.716
103.399 38.1834 9.76679 1.22806 178.702
103.499 38.1334 9.78025 1.22759 178.689
103.599 38.0835 9.7937 1.22712 178.675
103.699 38.0335 9.80715 1.22665 178.662
103.799 37.9836 9.82059 1.22617 178.649
103.899 37.9336 9.83403 1.22569 178.635
103.999 37.8837 9.84746 1.22521 178.622
104.099 37.8337 9.86088 1.22472 178.608
104.199 37.7838 9.8743 1.22423 178.595
104.299 37.7338 9.88772 1.22373 178.581
104.399 37.6839 9.90112 1.22323 178.568
104.499 37.6339 9.91452 1.22272 178.555
104.599 37.584 9.92792 1.22222 178.541
104.699 37.534 9.94131 1.22171 178.528
104.799 37.4841 9.95469 1.22119 178.514
104.899 37.4342 9.96807 1.22067 178.501
104.999 37.3842 9.98144 1.22015 178.488
105.099 37.3343 9.9948 1.21962 178.474
105.199 37.2843 10.0082 1.21909 178.461
105.299 37.2344 10.0215 1.21856 178.448
105.399 37.1844 10.0349 1.21802 178.434
105.499 37.1345 10.0482 1.21748 178.421
105.599 37.0845 10.0615 1.21693 178.408
105.699 37.0346 10.0749 1.21638 178.394
105.799 36.9847 10.0882 1.21583 178.381
105.899 36.9347 10.1015 1.21527 178.368
105.999 36.8848 10.1148 1.21471 178.354
106.099 36.8348 10.1281 1.21415 178.341
106.199 36.7849 10.1414 1.21358 178.328
106.299 36.735 10.1547 1.21301 178.314
106.399 36.685 10.168 1.21243 178.301
106.499 36.6351 10.1812 1.21185 178.288
106.599 36.5851 10.1945 1.21127 178.275
106.699 36.5352 10.2078 1.21068 178.261
106.799 36.4853 10.221 1.21009 178.248
106.899 36.4353 10.2342 1.2095 178.235
106.999 36.3854 10.2475 1.2089 178.222
107.099 36.3355 10.2607 1.20829 178.208
107.199 36.2855 10.2739 1.20769 178.195
107.299 36.2356 10.2872 1.20708 178.182
107.399 36.1856 10.3004 1.20647 178.169
107.499 36.1357 10.3136 1.20585 178.156
107.599 36.0858 10.3268 1.20523 178.142
107.699 36.0358 10.34 1.2046 178.129
107.799 35.9859 10.3531 1.20398 178.116
107.899 35.936 10.3663 1.20334 178.103
107.999 35.886 10.3795 1.20271 178.09
108.099 35.8361 10.3926 1.20207 178.077
108.199 35.7862 10.4058 1.20143 178.063
108.299 35.7362 10.4189 1.20078 178.05
108.399 35.6863 10.4321 1.20013 178.037
108.499 35.6364 10.4452 1.19947 178.024
108.599 35.5864 10.4583 1.19882 178.011
108.699 35.5365 10.4714 1.19815 177.998
108.799 35.4866 10.4845 1.19749 177.985
108.899 35.4366 10.4976 1.19682 177.972
108.999 35.3867 10.5107 1.19615 177.958
109.099 35.3368 10.5238 1.19547 177.945
109.199 35.2868 10.5369 1.19479 177.932
109.299 35.2369 10.5499 1.19411 177.919
109.399 35.187 10.563 1.19342 177.906
109.499 35.1371 10.576 1.19273 177.893
109.599 35.0871 10.5891 1.19203 177.88
109.699 35.0372 10.6021 1.19133 177.867
109.799 34.9873 10.6151 1.19063 177.854
109.899 34.9373 10.6282 1.18992 177.841
109.999 34.8874 10.6412 1.18921 177.828
110.099 34.8375 10.6542 1.1885 177.815
110.199 34.7876 10.6672 1.18778 177.802
110.299 34.7376 10.6801 1.18706 177.789
110.399 34.6877 10.6931 1.18634 177.776
110.499 34.6378 10.7061 1.18561 177.763
110.599 34.5879 10.719 1.18487 177.75
110.699 34.5379 10.732 1.18414 177.737
110.799 34.488 10.7449 1.1834 177.724
110.899 34.4381 10.7579 1.18266 177.711
110.999 34.3882 10.7708 1.18191 177.698
111.099 34.3382 10.7837 1.18116 177.685
111.199 34.2883 10.7966 1.1804 177.673
111.299 34.2384 10.8095 1.17965 177.66
111.399 34.1885 10.8224 1.17888 177.647
111.499 34.1386 10.8353 1.17812 177.634
111.599 34.0886 10.8482 1.17735 177.621
111.699 34.0387 10.861 1.17658 177.608
111.799 33.9888 10.8739 1.1758 177.595
111.899 33.9389 10.8867 1.17502 177.582
111.999 33.889 10.8995 1.17424 177.57
112.099 33.839 10.9124 1.17345 177.557
112.199 33.7891 10.9252 1.17266 177.544
112.299 33.7392 10.938 1.17186 177.531
112.399 33.6893 10.9508 1.17106 177.518
112.499 33.6394 10.9636 1.17026 177.506
112.599 33.5894 10.9764 1.16946 177.493
112.699 33.5395 10.9891 1.16865 177.48
112.799 33.4896 11.0019 1.16783 177.467
112.899 33.4397 11.0147 1.16702 177.455
112.999 33.3898 11.0274 1.1662 177.442
113.099 33.3398 11.0401 1.16537 177.429
113.199 33.2899 11.0529 1.16455 177.416
113.299 33.24 11.0656 1.16372 177.404
113.399 33.1901 11.0783 1.16288 177.391
113.499 33.1402 11.091 1.16204 177.378
113.599 33.0903 11.1037 1.1612 177.366
113.699 33.0404 11.1163 1.16035 177.353
113.799 32.9904 11.129 1.15951 177.34
113.899 32.9405 11.1417 1.15865 177.328
113.999 32.8906 11.1543 1.1578 177.315
114.099 32.8407 11.167 1.15694 177.302
114.199 32.7908 11.1796 1.15607 177.29
114.299 32.7409 11.1922 1.1552 177.277
114.399 32.691 11.2048 1.15433 177.264
114.499 32.6411 11.2174 1.15346 177.252
114.599 32.5911 11.23 1.15258 177.239
114.699 32.5412 11.2426 1.1517 177.227
114.799 32.4913 11.2551 1.15081 177.214
114.899 32.4414 11.2677 1.14992 177.201
114.999 32.3915 11.2802 1.14903 177.189
115.099 32.3416 11.2928 1.14813 177.176
115.199 32.2917 11.3053 1.14724 177.164
115.299 32.2418 11.3178 1.14633 177.151
115.399 32.1919 11.3303 1.14542 177.139
115.499 32.142 11.3428 1.14451 177.126
115.599 32.092 11.3553 1.1436 177.114
115.699 32.0421 11.3678 1.14268 177.101
115.799 31.9922 11.3803 1.14176 177.089
115.899 31.9423 11.3927 1.14084 177.076
115.999 31.8924 11.4052 1.13991 177.064
116.099 31.8425 11.4176 1.13898 177.052
116.199 31.7926 11.43 1.13804 177.039
116.299 31.7427 11.4424 1.1371 177.027
116.399 31.6928 11.4548 1.13616 177.014
116.499 31.6429 11.4672 1.13521 177.002
116.599 31.593 11.4796 1.13426 176.99
116.699 31.5431 11.492 1.13331 176.977
116.799 31.4932 11.5043 1.13235 176.965
116.899 31.4433 11.5167 1.13139 176.953
116.999 31.3934 11.529 1.13043 176.94
117.099 31.3435 11.5413 1.12946 176.928
117.199 31.2936 11.5536 1.12849 176.916
117.299 31.2437 11.5659 1.12751 176.903
117.399 31.1938 11.5782 1.12653 176.891
117.499 31.1438 11.5905 1.12555 176.879
117.599 31.0939 11.6028 1.12457 176.866
117.699 31.044 11.615 1.12358 176.854
117.799 30.9941 11.6273 1.12259 176.842
117.899 30.9442 11.6395 1.12159 176.83
117.999 30.8943 11.6518 1.12059 176.817
118.099 30.8444 11.664 1.11959 176.805
118.199 30.7945 11.6762 1.11858 176.793
118.299 30.7446 11.6884 1.11757 176.781
118.399 30.6947 11.7005 1.11656 176.769
118.499 30.6448 11.7127 1.11554 176.756
118.599 30.5949 11.7249 1.11452 176.744
118.699 30.545 11.737 1.1135 176.732
118.799 30.4952 11.7491 1.11247 176.72
118.899 30.4453 11.7613 1.11144 176.708
118.999 30.3954 11.7734 1.1104 176.696
119.099 30.3455 11.7855 1.10937 176.684
119.199 30.2956 11.7976 1.10832 176.672
119.299 30.2457 11.8096 1.10728 176.66
119.399 30.1958 11.8217 1.10623 176.647
119.499 30.1459 11.8338 1.10518 176.635
119.599 30.096 11.8458 1.10412 176.623
119.699 30.0461 11.8578 1.10306 176.611
119.799 29.9962 11.8698 1.102 176.599
119.899 29.9463 11.8818 1.10094 176.587
119.999 29.8964 11.8938 1.09987 176.575
120.099 29.8465 11.9058 1.09879 176.563
120.199 29.7966 11.9178 1.09772 176.551
120.299 29.7467 11.9297 1.09664 176.539
120.399 29.6968 11.9417 1.09556 176.527
120.499 29.6469 11.9536 1.09447 176.516
120.599 29.597 11.9655 1.09338 176.504
120.699 29.5472 11.9774 1.09229 176.492
120.799 29.4973 11.9893 1.09119 176.48
120.899 29.4474 12.0012 1.09009 176.468
120.999 29.3975 12.0131 1.08899 176.456
121.099 29.3476 12.0249 1.08788 176.444
121.199 29.2977 12.0368 1.08677 176.432
121.299 29.2478 12.0486 1.08565 176.421
121.399 29.1979 12.0604 1.08454 176.409
121.499 29.148 12.0722 1.08342 176.397
121.599 29.0981 12.084 1.08229 176.385
121.699 29.0483 12.0958 1.08116 176.373
121.799 28.9984 12.1076 1.08003 176.362
121.899 28.9485 12.1193 1.0789 176.35
121.999 28.8986 12.1311 1.07776 176.338
122.099 28.8487 12.1428 1.07662 176.326
122.199 28.7988 12.1545 1.07547 176.315
122.299 28.7489 12.1662 1.07433 176.303
122.399 28.699 12.1779 1.07318 176.291
122.499 28.6492 12.1896 1.07202 176.28
122.599 28.5993 12.2013 1.07086 176.268
122.699 28.5494 12.2129 1.0697 176.256
122.799 28.4995 12.2245 1.06854 176.245
122.899 28.4496 12.2362 1.06737 176.233
122.999 28.3997 12.2478 1.0662 176.221
123.099 28.3498 12.2594 1.06502 176.21
123.199 28.3 12.271 1.06384 176.198
123.299 28.2501 12.2825 1.06266 176.187
123.399 28.2002 12.2941 1.06148 176.175
123.499 28.1503 12.3057 1.06029 176.164
123.599 28.1004 12.3172 1.0591 176.152
123.699 28.0505 12.3287 1.0579 176.14
123.799 28.0007 12.3402 1.0567 176.129
123.899 27.9508 12.3517 1.0555 176.117
123.999 27.9009 12.3632 1.0543 176.106
124.099 27.851 12.3747 1.05309 176.095
124.199 27.8011 12.3861 1.05188 176.083
124.299 27.7513 12.3975 1.05066 176.072
124.399 27.7014 12.409 1.04944 176.06
124.499 27.6515 12.4204 1.04822 176.049
124.599 27.6016 12.4318 1.04699 176.037
124.699 27.5517 12.4432 1.04577 176.026
124.799 27.5019 12.4545 1.04453 176.015
124.899 27.452 12.4659 1.0433 176.003
124.999 27.4021 12.4772 1.04206 175.992
125.099 27.3522 12.4886 1.04082 175.981
125.199 27.3023 12.4999 1.03957 175.969
125.299 27.2525 12.5112 1.03833 175.958
125.399 27.2026 12.5225 1.03708 175.947
125.499 27.1527 12.5337 1.03582 175.935
125.599 27.1028 12.545 1.03456 175.924
125.699 27.053 12.5563 1.0333 175.913
125.799 27.0031 12.5675 1.03204 175.902
125.899 26.9532 12.5787 1.03077 175.89
125.999 26.9033 12.5899 1.0295 175.879
126.099 26.8535 12.6011 1.02822 175.868
126.199 26.8036 12.6123 1.02695 175.857
126.299 26.7537 12.6234 1.02567 175.846
126.399 26.7038 12.6346 1.02438 175.835
126.499 26.654 12.6457 1.02309 175.823
126.599 26.6041 12.6568 1.0218 175.812
126.699 26.5542 12.6679 1.02051 175.801
126.799 26.5043 12.679 1.01921 175.79
126.899 26.4545 12.6901 1.01791 175.779
126.999 26.4046 12.7012 1.01661 175.768
127.099 26.3547 12.7122 1.0153 175.757
127.199 26.3048 12.7232 1.01399 175.746
127.299 26.255 12.7342 1.01268 175.735
127.399 26.2051 12.7452 1.01136 175.724
127.499 26.1552 12.7562 1.01004 175.713
127.599 26.1054 12.7672 1.00872 175.702
127.699 26.0555 12.7782 1.00739 175.691
127.799 26.0056 12.7891 1.00607 175.68
127.899 25.9557 12.8 1.00473 175.669
127.999 25.9059 12.8109 1.0034 175.658
128.099 25.856 12.8218 1.00206 175.647
128.199 25.8061 12.8327 1.00072 175.636
128.299 25.7563 12.8436 0.999372 175.626
128.399 25.7064 12.8544 0.998024 175.615
128.499 25.6565 12.8653 0.996673 175.604
128.599 25.6066 12.8761 0.995318 175.593
128.699 25.5568 12.8869 0.99396 175.582
128.799 25.5069 12.8977 0.992599 175.571
128.899 25.457 12.9085 0.991235 175.561
128.999 25.4072 12.9193 0.989868 175.55
129.099 25.3573 12.93 0.988498 175.539
129.199 25.3074 12.9407 0.987124 175.528
129.299 25.2575 12.9515 0.985748 175.518
129.399 25.2077 12.9622 0.984368 175.507
129.499 25.1578 12.9728 0.982985 175.496
129.599 25.1079 12.9835 0.981599 175.486
129.699 25.0581 12.9942 0.98021 175.475
129.799 25.0082 13.0048 0.978818 175.464
129.899 24.9583 13.0154 0.977422 175.454
129.999 24.9085 13.0261 0.976024 175.443
130.099 24.8586 13.0366 0.974622 175.433
130.199 24.8087 13.0472 0.973218 175.422
130.299 24.7589 13.0578 0.97181 175.411
130.399 24.709 13.0683 0.970399 175.401
130.499 24.6591 13.0789 0.968985 175.39
130.599 24.6093 13.0894 0.967568 175.38
130.699 24.5594 13.0999 0.966148 175.369
130.799 24.5095 13.1104 0.964725 175.359
130.899 24.4597 13.1208 0.963299 175.348
130.999 24.4098 13.1313 0.961869 175.338
131.099 24.3599 13.1417 0.960437 175.327
131.199 24.3101 13.1522 0.959002 175.317
131.299 24.2602 13.1626 0.957563 175.307
131.399 24.2103 13.1729 0.956122 175.296
131.499 24.1605 13.1833 0.954677 175.286
131.599 24.1106 13.1937 0.95323 175.275
131.699 24.0608 13.204 0.951779 175.265
131.799 24.0109 13.2143 0.950326 175.255
131.899 23.961 13.2247 0.948869 175.245
131.999 23.9112 13.235 0.947409 175.234
132.099 23.8613 13.2452 0.945947 175.224
132.199 23.8114 13.2555 0.944481 175.214
132.299 23.7616 13.2657 0.943012 175.203
132.399 23.7117 13.276 0.941541 175.193
132.499 23.6619 13.2862 0.940066 175.183
132.599 23.612 13.2964 0.938588 175.173
132.699 23.5621 13.3066 0.937108 175.163
132.799 23.5123 13.3167 0.935624 175.152
132.899 23.4624 13.3269 0.934137 175.142
132.999 23.4126 13.337 0.932648 175.132
133.099 23.3627 13.3471 0.931155 175.122
133.199 23.3128 13.3572 0.92966 175.112
133.299 23.263 13.3673 0.928161 175.102
133.399 23.2131 13.3773 0.92666 175.092
133.499 23.1633 13.3874 0.925155 175.082
133.599 23.1134 13.3974 0.923648 175.072
133.699 23.0635 13.4074 0.922138 175.062
133.799 23.0137 13.4174 0.920624 175.052
133.899 22.9638 13.4274 0.919108 175.042
133.999 22.914 13.4374 0.917589 175.032
134.099 22.8641 13.4473 0.916067 175.022
134.199 22.8143 13.4573 0.914542 175.012
134.299 22.7644 13.4672 0.913014 175.002
134.399 22.7145 13.4771 0.911483 174.992
134.499 22.6647 13.487 0.90995 174.982
134.599 22.6148 13.4968 0.908413 174.972
134.699 22.565 13.5067 0.906874 174.963
134.799 22.5151 13.5165 0.905331 174.953
134.899 22.4653 13.5263 0.903786 174.943
134.999 22.4154 13.5361 0.902238 174.933
135.099 22.3656 13.5459 0.900687 174.923
135.199 22.3157 13.5556 0.899133 174.914
135.299 22.2659 13.5654 0.897576 174.904
135.399 22.216 13.5751 0.896017 174.894
135.499 22.1661 13.5848 0.894454 174.884
135.599 22.1163 13.5945 0.892889 174.875
135.699 22.0664 13.6042 0.891321 174.865
135.799 22.0166 13.6138 0.88975 174.855
135.899 21.9667 13.6235 0.888176 174.846
135.999 21.9169 13.6331 0.886599 174.836
136.099 21.867 13.6427 0.885019 174.826
136.199 21.8172 13.6523 0.883437 174.817
136.299 21.7673 13.6619 0.881852 174.807
136.399 21.7175 13.6714 0.880264 174.798
136.499 21.6676 13.681 0.878673 174.788
136.599 21.6178 13.6905 0.877079 174.779
136.699 21.5679 13.7 0.875483 174.769
136.799 21.5181 13.7095 0.873884 174.76
136.899 21.4682 13.7189 0.872282 174.75
136.999 21.4184 13.7284 0.870677 174.741
137.099 21.3685 13.7378 0.869069 174.731
137.199 21.3187 13.7472 0.867459 174.722
137.299 21.2688 13.7566 0.865846 174.713
137.399 21.219 13.766 0.86423 174.703
137.499 21.1691 13.7754 0.862611 174.694
137.599 21.1193 13.7847 0.86099 174.684
137.699 21.0694 13.794 0.859366 174.675
137.799 21.0196 13.8033 0.857739 174.666
137.899 20.9697 13.8126 0.856109 174.657
137.999 20.9199 13.8219 0.854477 174.647
138.099 20.8701 13.8311 0.852841 174.638
138.199 20.8202 13.8404 0.851204 174.629
138.299 20.7704 13.8496 0.849563 174.62
138.399 20.7205 13.8588 0.84792 174.61
138.499 20.6707 13.868 0.846274 174.601
138.599 20.6208 13.8771 0.844625 174.592
138.699 20.571 13.8863 0.842973 174.583
138.799 20.5211 13.8954 0.841319 174.574
138.899 20.4713 13.9045 0.839662 174.565
138.999 20.4214 13.9136 0.838003 174.556
139.099 20.3716 13.9227 0.836341 174.547
139.199 20.3218 13.9317 0.834676 174.537
139.299 20.2719 13.9407 0.833008 174.528
139.399 20.2221 13.9498 0.831338 174.519
139.499 20.1722 13.9588 0.829665 174.51
139.599 20.1224 13.9677 0.82799 174.501
139.699 20.0725 13.9767 0.826312 174.492
139.799 20.0227 13.9856 0.824631 174.484
139.899 19.9729 13.9946 0.822947 174.475
139.999 19.923 14.0035 0.821261 174.466
140.099 19.8732 14.0124 0.819572 174.457
140.199 19.8233 14.0212 0.817881 174.448
140.299 19.7735 14.0301 0.816187 174.439
140.399 19.7236 14.0389 0.81449 174.43
140.499 19.6738 14.0477 0.812791 174.421
140.599 19.624 14.0565 0.811089 174.413
140.699 19.5741 14.0653 0.809385 174.404
140.799 19.5243 14.074 0.807678 174.395
140.899 19.4744 14.0828 0.805968 174.386
140.999 19.4246 14.0915 0.804256 174.378
141.099 19.3748 14.1002 0.802541 174.369
141.199 19.3249 14.1089 0.800824 174.36
141.299 19.2751 14.1176 0.799104 174.352
141.399 19.2252 14.1262 0.797382 174.343
141.499 19.1754 14.1348 0.795657 174.334
141.599 19.1256 14.1434 0.793929 174.326
141.699 19.0757 14.152 0.792199 174.317
141.799 19.0259 14.1606 0.790466 174.309
141.899 18.9761 14.1691 0.788731 174.3
141.999 18.9262 14.1777 0.786993 174.292
142.099 18.8764 14.1862 0.785253 174.283
142.199 18.8265 14.1947 0.78351 174.275
142.299 18.7767 14.2031 0.781765 174.266
142.399 18.7269 14.2116 0.780017 174.258
142.499 18.677 14.22 0.778267 174.249
142.6 18.6272 14.2284 0.776514 174.241
142.7 18.5774 14.2368 0.774759 174.232
142.8 18.5275 14.2452 0.773001 174.224
142.9 18.4777 14.2536 0.771241 174.216
143 18.4279 14.2619 0.769478 174.207
143.1 18.378 14.2702 0.767713 174.199
143.2 18.3282 14.2785 0.765945 174.191
143.3 18.2783 14.2868 0.764175 174.182
143.4 18.2285 14.2951 0.762403 174.174
143.5 18.1787 14.3033 0.760628 174.166
143.6 18.1288 14.3115 0.75885 174.158
143.7 18.079 14.3197 0.75707 174.149
143.8 18.0292 14.3279 0.755288 174.141
143.9 17.9793 14.3361 0.753503 174.133
144 17.9295 14.3442 0.751716 174.125
144.1 17.8797 14.3524 0.749926 174.117
144.2 17.8298 14.3605 0.748134 174.109
144.3 17.78 14.3686 0.74634 174.101
144.4 17.7302 14.3766 0.744543 174.093
144.5 17.6803 14.3847 0.742744 174.084
144.6 17.6305 14.3927 0.740942 174.076
144.7 17.5807 14.4007 0.739138 174.068
144.8 17.5309 14.4087 0.737332 174.06
144.9 17.481 14.4167 0.735523 174.053
145 17.4312 14.4246 0.733712 174.045
145.1 17.3814 14.4325 0.731899 174.037
145.2 17.3315 14.4404 0.730083 174.029
145.3 17.2817 14.4483 0.728265 174.021
145.4 17.2319 14.4562 0.726444 174.013
145.5 17.182 14.4641 0.724622 174.005
145.6 17.1322 14.4719 0.722796 173.997
145.7 17.0824 14.4797 0.720969 173.989
145.8 17.0325 14.4875 0.719139 173.982
145.9 16.9827 14.4953 0.717307 173.974
146 16.9329 14.503 0.715473 173.966
146.1 16.8831 14.5107 0.713636 173.958
146.2 16.8332 14.5184 0.711797 173.951
146.3 16.7834 14.5261 0.709956 173.943
146.4 16.7336 14.5338 0.708112 173.935
146.5 16.6837 14.5414 0.706266 173.928
146.6 16.6339 14.5491 0.704418 173.92
146.7 16.5841 14.5567 0.702568 173.912
146.8 16.5343 14.5643 0.700715 173.905
146.9 16.4844 14.5718 0.69886 173.897
147 16.4346 14.5794 0.697003 173.89
147.1 16.3848 14.5869 0.695143 173.882
147.2 16.335 14.5944 0.693282 173.875
147.3 16.2851 14.6019 0.691418 173.867
147.4 16.2353 14.6094 0.689552 173.86
147.5 16.1855 14.6168 0.687683 173.852
147.6 16.1357 14.6243 0.685813 173.845
147.7 16.0858 14.6317 0.68394 173.838
147.8 16.036 14.639 0.682065 173.83
147.9 15.9862 14.6464 0.680188 173.823
148 15.9364 14.6538 0.678309 173.815
148.1 15.8865 14.6611 0.676427 173.808
148.2 15.8367 14.6684 0.674543 173.801
148.3 15.7869 14.6757 0.672658 173.794
148.4 15.7371 14.6829 0.670769 173.786
148.5 15.6872 14.6902 0.668879 173.779
148.6 15.6374 14.6974 0.666987 173.772
148.7 15.5876 14.7046 0.665092 173.765
148.8 15.5378 14.7118 0.663196 173.757
148.9 15.4879 14.7189 0.661297 173.75
149 15.4381 14.7261 0.659396 173.743
149.1 15.3883 14.7332 0.657493 173.736
149.2 15.3385 14.7403 0.655588 173.729
149.3 15.2886 14.7474 0.65368 173.722
149.4 15.2388 14.7544 0.651771 173.715
149.5 15.189 14.7614 0.64986 173.708
149.6 15.1392 14.7685 0.647946 173.701
149.7 15.0894 14.7755 0.64603 173.694
149.8 15.0395 14.7824 0.644113 173.687
149.9 14.9897 14.7894 0.642193 173.68
150 14.9399 14.7963 0.640271 173.673
150.1 14.8901 14.8032 0.638347 173.666
150.2 14.8403 14.8101 0.636421 173.659
150.3 14.7904 14.817 0.634493 173.652
150.4 14.7406 14.8238 0.632562 173.645
150.5 14.6908 14.8306 0.63063 173.639
150.6 14.641 14.8375 0.628696 173.632
150.7 14.5912 14.8442 0.62676 173.625
150.8 14.5413 14.851 0.624822 173.618
150.9 14.4915 14.8577 0.622881 173.611
151 14.4417 14.8645 0.620939 173.605
151.1 14.3919 14.8712 0.618995 173.598
151.2 14.3421 14.8778 0.617048 173.591
151.3 14.2922 14.8845 0.6151 173.585
151.4 14.2424 14.8911 0.61315 173.578
151.5 14.1926 14.8977 0.611198 173.571
151.6 14.1428 14.9043 0.609243 173.565
151.7 14.093 14.9109 0.607287 173.558
151.8 14.0431 14.9175 0.605329 173.552
151.9 13.9933 14.924 0.603369 173.545
152 13.9435 14.9305 0.601407 173.539
152.1 13.8937 14.937 0.599443 173.532
152.2 13.8439 14.9434 0.597477 173.526
152.3 13.7941 14.9499 0.595509 173.519
152.4 13.7442 14.9563 0.593539 173.513
152.5 13.6944 14.9627 0.591568 173.506
152.6 13.6446 14.9691 0.589594 173.5
152.7 13.5948 14.9755 0.587618 173.494
152.8 13.545 14.9818 0.585641 173.487
152.9 13.4952 14.9881 0.583662 173.481
153 13.4453 14.9944 0.581681 173.475
153.1 13.3955 15.0007 0.579697 173.468
153.2 13.3457 15.0069 0.577713 173.462
153.3 13.2959 15.0132 0.575726 173.456
153.4 13.2461 15.0194 0.573737 173.45
153.5 13.1963 15.0255 0.571746 173.444
153.6 13.1464 15.0317 0.569754 173.437
153.7 13.0966 15.0379 0.56776 173.431
153.8 13.0468 15.044 0.565764 173.425
153.9 12.997 15.0501 0.563766 173.419
154 12.9472 15.0562 0.561766 173.413
154.1 12.8974 15.0622 0.559765 173.407
154.2 12.8476 15.0682 0.557761 173.401
154.3 12.7977 15.0743 0.555756 173.395
154.4 12.7479 15.0803 0.553749 173.389
154.5 12.6981 15.0862 0.551741 173.383
154.6 12.6483 15.0922 0.54973 173.377
154.7 12.5985 15.0981 0.547718 173.371
154.8 12.5487 15.104 0.545704 173.365
154.9 12.4989 15.1099 0.543688 173.359
155 12.4491 15.1157 0.54167 173.353
155.1 12.3992 15.1216 0.539651 173.348
155.2 12.3494 15.1274 0.53763 173.342
155.3 12.2996 15.1332 0.535607 173.336
155.4 12.2498 15.139 0.533583 173.33
155.5 12.2 15.1447 0.531556 173.324
155.6 12.1502 15.1504 0.529528 173.319
155.7 12.1004 15.1561 0.527499 173.313
155.8 12.0506 15.1618 0.525467 173.307
155.9 12.0007 15.1675 0.523434 173.302
156 11.9509 15.1731 0.521399 173.296
156.1 11.9011 15.1787 0.519363 173.29
156.2 11.8513 15.1843 0.517325 173.285
156.3 11.8015 15.1899 0.515285 173.279
156.4 11.7517 15.1955 0.513243 173.274
156.5 11.7019 15.201 0.5112 173.268
156.6 11.6521 15.2065 0.509155 173.263
156.7 11.6023 15.212 0.507109 173.257
156.8 11.5524 15.2175 0.505061 173.252
156.9 11.5026 15.2229 0.503011 173.246
157 11.4528 15.2283 0.50096 173.241
157.1 11.403 15.2337 0.498907 173.235
157.2 11.3532 15.2391 0.496852 173.23
157.3 11.3034 15.2444 0.494796 173.225
157.4 11.2536 15.2498 0.492738 173.219
157.5 11.2038 15.2551 0.490678 173.214
157.6 11.154 15.2604 0.488617 173.209
157.7 11.1042 15.2656 0.486555 173.204
157.8 11.0544 15.2709 0.484491 173.198
157.9 11.0045 15.2761 0.482425 173.193
158 10.9547 15.2813 0.480358 173.188
158.1 10.9049 15.2865 0.478289 173.183
158.2 10.8551 15.2916 0.476218 173.178
158.3 10.8053 15.2967 0.474146 173.172
158.4 10.7555 15.3018 0.472073 173.167
158.5 10.7057 15.3069 0.469998 173.162
158.6 10.6559 15.312 0.467921 173.157
158.7 10.6061 15.317 0.465843 173.152
158.8 10.5563 15.322 0.463764 173.147
158.9 10.5065 15.327 0.461683 173.142
159.001 10.4567 15.332 0.4596 173.137
159.101 10.4069 15.3369 0.457516 173.132
159.201 10.357 15.3419 0.45543 173.127
159.301 10.3072 15.3468 0.453343 173.122
159.401 10.2574 15.3517 0.451255 173.118
159.501 10.2076 15.3565 0.449165 173.113
159.601 10.1578 15.3614 0.447074 173.108
159.701 10.108 15.3662 0.444981 173.103
159.801 10.0582 15.371 0.442886 173.098
159.901 10.0084 15.3757 0.440791 173.093
160.001 9.95859 15.3805 0.438694 173.089
160.101 9.90879 15.3852 0.436595 173.084
160.201 9.85898 15.3899 0.434495 173.079
160.301 9.80918 15.3946 0.432394 173.075
160.401 9.75937 15.3992 0.430291 173.07
160.501 9.70957 15.4039 0.428187 173.065
160.601 9.65976 15.4085 0.426081 173.061
160.701 9.60996 15.413 0.423974 173.056
160.801 9.56015 15.4176 0.421866 173.052
160.901 9.51035 15.4221 0.419756 173.047
161.001 9.46054 15.4267 0.417645 173.043
161.101 9.41074 15.4312 0.415532 173.038
161.201 9.36093 15.4356 0.413419 173.034
161.301 9.31113 15.4401 0.411304 173.029
161.401 9.26133 15.4445 0.409187 173.025
161.501 9.21152 15.4489 0.407069 173.02
161.601 9.16172 15.4533 0.40495 173.016
161.701 9.11191 15.4576 0.40283 173.012
161.801 9.06211 15.462 0.400708 173.007
161.901 9.01231 15.4663 0.398585 173.003
162.001 8.9625 15.4706 0.396461 172.999
162.101 8.9127 15.4748 0.394335 172.994
162.201 8.8629 15.4791 0.392208 172.99
162.301 8.81309 15.4833 0.39008 172.986
162.401 8.76329 15.4875 0.387951 172.982
162.501 8.71349 15.4917 0.38582 172.977
162.601 8.66368 15.4958 0.383688 172.973
162.701 8.61388 15.5 0.381555 172.969
162.801 8.56408 15.5041 0.379421 172.965
162.901 8.51428 15.5081 0.377285 172.961
163.001 8.46447 15.5122 0.375148 172.957
163.101 8.41467 15.5162 0.37301 172.953
163.201 8.36487 15.5202 0.370871 172.949
163.301 8.31507 15.5242 0.36873 172.945
163.401 8.26527 15.5282 0.366588 172.941
163.501 8.21546 15.5321 0.364446 172.937
163.601 8.16566 15.5361 0.362302 172.933
163.701 8.11586 15.54 0.360156 172.929
163.801 8.06606 15.5438 0.35801 172.925
163.901 8.01626 15.5477 0.355862 172.921
164.001 7.96646 15.5515 0.353714 172.918
164.101 7.91666 15.5553 0.351564 172.914
164.201 7.86685 15.5591 0.349413 172.91
164.301 7.81705 15.5628 0.34726 172.906
164.401 7.76725 15.5666 0.345107 172.903
164.501 7.71745 15.5703 0.342953 172.899
164.601 7.66765 15.574 0.340797 172.895
164.701 7.61785 15.5776 0.338641 172.892
164.801 7.56805 15.5813 0.336483 172.888
164.901 7.51825 15.5849 0.334324 172.884
165.001 7.46845 15.5885 0.332164 172.881
165.101 7.41865 15.5921 0.330003 172.877
165.201 7.36885 15.5956 0.327841 172.874
165.301 7.31905 15.5991 0.325678 172.87
165.401 7.26925 15.6026 0.323514 172.867
165.501 7.21945 15.6061 0.321349 172.863
165.601 7.16965 15.6096 0.319182 172.86
165.701 7.11985 15.613 0.317015 172.856
165.801 7.07005 15.6164 0.314847 172.853
165.901 7.02025 15.6198 0.312677 172.849
166.001 6.97045 15.6231 0.310507 172.846
166.101 6.92065 15.6265 0.308336 172.843
166.201 6.87085 15.6298 0.306163 172.839
166.301 6.82105 15.6331 0.30399 172.836
166.401 6.77125 15.6363 0.301815 172.833
166.501 6.72145 15.6396 0.29964 172.83
166.601 6.67166 15.6428 0.297464 172.826
166.701 6.62186 15.646 0.295287 172.823
166.801 6.57206 15.6492 0.293108 172.82
166.901 6.52226 15.6523 0.290929 172.817
167.001 6.47246 15.6554 0.288749 172.814
167.101 6.42266 15.6585 0.286568 172.811
167.201 6.37286 15.6616 0.284386 172.808
167.301 6.32306 15.6647 0.282203 172.804
167.401 6.27327 15.6677 0.280019 172.801
167.501 6.22347 15.6707 0.277834 172.798
167.601 6.17367 15.6737 0.275649 172.795
167.701 6.12387 15.6767 0.273462 172.793
167.801 6.07407 15.6796 0.271275 172.79
167.901 6.02428 15.6825 0.269086 172.787
168.001 5.97448 15.6854 0.266897 172.784
168.101 5.92468 15.6883 0.264707 172.781
168.201 5.87488 15.6911 0.262516 172.778
168.301 5.82509 15.6939 0.260324 172.775
168.401 5.77529 15.6967 0.258132 172.772
168.501 5.72549 15.6995 0.255938 172.77
168.601 5.67569 15.7022 0.253744 172.767
168.701 5.6259 15.705 0.251549 172.764
168.801 5.5761 15.7077 0.249353 172.762
168.901 5.5263 15.7103 0.247156 172.759
169.001 5.4765 15.713 0.244958 172.756
169.101 5.42671 15.7156 0.24276 172.754
169.201 5.37691 15.7182 0.240561 172.751
169.301 5.32711 15.7208 0.238361 172.748
169.401 5.27732 15.7234 0.23616 172.746
169.501 5.22752 15.7259 0.233959 172.743
169.601 5.17772 15.7284 0.231756 172.741
169.701 5.12793 15.7309 0.229553 172.738
169.801 5.07813 15.7333 0.22735 172.736
169.901 5.02833 15.7358 0.225145 172.733
170.001 4.97854 15.7382 0.22294 172.731
170.101 4.92874 15.7406 0.220734 172.729
170.201 4.87895 15.743 0.218527 172.726
170.301 4.82915 15.7453 0.21632 172.724
170.401 4.77935 15.7476 0.214112 172.722
170.501 4.72956 15.7499 0.211903 172.719
170.601 4.67976 15.7522 0.209694 172.717
170.701 4.62996 15.7544 0.207484 172.715
170.801 4.58017 15.7567 0.205273 172.713
170.901 4.53037 15.7589 0.203061 172.71
171.001 4.48058 15.761 0.200849 172.708
171.101 4.43078 15.7632 0.198636 172.706
171.201 4.38099 15.7653 0.196423 172.704
171.301 4.33119 15.7674 0.194209 172.702
171.401 4.28139 15.7695 0.191994 172.7
171.501 4.2316 15.7716 0.189779 172.698
171.601 4.1818 15.7736 0.187563 172.696
171.701 4.13201 15.7756 0.185346 172.694
171.801 4.08221 15.7776 0.183129 172.692
171.901 4.03242 15.7796 0.180911 172.69
172.001 3.98262 15.7815 0.178693 172.688
172.101 3.93283 15.7834 0.176474 172.686
172.201 3.88303 15.7853 0.174255 172.684
172.301 3.83324 15.7872 0.172035 172.682
172.401 3.78344 15.789 0.169814 172.68
172.501 3.73365 15.7908 0.167593 172.678
172.601 3.68385 15.7926 0.165371 172.677
172.701 3.63406 15.7944 0.163149 172.675
172.801 3.58426 15.7961 0.160926 172.673
172.901 3.53447 15.7979 0.158703 172.671
173.001 3.48467 15.7996 0.156479 172.67
173.101 3.43488 15.8012 0.154255 172.668
173.201 3.38508 15.8029 0.15203 172.666
173.301 3.33529 15.8045 0.149804 172.665
173.401 3.28549 15.8061 0.147579 172.663
173.501 3.2357 15.8077 0.145352 172.661
173.601 3.1859 15.8092 0.143125 172.66
173.701 3.13611 15.8108 0.140898 172.658
173.801 3.08632 15.8123 0.13867 172.657
173.901 3.03652 15.8138 0.136442 172.655
174.001 2.98673 15.8152 0.134214 172.654
174.101 2.93693 15.8167 0.131985 172.653
174.201 2.88714 15.8181 0.129755 172.651
174.301 2.83734 15.8195 0.127525 172.65
174.401 2.78755 15.8208 0.125295 172.648
174.501 2.73776 15.8222 0.123064 172.647
174.601 2.68796 15.8235 0.120833 172.646
174.701 2.63817 15.8248 0.118602 172.644
174.801 2.58837 15.826 0.11637 172.643
174.901 2.53858 15.8273 0.114138 172.642
175.001 2.48878 15.8285 0.111905 172.641
175.101 2.43899 15.8297 0.109672 172.639
175.201 2.3892 15.8308 0.107439 172.638
175.301 2.3394 15.832 0.105205 172.637
175.402 2.28961 15.8331 0.102971 172.636
175.502 2.23982 15.8342 0.100736 172.635
175.602 2.19002 15.8353 0.0985016 172.634
175.702 2.14023 15.8363 0.0962666 172.633
175.802 2.09043 15.8374 0.0940313 172.632
175.902 2.04064 15.8384 0.0917956 172.631
176.002 1.99085 15.8393 0.0895596 172.63
176.102 1.94105 15.8403 0.0873234 172.629
176.202 1.89126 15.8412 0.0850869 172.628
176.302 1.84147 15.8421 0.08285 172.627
176.402 1.79167 15.843 0.080613 172.626
176.502 1.74188 15.8439 0.0783756 172.625
176.602 1.69208 15.8447 0.076138 172.624
176.702 1.64229 15.8455 0.0739002 172.624
176.802 1.5925 15.8463 0.0716621 172.623
176.902 1.5427 15.847 0.0694238 172.622
177.002 1.49291 15.8478 0.0671852 172.621
177.102 1.44312 15.8485 0.0649465 172.621
177.202 1.39332 15.8492 0.0627075 172.62
177.302 1.34353 15.8498 0.0604683 172.619
177.402 1.29374 15.8505 0.0582289 172.619
177.502 1.24394 15.8511 0.0559894 172.618
177.602 1.19415 15.8517 0.0537496 172.617
177.702 1.14436 15.8523 0.0515097 172.617
177.802 1.09456 15.8528 0.0492696 172.616
177.902 1.04477 15.8533 0.0470294 172.616
178.002 0.994976 15.8538 0.044789 172.615
178.102 0.945183 15.8543 0.0425484 172.615
178.202 0.89539 15.8547 0.0403077 172.614
178.302 0.845596 15.8552 0.0380669 172.614
178.402 0.795803 15.8556 0.035826 172.614
178.502 0.74601 15.8559 0.0335849 172.613
178.602 0.696216 15.8563 0.0313437 172.613
178.702 0.646423 15.8566 0.0291025 172.613
178.802 0.59663 15.8569 0.0268611 172.612
178.902 0.546837 15.8572 0.0246197 172.612
179.002 0.497043 15.8574 0.0223781 172.612
179.102 0.44725 15.8577 0.0201365 172.612
179.202 0.397457 15.8579 0.0178948 172.611
179.302 0.347664 15.858 0.0156531 172.611
179.402 0.29787 15.8582 0.0134113 172.611
179.502 0.248077 15.8583 0.0111695 172.611
179.602 0.198284 15.8584 0.00892764 172.611
179.702 0.148491 15.8585 0.00668575 172.611
179.802 0.0986976 15.8586 0.00444384 172.611
179.902 0.0489044 15.8586 0.00220192 172.611
