0 179.996 0 0 121.356
0.1 89.9499 7.77087e-06 0.00214528 121.356
0.2 89.8997 3.10834e-05 0.00429055 121.356
0.3 89.8496 6.99377e-05 0.00643581 121.356
0.4 89.7995 0.000124333 0.00858106 121.356
0.5 89.7493 0.00019427 0.0107263 121.356
0.6 89.6992 0.000279749 0.0128715 121.355
0.7 89.6491 0.000380768 0.0150166 121.355
0.8 89.5989 0.000497328 0.0171617 121.355
0.9 89.5488 0.000629428 0.0193068 121.355
1 89.4986 0.000777067 0.0214518 121.355
1.1 89.4485 0.000940246 0.0235967 121.355
1.2 89.3984 0.00111896 0.0257416 121.355
1.3 89.3482 0.00131322 0.0278864 121.354
1.4 89.2981 0.00152301 0.0300311 121.354
1.5 89.248 0.00174835 0.0321758 121.354
1.6 89.1978 0.00198921 0.0343203 121.354
1.7 89.1477 0.00224562 0.0364648 121.354
1.8 89.0976 0.00251756 0.0386091 121.353
1.9 89.0474 0.00280503 0.0407533 121.353
2 88.9973 0.00310803 0.0428975 121.353
2.1 88.9472 0.00342657 0.0450414 121.352
2.2 88.897 0.00376064 0.0471853 121.352
2.3 88.8469 0.00411024 0.049329 121.352
2.4 88.7967 0.00447537 0.0514726 121.351
2.5 88.7466 0.00485602 0.0536161 121.351
2.6 88.6965 0.0052522 0.0557594 121.351
2.7 88.6463 0.00566391 0.0579025 121.35
2.8 88.5962 0.00609115 0.0600455 121.35
2.9 88.5461 0.0065339 0.0621882 121.349
3 88.4959 0.00699218 0.0643309 121.349
3.1 88.4458 0.00746598 0.0664733 121.348
3.2 88.3957 0.0079553 0.0686155 121.348
3.3 88.3455 0.00846013 0.0707576 121.347
3.4 88.2954 0.00898048 0.0728994 121.347
3.5 88.2453 0.00951635 0.0750411 121.346
3.6 88.1951 0.0100677 0.0771825 121.346
3.7 88.145 0.0106346 0.0793237 121.345
3.8 88.0948 0.011217 0.0814647 121.345
3.9 88.0447 0.0118149 0.0836054 121.344
4 87.9946 0.0124283 0.0857459 121.343
4.1 87.9444 0.0130572 0.0878862 121.343
4.2 87.8943 0.0137017 0.0900262 121.342
4.3 87.8442 0.0143616 0.0921659 121.341
4.4 87.794 0.015037 0.0943054 121.341
4.5 87.7439 0.0157279 0.0964447 121.34
4.6 87.6938 0.0164343 0.0985836 121.339
4.7 87.6436 0.0171562 0.100722 121.339
4.8 87.5935 0.0178936 0.102861 121.338
4.9 87.5434 0.0186465 0.104999 121.337
5 87.4932 0.0194148 0.107137 121.336
5.1 87.4431 0.0201987 0.109274 121.336
5.2 87.393 0.020998 0.111411 121.335
5.3 87.3428 0.0218128 0.113548 121.334
5.4 87.2927 0.0226431 0.115685 121.333
5.5 87.2426 0.0234888 0.117821 121.332
5.6 87.1924 0.02435 0.119957 121.331
5.7 87.1423 0.0252267 0.122092 121.331
5.8 87.0921 0.0261189 0.124227 121.33
5.9 87.042 0.0270265 0.126362 121.329
6 86.9919 0.0279495 0.128497 121.328
6.1 86.9417 0.0288881 0.130631 121.327
6.2 86.8916 0.029842 0.132764 121.326
6.3 86.8415 0.0308115 0.134898 121.325
6.4 86.7913 0.0317964 0.137031 121.324
6.5 86.7412 0.0327967 0.139163 121.323
6.6 86.6911 0.0338124 0.141295 121.322
6.7 86.6409 0.0348437 0.143427 121.321
6.8 86.5908 0.0358903 0.145558 121.32
6.9 86.5407 0.0369524 0.147689 121.319
7 86.4905 0.0380299 0.14982 121.318
7.1 86.4404 0.0391228 0.15195 121.317
7.2 86.3903 0.0402311 0.15408 121.316
7.3 86.3401 0.0413549 0.156209 121.314
7.4 86.29 0.0424941 0.158338 121.313
7.5 86.2399 0.0436487 0.160466 121.312
7.6 86.1897 0.0448187 0.162594 121.311
7.7 86.1396 0.0460041 0.164721 121.31
7.79999 86.0895 0.0472049 0.166848 121.309
7.89999 86.0393 0.0484211 0.168975 121.307
7.99999 85.9892 0.0496527 0.171101 121.306
8.09999 85.939 0.0508997 0.173226 121.305
8.2 85.8889 0.0521621 0.175351 121.304
8.3 85.8388 0.0534399 0.177475 121.302
8.4 85.7886 0.0547331 0.179599 121.301
8.5 85.7385 0.0560416 0.181723 121.3
8.6 85.6884 0.0573655 0.183846 121.298
8.7 85.6382 0.0587047 0.185968 121.297
8.8 85.5881 0.0600594 0.18809 121.296
8.9 85.538 0.0614293 0.190212 121.294
9 85.4878 0.0628147 0.192332 121.293
9.1 85.4377 0.0642154 0.194453 121.292
9.2 85.3876 0.0656314 0.196572 121.29
9.3 85.3374 0.0670628 0.198692 121.289
9.4 85.2873 0.0685095 0.20081 121.287
9.5 85.2372 0.0699716 0.202928 121.286
9.6 85.187 0.0714489 0.205046 121.284
9.7 85.1369 0.0729416 0.207162 121.283
9.8 85.0868 0.0744497 0.209279 121.281
9.9 85.0366 0.075973 0.211394 121.28
10 84.9865 0.0775116 0.213509 121.278
10.1 84.9364 0.0790656 0.215624 121.277
10.2 84.8862 0.0806349 0.217738 121.275
10.3 84.8361 0.0822194 0.219851 121.274
10.4 84.786 0.0838192 0.221963 121.272
10.5 84.7358 0.0854344 0.224075 121.27
10.6 84.6857 0.0870648 0.226187 121.269
10.7 84.6356 0.0887105 0.228297 121.267
10.8 84.5854 0.0903714 0.230407 121.265
10.9 84.5353 0.0920477 0.232517 121.264
11 84.4852 0.0937391 0.234625 121.262
11.1 84.435 0.0954459 0.236733 121.26
11.2 84.3849 0.0971679 0.238841 121.259
11.3 84.3348 0.0989051 0.240947 121.257
11.4 84.2846 0.100658 0.243053 121.255
11.5 84.2345 0.102425 0.245159 121.253
11.6 84.1844 0.104208 0.247263 121.252
11.7 84.1342 0.106006 0.249367 121.25
11.8 84.0841 0.10782 0.25147 121.248
11.9 84.034 0.109648 0.253573 121.246
12 83.9838 0.111492 0.255674 121.244
12.1 83.9337 0.113351 0.257775 121.242
12.2 83.8836 0.115225 0.259876 121.241
12.3 83.8334 0.117115 0.261975 121.239
12.4 83.7833 0.119019 0.264074 121.237
12.5 83.7332 0.120939 0.266172 121.235
12.6 83.683 0.122874 0.268269 121.233
12.7 83.6329 0.124824 0.270366 121.231
12.8 83.5828 0.12679 0.272461 121.229
12.9 83.5326 0.12877 0.274556 121.227
13 83.4825 0.130766 0.27665 121.225
13.1 83.4324 0.132776 0.278744 121.223
13.2 83.3822 0.134802 0.280836 121.221
13.3 83.3321 0.136843 0.282928 121.219
13.4 83.282 0.138899 0.285019 121.217
13.5 83.2318 0.14097 0.287109 121.215
13.6 83.1817 0.143057 0.289198 121.213
13.7 83.1316 0.145158 0.291287 121.211
13.8 83.0814 0.147275 0.293375 121.208
13.9 83.0313 0.149406 0.295461 121.206
14 82.9812 0.151553 0.297547 121.204
14.1 82.9311 0.153715 0.299632 121.202
14.2 82.8809 0.155892 0.301717 121.2
14.3 82.8308 0.158084 0.3038 121.198
14.4 82.7807 0.160291 0.305883 121.195
14.5 82.7305 0.162513 0.307964 121.193
14.6 82.6804 0.16475 0.310045 121.191
14.7 82.6303 0.167002 0.312125 121.189
14.8 82.5801 0.169269 0.314204 121.186
14.9 82.53 0.171551 0.316282 121.184
15 82.4799 0.173849 0.318359 121.182
15.1 82.4297 0.176161 0.320436 121.18
15.2 82.3796 0.178488 0.322511 121.177
15.3 82.3295 0.18083 0.324585 121.175
15.4 82.2793 0.183188 0.326659 121.173
15.5 82.2292 0.18556 0.328731 121.17
15.6 82.1791 0.187947 0.330803 121.168
15.7 82.129 0.190349 0.332874 121.165
15.8 82.0788 0.192766 0.334944 121.163
15.9 82.0287 0.195198 0.337012 121.161
16 81.9786 0.197645 0.33908 121.158
16.1 81.9284 0.200107 0.341147 121.156
16.2 81.8783 0.202584 0.343213 121.153
16.3 81.8282 0.205076 0.345278 121.151
16.4 81.778 0.207583 0.347342 121.148
16.5 81.7279 0.210104 0.349405 121.146
16.6 81.6778 0.212641 0.351467 121.143
16.7 81.6276 0.215192 0.353527 121.141
16.8 81.5775 0.217759 0.355587 121.138
16.9 81.5274 0.22034 0.357646 121.135
17 81.4773 0.222936 0.359704 121.133
17.1 81.4271 0.225547 0.361761 121.13
17.2 81.377 0.228173 0.363817 121.128
17.3 81.3269 0.230813 0.365872 121.125
17.4 81.2767 0.233469 0.367925 121.122
17.5 81.2266 0.236139 0.369978 121.12
17.6 81.1765 0.238824 0.37203 121.117
17.7 81.1263 0.241524 0.37408 121.114
17.8 81.0762 0.244239 0.37613 121.112
17.9 81.0261 0.246969 0.378178 121.109
18 80.976 0.249713 0.380225 121.106
18.1 80.9258 0.252472 0.382271 121.103
18.2 80.8757 0.255246 0.384317 121.101
18.3 80.8256 0.258035 0.386361 121.098
18.4 80.7754 0.260838 0.388404 121.095
18.5 80.7253 0.263656 0.390445 121.092
18.6 80.6752 0.266489 0.392486 121.089
18.7 80.6251 0.269337 0.394526 121.086
18.8 80.5749 0.272199 0.396564 121.084
18.9 80.5248 0.275076 0.398601 121.081
19 80.4747 0.277968 0.400637 121.078
19.1 80.4245 0.280875 0.402673 121.075
19.2 80.3744 0.283796 0.404706 121.072
19.3 80.3243 0.286732 0.406739 121.069
19.4 80.2742 0.289682 0.408771 121.066
19.5 80.224 0.292647 0.410801 121.063
19.6 80.1739 0.295627 0.41283 121.06
19.7 80.1238 0.298621 0.414858 121.057
19.8 80.0736 0.301631 0.416885 121.054
19.9 80.0235 0.304654 0.418911 121.051
20 79.9734 0.307693 0.420935 121.048
20.1 79.9233 0.310745 0.422958 121.045
20.2 79.8731 0.313813 0.42498 121.042
20.3 79.823 0.316895 0.427001 121.039
20.4 79.7729 0.319992 0.429021 121.036
20.5 79.7228 0.323103 0.431039 121.033
20.6 79.6726 0.326229 0.433056 121.03
20.7 79.6225 0.329369 0.435072 121.026
20.8 79.5724 0.332524 0.437087 121.023
20.9 79.5222 0.335694 0.4391 121.02
21 79.4721 0.338877 0.441112 121.017
21.1 79.422 0.342076 0.443123 121.014
21.2 79.3719 0.345289 0.445133 121.01
21.3 79.3217 0.348516 0.447141 121.007
21.4 79.2716 0.351758 0.449148 121.004
21.5 79.2215 0.355015 0.451154 121.001
21.6 79.1714 0.358285 0.453158 120.997
21.7 79.1212 0.361571 0.455161 120.994
21.8 79.0711 0.364871 0.457163 120.991
21.9 79.021 0.368185 0.459164 120.988
22 78.9709 0.371513 0.461163 120.984
22.1 78.9207 0.374856 0.463161 120.981
22.2 78.8706 0.378214 0.465157 120.978
22.3 78.8205 0.381585 0.467153 120.974
22.4 78.7704 0.384972 0.469147 120.971
22.5 78.7202 0.388372 0.471139 120.967
22.6 78.6701 0.391787 0.47313 120.964
22.7001 78.62 0.395216 0.47512 120.961
22.8001 78.5699 0.39866 0.477109 120.957
22.9001 78.5197 0.402118 0.479096 120.954
23.0001 78.4696 0.40559 0.481082 120.95
23.1001 78.4195 0.409077 0.483066 120.947
23.2001 78.3694 0.412577 0.485049 120.943
23.3001 78.3192 0.416093 0.48703 120.94
23.4001 78.2691 0.419622 0.489011 120.936
23.5001 78.219 0.423166 0.490989 120.933
23.6001 78.1689 0.426724 0.492967 120.929
23.7001 78.1187 0.430296 0.494943 120.925
23.8001 78.0686 0.433882 0.496917 120.922
23.9001 78.0185 0.437483 0.498891 120.918
24.0001 77.9684 0.441097 0.500862 120.915
24.1001 77.9182 0.444727 0.502832 120.911
24.2001 77.8681 0.44837 0.504801 120.907
24.3001 77.818 0.452027 0.506769 120.904
24.4001 77.7679 0.455699 0.508735 120.9
24.5001 77.7177 0.459384 0.510699 120.896
24.6001 77.6676 0.463084 0.512662 120.893
24.7001 77.6175 0.466798 0.514624 120.889
24.8001 77.5674 0.470526 0.516584 120.885
24.9001 77.5172 0.474268 0.518542 120.881
25.0001 77.4671 0.478025 0.520499 120.878
25.1001 77.417 0.481795 0.522455 120.874
25.2001 77.3669 0.48558 0.524409 120.87
25.3001 77.3168 0.489378 0.526362 120.866
25.4001 77.2666 0.493191 0.528313 120.863
25.5001 77.2165 0.497017 0.530262 120.859
25.6001 77.1664 0.500858 0.53221 120.855
25.7001 77.1163 0.504712 0.534157 120.851
25.8001 77.0661 0.508581 0.536102 120.847
25.9001 77.016 0.512464 0.538045 120.843
26.0001 76.9659 0.51636 0.539987 120.839
26.1001 76.9158 0.520271 0.541927 120.835
26.2001 76.8656 0.524196 0.543866 120.832
26.3001 76.8155 0.528134 0.545803 120.828
26.4001 76.7654 0.532086 0.547739 120.824
26.5001 76.7153 0.536053 0.549673 120.82
26.6001 76.6652 0.540033 0.551606 120.816
26.7001 76.615 0.544027 0.553536 120.812
26.8001 76.5649 0.548035 0.555466 120.808
26.9001 76.5148 0.552057 0.557394 120.804
27.0001 76.4647 0.556093 0.55932 120.8
27.1001 76.4146 0.560143 0.561244 120.796
27.2001 76.3644 0.564206 0.563167 120.792
27.3001 76.3143 0.568283 0.565088 120.787
27.4001 76.2642 0.572374 0.567008 120.783
27.5001 76.2141 0.576479 0.568926 120.779
27.6001 76.164 0.580598 0.570843 120.775
27.7001 76.1138 0.58473 0.572757 120.771
27.8001 76.0637 0.588877 0.57467 120.767
27.9001 76.0136 0.593037 0.576582 120.763
28.0001 75.9635 0.59721 0.578492 120.759
28.1001 75.9134 0.601398 0.5804 120.754
28.2001 75.8632 0.605599 0.582306 120.75
28.3001 75.8131 0.609814 0.584211 120.746
28.4001 75.763 0.614042 0.586114 120.742
28.5001 75.7129 0.618284 0.588016 120.737
28.6001 75.6628 0.62254 0.589915 120.733
28.7001 75.6126 0.62681 0.591814 120.729
28.8001 75.5625 0.631093 0.59371 120.725
28.9001 75.5124 0.63539 0.595605 120.72
29.0001 75.4623 0.6397 0.597498 120.716
29.1001 75.4122 0.644024 0.599389 120.712
29.2001 75.362 0.648361 0.601278 120.707
29.3001 75.3119 0.652712 0.603166 120.703
29.4001 75.2618 0.657077 0.605052 120.699
29.5001 75.2117 0.661455 0.606936 120.694
29.6001 75.1616 0.665847 0.608819 120.69
29.7001 75.1115 0.670252 0.6107 120.686
29.8001 75.0613 0.674671 0.612579 120.681
29.9001 75.0112 0.679103 0.614456 120.677
30.0001 74.9611 0.683549 0.616332 120.672
30.1001 74.911 0.688008 0.618205 120.668
30.2001 74.8609 0.69248 0.620077 120.663
30.3001 74.8107 0.696966 0.621947 120.659
30.4001 74.7606 0.701466 0.623816 120.654
30.5001 74.7105 0.705979 0.625682 120.65
30.6001 74.6604 0.710505 0.627547 120.645
30.7001 74.6103 0.715045 0.62941 120.641
30.8001 74.5602 0.719598 0.631271 120.636
30.9001 74.51 0.724164 0.633131 120.632
31.0001 74.4599 0.728743 0.634988 120.627
31.1001 74.4098 0.733336 0.636844 120.622
31.2001 74.3597 0.737943 0.638698 120.618
31.3001 74.3096 0.742562 0.64055 120.613
31.4001 74.2595 0.747195 0.6424 120.609
31.5001 74.2093 0.751841 0.644248 120.604
31.6001 74.1592 0.756501 0.646095 120.599
31.7001 74.1091 0.761173 0.64794 120.595
31.8001 74.059 0.765859 0.649782 120.59
31.9001 74.0089 0.770558 0.651623 120.585
32.0001 73.9588 0.77527 0.653462 120.58
32.1001 73.9087 0.779996 0.655299 120.576
32.2001 73.8585 0.784734 0.657135 120.571
32.3001 73.8084 0.789486 0.658968 120.566
32.4001 73.7583 0.794251 0.660799 120.562
32.5001 73.7082 0.799028 0.662629 120.557
32.6001 73.6581 0.80382 0.664456 120.552
32.7001 73.608 0.808624 0.666282 120.547
32.8001 73.5579 0.813441 0.668106 120.542
32.9001 73.5077 0.818271 0.669928 120.537
33.0001 73.4576 0.823114 0.671748 120.533
33.1001 73.4075 0.827971 0.673566 120.528
33.2001 73.3574 0.83284 0.675382 120.523
33.3001 73.3073 0.837722 0.677196 120.518
33.4001 73.2572 0.842618 0.679008 120.513
33.5001 73.2071 0.847526 0.680818 120.508
33.6001 73.157 0.852447 0.682626 120.503
33.7001 73.1068 0.857382 0.684433 120.498
33.8001 73.0567 0.862329 0.686237 120.493
33.9001 73.0066 0.867289 0.688039 120.488
34.0001 72.9565 0.872262 0.689839 120.483
34.1001 72.9064 0.877248 0.691638 120.479
34.2001 72.8563 0.882246 0.693434 120.474
34.3 72.8062 0.887258 0.695229 120.468
34.4 72.7561 0.892282 0.697021 120.463
34.5 72.706 0.897319 0.698811 120.458
34.6 72.6558 0.90237 0.700599 120.453
34.7 72.6057 0.907432 0.702386 120.448
34.8 72.5556 0.912508 0.70417 120.443
34.9 72.5055 0.917596 0.705952 120.438
35 72.4554 0.922697 0.707732 120.433
35.1 72.4053 0.927811 0.709511 120.428
35.2 72.3552 0.932938 0.711287 120.423
35.3 72.3051 0.938077 0.713061 120.418
35.4 72.255 0.943229 0.714833 120.413
35.5 72.2049 0.948394 0.716603 120.407
35.6 72.1547 0.953571 0.718371 120.402
35.7 72.1046 0.958761 0.720136 120.397
35.8 72.0545 0.963963 0.7219 120.392
35.9 72.0044 0.969179 0.723662 120.387
36 71.9543 0.974406 0.725421 120.381
36.1 71.9042 0.979647 0.727179 120.376
36.2 71.8541 0.984899 0.728934 120.371
36.3 71.804 0.990165 0.730687 120.366
36.4 71.7539 0.995443 0.732438 120.36
36.5 71.7038 1.00073 0.734187 120.355
36.6 71.6537 1.00604 0.735934 120.35
36.7 71.6035 1.01135 0.737679 120.344
36.8 71.5534 1.01668 0.739422 120.339
36.9 71.5033 1.02202 0.741162 120.334
37 71.4532 1.02737 0.742901 120.328
37.1 71.4031 1.03274 0.744637 120.323
37.2 71.353 1.03811 0.746371 120.318
37.3 71.3029 1.0435 0.748103 120.312
37.4 71.2528 1.04891 0.749833 120.307
37.5 71.2027 1.05432 0.75156 120.301
37.6 71.1526 1.05975 0.753286 120.296
37.7 71.1025 1.06519 0.755009 120.291
37.8 71.0524 1.07064 0.75673 120.285
37.9 71.0023 1.0761 0.758449 120.28
38 70.9522 1.08158 0.760165 120.274
38.1 70.902 1.08707 0.76188 120.269
38.2 70.8519 1.09257 0.763592 120.263
38.3 70.8018 1.09808 0.765302 120.258
38.4 70.7517 1.10361 0.76701 120.252
38.5 70.7016 1.10914 0.768716 120.247
38.6 70.6515 1.11469 0.770419 120.241
38.7 70.6014 1.12025 0.77212 120.236
38.8 70.5513 1.12583 0.773819 120.23
38.9 70.5012 1.13141 0.775516 120.224
39 70.4511 1.13701 0.77721 120.219
39.1 70.401 1.14262 0.778903 120.213
39.2 70.3509 1.14824 0.780593 120.208
39.3 70.3008 1.15388 0.78228 120.202
39.4 70.2507 1.15952 0.783966 120.196
39.5 70.2006 1.16518 0.785649 120.191
39.6 70.1505 1.17085 0.78733 120.185
39.7 70.1004 1.17653 0.789008 120.179
39.8 70.0503 1.18223 0.790685 120.174
39.9 70.0002 1.18793 0.792359 120.168
40 69.9501 1.19365 0.794031 120.162
40.1 69.9 1.19938 0.7957 120.156
40.2 69.8499 1.20512 0.797367 120.151
40.3 69.7998 1.21088 0.799032 120.145
40.4 69.7497 1.21664 0.800694 120.139
40.5 69.6996 1.22242 0.802355 120.133
40.6 69.6494 1.22821 0.804013 120.128
40.7 69.5993 1.23401 0.805668 120.122
40.7999 69.5492 1.23982 0.807321 120.116
40.8999 69.4991 1.24565 0.808972 120.11
40.9999 69.449 1.25148 0.810621 120.104
41.0999 69.3989 1.25733 0.812267 120.098
41.1999 69.3488 1.26319 0.813911 120.093
41.2999 69.2987 1.26906 0.815552 120.087
41.3999 69.2486 1.27494 0.817191 120.081
41.4999 69.1985 1.28084 0.818828 120.075
41.5999 69.1484 1.28674 0.820463 120.069
41.6999 69.0983 1.29266 0.822095 120.063
41.7999 69.0482 1.29859 0.823724 120.057
41.8999 68.9981 1.30453 0.825351 120.051
41.9999 68.948 1.31048 0.826976 120.045
42.0999 68.8979 1.31645 0.828599 120.039
42.1999 68.8478 1.32242 0.830219 120.033
42.2999 68.7977 1.32841 0.831836 120.027
42.3999 68.7476 1.33441 0.833452 120.021
42.4999 68.6975 1.34042 0.835064 120.015
42.5999 68.6474 1.34644 0.836675 120.009
42.6999 68.5973 1.35247 0.838283 120.003
42.7999 68.5472 1.35852 0.839888 119.997
42.8999 68.4971 1.36457 0.841491 119.991
42.9999 68.447 1.37064 0.843092 119.985
43.0999 68.3969 1.37672 0.84469 119.979
43.1999 68.3468 1.38281 0.846286 119.973
43.2999 68.2967 1.38891 0.847879 119.967
43.3999 68.2466 1.39502 0.84947 119.961
43.4999 68.1966 1.40115 0.851058 119.955
43.5999 68.1465 1.40728 0.852644 119.948
43.6999 68.0964 1.41343 0.854228 119.942
43.7999 68.0463 1.41959 0.855809 119.936
43.8999 67.9962 1.42576 0.857387 119.93
43.9999 67.9461 1.43194 0.858963 119.924
44.0999 67.896 1.43813 0.860537 119.918
44.1999 67.8459 1.44433 0.862108 119.911
44.2999 67.7958 1.45054 0.863676 119.905
44.3999 67.7457 1.45677 0.865242 119.899
44.4999 67.6956 1.463 0.866806 119.893
44.5999 67.6455 1.46925 0.868366 119.887
44.6999 67.5954 1.47551 0.869925 119.88
44.7999 67.5453 1.48178 0.871481 119.874
44.8999 67.4952 1.48806 0.873034 119.868
44.9999 67.4451 1.49435 0.874585 119.861
45.0999 67.395 1.50065 0.876133 119.855
45.1999 67.3449 1.50696 0.877679 119.849
45.2999 67.2948 1.51329 0.879222 119.842
45.3999 67.2447 1.51962 0.880763 119.836
45.4999 67.1946 1.52597 0.882301 119.83
45.5999 67.1445 1.53233 0.883836 119.823
45.6999 67.0944 1.53869 0.885369 119.817
45.7999 67.0444 1.54507 0.8869 119.811
45.8999 66.9943 1.55146 0.888427 119.804
45.9999 66.9442 1.55786 0.889953 119.798
46.0999 66.8941 1.56427 0.891475 119.791
46.1999 66.844 1.57069 0.892995 119.785
46.2999 66.7939 1.57713 0.894513 119.779
46.3999 66.7438 1.58357 0.896027 119.772
46.4999 66.6937 1.59002 0.89754 119.766
46.5999 66.6436 1.59649 0.899049 119.759
46.6999 66.5935 1.60296 0.900556 119.753
46.7999 66.5434 1.60945 0.90206 119.746
46.8999 66.4933 1.61594 0.903562 119.74
46.9999 66.4432 1.62245 0.905061 119.733
47.0999 66.3931 1.62897 0.906558 119.727
47.1999 66.3431 1.6355 0.908052 119.72
47.2999 66.293 1.64204 0.909543 119.714
47.3998 66.2429 1.64859 0.911031 119.707
47.4998 66.1928 1.65515 0.912517 119.701
47.5998 66.1427 1.66172 0.914 119.694
47.6998 66.0926 1.6683 0.915481 119.687
47.7998 66.0425 1.67489 0.916959 119.681
47.8998 65.9924 1.68149 0.918434 119.674
47.9998 65.9423 1.6881 0.919907 119.668
48.0998 65.8922 1.69472 0.921377 119.661
48.1998 65.8422 1.70136 0.922844 119.654
48.2998 65.7921 1.708 0.924308 119.648
48.3998 65.742 1.71465 0.92577 119.641
48.4998 65.6919 1.72132 0.927229 119.634
48.5998 65.6418 1.72799 0.928686 119.628
48.6998 65.5917 1.73468 0.930139 119.621
48.7998 65.5416 1.74137 0.93159 119.614
48.8998 65.4915 1.74808 0.933039 119.608
48.9998 65.4414 1.75479 0.934484 119.601
49.0998 65.3914 1.76152 0.935927 119.594
49.1998 65.3413 1.76825 0.937367 119.588
49.2998 65.2912 1.775 0.938804 119.581
49.3998 65.2411 1.78176 0.940239 119.574
49.4998 65.191 1.78852 0.941671 119.567
49.5998 65.1409 1.7953 0.9431 119.56
49.6998 65.0908 1.80208 0.944527 119.554
49.7998 65.0407 1.80888 0.94595 119.547
49.8998 64.9907 1.81569 0.947371 119.54
49.9998 64.9406 1.8225 0.948789 119.533
50.0998 64.8905 1.82933 0.950205 119.526
50.1998 64.8404 1.83617 0.951617 119.52
50.2998 64.7903 1.84301 0.953027 119.513
50.3998 64.7402 1.84987 0.954434 119.506
50.4998 64.6901 1.85673 0.955838 119.499
50.5998 64.6401 1.86361 0.95724 119.492
50.6998 64.59 1.8705 0.958638 119.485
50.7998 64.5399 1.87739 0.960034 119.478
50.8998 64.4898 1.8843 0.961427 119.471
50.9998 64.4397 1.89121 0.962817 119.465
51.0998 64.3896 1.89814 0.964205 119.458
51.1998 64.3395 1.90507 0.965589 119.451
51.2998 64.2895 1.91202 0.966971 119.444
51.3998 64.2394 1.91897 0.96835 119.437
51.4998 64.1893 1.92593 0.969726 119.43
51.5998 64.1392 1.93291 0.9711 119.423
51.6998 64.0891 1.93989 0.97247 119.416
51.7998 64.039 1.94688 0.973838 119.409
51.8998 63.989 1.95389 0.975202 119.402
51.9998 63.9389 1.9609 0.976564 119.395
52.0998 63.8888 1.96792 0.977923 119.388
52.1998 63.8387 1.97495 0.97928 119.381
52.2998 63.7886 1.98199 0.980633 119.374
52.3998 63.7386 1.98904 0.981984 119.367
52.4998 63.6885 1.9961 0.983331 119.36
52.5998 63.6384 2.00317 0.984676 119.353
52.6998 63.5883 2.01025 0.986018 119.346
52.7998 63.5382 2.01734 0.987357 119.338
52.8998 63.4881 2.02444 0.988693 119.331
52.9998 63.4381 2.03154 0.990026 119.324
53.0998 63.388 2.03866 0.991356 119.317
53.1998 63.3379 2.04578 0.992684 119.31
53.2998 63.2878 2.05292 0.994008 119.303
53.3998 63.2377 2.06006 0.99533 119.296
53.4998 63.1877 2.06722 0.996648 119.289
53.5998 63.1376 2.07438 0.997964 119.281
53.6998 63.0875 2.08155 0.999277 119.274
53.7998 63.0374 2.08873 1.00059 119.267
53.8997 62.9873 2.09592 1.00189 119.26
53.9997 62.9373 2.10312 1.0032 119.253
54.0997 62.8872 2.11033 1.0045 119.245
54.1997 62.8371 2.11755 1.0058 119.238
54.2997 62.787 2.12478 1.00709 119.231
54.3997 62.737 2.13201 1.00838 119.224
54.4997 62.6869 2.13926 1.00967 119.217
54.5997 62.6368 2.14651 1.01096 119.209
54.6997 62.5867 2.15377 1.01224 119.202
54.7997 62.5366 2.16104 1.01352 119.195
54.8997 62.4866 2.16833 1.0148 119.187
54.9997 62.4365 2.17562 1.01608 119.18
55.0997 62.3864 2.18291 1.01735 119.173
55.1997 62.3363 2.19022 1.01862 119.166
55.2997 62.2863 2.19754 1.01988 119.158
55.3997 62.2362 2.20486 1.02114 119.151
55.4997 62.1861 2.2122 1.0224 119.144
55.5997 62.136 2.21954 1.02366 119.136
55.6997 62.086 2.22689 1.02491 119.129
55.7997 62.0359 2.23425 1.02616 119.122
55.8997 61.9858 2.24162 1.02741 119.114
55.9997 61.9357 2.249 1.02866 119.107
56.0997 61.8857 2.25639 1.0299 119.099
56.1997 61.8356 2.26378 1.03114 119.092
56.2997 61.7855 2.27119 1.03237 119.085
56.3997 61.7354 2.2786 1.0336 119.077
56.4997 61.6854 2.28602 1.03483 119.07
56.5997 61.6353 2.29345 1.03606 119.062
56.6997 61.5852 2.30089 1.03728 119.055
56.7997 61.5351 2.30833 1.0385 119.047
56.8997 61.4851 2.31579 1.03972 119.04
56.9997 61.435 2.32325 1.04094 119.033
57.0997 61.3849 2.33072 1.04215 119.025
57.1997 61.3348 2.33821 1.04335 119.018
57.2997 61.2848 2.34569 1.04456 119.01
57.3997 61.2347 2.35319 1.04576 119.003
57.4997 61.1846 2.3607 1.04696 118.995
57.5997 61.1346 2.36821 1.04816 118.988
57.6997 61.0845 2.37573 1.04935 118.98
57.7997 61.0344 2.38327 1.05054 118.972
57.8997 60.9843 2.3908 1.05173 118.965
57.9997 60.9343 2.39835 1.05291 118.957
58.0997 60.8842 2.40591 1.05409 118.95
58.1997 60.8341 2.41347 1.05527 118.942
58.2997 60.7841 2.42104 1.05644 118.935
58.3997 60.734 2.42862 1.05761 118.927
58.4997 60.6839 2.43621 1.05878 118.92
58.5997 60.6338 2.44381 1.05994 118.912
58.6997 60.5838 2.45141 1.06111 118.904
58.7997 60.5337 2.45903 1.06226 118.897
58.8997 60.4836 2.46665 1.06342 118.889
58.9997 60.4336 2.47428 1.06457 118.881
59.0997 60.3835 2.48191 1.06572 118.874
59.1997 60.3334 2.48956 1.06687 118.866
59.2997 60.2834 2.49721 1.06801 118.859
59.3997 60.2333 2.50487 1.06915 118.851
59.4997 60.1832 2.51254 1.07029 118.843
59.5997 60.1332 2.52022 1.07142 118.836
59.6997 60.0831 2.5279 1.07255 118.828
59.7997 60.033 2.53559 1.07368 118.82
59.8997 59.983 2.54329 1.0748 118.812
59.9997 59.9329 2.551 1.07592 118.805
60.0997 59.8828 2.55871 1.07704 118.797
60.1997 59.8328 2.56644 1.07815 118.789
60.2997 59.7827 2.57417 1.07927 118.782
60.3997 59.7326 2.58191 1.08037 118.774
60.4996 59.6826 2.58965 1.08148 118.766
60.5996 59.6325 2.59741 1.08258 118.758
60.6996 59.5824 2.60517 1.08368 118.751
60.7996 59.5324 2.61294 1.08478 118.743
60.8996 59.4823 2.62072 1.08587 118.735
60.9996 59.4322 2.6285 1.08696 118.727
61.0996 59.3822 2.63629 1.08804 118.719
61.1996 59.3321 2.64409 1.08912 118.712
61.2996 59.282 2.6519 1.0902 118.704
61.3996 59.232 2.65971 1.09128 118.696
61.4996 59.1819 2.66753 1.09235 118.688
61.5996 59.1318 2.67536 1.09342 118.68
61.6996 59.0818 2.6832 1.09449 118.673
61.7996 59.0317 2.69104 1.09555 118.665
61.8996 58.9817 2.6989 1.09661 118.657
61.9996 58.9316 2.70675 1.09767 118.649
62.0996 58.8815 2.71462 1.09872 118.641
62.1996 58.8315 2.72249 1.09977 118.633
62.2996 58.7814 2.73037 1.10082 118.625
62.3996 58.7313 2.73826 1.10186 118.617
62.4996 58.6813 2.74616 1.10291 118.61
62.5996 58.6312 2.75406 1.10394 118.602
62.6996 58.5812 2.76197 1.10498 118.594
62.7996 58.5311 2.76988 1.10601 118.586
62.8996 58.481 2.77781 1.10703 118.578
62.9996 58.431 2.78574 1.10806 118.57
63.0996 58.3809 2.79368 1.10908 118.562
63.1996 58.3309 2.80162 1.1101 118.554
63.2996 58.2808 2.80957 1.11111 118.546
63.3996 58.2307 2.81753 1.11212 118.538
63.4996 58.1807 2.8255 1.11313 118.53
63.5996 58.1306 2.83347 1.11414 118.522
63.6996 58.0806 2.84145 1.11514 118.514
63.7996 58.0305 2.84943 1.11614 118.506
63.8996 57.9804 2.85743 1.11713 118.498
63.9996 57.9304 2.86543 1.11812 118.49
64.0996 57.8803 2.87343 1.11911 118.482
64.1996 57.8303 2.88145 1.12009 118.474
64.2996 57.7802 2.88947 1.12108 118.466
64.3996 57.7301 2.89749 1.12205 118.458
64.4996 57.6801 2.90553 1.12303 118.45
64.5996 57.63 2.91357 1.124 118.442
64.6996 57.58 2.92162 1.12497 118.434
64.7996 57.5299 2.92967 1.12593 118.426
64.8996 57.4799 2.93773 1.12689 118.418
64.9996 57.4298 2.9458 1.12785 118.41
65.0996 57.3798 2.95387 1.12881 118.402
65.1996 57.3297 2.96195 1.12976 118.394
65.2996 57.2796 2.97004 1.13071 118.386
65.3996 57.2296 2.97813 1.13165 118.378
65.4996 57.1795 2.98623 1.13259 118.37
65.5996 57.1295 2.99434 1.13353 118.361
65.6996 57.0794 3.00245 1.13447 118.353
65.7996 57.0294 3.01057 1.1354 118.345
65.8996 56.9793 3.01869 1.13633 118.337
65.9996 56.9293 3.02682 1.13725 118.329
66.0996 56.8792 3.03496 1.13817 118.321
66.1996 56.8291 3.04311 1.13909 118.313
66.2996 56.7791 3.05126 1.14 118.305
66.3996 56.729 3.05941 1.14092 118.296
66.4996 56.679 3.06758 1.14182 118.288
66.5996 56.6289 3.07575 1.14273 118.28
66.6996 56.5789 3.08392 1.14363 118.272
66.7996 56.5288 3.0921 1.14453 118.264
66.8996 56.4788 3.10029 1.14542 118.255
66.9995 56.4287 3.10848 1.14631 118.247
67.0995 56.3787 3.11668 1.1472 118.239
67.1995 56.3286 3.12489 1.14808 118.231
67.2995 56.2786 3.1331 1.14896 118.223
67.3995 56.2285 3.14132 1.14984 118.214
67.4995 56.1785 3.14954 1.15072 118.206
67.5995 56.1284 3.15777 1.15159 118.198
67.6995 56.0784 3.16601 1.15245 118.19
67.7995 56.0283 3.17425 1.15332 118.182
67.8995 55.9783 3.1825 1.15418 118.173
67.9995 55.9282 3.19075 1.15503 118.165
68.0995 55.8782 3.19901 1.15589 118.157
68.1995 55.8281 3.20727 1.15674 118.148
68.2995 55.7781 3.21555 1.15758 118.14
68.3995 55.728 3.22382 1.15843 118.132
68.4995 55.678 3.2321 1.15927 118.124
68.5995 55.6279 3.24039 1.1601 118.115
68.6995 55.5779 3.24869 1.16093 118.107
68.7995 55.5278 3.25698 1.16176 118.099
68.8995 55.4778 3.26529 1.16259 118.09
68.9995 55.4277 3.2736 1.16341 118.082
69.0995 55.3777 3.28192 1.16423 118.074
69.1995 55.3276 3.29024 1.16505 118.066
69.2995 55.2776 3.29856 1.16586 118.057
69.3995 55.2275 3.3069 1.16667 118.049
69.4995 55.1775 3.31523 1.16747 118.041
69.5995 55.1274 3.32358 1.16827 118.032
69.6995 55.0774 3.33193 1.16907 118.024
69.7995 55.0274 3.34028 1.16986 118.015
69.8995 54.9773 3.34864 1.17066 118.007
69.9995 54.9273 3.35701 1.17144 117.999
70.0995 54.8772 3.36538 1.17223 117.99
70.1995 54.8272 3.37375 1.17301 117.982
70.2995 54.7771 3.38213 1.17379 117.974
70.3995 54.7271 3.39052 1.17456 117.965
70.4995 54.677 3.39891 1.17533 117.957
70.5995 54.627 3.40731 1.1761 117.948
70.6995 54.5769 3.41571 1.17686 117.94
70.7995 54.5269 3.42411 1.17762 117.932
70.8995 54.4769 3.43253 1.17837 117.923
70.9995 54.4268 3.44094 1.17913 117.915
71.0995 54.3768 3.44936 1.17988 117.906
71.1995 54.3267 3.45779 1.18062 117.898
71.2995 54.2767 3.46622 1.18136 117.89
71.3995 54.2266 3.47466 1.1821 117.881
71.4995 54.1766 3.4831 1.18284 117.873
71.5995 54.1266 3.49155 1.18357 117.864
71.6995 54.0765 3.5 1.1843 117.856
71.7995 54.0265 3.50846 1.18502 117.847
71.8995 53.9764 3.51692 1.18574 117.839
71.9995 53.9264 3.52539 1.18646 117.83
72.0995 53.8764 3.53386 1.18717 117.822
72.1995 53.8263 3.54233 1.18788 117.813
72.2995 53.7763 3.55081 1.18859 117.805
72.3995 53.7262 3.5593 1.18929 117.796
72.4995 53.6762 3.56779 1.18999 117.788
72.5995 53.6262 3.57628 1.19069 117.779
72.6995 53.5761 3.58478 1.19138 117.771
72.7995 53.5261 3.59329 1.19207 117.762
72.8995 53.476 3.6018 1.19276 117.754
72.9995 53.426 3.61031 1.19344 117.745
73.0995 53.376 3.61883 1.19412 117.737
73.1995 53.3259 3.62735 1.19479 117.728
73.2995 53.2759 3.63588 1.19546 117.72
73.3995 53.2258 3.64441 1.19613 117.711
73.4995 53.1758 3.65294 1.1968 117.703
73.5994 53.1258 3.66148 1.19746 117.694
73.6994 53.0757 3.67003 1.19811 117.686
73.7994 53.0257 3.67858 1.19877 117.677
73.8994 52.9757 3.68713 1.19942 117.669
73.9994 52.9256 3.69569 1.20006 117.66
74.0994 52.8756 3.70425 1.20071 117.652
74.1994 52.8255 3.71282 1.20134 117.643
74.2994 52.7755 3.72139 1.20198 117.634
74.3994 52.7255 3.72996 1.20261 117.626
74.4994 52.6754 3.73854 1.20324 117.617
74.5994 52.6254 3.74712 1.20386 117.609
74.6994 52.5754 3.75571 1.20449 117.6
74.7994 52.5253 3.7643 1.2051 117.591
74.8994 52.4753 3.77289 1.20572 117.583
74.9994 52.4253 3.78149 1.20633 117.574
75.0994 52.3752 3.7901 1.20693 117.566
75.1994 52.3252 3.7987 1.20754 117.557
75.2994 52.2752 3.80732 1.20814 117.548
75.3994 52.2251 3.81593 1.20873 117.54
75.4994 52.1751 3.82455 1.20932 117.531
75.5994 52.1251 3.83317 1.20991 117.523
75.6994 52.075 3.8418 1.2105 117.514
75.7994 52.025 3.85043 1.21108 117.505
75.8994 51.975 3.85906 1.21166 117.497
75.9994 51.9249 3.8677 1.21223 117.488
76.0994 51.8749 3.87634 1.2128 117.479
76.1994 51.8249 3.88499 1.21337 117.471
76.2994 51.7748 3.89364 1.21393 117.462
76.3994 51.7248 3.90229 1.21449 117.453
76.4994 51.6748 3.91095 1.21505 117.445
76.5994 51.6248 3.91961 1.2156 117.436
76.6994 51.5747 3.92827 1.21615 117.427
76.7994 51.5247 3.93694 1.21669 117.419
76.8994 51.4747 3.94561 1.21723 117.41
76.9994 51.4246 3.95429 1.21777 117.401
77.0994 51.3746 3.96297 1.21831 117.393
77.1994 51.3246 3.97165 1.21884 117.384
77.2994 51.2745 3.98033 1.21936 117.375
77.3994 51.2245 3.98902 1.21989 117.367
77.4994 51.1745 3.99771 1.2204 117.358
77.5994 51.1245 4.00641 1.22092 117.349
77.6994 51.0744 4.01511 1.22143 117.341
77.7994 51.0244 4.02381 1.22194 117.332
77.8994 50.9744 4.03251 1.22245 117.323
77.9994 50.9243 4.04122 1.22295 117.315
78.0994 50.8743 4.04993 1.22344 117.306
78.1994 50.8243 4.05865 1.22394 117.297
78.2994 50.7743 4.06737 1.22443 117.288
78.3994 50.7242 4.07609 1.22491 117.28
78.4994 50.6742 4.08481 1.2254 117.271
78.5994 50.6242 4.09354 1.22588 117.262
78.6994 50.5742 4.10227 1.22635 117.253
78.7994 50.5241 4.111 1.22682 117.245
78.8994 50.4741 4.11974 1.22729 117.236
78.9994 50.4241 4.12848 1.22776 117.227
79.0994 50.3741 4.13722 1.22822 117.219
79.1994 50.324 4.14597 1.22867 117.21
79.2994 50.274 4.15471 1.22913 117.201
79.3994 50.224 4.16347 1.22958 117.192
79.4994 50.174 4.17222 1.23002 117.184
79.5994 50.1239 4.18098 1.23046 117.175
79.6994 50.0739 4.18974 1.2309 117.166
79.7994 50.0239 4.1985 1.23134 117.157
79.8994 49.9739 4.20726 1.23177 117.148
79.9994 49.9238 4.21603 1.2322 117.14
80.0993 49.8738 4.2248 1.23262 117.131
80.1993 49.8238 4.23358 1.23304 117.122
80.2993 49.7738 4.24235 1.23345 117.113
80.3993 49.7238 4.25113 1.23387 117.105
80.4993 49.6737 4.25991 1.23428 117.096
80.5993 49.6237 4.2687 1.23468 117.087
80.6993 49.5737 4.27748 1.23508 117.078
80.7993 49.5237 4.28627 1.23548 117.069
80.8993 49.4737 4.29506 1.23587 117.061
80.9993 49.4236 4.30386 1.23626 117.052
81.0993 49.3736 4.31265 1.23665 117.043
81.1993 49.3236 4.32145 1.23703 117.034
81.2993 49.2736 4.33025 1.23741 117.026
81.3993 49.2236 4.33906 1.23779 117.017
81.4993 49.1735 4.34786 1.23816 117.008
81.5993 49.1235 4.35667 1.23853 116.999
81.6993 49.0735 4.36548 1.23889 116.99
81.7993 49.0235 4.37429 1.23925 116.981
81.8993 48.9735 4.38311 1.23961 116.973
81.9993 48.9234 4.39192 1.23996 116.964
82.0993 48.8734 4.40074 1.24031 116.955
82.1993 48.8234 4.40956 1.24066 116.946
82.2993 48.7734 4.41839 1.241 116.937
82.3993 48.7234 4.42721 1.24134 116.929
82.4993 48.6734 4.43604 1.24167 116.92
82.5993 48.6233 4.44487 1.242 116.911
82.6993 48.5733 4.4537 1.24233 116.902
82.7993 48.5233 4.46253 1.24265 116.893
82.8993 48.4733 4.47137 1.24297 116.884
82.9993 48.4233 4.48021 1.24328 116.876
83.0993 48.3733 4.48905 1.2436 116.867
83.1993 48.3232 4.49789 1.2439 116.858
83.2993 48.2732 4.50673 1.24421 116.849
83.3993 48.2232 4.51557 1.24451 116.84
83.4993 48.1732 4.52442 1.24481 116.831
83.5993 48.1232 4.53327 1.2451 116.822
83.6993 48.0732 4.54212 1.24539 116.814
83.7993 48.0232 4.55097 1.24567 116.805
83.8993 47.9731 4.55982 1.24595 116.796
83.9993 47.9231 4.56868 1.24623 116.787
84.0993 47.8731 4.57754 1.24651 116.778
84.1993 47.8231 4.58639 1.24678 116.769
84.2993 47.7731 4.59525 1.24704 116.761
84.3993 47.7231 4.60411 1.24731 116.752
84.4993 47.6731 4.61298 1.24757 116.743
84.5993 47.6231 4.62184 1.24782 116.734
84.6993 47.573 4.63071 1.24807 116.725
84.7993 47.523 4.63957 1.24832 116.716
84.8993 47.473 4.64844 1.24856 116.707
84.9993 47.423 4.65731 1.2488 116.698
85.0993 47.373 4.66619 1.24904 116.69
85.1993 47.323 4.67506 1.24927 116.681
85.2993 47.273 4.68393 1.2495 116.672
85.3993 47.223 4.69281 1.24973 116.663
85.4993 47.173 4.70168 1.24995 116.654
85.5993 47.123 4.71056 1.25017 116.645
85.6993 47.0729 4.71944 1.25038 116.636
85.7993 47.0229 4.72832 1.25059 116.627
85.8993 46.9729 4.7372 1.2508 116.619
85.9993 46.9229 4.74608 1.251 116.61
86.0993 46.8729 4.75497 1.2512 116.601
86.1993 46.8229 4.76385 1.25139 116.592
86.2993 46.7729 4.77274 1.25158 116.583
86.3993 46.7229 4.78162 1.25177 116.574
86.4993 46.6729 4.79051 1.25195 116.565
86.5993 46.6229 4.7994 1.25213 116.556
86.6992 46.5729 4.80829 1.25231 116.547
86.7992 46.5229 4.81718 1.25248 116.539
86.8992 46.4728 4.82607 1.25265 116.53
86.9992 46.4228 4.83496 1.25281 116.521
87.0992 46.3728 4.84386 1.25297 116.512
87.1992 46.3228 4.85275 1.25313 116.503
87.2992 46.2728 4.86164 1.25328 116.494
87.3992 46.2228 4.87054 1.25343 116.485
87.4992 46.1728 4.87943 1.25358 116.476
87.5992 46.1228 4.88833 1.25372 116.467
87.6992 46.0728 4.89723 1.25386 116.459
87.7992 46.0228 4.90613 1.25399 116.45
87.8992 45.9728 4.91502 1.25412 116.441
87.9992 45.9228 4.92392 1.25425 116.432
88.0992 45.8728 4.93282 1.25437 116.423
88.1992 45.8228 4.94172 1.25449 116.414
88.2992 45.7728 4.95062 1.2546 116.405
88.3992 45.7228 4.95952 1.25472 116.396
88.4992 45.6728 4.96843 1.25482 116.387
88.5992 45.6228 4.97733 1.25493 116.378
88.6992 45.5728 4.98623 1.25503 116.37
88.7992 45.5228 4.99513 1.25512 116.361
88.8992 45.4728 5.00403 1.25521 116.352
88.9992 45.4228 5.01294 1.2553 116.343
89.0992 45.3728 5.02184 1.25539 116.334
89.1992 45.3228 5.03075 1.25547 116.325
89.2992 45.2728 5.03965 1.25554 116.316
89.3992 45.2228 5.04855 1.25562 116.307
89.4992 45.1728 5.05746 1.25569 116.298
89.5992 45.1228 5.06636 1.25575 116.289
89.6992 45.0728 5.07527 1.25581 116.28
89.7992 45.0228 5.08417 1.25587 116.272
89.8992 44.9728 5.09308 1.25593 116.263
89.9992 44.9228 5.10198 1.25598 116.254
90.0992 44.8728 5.11088 1.25602 116.245
90.1992 44.8228 5.11979 1.25606 116.236
90.2992 44.7728 5.12869 1.2561 116.227
90.3992 44.7228 5.1376 1.25614 116.218
90.4992 44.6728 5.1465 1.25617 116.209
90.5992 44.6228 5.15541 1.2562 116.2
90.6992 44.5728 5.16431 1.25622 116.191
90.7992 44.5228 5.17321 1.25624 116.183
90.8992 44.4728 5.18212 1.25625 116.174
90.9992 44.4228 5.19102 1.25627 116.165
91.0992 44.3728 5.19992 1.25627 116.156
91.1992 44.3228 5.20883 1.25628 116.147
91.2992 44.2728 5.21773 1.25628 116.138
91.3992 44.2228 5.22663 1.25628 116.129
91.4992 44.1728 5.23553 1.25627 116.12
91.5992 44.1228 5.24444 1.25626 116.111
91.6992 44.0728 5.25334 1.25624 116.102
91.7992 44.0228 5.26224 1.25622 116.094
91.8992 43.9728 5.27114 1.2562 116.085
91.9992 43.9228 5.28004 1.25617 116.076
92.0992 43.8728 5.28893 1.25614 116.067
92.1992 43.8228 5.29783 1.25611 116.058
92.2992 43.7728 5.30673 1.25607 116.049
92.3992 43.7229 5.31563 1.25603 116.04
92.4992 43.6729 5.32452 1.25598 116.031
92.5992 43.6229 5.33342 1.25594 116.022
92.6992 43.5729 5.34232 1.25588 116.013
92.7992 43.5229 5.35121 1.25583 116.005
92.8992 43.4729 5.3601 1.25576 115.996
92.9992 43.4229 5.369 1.2557 115.987
93.0992 43.3729 5.37789 1.25563 115.978
93.1992 43.3229 5.38678 1.25556 115.969
93.2991 43.2729 5.39567 1.25548 115.96
93.3991 43.2229 5.40456 1.2554 115.951
93.4991 43.1729 5.41345 1.25532 115.942
93.5991 43.123 5.42234 1.25523 115.933
93.6991 43.073 5.43122 1.25514 115.925
93.7991 43.023 5.44011 1.25504 115.916
93.8991 42.973 5.44899 1.25494 115.907
93.9991 42.923 5.45788 1.25484 115.898
94.0991 42.873 5.46676 1.25473 115.889
94.1991 42.823 5.47564 1.25462 115.88
94.2991 42.773 5.48452 1.25451 115.871
94.3991 42.723 5.4934 1.25439 115.862
94.4991 42.673 5.50228 1.25427 115.853
94.5991 42.6231 5.51115 1.25414 115.845
94.6991 42.5731 5.52003 1.25401 115.836
94.7991 42.5231 5.5289 1.25388 115.827
94.8991 42.4731 5.53777 1.25374 115.818
94.9991 42.4231 5.54665 1.2536 115.809
95.0991 42.3731 5.55552 1.25345 115.8
95.1991 42.3231 5.56439 1.25331 115.791
95.2991 42.2731 5.57325 1.25315 115.783
95.3991 42.2232 5.58212 1.253 115.774
95.4991 42.1732 5.59098 1.25284 115.765
95.5991 42.1232 5.59985 1.25267 115.756
95.6991 42.0732 5.60871 1.2525 115.747
95.7991 42.0232 5.61757 1.25233 115.738
95.8991 41.9732 5.62642 1.25215 115.729
95.9991 41.9232 5.63528 1.25198 115.72
96.0991 41.8733 5.64414 1.25179 115.712
96.1991 41.8233 5.65299 1.2516 115.703
96.2991 41.7733 5.66184 1.25141 115.694
96.3991 41.7233 5.67069 1.25122 115.685
96.4991 41.6733 5.67954 1.25102 115.676
96.5991 41.6233 5.68839 1.25082 115.667
96.6991 41.5734 5.69723 1.25061 115.659
96.7991 41.5234 5.70607 1.2504 115.65
96.8991 41.4734 5.71492 1.25018 115.641
96.9991 41.4234 5.72375 1.24997 115.632
97.0991 41.3734 5.73259 1.24974 115.623
97.1991 41.3234 5.74143 1.24952 115.614
97.2991 41.2735 5.75026 1.24929 115.605
97.3991 41.2235 5.75909 1.24906 115.597
97.4991 41.1735 5.76792 1.24882 115.588
97.5991 41.1235 5.77675 1.24858 115.579
97.6991 41.0735 5.78557 1.24833 115.57
97.7991 41.0236 5.7944 1.24808 115.561
97.8991 40.9736 5.80322 1.24783 115.553
97.9991 40.9236 5.81204 1.24757 115.544
98.0991 40.8736 5.82085 1.24731 115.535
98.1991 40.8236 5.82967 1.24705 115.526
98.2991 40.7737 5.83848 1.24678 115.517
98.3991 40.7237 5.84729 1.24651 115.508
98.4991 40.6737 5.8561 1.24623 115.5
98.5991 40.6237 5.86491 1.24596 115.491
98.6991 40.5737 5.87371 1.24567 115.482
98.7991 40.5238 5.88251 1.24539 115.473
98.8991 40.4738 5.89131 1.24509 115.464
98.9991 40.4238 5.90011 1.2448 115.456
99.0991 40.3738 5.9089 1.2445 115.447
99.1991 40.3238 5.91769 1.2442 115.438
99.2991 40.2739 5.92648 1.24389 115.429
99.3991 40.2239 5.93527 1.24358 115.42
99.4991 40.1739 5.94405 1.24327 115.412
99.5991 40.1239 5.95283 1.24295 115.403
99.6991 40.074 5.96161 1.24263 115.394
99.799 40.024 5.97039 1.2423 115.385
99.899 39.974 5.97916 1.24198 115.377
99.999 39.924 5.98793 1.24164 115.368
100.099 39.8741 5.9967 1.24131 115.359
100.199 39.8241 6.00546 1.24096 115.35
100.299 39.7741 6.01423 1.24062 115.342
100.399 39.7241 6.02298 1.24027 115.333
100.499 39.6742 6.03174 1.23992 115.324
100.599 39.6242 6.0405 1.23956 115.315
100.699 39.5742 6.04925 1.2392 115.307
100.799 39.5242 6.058 1.23884 115.298
100.899 39.4743 6.06674 1.23847 115.289
100.999 39.4243 6.07548 1.2381 115.28
101.099 39.3743 6.08422 1.23773 115.272
101.199 39.3243 6.09296 1.23735 115.263
101.299 39.2744 6.10169 1.23697 115.254
101.399 39.2244 6.11042 1.23658 115.245
101.499 39.1744 6.11915 1.23619 115.237
101.599 39.1245 6.12788 1.2358 115.228
101.699 39.0745 6.1366 1.2354 115.219
101.799 39.0245 6.14531 1.235 115.21
101.899 38.9745 6.15403 1.23459 115.202
101.999 38.9246 6.16274 1.23418 115.193
102.099 38.8746 6.17145 1.23377 115.184
102.199 38.8246 6.18016 1.23335 115.176
102.299 38.7747 6.18886 1.23293 115.167
102.399 38.7247 6.19756 1.23251 115.158
102.499 38.6747 6.20625 1.23208 115.15
102.599 38.6248 6.21494 1.23165 115.141
102.699 38.5748 6.22363 1.23121 115.132
102.799 38.5248 6.23232 1.23077 115.123
102.899 38.4748 6.241 1.23033 115.115
102.999 38.4249 6.24968 1.22988 115.106
103.099 38.3749 6.25835 1.22943 115.097
103.199 38.3249 6.26702 1.22897 115.089
103.299 38.275 6.27569 1.22852 115.08
103.399 38.225 6.28435 1.22805 115.071
103.499 38.175 6.29301 1.22759 115.063
103.599 38.1251 6.30167 1.22712 115.054
103.699 38.0751 6.31032 1.22664 115.045
103.799 38.0251 6.31897 1.22616 115.037
103.899 37.9752 6.32762 1.22568 115.028
103.999 37.9252 6.33626 1.2252 115.019
104.099 37.8752 6.3449 1.22471 115.011
104.199 37.8253 6.35353 1.22422 115.002
104.299 37.7753 6.36216 1.22372 114.994
104.399 37.7253 6.37079 1.22322 114.985
104.499 37.6754 6.37941 1.22272 114.976
104.599 37.6254 6.38803 1.22221 114.968
104.699 37.5754 6.39665 1.2217 114.959
104.799 37.5255 6.40526 1.22118 114.95
104.899 37.4755 6.41387 1.22066 114.942
104.999 37.4256 6.42247 1.22014 114.933
105.099 37.3756 6.43107 1.21961 114.925
105.199 37.3256 6.43966 1.21908 114.916
105.299 37.2757 6.44826 1.21855 114.908
105.399 37.2257 6.45684 1.21801 114.899
105.499 37.1757 6.46543 1.21747 114.89
105.599 37.1258 6.474 1.21692 114.882
105.699 37.0758 6.48258 1.21637 114.873
105.799 37.0258 6.49115 1.21582 114.865
105.899 36.9759 6.49972 1.21526 114.856
105.999 36.9259 6.50828 1.2147 114.847
106.099 36.876 6.51684 1.21414 114.839
106.199 36.826 6.52539 1.21357 114.83
106.299 36.776 6.53394 1.213 114.822
106.399 36.7261 6.54248 1.21242 114.813
106.499 36.6761 6.55102 1.21184 114.805
106.599 36.6262 6.55956 1.21126 114.796
106.699 36.5762 6.56809 1.21067 114.788
106.799 36.5262 6.57662 1.21008 114.779
106.899 36.4763 6.58514 1.20948 114.771
106.999 36.4263 6.59366 1.20889 114.762
107.099 36.3764 6.60217 1.20828 114.754
107.199 36.3264 6.61068 1.20768 114.745
107.299 36.2764 6.61918 1.20707 114.737
107.399 36.2265 6.62768 1.20646 114.728
107.499 36.1765 6.63618 1.20584 114.72
107.599 36.1266 6.64467 1.20522 114.711
107.699 36.0766 6.65315 1.20459 114.703
107.799 36.0266 6.66163 1.20396 114.694
107.899 35.9767 6.67011 1.20333 114.686
107.999 35.9267 6.67858 1.2027 114.677
108.099 35.8768 6.68705 1.20206 114.669
108.199 35.8268 6.69551 1.20141 114.66
108.299 35.7769 6.70397 1.20077 114.652
108.399 35.7269 6.71242 1.20012 114.643
108.499 35.6769 6.72086 1.19946 114.635
108.599 35.627 6.72931 1.1988 114.626
108.699 35.577 6.73774 1.19814 114.618
108.799 35.5271 6.74618 1.19748 114.61
108.899 35.4771 6.7546 1.19681 114.601
108.999 35.4272 6.76302 1.19613 114.593
109.099 35.3772 6.77144 1.19546 114.584
109.199 35.3273 6.77985 1.19478 114.576
109.299 35.2773 6.78826 1.19409 114.567
109.399 35.2274 6.79666 1.19341 114.559
109.499 35.1774 6.80506 1.19271 114.551
109.599 35.1274 6.81345 1.19202 114.542
109.699 35.0775 6.82184 1.19132 114.534
109.799 35.0275 6.83022 1.19062 114.526
109.899 34.9776 6.83859 1.18991 114.517
109.999 34.9276 6.84696 1.1892 114.509
110.099 34.8777 6.85533 1.18849 114.5
110.199 34.8277 6.86369 1.18777 114.492
110.299 34.7778 6.87204 1.18705 114.484
110.399 34.7278 6.88039 1.18632 114.475
110.499 34.6779 6.88873 1.18559 114.467
110.599 34.6279 6.89707 1.18486 114.459
110.699 34.578 6.9054 1.18413 114.45
110.799 34.528 6.91373 1.18339 114.442
110.899 34.4781 6.92205 1.18264 114.434
110.999 34.4281 6.93037 1.1819 114.425
111.099 34.3782 6.93868 1.18114 114.417
111.199 34.3282 6.94698 1.18039 114.409
111.299 34.2783 6.95528 1.17963 114.4
111.399 34.2283 6.96358 1.17887 114.392
111.499 34.1784 6.97187 1.1781 114.384
111.599 34.1284 6.98015 1.17734 114.376
111.699 34.0785 6.98842 1.17656 114.367
111.799 34.0285 6.99669 1.17579 114.359
111.899 33.9786 7.00496 1.17501 114.351
111.999 33.9286 7.01322 1.17422 114.343
112.099 33.8787 7.02147 1.17344 114.334
112.199 33.8287 7.02972 1.17264 114.326
112.299 33.7788 7.03796 1.17185 114.318
112.399 33.7288 7.0462 1.17105 114.31
112.499 33.6789 7.05443 1.17025 114.301
112.599 33.6289 7.06265 1.16944 114.293
112.699 33.579 7.07087 1.16863 114.285
112.799 33.529 7.07908 1.16782 114.277
112.899 33.4791 7.08729 1.167 114.268
112.999 33.4291 7.09549 1.16618 114.26
113.099 33.3792 7.10368 1.16536 114.252
113.199 33.3293 7.11187 1.16453 114.244
113.299 33.2793 7.12005 1.1637 114.236
113.399 33.2294 7.12823 1.16287 114.228
113.499 33.1794 7.13639 1.16203 114.219
113.599 33.1295 7.14456 1.16119 114.211
113.699 33.0795 7.15271 1.16034 114.203
113.799 33.0296 7.16086 1.15949 114.195
113.899 32.9796 7.16901 1.15864 114.187
113.999 32.9297 7.17715 1.15778 114.179
114.099 32.8798 7.18528 1.15692 114.17
114.199 32.8298 7.1934 1.15606 114.162
114.299 32.7799 7.20152 1.15519 114.154
114.399 32.7299 7.20964 1.15432 114.146
114.499 32.68 7.21774 1.15344 114.138
114.599 32.63 7.22584 1.15257 114.13
114.699 32.5801 7.23393 1.15168 114.122
114.799 32.5302 7.24202 1.1508 114.114
114.899 32.4802 7.2501 1.14991 114.106
114.999 32.4303 7.25818 1.14902 114.098
115.099 32.3803 7.26624 1.14812 114.09
115.199 32.3304 7.2743 1.14722 114.081
115.299 32.2804 7.28236 1.14632 114.073
115.399 32.2305 7.2904 1.14541 114.065
115.499 32.1806 7.29844 1.1445 114.057
115.599 32.1306 7.30648 1.14358 114.049
115.699 32.0807 7.31451 1.14267 114.041
115.799 32.0307 7.32253 1.14175 114.033
115.899 31.9808 7.33054 1.14082 114.025
115.999 31.9309 7.33855 1.13989 114.017
116.099 31.8809 7.34655 1.13896 114.009
116.199 31.831 7.35454 1.13802 114.001
116.299 31.781 7.36253 1.13708 113.993
116.399 31.7311 7.37051 1.13614 113.985
116.499 31.6812 7.37848 1.1352 113.977
116.599 31.6312 7.38644 1.13425 113.969
116.699 31.5813 7.3944 1.13329 113.961
116.799 31.5313 7.40236 1.13233 113.953
116.899 31.4814 7.4103 1.13137 113.945
116.999 31.4315 7.41824 1.13041 113.938
117.099 31.3815 7.42617 1.12944 113.93
117.199 31.3316 7.43409 1.12847 113.922
117.299 31.2817 7.44201 1.1275 113.914
117.399 31.2317 7.44992 1.12652 113.906
117.499 31.1818 7.45782 1.12554 113.898
117.599 31.1319 7.46571 1.12455 113.89
117.699 31.0819 7.4736 1.12356 113.882
117.799 31.032 7.48148 1.12257 113.874
117.899 30.982 7.48936 1.12157 113.866
117.999 30.9321 7.49722 1.12057 113.859
118.099 30.8822 7.50508 1.11957 113.851
118.199 30.8322 7.51293 1.11856 113.843
118.299 30.7823 7.52078 1.11755 113.835
118.399 30.7324 7.52861 1.11654 113.827
118.499 30.6824 7.53644 1.11552 113.819
118.599 30.6325 7.54426 1.1145 113.811
118.699 30.5826 7.55208 1.11348 113.804
118.799 30.5326 7.55989 1.11245 113.796
118.899 30.4827 7.56769 1.11142 113.788
118.999 30.4328 7.57548 1.11039 113.78
119.099 30.3828 7.58326 1.10935 113.772
119.199 30.3329 7.59104 1.10831 113.765
119.299 30.283 7.59881 1.10726 113.757
119.399 30.233 7.60657 1.10621 113.749
119.499 30.1831 7.61432 1.10516 113.741
119.599 30.1332 7.62207 1.10411 113.734
119.699 30.0832 7.62981 1.10305 113.726
119.799 30.0333 7.63754 1.10199 113.718
119.899 29.9834 7.64526 1.10092 113.71
119.999 29.9334 7.65298 1.09985 113.703
120.099 29.8835 7.66069 1.09878 113.695
120.199 29.8336 7.66839 1.0977 113.687
120.299 29.7836 7.67608 1.09662 113.68
120.399 29.7337 7.68376 1.09554 113.672
120.499 29.6838 7.69144 1.09445 113.664
120.599 29.6339 7.69911 1.09336 113.657
120.699 29.5839 7.70677 1.09227 113.649
120.799 29.534 7.71442 1.09117 113.641
120.899 29.4841 7.72207 1.09007 113.634
120.999 29.4341 7.7297 1.08897 113.626
121.099 29.3842 7.73733 1.08786 113.618
121.199 29.3343 7.74495 1.08675 113.611
121.299 29.2843 7.75257 1.08564 113.603
121.399 29.2344 7.76017 1.08452 113.596
121.499 29.1845 7.76777 1.0834 113.588
121.599 29.1346 7.77536 1.08227 113.58
121.699 29.0846 7.78294 1.08115 113.573
121.799 29.0347 7.79051 1.08001 113.565
121.899 28.9848 7.79807 1.07888 113.558
121.999 28.9349 7.80563 1.07774 113.55
122.099 28.8849 7.81318 1.0766 113.543
122.199 28.835 7.82072 1.07546 113.535
122.299 28.7851 7.82825 1.07431 113.528
122.399 28.7351 7.83577 1.07316 113.52
122.499 28.6852 7.84328 1.072 113.512
122.599 28.6353 7.85079 1.07084 113.505
122.699 28.5854 7.85829 1.06968 113.497
122.799 28.5354 7.86578 1.06852 113.49
122.899 28.4855 7.87326 1.06735 113.483
122.999 28.4356 7.88073 1.06618 113.475
123.099 28.3857 7.88819 1.065 113.468
123.199 28.3357 7.89565 1.06382 113.46
123.299 28.2858 7.9031 1.06264 113.453
123.399 28.2359 7.91053 1.06146 113.445
123.499 28.186 7.91796 1.06027 113.438
123.599 28.136 7.92539 1.05908 113.43
123.699 28.0861 7.9328 1.05788 113.423
123.799 28.0362 7.9402 1.05668 113.416
123.899 27.9863 7.9476 1.05548 113.408
123.999 27.9363 7.95498 1.05428 113.401
124.099 27.8864 7.96236 1.05307 113.393
124.199 27.8365 7.96973 1.05186 113.386
124.299 27.7866 7.97709 1.05064 113.379
124.399 27.7367 7.98444 1.04942 113.371
124.499 27.6867 7.99179 1.0482 113.364
124.599 27.6368 7.99912 1.04698 113.357
124.699 27.5869 8.00645 1.04575 113.349
124.799 27.537 8.01376 1.04452 113.342
124.899 27.487 8.02107 1.04328 113.335
124.999 27.4371 8.02837 1.04204 113.327
125.099 27.3872 8.03566 1.0408 113.32
125.199 27.3373 8.04294 1.03956 113.313
125.299 27.2874 8.05021 1.03831 113.306
125.399 27.2374 8.05748 1.03706 113.298
125.499 27.1875 8.06473 1.0358 113.291
125.599 27.1376 8.07197 1.03454 113.284
125.699 27.0877 8.07921 1.03328 113.277
125.799 27.0378 8.08644 1.03202 113.269
125.899 26.9878 8.09366 1.03075 113.262
125.999 26.9379 8.10086 1.02948 113.255
126.099 26.888 8.10806 1.0282 113.248
126.199 26.8381 8.11525 1.02693 113.241
126.299 26.7882 8.12244 1.02565 113.233
126.399 26.7382 8.12961 1.02436 113.226
126.499 26.6883 8.13677 1.02307 113.219
126.599 26.6384 8.14392 1.02178 113.212
126.699 26.5885 8.15107 1.02049 113.205
126.799 26.5386 8.1582 1.01919 113.198
126.899 26.4886 8.16533 1.01789 113.19
126.999 26.4387 8.17244 1.01659 113.183
127.099 26.3888 8.17955 1.01528 113.176
127.199 26.3389 8.18665 1.01397 113.169
127.299 26.289 8.19374 1.01266 113.162
127.399 26.2391 8.20082 1.01134 113.155
127.499 26.1891 8.20789 1.01002 113.148
127.599 26.1392 8.21495 1.0087 113.141
127.699 26.0893 8.222 1.00738 113.134
127.799 26.0394 8.22904 1.00605 113.127
127.899 25.9895 8.23607 1.00471 113.12
127.999 25.9396 8.24309 1.00338 113.113
128.099 25.8896 8.2501 1.00204 113.106
128.199 25.8397 8.25711 1.0007 113.099
128.299 25.7898 8.2641 0.999352 113.092
128.399 25.7399 8.27108 0.998004 113.085
128.499 25.69 8.27806 0.996653 113.078
128.599 25.6401 8.28502 0.995298 113.071
128.699 25.5901 8.29198 0.99394 113.064
128.799 25.5402 8.29892 0.992579 113.057
128.899 25.4903 8.30586 0.991215 113.05
128.999 25.4404 8.31278 0.989848 113.043
129.099 25.3905 8.3197 0.988478 113.036
129.199 25.3405 8.32661 0.987104 113.029
129.299 25.2906 8.3335 0.985727 113.022
129.399 25.2407 8.34039 0.984348 113.015
129.499 25.1908 8.34727 0.982965 113.008
129.599 25.1409 8.35413 0.981579 113.002
129.699 25.091 8.36099 0.98019 112.995
129.799 25.041 8.36784 0.978797 112.988
129.899 24.9911 8.37467 0.977402 112.981
129.999 24.9412 8.3815 0.976004 112.974
130.099 24.8913 8.38832 0.974602 112.967
130.199 24.8414 8.39512 0.973197 112.961
130.299 24.7915 8.40192 0.97179 112.954
130.399 24.7415 8.40871 0.970379 112.947
130.499 24.6916 8.41548 0.968965 112.94
130.599 24.6417 8.42225 0.967548 112.934
130.699 24.5918 8.42901 0.966128 112.927
130.799 24.5419 8.43575 0.964705 112.92
130.899 24.492 8.44249 0.963278 112.913
130.999 24.4421 8.44922 0.961849 112.907
131.099 24.3921 8.45593 0.960417 112.9
131.199 24.3422 8.46264 0.958981 112.893
131.299 24.2923 8.46933 0.957543 112.886
131.399 24.2424 8.47602 0.956101 112.88
131.499 24.1925 8.48269 0.954657 112.873
131.599 24.1426 8.48936 0.953209 112.866
131.699 24.0927 8.49601 0.951759 112.86
131.799 24.0428 8.50266 0.950305 112.853
131.899 23.9928 8.50929 0.948849 112.846
131.999 23.9429 8.51591 0.947389 112.84
132.099 23.893 8.52253 0.945926 112.833
132.199 23.8431 8.52913 0.94446 112.827
132.299 23.7932 8.53572 0.942992 112.82
132.399 23.7433 8.5423 0.94152 112.813
132.499 23.6934 8.54887 0.940045 112.807
132.599 23.6435 8.55543 0.938568 112.8
132.699 23.5935 8.56198 0.937087 112.794
132.799 23.5436 8.56852 0.935603 112.787
132.899 23.4937 8.57505 0.934117 112.781
132.999 23.4438 8.58157 0.932627 112.774
133.099 23.3939 8.58808 0.931135 112.768
133.199 23.344 8.59458 0.929639 112.761
133.299 23.2941 8.60106 0.928141 112.755
133.399 23.2442 8.60754 0.926639 112.748
133.499 23.1943 8.614 0.925135 112.742
133.599 23.1444 8.62046 0.923627 112.735
133.699 23.0944 8.6269 0.922117 112.729
133.799 23.0445 8.63333 0.920604 112.722
133.899 22.9946 8.63976 0.919088 112.716
133.999 22.9447 8.64617 0.917568 112.71
134.099 22.8948 8.65257 0.916046 112.703
134.199 22.8449 8.65896 0.914521 112.697
134.299 22.795 8.66534 0.912994 112.69
134.399 22.7451 8.67171 0.911463 112.684
134.499 22.6952 8.67806 0.909929 112.678
134.599 22.6453 8.68441 0.908393 112.671
134.699 22.5954 8.69074 0.906853 112.665
134.799 22.5455 8.69707 0.905311 112.659
134.899 22.4955 8.70338 0.903765 112.652
134.999 22.4456 8.70969 0.902217 112.646
135.099 22.3957 8.71598 0.900666 112.64
135.199 22.3458 8.72226 0.899112 112.633
135.299 22.2959 8.72853 0.897556 112.627
135.399 22.246 8.73479 0.895996 112.621
135.499 22.1961 8.74103 0.894433 112.615
135.599 22.1462 8.74727 0.892868 112.608
135.699 22.0963 8.75349 0.8913 112.602
135.799 22.0464 8.75971 0.889729 112.596
135.899 21.9965 8.76591 0.888155 112.59
135.999 21.9466 8.7721 0.886578 112.584
136.099 21.8967 8.77828 0.884999 112.577
136.199 21.8468 8.78445 0.883416 112.571
136.299 21.7969 8.79061 0.881831 112.565
136.399 21.747 8.79676 0.880243 112.559
136.499 21.697 8.80289 0.878652 112.553
136.599 21.6471 8.80902 0.877059 112.547
136.699 21.5972 8.81513 0.875462 112.541
136.799 21.5473 8.82123 0.873863 112.535
136.899 21.4974 8.82732 0.872261 112.528
136.999 21.4475 8.8334 0.870656 112.522
137.099 21.3976 8.83947 0.869049 112.516
137.199 21.3477 8.84553 0.867438 112.51
137.299 21.2978 8.85157 0.865825 112.504
137.399 21.2479 8.85761 0.864209 112.498
137.499 21.198 8.86363 0.862591 112.492
137.599 21.1481 8.86964 0.860969 112.486
137.699 21.0982 8.87564 0.859345 112.48
137.799 21.0483 8.88163 0.857718 112.474
137.899 20.9984 8.8876 0.856088 112.468
137.999 20.9485 8.89357 0.854456 112.462
138.099 20.8986 8.89952 0.852821 112.456
138.199 20.8487 8.90546 0.851183 112.45
138.299 20.7988 8.91139 0.849542 112.444
138.399 20.7489 8.91731 0.847899 112.438
138.499 20.699 8.92322 0.846253 112.433
138.599 20.6491 8.92911 0.844604 112.427
138.699 20.5992 8.935 0.842953 112.421
138.799 20.5493 8.94087 0.841299 112.415
138.899 20.4994 8.94673 0.839642 112.409
138.999 20.4495 8.95258 0.837982 112.403
139.099 20.3996 8.95841 0.83632 112.397
139.199 20.3497 8.96424 0.834655 112.392
139.299 20.2998 8.97005 0.832988 112.386
139.399 20.2499 8.97585 0.831318 112.38
139.499 20.2 8.98164 0.829645 112.374
139.599 20.1501 8.98742 0.827969 112.368
139.699 20.1002 8.99318 0.826291 112.363
139.799 20.0503 8.99894 0.82461 112.357
139.899 20.0004 9.00468 0.822927 112.351
139.999 19.9505 9.01041 0.821241 112.345
140.099 19.9006 9.01613 0.819552 112.34
140.199 19.8507 9.02184 0.817861 112.334
140.299 19.8008 9.02753 0.816167 112.328
140.399 19.7509 9.03321 0.81447 112.323
140.499 19.701 9.03888 0.812771 112.317
140.599 19.6511 9.04454 0.811069 112.311
140.699 19.6012 9.05019 0.809365 112.306
140.799 19.5513 9.05582 0.807658 112.3
140.899 19.5014 9.06145 0.805948 112.294
140.999 19.4515 9.06706 0.804236 112.289
141.099 19.4016 9.07265 0.802521 112.283
141.199 19.3517 9.07824 0.800804 112.278
141.299 19.3018 9.08381 0.799084 112.272
141.399 19.2519 9.08938 0.797361 112.266
141.499 19.202 9.09493 0.795636 112.261
141.599 19.1521 9.10046 0.793909 112.255
141.699 19.1022 9.10599 0.792179 112.25
141.799 19.0523 9.1115 0.790446 112.244
141.899 19.0024 9.117 0.788711 112.239
141.999 18.9525 9.12249 0.786973 112.233
142.099 18.9026 9.12797 0.785233 112.228
142.199 18.8527 9.13343 0.78349 112.222
142.299 18.8028 9.13889 0.781745 112.217
142.399 18.7529 9.14433 0.779997 112.211
142.499 18.703 9.14975 0.778247 112.206
142.6 18.6531 9.15517 0.776494 112.201
142.7 18.6032 9.16057 0.774739 112.195
142.8 18.5534 9.16596 0.772981 112.19
142.9 18.5035 9.17134 0.771221 112.184
143 18.4536 9.1767 0.769458 112.179
143.1 18.4037 9.18206 0.767693 112.174
143.2 18.3538 9.1874 0.765925 112.168
143.3 18.3039 9.19273 0.764155 112.163
143.4 18.254 9.19804 0.762383 112.158
143.5 18.2041 9.20335 0.760608 112.152
143.6 18.1542 9.20864 0.75883 112.147
143.7 18.1043 9.21392 0.75705 112.142
143.8 18.0544 9.21918 0.755268 112.137
143.9 18.0045 9.22443 0.753483 112.131
144 17.9546 9.22968 0.751696 112.126
144.1 17.9047 9.2349 0.749907 112.121
144.2 17.8548 9.24012 0.748115 112.116
144.3 17.8049 9.24532 0.74632 112.11
144.4 17.755 9.25051 0.744523 112.105
144.5 17.7052 9.25569 0.742724 112.1
144.6 17.6553 9.26086 0.740923 112.095
144.7 17.6054 9.26601 0.739119 112.09
144.8 17.5555 9.27115 0.737312 112.085
144.9 17.5056 9.27627 0.735504 112.079
145 17.4557 9.28139 0.733693 112.074
145.1 17.4058 9.28649 0.731879 112.069
145.2 17.3559 9.29158 0.730064 112.064
145.3 17.306 9.29666 0.728245 112.059
145.4 17.2561 9.30172 0.726425 112.054
145.5 17.2062 9.30677 0.724602 112.049
145.6 17.1563 9.31181 0.722777 112.044
145.7 17.1065 9.31683 0.72095 112.039
145.8 17.0566 9.32184 0.71912 112.034
145.9 17.0067 9.32684 0.717288 112.029
146 16.9568 9.33183 0.715453 112.024
146.1 16.9069 9.3368 0.713617 112.019
146.2 16.857 9.34176 0.711778 112.014
146.3 16.8071 9.34671 0.709936 112.009
146.4 16.7572 9.35164 0.708093 112.004
146.5 16.7073 9.35657 0.706247 111.999
146.6 16.6574 9.36148 0.704399 111.994
146.7 16.6075 9.36637 0.702548 111.989
146.8 16.5577 9.37125 0.700696 111.985
146.9 16.5078 9.37612 0.698841 111.98
147 16.4579 9.38098 0.696984 111.975
147.1 16.408 9.38582 0.695124 111.97
147.2 16.3581 9.39065 0.693263 111.965
147.3 16.3082 9.39547 0.691399 111.96
147.4 16.2583 9.40028 0.689533 111.955
147.5 16.2084 9.40507 0.687665 111.951
147.6 16.1585 9.40985 0.685794 111.946
147.7 16.1087 9.41461 0.683921 111.941
147.8 16.0588 9.41936 0.682046 111.936
147.9 16.0089 9.4241 0.680169 111.932
148 15.959 9.42883 0.67829 111.927
148.1 15.9091 9.43354 0.676408 111.922
148.2 15.8592 9.43824 0.674525 111.918
148.3 15.8093 9.44293 0.672639 111.913
148.4 15.7594 9.4476 0.670751 111.908
148.5 15.7096 9.45226 0.668861 111.903
148.6 15.6597 9.4569 0.666968 111.899
148.7 15.6098 9.46154 0.665074 111.894
148.8 15.5599 9.46616 0.663177 111.89
148.9 15.51 9.47076 0.661278 111.885
149 15.4601 9.47536 0.659378 111.88
149.1 15.4102 9.47994 0.657474 111.876
149.2 15.3603 9.4845 0.655569 111.871
149.3 15.3105 9.48906 0.653662 111.867
149.4 15.2606 9.4936 0.651753 111.862
149.5 15.2107 9.49812 0.649841 111.858
149.6 15.1608 9.50264 0.647928 111.853
149.7 15.1109 9.50714 0.646012 111.849
149.8 15.061 9.51162 0.644094 111.844
149.9 15.0111 9.5161 0.642175 111.84
150 14.9613 9.52055 0.640253 111.835
150.1 14.9114 9.525 0.638329 111.831
150.2 14.8615 9.52943 0.636403 111.826
150.3 14.8116 9.53385 0.634475 111.822
150.4 14.7617 9.53826 0.632545 111.817
150.5 14.7118 9.54265 0.630612 111.813
150.6 14.6619 9.54703 0.628678 111.809
150.7 14.6121 9.55139 0.626742 111.804
150.8 14.5622 9.55574 0.624804 111.8
150.9 14.5123 9.56008 0.622863 111.796
151 14.4624 9.56441 0.620921 111.791
151.1 14.4125 9.56872 0.618977 111.787
151.2 14.3626 9.57301 0.617031 111.783
151.3 14.3127 9.5773 0.615082 111.778
151.4 14.2629 9.58157 0.613132 111.774
151.5 14.213 9.58582 0.61118 111.77
151.6 14.1631 9.59007 0.609226 111.766
151.7 14.1132 9.59429 0.60727 111.761
151.8 14.0633 9.59851 0.605312 111.757
151.9 14.0134 9.60271 0.603352 111.753
152 13.9636 9.6069 0.601389 111.749
152.1 13.9137 9.61107 0.599426 111.745
152.2 13.8638 9.61523 0.59746 111.741
152.3 13.8139 9.61938 0.595492 111.736
152.4 13.764 9.62351 0.593522 111.732
152.5 13.7141 9.62763 0.59155 111.728
152.6 13.6643 9.63174 0.589577 111.724
152.7 13.6144 9.63583 0.587601 111.72
152.8 13.5645 9.6399 0.585624 111.716
152.9 13.5146 9.64397 0.583645 111.712
153 13.4647 9.64802 0.581664 111.708
153.1 13.4148 9.65205 0.579681 111.704
153.2 13.365 9.65608 0.577696 111.7
153.3 13.3151 9.66008 0.575709 111.696
153.4 13.2652 9.66408 0.57372 111.692
153.5 13.2153 9.66806 0.57173 111.688
153.6 13.1654 9.67203 0.569737 111.684
153.7 13.1156 9.67598 0.567743 111.68
153.8 13.0657 9.67992 0.565747 111.676
153.9 13.0158 9.68384 0.563749 111.672
154 12.9659 9.68775 0.56175 111.668
154.1 12.916 9.69165 0.559748 111.664
154.2 12.8661 9.69553 0.557745 111.66
154.3 12.8163 9.6994 0.55574 111.656
154.4 12.7664 9.70326 0.553733 111.653
154.5 12.7165 9.7071 0.551724 111.649
154.6 12.6666 9.71092 0.549714 111.645
154.7 12.6167 9.71474 0.547702 111.641
154.8 12.5669 9.71853 0.545688 111.637
154.9 12.517 9.72232 0.543672 111.633
155 12.4671 9.72609 0.541654 111.63
155.1 12.4172 9.72985 0.539635 111.626
155.2 12.3673 9.73359 0.537614 111.622
155.3 12.3175 9.73732 0.535591 111.618
155.4 12.2676 9.74103 0.533567 111.615
155.5 12.2177 9.74473 0.531541 111.611
155.6 12.1678 9.74842 0.529513 111.607
155.7 12.1179 9.75209 0.527483 111.604
155.8 12.0681 9.75575 0.525452 111.6
155.9 12.0182 9.75939 0.523418 111.596
156 11.9683 9.76302 0.521384 111.593
156.1 11.9184 9.76663 0.519347 111.589
156.2 11.8685 9.77023 0.517309 111.586
156.3 11.8187 9.77382 0.515269 111.582
156.4 11.7688 9.77739 0.513228 111.578
156.5 11.7189 9.78095 0.511185 111.575
156.6 11.669 9.78449 0.50914 111.571
156.7 11.6191 9.78802 0.507094 111.568
156.8 11.5693 9.79154 0.505045 111.564
156.9 11.5194 9.79504 0.502996 111.561
157 11.4695 9.79853 0.500944 111.557
157.1 11.4196 9.802 0.498891 111.554
157.2 11.3698 9.80546 0.496837 111.55
157.3 11.3199 9.8089 0.494781 111.547
157.4 11.27 9.81233 0.492723 111.543
157.5 11.2201 9.81575 0.490664 111.54
157.6 11.1702 9.81915 0.488603 111.537
157.7 11.1204 9.82253 0.48654 111.533
157.8 11.0705 9.8259 0.484476 111.53
157.9 11.0206 9.82926 0.48241 111.526
158 10.9707 9.83261 0.480343 111.523
158.1 10.9209 9.83593 0.478274 111.52
158.2 10.871 9.83925 0.476204 111.517
158.3 10.8211 9.84255 0.474132 111.513
158.4 10.7712 9.84583 0.472058 111.51
158.5 10.7213 9.8491 0.469984 111.507
158.6 10.6715 9.85236 0.467907 111.503
158.7 10.6216 9.8556 0.465829 111.5
158.8 10.5717 9.85883 0.46375 111.497
158.9 10.5218 9.86204 0.461668 111.494
159.001 10.472 9.86524 0.459586 111.491
159.101 10.4221 9.86843 0.457502 111.487
159.201 10.3722 9.8716 0.455417 111.484
159.301 10.3223 9.87475 0.45333 111.481
159.401 10.2725 9.87789 0.451241 111.478
159.501 10.2226 9.88102 0.449151 111.475
159.601 10.1727 9.88413 0.44706 111.472
159.701 10.1228 9.88723 0.444967 111.469
159.801 10.073 9.89031 0.442873 111.465
159.901 10.0231 9.89337 0.440777 111.462
160.001 9.9732 9.89643 0.43868 111.459
160.101 9.92332 9.89947 0.436582 111.456
160.201 9.87345 9.90249 0.434482 111.453
160.301 9.82357 9.9055 0.43238 111.45
160.401 9.7737 9.90849 0.430278 111.447
160.501 9.72382 9.91147 0.428173 111.444
160.601 9.67395 9.91444 0.426068 111.441
160.701 9.62407 9.91739 0.423961 111.438
160.801 9.57419 9.92033 0.421853 111.435
160.901 9.52432 9.92325 0.419743 111.433
161.001 9.47444 9.92615 0.417632 111.43
161.101 9.42457 9.92905 0.41552 111.427
161.201 9.37469 9.93192 0.413406 111.424
161.301 9.32482 9.93478 0.411291 111.421
161.401 9.27494 9.93763 0.409174 111.418
161.501 9.22507 9.94047 0.407057 111.415
161.601 9.1752 9.94328 0.404938 111.412
161.701 9.12532 9.94609 0.402817 111.41
161.801 9.07545 9.94888 0.400696 111.407
161.901 9.02557 9.95165 0.398573 111.404
162.001 8.9757 9.95441 0.396448 111.401
162.101 8.92582 9.95715 0.394323 111.399
162.201 8.87595 9.95988 0.392196 111.396
162.301 8.82607 9.9626 0.390068 111.393
162.401 8.7762 9.9653 0.387939 111.39
162.501 8.72633 9.96798 0.385808 111.388
162.601 8.67645 9.97065 0.383676 111.385
162.701 8.62658 9.97331 0.381543 111.382
162.801 8.57671 9.97595 0.379409 111.38
162.901 8.52683 9.97858 0.377273 111.377
163.001 8.47696 9.98119 0.375136 111.375
163.101 8.42708 9.98378 0.372998 111.372
163.201 8.37721 9.98636 0.370859 111.369
163.301 8.32734 9.98893 0.368719 111.367
163.401 8.27746 9.99148 0.366577 111.364
163.501 8.22759 9.99402 0.364434 111.362
163.601 8.17772 9.99654 0.36229 111.359
163.701 8.12784 9.99905 0.360145 111.357
163.801 8.07797 10.0015 0.357999 111.354
163.901 8.0281 10.004 0.355851 111.352
164.001 7.97823 10.0065 0.353702 111.349
164.101 7.92835 10.0089 0.351553 111.347
164.201 7.87848 10.0114 0.349402 111.344
164.301 7.82861 10.0138 0.347249 111.342
164.401 7.77873 10.0162 0.345096 111.34
164.501 7.72886 10.0186 0.342942 111.337
164.601 7.67899 10.0209 0.340786 111.335
164.701 7.62912 10.0233 0.33863 111.332
164.801 7.57924 10.0256 0.336472 111.33
164.901 7.52937 10.028 0.334314 111.328
165.001 7.4795 10.0303 0.332154 111.325
165.101 7.42963 10.0326 0.329993 111.323
165.201 7.37975 10.0349 0.327831 111.321
165.301 7.32988 10.0371 0.325668 111.319
165.401 7.28001 10.0394 0.323504 111.316
165.501 7.23014 10.0416 0.321338 111.314
165.601 7.18027 10.0438 0.319172 111.312
165.701 7.13039 10.046 0.317005 111.31
165.801 7.08052 10.0482 0.314837 111.308
165.901 7.03065 10.0504 0.312667 111.305
166.001 6.98078 10.0526 0.310497 111.303
166.101 6.93091 10.0547 0.308326 111.301
166.201 6.88104 10.0568 0.306153 111.299
166.301 6.83116 10.059 0.30398 111.297
166.401 6.78129 10.0611 0.301806 111.295
166.501 6.73142 10.0632 0.299631 111.293
166.601 6.68155 10.0652 0.297454 111.291
166.701 6.63168 10.0673 0.295277 111.288
166.801 6.58181 10.0693 0.293099 111.286
166.901 6.53194 10.0713 0.29092 111.284
167.001 6.48206 10.0734 0.28874 111.282
167.101 6.43219 10.0754 0.286559 111.28
167.201 6.38232 10.0773 0.284377 111.278
167.301 6.33245 10.0793 0.282194 111.276
167.401 6.28258 10.0812 0.28001 111.275
167.501 6.23271 10.0832 0.277825 111.273
167.601 6.18284 10.0851 0.27564 111.271
167.701 6.13297 10.087 0.273453 111.269
167.801 6.0831 10.0889 0.271266 111.267
167.901 6.03323 10.0908 0.269078 111.265
168.001 5.98335 10.0926 0.266888 111.263
168.101 5.93348 10.0945 0.264698 111.261
168.201 5.88361 10.0963 0.262508 111.259
168.301 5.83374 10.0981 0.260316 111.258
168.401 5.78387 10.0999 0.258123 111.256
168.501 5.734 10.1017 0.25593 111.254
168.601 5.68413 10.1035 0.253736 111.252
168.701 5.63426 10.1052 0.251541 111.251
168.801 5.58439 10.107 0.249345 111.249
168.901 5.53452 10.1087 0.247148 111.247
169.001 5.48465 10.1104 0.24495 111.245
169.101 5.43478 10.1121 0.242752 111.244
169.201 5.38491 10.1137 0.240553 111.242
169.301 5.33504 10.1154 0.238353 111.24
169.401 5.28517 10.1171 0.236153 111.239
169.501 5.2353 10.1187 0.233951 111.237
169.601 5.18543 10.1203 0.231749 111.235
169.701 5.13556 10.1219 0.229546 111.234
169.801 5.08569 10.1235 0.227342 111.232
169.901 5.03582 10.1251 0.225138 111.231
170.001 4.98595 10.1266 0.222933 111.229
170.101 4.93608 10.1281 0.220727 111.228
170.201 4.88621 10.1297 0.21852 111.226
170.301 4.83634 10.1312 0.216313 111.225
170.401 4.78647 10.1327 0.214105 111.223
170.501 4.7366 10.1341 0.211896 111.222
170.601 4.68673 10.1356 0.209687 111.22
170.701 4.63686 10.1371 0.207477 111.219
170.801 4.58699 10.1385 0.205266 111.217
170.901 4.53712 10.1399 0.203055 111.216
171.001 4.48726 10.1413 0.200843 111.214
171.101 4.43739 10.1427 0.19863 111.213
171.201 4.38752 10.1441 0.196417 111.212
171.301 4.33765 10.1454 0.194203 111.21
171.401 4.28778 10.1468 0.191988 111.209
171.501 4.23791 10.1481 0.189773 111.208
171.601 4.18804 10.1494 0.187557 111.206
171.701 4.13817 10.1507 0.18534 111.205
171.801 4.0883 10.152 0.183123 111.204
171.901 4.03843 10.1532 0.180906 111.203
172.001 3.98856 10.1545 0.178687 111.201
172.101 3.93869 10.1557 0.176468 111.2
172.201 3.88882 10.1569 0.174249 111.199
172.301 3.83896 10.1581 0.172029 111.198
172.401 3.78909 10.1593 0.169808 111.196
172.501 3.73922 10.1605 0.167587 111.195
172.601 3.68935 10.1616 0.165366 111.194
172.701 3.63948 10.1628 0.163144 111.193
172.801 3.58961 10.1639 0.160921 111.192
172.901 3.53974 10.165 0.158698 111.191
173.001 3.48987 10.1661 0.156474 111.19
173.101 3.44001 10.1672 0.15425 111.189
173.201 3.39014 10.1682 0.152025 111.188
173.301 3.34027 10.1693 0.149799 111.186
173.401 3.2904 10.1703 0.147574 111.185
173.501 3.24053 10.1713 0.145347 111.184
173.601 3.19066 10.1723 0.143121 111.183
173.701 3.14079 10.1733 0.140894 111.182
173.801 3.09093 10.1743 0.138666 111.181
173.901 3.04106 10.1752 0.136438 111.181
174.001 2.99119 10.1762 0.134209 111.18
174.101 2.94132 10.1771 0.13198 111.179
174.201 2.89145 10.178 0.129751 111.178
174.301 2.84158 10.1789 0.127521 111.177
174.401 2.79171 10.1798 0.125291 111.176
174.501 2.74185 10.1806 0.12306 111.175
174.601 2.69198 10.1815 0.120829 111.174
174.701 2.64211 10.1823 0.118598 111.173
174.801 2.59224 10.1831 0.116366 111.173
174.901 2.54237 10.1839 0.114134 111.172
175.001 2.4925 10.1847 0.111901 111.171
175.101 2.44264 10.1855 0.109668 111.17
175.201 2.39277 10.1862 0.107435 111.17
175.301 2.3429 10.187 0.105201 111.169
175.402 2.29303 10.1877 0.102967 111.168
175.502 2.24316 10.1884 0.100733 111.167
175.602 2.1933 10.1891 0.0984984 111.167
175.702 2.14343 10.1898 0.0962635 111.166
175.802 2.09356 10.1904 0.0940282 111.165
175.902 2.04369 10.1911 0.0917926 111.165
176.002 1.99382 10.1917 0.0895567 111.164
176.102 1.94396 10.1923 0.0873205 111.163
176.202 1.89409 10.1929 0.0850841 111.163
176.302 1.84422 10.1935 0.0828473 111.162
176.402 1.79435 10.194 0.0806103 111.162
176.502 1.74448 10.1946 0.0783731 111.161
176.602 1.69462 10.1951 0.0761355 111.161
176.702 1.64475 10.1957 0.0738978 111.16
176.802 1.59488 10.1962 0.0716597 111.16
176.902 1.54501 10.1966 0.0694215 111.159
177.002 1.49514 10.1971 0.067183 111.159
177.102 1.44528 10.1976 0.0649443 111.158
177.202 1.39541 10.198 0.0627054 111.158
177.302 1.34554 10.1984 0.0604663 111.157
177.402 1.29567 10.1989 0.058227 111.157
177.502 1.2458 10.1993 0.0559875 111.157
177.602 1.19594 10.1996 0.0537479 111.156
177.702 1.14607 10.2 0.051508 111.156
177.802 1.0962 10.2003 0.049268 111.155
177.902 1.04633 10.2007 0.0470278 111.155
178.002 0.996465 10.201 0.0447875 111.155
178.102 0.946597 10.2013 0.042547 111.154
178.202 0.896729 10.2016 0.0403064 111.154
178.302 0.846862 10.2019 0.0380657 111.154
178.402 0.796994 10.2021 0.0358248 111.154
178.502 0.747126 10.2024 0.0335838 111.153
178.602 0.697258 10.2026 0.0313427 111.153
178.702 0.64739 10.2028 0.0291015 111.153
178.802 0.597523 10.203 0.0268602 111.153
178.902 0.547655 10.2032 0.0246188 111.153
179.002 0.497787 10.2033 0.0223774 111.152
179.102 0.447919 10.2035 0.0201358 111.152
179.202 0.398052 10.2036 0.0178943 111.152
179.302 0.348184 10.2037 0.0156526 111.152
179.402 0.298316 10.2038 0.0134109 111.152
179.502 0.248449 10.2039 0.0111691 111.152
179.602 0.198581 10.204 0.00892735 111.152
179.702 0.148713 10.204 0.00668553 111.152
179.802 0.0988453 10.2041 0.0044437 111.152
179.902 0.0489776 10.2041 0.00220184 111.152
