0 179.99 0 0 183.872
0.1 89.9498 1.17819e-05 0.00214521 183.872
0.2 89.8996 4.71276e-05 0.00429042 183.872
0.3 89.8494 0.000106037 0.00643562 183.872
0.4 89.7992 0.00018851 0.00858079 183.872
0.5 89.749 0.000294546 0.0107259 183.872
0.6 89.6988 0.000424145 0.0128711 183.872
0.7 89.6486 0.000577306 0.0150162 183.872
0.8 89.5984 0.00075403 0.0171612 183.872
0.9 89.5481 0.000954315 0.0193062 183.871
1 89.4979 0.00117816 0.0214511 183.871
1.1 89.4477 0.00142557 0.023596 183.871
1.2 89.3975 0.00169653 0.0257408 183.871
1.3 89.3473 0.00199106 0.0278856 183.87
1.4 89.2971 0.00230914 0.0300302 183.87
1.5 89.2469 0.00265078 0.0321748 183.87
1.6 89.1967 0.00301597 0.0343193 183.869
1.7 89.1465 0.00340472 0.0364636 183.869
1.8 89.0963 0.00381702 0.0386079 183.869
1.9 89.0461 0.00425288 0.0407521 183.868
2 88.9959 0.00471228 0.0428961 183.868
2.1 88.9457 0.00519524 0.0450401 183.867
2.2 88.8955 0.00570174 0.0471839 183.867
2.3 88.8453 0.00623179 0.0493275 183.866
2.4 88.7951 0.00678538 0.0514711 183.866
2.5 88.7449 0.00736252 0.0536144 183.865
2.6 88.6947 0.0079632 0.0557577 183.864
2.7 88.6445 0.00858742 0.0579007 183.864
2.8 88.5942 0.00923517 0.0600436 183.863
2.9 88.544 0.00990646 0.0621863 183.862
3 88.4938 0.0106013 0.0643289 183.862
3.1 88.4436 0.0113196 0.0664713 183.861
3.2 88.3934 0.0120615 0.0686134 183.86
3.3 88.3432 0.0128269 0.0707554 183.86
3.4 88.293 0.0136159 0.0728972 183.859
3.5 88.2428 0.0144283 0.0750388 183.858
3.6 88.1926 0.0152643 0.0771801 183.857
3.7 88.1424 0.0161238 0.0793213 183.856
3.8 88.0922 0.0170068 0.0814622 183.855
3.9 88.042 0.0179133 0.0836029 183.854
4 87.9918 0.0188434 0.0857433 183.854
4.1 87.9416 0.0197969 0.0878835 183.853
4.2 87.8914 0.020774 0.0900234 183.852
4.3 87.8412 0.0217745 0.0921631 183.851
4.4 87.791 0.0227985 0.0943026 183.85
4.5 87.7408 0.0238461 0.0964417 183.849
4.6 87.6906 0.0249171 0.0985806 183.847
4.7 87.6403 0.0260116 0.100719 183.846
4.8 87.5901 0.0271296 0.102858 183.845
4.9 87.5399 0.0282711 0.104996 183.844
5 87.4897 0.029436 0.107133 183.843
5.1 87.4395 0.0306245 0.109271 183.842
5.2 87.3893 0.0318364 0.111408 183.841
5.3 87.3391 0.0330717 0.113545 183.839
5.4 87.2889 0.0343306 0.115681 183.838
5.5 87.2387 0.0356129 0.117817 183.837
5.6 87.1885 0.0369186 0.119953 183.835
5.7 87.1383 0.0382478 0.122088 183.834
5.8 87.0881 0.0396004 0.124223 183.833
5.9 87.0379 0.0409765 0.126358 183.831
6 86.9877 0.0423761 0.128493 183.83
6.1 86.9375 0.043799 0.130627 183.829
6.2 86.8873 0.0452454 0.13276 183.827
6.3 86.8371 0.0467152 0.134894 183.826
6.4 86.7869 0.0482085 0.137026 183.824
6.5 86.7367 0.0497251 0.139159 183.823
6.6 86.6865 0.0512652 0.141291 183.821
6.7 86.6363 0.0528287 0.143423 183.82
6.8 86.5861 0.0544155 0.145554 183.818
6.9 86.5359 0.0560258 0.147685 183.816
7 86.4856 0.0576595 0.149815 183.815
7.1 86.4354 0.0593165 0.151945 183.813
7.2 86.3852 0.060997 0.154075 183.811
7.3 86.335 0.0627008 0.156204 183.81
7.4 86.2848 0.064428 0.158333 183.808
7.5 86.2346 0.0661785 0.160461 183.806
7.6 86.1844 0.0679525 0.162589 183.804
7.7 86.1342 0.0697497 0.164716 183.803
7.79999 86.084 0.0715704 0.166843 183.801
7.89999 86.0338 0.0734143 0.168969 183.799
7.99999 85.9836 0.0752817 0.171095 183.797
8.09999 85.9334 0.0771723 0.173221 183.795
8.2 85.8832 0.0790863 0.175346 183.793
8.3 85.833 0.0810236 0.17747 183.791
8.4 85.7828 0.0829842 0.179594 183.789
8.5 85.7326 0.0849682 0.181717 183.787
8.6 85.6824 0.0869754 0.18384 183.785
8.7 85.6322 0.089006 0.185963 183.783
8.8 85.582 0.0910598 0.188085 183.781
8.9 85.5318 0.0931369 0.190206 183.779
9 85.4816 0.0952373 0.192327 183.777
9.1 85.4314 0.097361 0.194447 183.775
9.2 85.3812 0.0995079 0.196566 183.773
9.3 85.331 0.101678 0.198686 183.771
9.4 85.2808 0.103872 0.200804 183.768
9.5 85.2306 0.106088 0.202922 183.766
9.6 85.1804 0.108328 0.205039 183.764
9.7 85.1302 0.110591 0.207156 183.762
9.8 85.08 0.112878 0.209272 183.759
9.9 85.0297 0.115187 0.211388 183.757
10 84.9795 0.11752 0.213503 183.755
10.1 84.9293 0.119876 0.215617 183.752
10.2 84.8791 0.122256 0.217731 183.75
10.3 84.8289 0.124658 0.219844 183.748
10.4 84.7787 0.127084 0.221957 183.745
10.5 84.7285 0.129532 0.224069 183.743
10.6 84.6783 0.132004 0.22618 183.74
10.7 84.6281 0.1345 0.22829 183.738
10.8 84.5779 0.137018 0.2304 183.735
10.9 84.5277 0.139559 0.23251 183.733
11 84.4775 0.142124 0.234618 183.73
11.1 84.4273 0.144712 0.236726 183.728
11.2 84.3771 0.147322 0.238834 183.725
11.3 84.3269 0.149956 0.24094 183.722
11.4 84.2767 0.152613 0.243046 183.72
11.5 84.2265 0.155293 0.245151 183.717
11.6 84.1763 0.157997 0.247256 183.714
11.7 84.1261 0.160723 0.24936 183.712
11.8 84.0759 0.163472 0.251463 183.709
11.9 84.0257 0.166245 0.253565 183.706
12 83.9755 0.16904 0.255667 183.703
12.1 83.9253 0.171859 0.257768 183.701
12.2 83.8751 0.174701 0.259868 183.698
12.3 83.8249 0.177565 0.261967 183.695
12.4 83.7747 0.180453 0.264066 183.692
12.5 83.7245 0.183364 0.266164 183.689
12.6 83.6743 0.186297 0.268261 183.686
12.7 83.6241 0.189254 0.270358 183.683
12.8 83.5739 0.192234 0.272453 183.68
12.9 83.5237 0.195236 0.274548 183.677
13 83.4735 0.198262 0.276642 183.674
13.1 83.4233 0.20131 0.278735 183.671
13.2 83.3731 0.204382 0.280828 183.668
13.3 83.3229 0.207476 0.28292 183.665
13.4 83.2727 0.210594 0.28501 183.662
13.5 83.2225 0.213734 0.287101 183.659
13.6 83.1723 0.216897 0.28919 183.655
13.7 83.1221 0.220083 0.291278 183.652
13.8 83.0719 0.223293 0.293366 183.649
13.9 83.0217 0.226524 0.295453 183.646
14 82.9715 0.229779 0.297538 183.643
14.1 82.9213 0.233057 0.299624 183.639
14.2 82.8711 0.236357 0.301708 183.636
14.3 82.8209 0.239681 0.303791 183.633
14.4 82.7707 0.243027 0.305874 183.629
14.5 82.7205 0.246396 0.307955 183.626
14.6 82.6703 0.249788 0.310036 183.623
14.7 82.6201 0.253202 0.312116 183.619
14.8 82.5699 0.25664 0.314195 183.616
14.9 82.5197 0.2601 0.316273 183.612
15 82.4695 0.263583 0.31835 183.609
15.1 82.4193 0.267089 0.320426 183.605
15.2 82.3691 0.270617 0.322501 183.602
15.3 82.3189 0.274168 0.324576 183.598
15.4 82.2687 0.277742 0.326649 183.595
15.5 82.2185 0.281339 0.328722 183.591
15.6 82.1683 0.284958 0.330793 183.587
15.7 82.1181 0.2886 0.332864 183.584
15.8 82.0679 0.292265 0.334934 183.58
15.9 82.0177 0.295953 0.337002 183.576
16 81.9675 0.299663 0.33907 183.573
16.1 81.9173 0.303395 0.341137 183.569
16.2 81.8671 0.307151 0.343203 183.565
16.3 81.8169 0.310929 0.345268 183.561
16.4 81.7667 0.314729 0.347331 183.558
16.5 81.7165 0.318553 0.349394 183.554
16.6 81.6663 0.322398 0.351456 183.55
16.7 81.6161 0.326267 0.353517 183.546
16.8 81.5659 0.330158 0.355577 183.542
16.9 81.5157 0.334071 0.357636 183.538
17 81.4656 0.338008 0.359694 183.534
17.1 81.4154 0.341966 0.36175 183.53
17.2 81.3652 0.345947 0.363806 183.526
17.3 81.315 0.349951 0.365861 183.522
17.4 81.2648 0.353977 0.367914 183.518
17.5 81.2146 0.358026 0.369967 183.514
17.6 81.1644 0.362097 0.372019 183.51
17.7 81.1142 0.36619 0.374069 183.506
17.8 81.064 0.370306 0.376119 183.502
17.9 81.0138 0.374445 0.378167 183.498
18 80.9636 0.378606 0.380214 183.494
18.1 80.9134 0.382789 0.38226 183.49
18.2 80.8632 0.386995 0.384305 183.485
18.3 80.813 0.391223 0.386349 183.481
18.4 80.7628 0.395473 0.388392 183.477
18.5 80.7126 0.399746 0.390434 183.473
18.6 80.6624 0.404041 0.392475 183.468
18.7 80.6122 0.408359 0.394514 183.464
18.8 80.562 0.412698 0.396552 183.46
18.9 80.5118 0.417061 0.39859 183.455
19 80.4616 0.421445 0.400626 183.451
19.1 80.4114 0.425852 0.402661 183.447
19.2 80.3612 0.430281 0.404695 183.442
19.3 80.3111 0.434732 0.406727 183.438
19.4 80.2609 0.439205 0.408759 183.433
19.5 80.2107 0.443701 0.410789 183.429
19.6 80.1605 0.448219 0.412818 183.424
19.7 80.1103 0.452759 0.414846 183.42
19.8 80.0601 0.457321 0.416873 183.415
19.9 80.0099 0.461905 0.418899 183.41
20 79.9597 0.466512 0.420923 183.406
20.1 79.9095 0.471141 0.422946 183.401
20.2 79.8593 0.475792 0.424968 183.397
20.3 79.8091 0.480465 0.426989 183.392
20.4 79.7589 0.48516 0.429008 183.387
20.5 79.7087 0.489877 0.431027 183.382
20.6 79.6585 0.494616 0.433044 183.378
20.7 79.6083 0.499377 0.43506 183.373
20.8 79.5582 0.504161 0.437074 183.368
20.9 79.508 0.508966 0.439087 183.363
21 79.4578 0.513793 0.4411 183.359
21.1 79.4076 0.518643 0.44311 183.354
21.2 79.3574 0.523514 0.44512 183.349
21.3 79.3072 0.528408 0.447128 183.344
21.4 79.257 0.533323 0.449135 183.339
21.5 79.2068 0.53826 0.451141 183.334
21.6 79.1566 0.543219 0.453145 183.329
21.7 79.1064 0.5482 0.455148 183.324
21.8 79.0562 0.553203 0.45715 183.319
21.9 79.006 0.558228 0.459151 183.314
22 78.9559 0.563275 0.46115 183.309
22.1 78.9057 0.568343 0.463148 183.304
22.2 78.8555 0.573434 0.465144 183.299
22.3 78.8053 0.578546 0.467139 183.294
22.4 78.7551 0.58368 0.469133 183.289
22.5 78.7049 0.588836 0.471126 183.284
22.6 78.6547 0.594013 0.473117 183.278
22.7001 78.6045 0.599212 0.475107 183.273
22.8001 78.5543 0.604433 0.477095 183.268
22.9001 78.5041 0.609676 0.479082 183.263
23.0001 78.454 0.614941 0.481068 183.257
23.1001 78.4038 0.620227 0.483052 183.252
23.2001 78.3536 0.625535 0.485035 183.247
23.3001 78.3034 0.630864 0.487017 183.241
23.4001 78.2532 0.636215 0.488997 183.236
23.5001 78.203 0.641588 0.490976 183.231
23.6001 78.1528 0.646982 0.492953 183.225
23.7001 78.1026 0.652398 0.494929 183.22
23.8001 78.0524 0.657836 0.496903 183.215
23.9001 78.0023 0.663295 0.498877 183.209
24.0001 77.9521 0.668776 0.500848 183.204
24.1001 77.9019 0.674278 0.502818 183.198
24.2001 77.8517 0.679802 0.504787 183.193
24.3001 77.8015 0.685347 0.506754 183.187
24.4001 77.7513 0.690913 0.50872 183.181
24.5001 77.7011 0.696502 0.510685 183.176
24.6001 77.6509 0.702111 0.512648 183.17
24.7001 77.6008 0.707742 0.514609 183.165
24.8001 77.5506 0.713394 0.516569 183.159
24.9001 77.5004 0.719068 0.518528 183.153
25.0001 77.4502 0.724763 0.520485 183.148
25.1001 77.4 0.73048 0.52244 183.142
25.2001 77.3498 0.736218 0.524394 183.136
25.3001 77.2996 0.741977 0.526347 183.13
25.4001 77.2495 0.747757 0.528298 183.125
25.5001 77.1993 0.753559 0.530247 183.119
25.6001 77.1491 0.759382 0.532195 183.113
25.7001 77.0989 0.765226 0.534142 183.107
25.8001 77.0487 0.771092 0.536087 183.101
25.9001 76.9985 0.776979 0.53803 183.095
26.0001 76.9483 0.782887 0.539972 183.089
26.1001 76.8982 0.788816 0.541912 183.084
26.2001 76.848 0.794766 0.543851 183.078
26.3001 76.7978 0.800737 0.545788 183.072
26.4001 76.7476 0.80673 0.547724 183.066
26.5001 76.6974 0.812744 0.549658 183.06
26.6001 76.6472 0.818778 0.55159 183.054
26.7001 76.5971 0.824834 0.553521 183.048
26.8001 76.5469 0.830911 0.555451 183.041
26.9001 76.4967 0.837009 0.557378 183.035
27.0001 76.4465 0.843128 0.559304 183.029
27.1001 76.3963 0.849268 0.561229 183.023
27.2001 76.3461 0.855428 0.563152 183.017
27.3001 76.296 0.86161 0.565073 183.011
27.4001 76.2458 0.867813 0.566993 183.005
27.5001 76.1956 0.874037 0.568911 182.998
27.6001 76.1454 0.880281 0.570827 182.992
27.7001 76.0952 0.886547 0.572742 182.986
27.8001 76.045 0.892833 0.574655 182.98
27.9001 75.9949 0.89914 0.576566 182.973
28.0001 75.9447 0.905468 0.578476 182.967
28.1001 75.8945 0.911817 0.580384 182.961
28.2001 75.8443 0.918187 0.582291 182.954
28.3001 75.7941 0.924577 0.584195 182.948
28.4001 75.744 0.930988 0.586098 182.941
28.5001 75.6938 0.93742 0.588 182.935
28.6001 75.6436 0.943872 0.5899 182.928
28.7001 75.5934 0.950346 0.591798 182.922
28.8001 75.5432 0.95684 0.593694 182.916
28.9001 75.4931 0.963354 0.595588 182.909
29.0001 75.4429 0.969889 0.597481 182.902
29.1001 75.3927 0.976445 0.599373 182.896
29.2001 75.3425 0.983021 0.601262 182.889
29.3001 75.2923 0.989618 0.60315 182.883
29.4001 75.2422 0.996236 0.605036 182.876
29.5001 75.192 1.00287 0.60692 182.869
29.6001 75.1418 1.00953 0.608803 182.863
29.7001 75.0916 1.01621 0.610683 182.856
29.8001 75.0414 1.02291 0.612562 182.849
29.9001 74.9913 1.02963 0.61444 182.843
30.0001 74.9411 1.03637 0.616315 182.836
30.1001 74.8909 1.04313 0.618189 182.829
30.2001 74.8407 1.04991 0.620061 182.822
30.3001 74.7906 1.05671 0.621931 182.816
30.4001 74.7404 1.06354 0.623799 182.809
30.5001 74.6902 1.07038 0.625666 182.802
30.6001 74.64 1.07724 0.627531 182.795
30.7001 74.5898 1.08412 0.629393 182.788
30.8001 74.5397 1.09103 0.631255 182.781
30.9001 74.4895 1.09795 0.633114 182.774
31.0001 74.4393 1.10489 0.634971 182.767
31.1001 74.3891 1.11186 0.636827 182.761
31.2001 74.339 1.11884 0.638681 182.754
31.3001 74.2888 1.12585 0.640533 182.747
31.4001 74.2386 1.13287 0.642383 182.739
31.5001 74.1884 1.13991 0.644231 182.732
31.6001 74.1383 1.14698 0.646078 182.725
31.7001 74.0881 1.15406 0.647923 182.718
31.8001 74.0379 1.16117 0.649765 182.711
31.9001 73.9877 1.16829 0.651606 182.704
32.0001 73.9376 1.17544 0.653445 182.697
32.1001 73.8874 1.1826 0.655282 182.69
32.2001 73.8372 1.18978 0.657117 182.683
32.3001 73.787 1.19699 0.658951 182.675
32.4001 73.7369 1.20421 0.660782 182.668
32.5001 73.6867 1.21146 0.662612 182.661
32.6001 73.6365 1.21872 0.664439 182.654
32.7001 73.5864 1.22601 0.666265 182.646
32.8001 73.5362 1.23331 0.668089 182.639
32.9001 73.486 1.24063 0.66991 182.632
33.0001 73.4358 1.24798 0.67173 182.624
33.1001 73.3857 1.25534 0.673548 182.617
33.2001 73.3355 1.26272 0.675364 182.61
33.3001 73.2853 1.27012 0.677178 182.602
33.4001 73.2352 1.27755 0.67899 182.595
33.5001 73.185 1.28499 0.680801 182.587
33.6001 73.1348 1.29245 0.682609 182.58
33.7001 73.0846 1.29993 0.684415 182.572
33.8001 73.0345 1.30743 0.686219 182.565
33.9001 72.9843 1.31495 0.688022 182.557
34.0001 72.9341 1.32249 0.689822 182.55
34.1001 72.884 1.33005 0.69162 182.542
34.2001 72.8338 1.33763 0.693416 182.535
34.3 72.7836 1.34523 0.695211 182.527
34.4 72.7335 1.35285 0.697003 182.52
34.5 72.6833 1.36048 0.698793 182.512
34.6 72.6331 1.36814 0.700582 182.504
34.7 72.5829 1.37582 0.702368 182.497
34.8 72.5328 1.38351 0.704152 182.489
34.9 72.4826 1.39123 0.705934 182.481
35 72.4324 1.39896 0.707715 182.473
35.1 72.3823 1.40671 0.709493 182.466
35.2 72.3321 1.41449 0.711269 182.458
35.3 72.2819 1.42228 0.713043 182.45
35.4 72.2318 1.43009 0.714815 182.442
35.5 72.1816 1.43792 0.716585 182.434
35.6 72.1314 1.44577 0.718353 182.427
35.7 72.0813 1.45364 0.720118 182.419
35.8 72.0311 1.46153 0.721882 182.411
35.9 71.9809 1.46943 0.723644 182.403
36 71.9308 1.47736 0.725403 182.395
36.1 71.8806 1.4853 0.727161 182.387
36.2 71.8305 1.49327 0.728916 182.379
36.3 71.7803 1.50125 0.730669 182.371
36.4 71.7301 1.50925 0.73242 182.363
36.5 71.68 1.51727 0.734169 182.355
36.6 71.6298 1.52531 0.735916 182.347
36.7 71.5796 1.53337 0.737661 182.339
36.8 71.5295 1.54145 0.739403 182.331
36.9 71.4793 1.54955 0.741144 182.323
37 71.4291 1.55766 0.742882 182.315
37.1 71.379 1.5658 0.744618 182.307
37.2 71.3288 1.57395 0.746352 182.298
37.3 71.2787 1.58212 0.748084 182.29
37.4 71.2285 1.59031 0.749814 182.282
37.5 71.1783 1.59852 0.751542 182.274
37.6 71.1282 1.60675 0.753267 182.266
37.7 71.078 1.615 0.75499 182.257
37.8 71.0278 1.62326 0.756711 182.249
37.9 70.9777 1.63155 0.75843 182.241
38 70.9275 1.63985 0.760147 182.233
38.1 70.8774 1.64817 0.761861 182.224
38.2 70.8272 1.65651 0.763574 182.216
38.3 70.777 1.66487 0.765284 182.207
38.4 70.7269 1.67325 0.766991 182.199
38.5 70.6767 1.68164 0.768697 182.191
38.6 70.6266 1.69006 0.7704 182.182
38.7 70.5764 1.69849 0.772102 182.174
38.8 70.5262 1.70694 0.7738 182.165
38.9 70.4761 1.71541 0.775497 182.157
39 70.4259 1.72389 0.777192 182.148
39.1 70.3758 1.7324 0.778884 182.14
39.2 70.3256 1.74092 0.780574 182.131
39.3 70.2754 1.74947 0.782261 182.123
39.4 70.2253 1.75803 0.783947 182.114
39.5 70.1751 1.7666 0.78563 182.106
39.6 70.125 1.7752 0.787311 182.097
39.7 70.0748 1.78382 0.78899 182.089
39.8 70.0247 1.79245 0.790666 182.08
39.9 69.9745 1.8011 0.79234 182.071
40 69.9243 1.80977 0.794012 182.063
40.1 69.8742 1.81846 0.795681 182.054
40.2 69.824 1.82716 0.797348 182.045
40.3 69.7739 1.83589 0.799013 182.036
40.4 69.7237 1.84463 0.800676 182.028
40.5 69.6736 1.85339 0.802336 182.019
40.6 69.6234 1.86216 0.803994 182.01
40.7 69.5733 1.87096 0.805649 182.001
40.7999 69.5231 1.87977 0.807302 181.993
40.8999 69.4729 1.8886 0.808953 181.984
40.9999 69.4228 1.89745 0.810602 181.975
41.0999 69.3726 1.90632 0.812248 181.966
41.1999 69.3225 1.9152 0.813892 181.957
41.2999 69.2723 1.9241 0.815533 181.948
41.3999 69.2222 1.93302 0.817172 181.939
41.4999 69.172 1.94196 0.818809 181.93
41.5999 69.1219 1.95091 0.820444 181.921
41.6999 69.0717 1.95989 0.822076 181.912
41.7999 69.0216 1.96888 0.823705 181.903
41.8999 68.9714 1.97788 0.825332 181.894
41.9999 68.9213 1.98691 0.826957 181.885
42.0999 68.8711 1.99595 0.82858 181.876
42.1999 68.821 2.00501 0.8302 181.867
42.2999 68.7708 2.01409 0.831817 181.858
42.3999 68.7207 2.02318 0.833433 181.849
42.4999 68.6705 2.0323 0.835045 181.84
42.5999 68.6204 2.04142 0.836656 181.831
42.6999 68.5702 2.05057 0.838264 181.822
42.7999 68.5201 2.05974 0.839869 181.813
42.8999 68.4699 2.06892 0.841472 181.803
42.9999 68.4198 2.07812 0.843073 181.794
43.0999 68.3696 2.08733 0.844671 181.785
43.1999 68.3195 2.09657 0.846267 181.776
43.2999 68.2693 2.10582 0.84786 181.767
43.3999 68.2192 2.11508 0.849451 181.757
43.4999 68.169 2.12437 0.851039 181.748
43.5999 68.1189 2.13367 0.852625 181.739
43.6999 68.0687 2.14299 0.854209 181.729
43.7999 68.0186 2.15233 0.85579 181.72
43.8999 67.9684 2.16168 0.857368 181.711
43.9999 67.9183 2.17105 0.858944 181.701
44.0999 67.8681 2.18044 0.860517 181.692
44.1999 67.818 2.18984 0.862088 181.683
44.2999 67.7678 2.19926 0.863657 181.673
44.3999 67.7177 2.2087 0.865223 181.664
44.4999 67.6675 2.21815 0.866786 181.654
44.5999 67.6174 2.22762 0.868347 181.645
44.6999 67.5673 2.23711 0.869906 181.635
44.7999 67.5171 2.24662 0.871461 181.626
44.8999 67.467 2.25614 0.873015 181.616
44.9999 67.4168 2.26568 0.874566 181.607
45.0999 67.3667 2.27523 0.876114 181.597
45.1999 67.3165 2.2848 0.87766 181.588
45.2999 67.2664 2.29439 0.879203 181.578
45.3999 67.2162 2.304 0.880743 181.568
45.4999 67.1661 2.31362 0.882282 181.559
45.5999 67.116 2.32325 0.883817 181.549
45.6999 67.0658 2.33291 0.88535 181.539
45.7999 67.0157 2.34258 0.88688 181.53
45.8999 66.9655 2.35227 0.888408 181.52
45.9999 66.9154 2.36197 0.889933 181.51
46.0999 66.8652 2.37169 0.891456 181.501
46.1999 66.8151 2.38143 0.892976 181.491
46.2999 66.765 2.39118 0.894493 181.481
46.3999 66.7148 2.40095 0.896008 181.471
46.4999 66.6647 2.41073 0.89752 181.462
46.5999 66.6145 2.42053 0.89903 181.452
46.6999 66.5644 2.43035 0.900537 181.442
46.7999 66.5143 2.44018 0.902041 181.432
46.8999 66.4641 2.45003 0.903543 181.422
46.9999 66.414 2.4599 0.905042 181.412
47.0999 66.3638 2.46978 0.906539 181.403
47.1999 66.3137 2.47968 0.908032 181.393
47.2999 66.2636 2.48959 0.909524 181.383
47.3998 66.2134 2.49952 0.911012 181.373
47.4998 66.1633 2.50947 0.912498 181.363
47.5998 66.1132 2.51943 0.913981 181.353
47.6998 66.063 2.52941 0.915462 181.343
47.7998 66.0129 2.5394 0.91694 181.333
47.8998 65.9627 2.54941 0.918415 181.323
47.9998 65.9126 2.55944 0.919888 181.313
48.0998 65.8625 2.56948 0.921357 181.303
48.1998 65.8123 2.57954 0.922825 181.293
48.2998 65.7622 2.58961 0.924289 181.283
48.3998 65.7121 2.5997 0.925751 181.273
48.4998 65.6619 2.6098 0.92721 181.263
48.5998 65.6118 2.61992 0.928666 181.252
48.6998 65.5617 2.63005 0.93012 181.242
48.7998 65.5115 2.6402 0.931571 181.232
48.8998 65.4614 2.65037 0.933019 181.222
48.9998 65.4113 2.66055 0.934465 181.212
49.0998 65.3611 2.67075 0.935908 181.202
49.1998 65.311 2.68096 0.937348 181.191
49.2998 65.2609 2.69119 0.938785 181.181
49.3998 65.2107 2.70143 0.94022 181.171
49.4998 65.1606 2.71169 0.941652 181.161
49.5998 65.1105 2.72196 0.943081 181.15
49.6998 65.0603 2.73225 0.944507 181.14
49.7998 65.0102 2.74256 0.945931 181.13
49.8998 64.9601 2.75288 0.947352 181.119
49.9998 64.9099 2.76321 0.94877 181.109
50.0998 64.8598 2.77356 0.950185 181.099
50.1998 64.8097 2.78393 0.951598 181.088
50.2998 64.7595 2.79431 0.953008 181.078
50.3998 64.7094 2.8047 0.954415 181.068
50.4998 64.6593 2.81511 0.955819 181.057
50.5998 64.6092 2.82554 0.957221 181.047
50.6998 64.559 2.83598 0.958619 181.036
50.7998 64.5089 2.84643 0.960015 181.026
50.8998 64.4588 2.8569 0.961408 181.015
50.9998 64.4086 2.86739 0.962798 181.005
51.0998 64.3585 2.87789 0.964186 180.994
51.1998 64.3084 2.8884 0.96557 180.984
51.2998 64.2583 2.89893 0.966952 180.973
51.3998 64.2081 2.90947 0.968331 180.963
51.4998 64.158 2.92003 0.969707 180.952
51.5998 64.1079 2.9306 0.971081 180.942
51.6998 64.0577 2.94119 0.972451 180.931
51.7998 64.0076 2.95179 0.973819 180.921
51.8998 63.9575 2.96241 0.975184 180.91
51.9998 63.9074 2.97304 0.976546 180.899
52.0998 63.8572 2.98369 0.977905 180.889
52.1998 63.8071 2.99435 0.979261 180.878
52.2998 63.757 3.00502 0.980614 180.867
52.3998 63.7069 3.01571 0.981965 180.857
52.4998 63.6567 3.02642 0.983312 180.846
52.5998 63.6066 3.03714 0.984657 180.835
52.6998 63.5565 3.04787 0.985999 180.824
52.7998 63.5064 3.05861 0.987338 180.814
52.8998 63.4562 3.06938 0.988674 180.803
52.9998 63.4061 3.08015 0.990007 180.792
53.0998 63.356 3.09094 0.991338 180.781
53.1998 63.3059 3.10174 0.992665 180.771
53.2998 63.2558 3.11256 0.99399 180.76
53.3998 63.2056 3.12339 0.995311 180.749
53.4998 63.1555 3.13424 0.99663 180.738
53.5998 63.1054 3.1451 0.997946 180.727
53.6998 63.0553 3.15597 0.999259 180.716
53.7998 63.0052 3.16686 1.00057 180.706
53.8997 62.955 3.17776 1.00188 180.695
53.9997 62.9049 3.18868 1.00318 180.684
54.0997 62.8548 3.19961 1.00448 180.673
54.1997 62.8047 3.21055 1.00578 180.662
54.2997 62.7546 3.22151 1.00707 180.651
54.3997 62.7044 3.23248 1.00837 180.64
54.4997 62.6543 3.24346 1.00966 180.629
54.5997 62.6042 3.25446 1.01094 180.618
54.6997 62.5541 3.26547 1.01223 180.607
54.7997 62.504 3.2765 1.01351 180.596
54.8997 62.4539 3.28754 1.01478 180.585
54.9997 62.4037 3.29859 1.01606 180.574
55.0997 62.3536 3.30965 1.01733 180.563
55.1997 62.3035 3.32073 1.0186 180.552
55.2997 62.2534 3.33183 1.01986 180.541
55.3997 62.2033 3.34293 1.02113 180.529
55.4997 62.1532 3.35405 1.02239 180.518
55.5997 62.103 3.36519 1.02364 180.507
55.6997 62.0529 3.37633 1.0249 180.496
55.7997 62.0028 3.38749 1.02615 180.485
55.8997 61.9527 3.39866 1.02739 180.474
55.9997 61.9026 3.40985 1.02864 180.463
56.0997 61.8525 3.42105 1.02988 180.451
56.1997 61.8024 3.43226 1.03112 180.44
56.2997 61.7522 3.44349 1.03235 180.429
56.3997 61.7021 3.45473 1.03359 180.418
56.4997 61.652 3.46598 1.03482 180.406
56.5997 61.6019 3.47724 1.03604 180.395
56.6997 61.5518 3.48852 1.03727 180.384
56.7997 61.5017 3.49981 1.03849 180.373
56.8997 61.4516 3.51111 1.0397 180.361
56.9997 61.4015 3.52243 1.04092 180.35
57.0997 61.3513 3.53376 1.04213 180.339
57.1997 61.3012 3.5451 1.04334 180.327
57.2997 61.2511 3.55646 1.04454 180.316
57.3997 61.201 3.56782 1.04574 180.305
57.4997 61.1509 3.5792 1.04694 180.293
57.5997 61.1008 3.5906 1.04814 180.282
57.6997 61.0507 3.602 1.04933 180.27
57.7997 61.0006 3.61342 1.05052 180.259
57.8997 60.9505 3.62485 1.05171 180.248
57.9997 60.9004 3.63629 1.05289 180.236
58.0997 60.8503 3.64775 1.05407 180.225
58.1997 60.8001 3.65922 1.05525 180.213
58.2997 60.75 3.6707 1.05642 180.202
58.3997 60.6999 3.68219 1.05759 180.19
58.4997 60.6498 3.6937 1.05876 180.179
58.5997 60.5997 3.70521 1.05993 180.167
58.6997 60.5496 3.71674 1.06109 180.156
58.7997 60.4995 3.72828 1.06225 180.144
58.8997 60.4494 3.73984 1.0634 180.133
58.9997 60.3993 3.75141 1.06455 180.121
59.0997 60.3492 3.76298 1.0657 180.109
59.1997 60.2991 3.77457 1.06685 180.098
59.2997 60.249 3.78618 1.06799 180.086
59.3997 60.1989 3.79779 1.06913 180.075
59.4997 60.1488 3.80942 1.07027 180.063
59.5997 60.0987 3.82106 1.0714 180.051
59.6997 60.0486 3.83271 1.07253 180.04
59.7997 59.9985 3.84437 1.07366 180.028
59.8997 59.9484 3.85604 1.07478 180.016
59.9997 59.8983 3.86773 1.07591 180.005
60.0997 59.8482 3.87943 1.07702 179.993
60.1997 59.7981 3.89114 1.07814 179.981
60.2997 59.748 3.90286 1.07925 179.97
60.3997 59.6979 3.91459 1.08036 179.958
60.4996 59.6478 3.92634 1.08146 179.946
60.5996 59.5977 3.93809 1.08256 179.934
60.6996 59.5476 3.94986 1.08366 179.922
60.7996 59.4975 3.96164 1.08476 179.911
60.8996 59.4474 3.97343 1.08585 179.899
60.9996 59.3973 3.98523 1.08694 179.887
61.0996 59.3472 3.99705 1.08803 179.875
61.1996 59.2971 4.00887 1.08911 179.863
61.2996 59.247 4.02071 1.09019 179.852
61.3996 59.1969 4.03256 1.09126 179.84
61.4996 59.1468 4.04442 1.09234 179.828
61.5996 59.0967 4.05629 1.09341 179.816
61.6996 59.0466 4.06817 1.09447 179.804
61.7996 58.9965 4.08006 1.09554 179.792
61.8996 58.9464 4.09197 1.0966 179.78
61.9996 58.8963 4.10388 1.09765 179.768
62.0996 58.8462 4.11581 1.09871 179.757
62.1996 58.7961 4.12774 1.09976 179.745
62.2996 58.746 4.13969 1.1008 179.733
62.3996 58.6959 4.15165 1.10185 179.721
62.4996 58.6458 4.16362 1.10289 179.709
62.5996 58.5957 4.1756 1.10393 179.697
62.6996 58.5456 4.18759 1.10496 179.685
62.7996 58.4955 4.1996 1.10599 179.673
62.8996 58.4455 4.21161 1.10702 179.661
62.9996 58.3954 4.22363 1.10804 179.649
63.0996 58.3453 4.23567 1.10906 179.637
63.1996 58.2952 4.24771 1.11008 179.625
63.2996 58.2451 4.25977 1.1111 179.613
63.3996 58.195 4.27183 1.11211 179.601
63.4996 58.1449 4.28391 1.11312 179.588
63.5996 58.0948 4.296 1.11412 179.576
63.6996 58.0447 4.3081 1.11512 179.564
63.7996 57.9946 4.32021 1.11612 179.552
63.8996 57.9445 4.33232 1.11711 179.54
63.9996 57.8945 4.34445 1.11811 179.528
64.0996 57.8444 4.35659 1.11909 179.516
64.1996 57.7943 4.36874 1.12008 179.504
64.2996 57.7442 4.3809 1.12106 179.491
64.3996 57.6941 4.39307 1.12204 179.479
64.4996 57.644 4.40525 1.12301 179.467
64.5996 57.5939 4.41745 1.12398 179.455
64.6996 57.5438 4.42965 1.12495 179.443
64.7996 57.4938 4.44186 1.12592 179.431
64.8996 57.4437 4.45408 1.12688 179.418
64.9996 57.3936 4.46631 1.12784 179.406
65.0996 57.3435 4.47855 1.12879 179.394
65.1996 57.2934 4.4908 1.12974 179.382
65.2996 57.2433 4.50306 1.13069 179.369
65.3996 57.1932 4.51533 1.13164 179.357
65.4996 57.1432 4.52761 1.13258 179.345
65.5996 57.0931 4.5399 1.13352 179.332
65.6996 57.043 4.5522 1.13445 179.32
65.7996 56.9929 4.56451 1.13538 179.308
65.8996 56.9428 4.57683 1.13631 179.296
65.9996 56.8927 4.58916 1.13724 179.283
66.0996 56.8427 4.6015 1.13816 179.271
66.1996 56.7926 4.61385 1.13908 179.259
66.2996 56.7425 4.6262 1.13999 179.246
66.3996 56.6924 4.63857 1.1409 179.234
66.4996 56.6423 4.65095 1.14181 179.221
66.5996 56.5923 4.66333 1.14271 179.209
66.6996 56.5422 4.67573 1.14361 179.197
66.7996 56.4921 4.68813 1.14451 179.184
66.8996 56.442 4.70055 1.14541 179.172
66.9995 56.3919 4.71297 1.1463 179.159
67.0995 56.3419 4.7254 1.14718 179.147
67.1995 56.2918 4.73784 1.14807 179.135
67.2995 56.2417 4.75029 1.14895 179.122
67.3995 56.1916 4.76275 1.14983 179.11
67.4995 56.1415 4.77522 1.1507 179.097
67.5995 56.0915 4.7877 1.15157 179.085
67.6995 56.0414 4.80019 1.15244 179.072
67.7995 55.9913 4.81268 1.1533 179.06
67.8995 55.9412 4.82519 1.15416 179.047
67.9995 55.8912 4.8377 1.15502 179.035
68.0995 55.8411 4.85022 1.15587 179.022
68.1995 55.791 4.86275 1.15672 179.01
68.2995 55.7409 4.87529 1.15757 178.997
68.3995 55.6909 4.88784 1.15841 178.985
68.4995 55.6408 4.9004 1.15925 178.972
68.5995 55.5907 4.91296 1.16009 178.959
68.6995 55.5406 4.92554 1.16092 178.947
68.7995 55.4906 4.93812 1.16175 178.934
68.8995 55.4405 4.95071 1.16258 178.922
68.9995 55.3904 4.96331 1.1634 178.909
69.0995 55.3404 4.97592 1.16422 178.896
69.1995 55.2903 4.98854 1.16503 178.884
69.2995 55.2402 5.00116 1.16584 178.871
69.3995 55.1901 5.01379 1.16665 178.859
69.4995 55.1401 5.02644 1.16746 178.846
69.5995 55.09 5.03909 1.16826 178.833
69.6995 55.0399 5.05174 1.16906 178.821
69.7995 54.9899 5.06441 1.16985 178.808
69.8995 54.9398 5.07708 1.17064 178.795
69.9995 54.8897 5.08977 1.17143 178.783
70.0995 54.8396 5.10246 1.17221 178.77
70.1995 54.7896 5.11516 1.173 178.757
70.2995 54.7395 5.12786 1.17377 178.744
70.3995 54.6894 5.14058 1.17455 178.732
70.4995 54.6394 5.1533 1.17532 178.719
70.5995 54.5893 5.16603 1.17608 178.706
70.6995 54.5392 5.17877 1.17685 178.694
70.7995 54.4892 5.19152 1.17761 178.681
70.8995 54.4391 5.20427 1.17836 178.668
70.9995 54.389 5.21703 1.17912 178.655
71.0995 54.339 5.2298 1.17986 178.643
71.1995 54.2889 5.24258 1.18061 178.63
71.2995 54.2388 5.25536 1.18135 178.617
71.3995 54.1888 5.26815 1.18209 178.604
71.4995 54.1387 5.28095 1.18283 178.591
71.5995 54.0887 5.29376 1.18356 178.579
71.6995 54.0386 5.30657 1.18429 178.566
71.7995 53.9885 5.31939 1.18501 178.553
71.8995 53.9385 5.33222 1.18573 178.54
71.9995 53.8884 5.34506 1.18645 178.527
72.0995 53.8383 5.3579 1.18716 178.514
72.1995 53.7883 5.37075 1.18787 178.502
72.2995 53.7382 5.38361 1.18858 178.489
72.3995 53.6882 5.39648 1.18928 178.476
72.4995 53.6381 5.40935 1.18998 178.463
72.5995 53.588 5.42223 1.19068 178.45
72.6995 53.538 5.43512 1.19137 178.437
72.7995 53.4879 5.44801 1.19206 178.424
72.8995 53.4379 5.46091 1.19275 178.411
72.9995 53.3878 5.47382 1.19343 178.399
73.0995 53.3377 5.48673 1.19411 178.386
73.1995 53.2877 5.49965 1.19478 178.373
73.2995 53.2376 5.51258 1.19545 178.36
73.3995 53.1876 5.52552 1.19612 178.347
73.4995 53.1375 5.53846 1.19678 178.334
73.5994 53.0874 5.55141 1.19745 178.321
73.6994 53.0374 5.56436 1.1981 178.308
73.7994 52.9873 5.57732 1.19876 178.295
73.8994 52.9373 5.59029 1.19941 178.282
73.9994 52.8872 5.60327 1.20005 178.269
74.0994 52.8372 5.61625 1.20069 178.256
74.1994 52.7871 5.62923 1.20133 178.243
74.2994 52.7371 5.64223 1.20197 178.23
74.3994 52.687 5.65523 1.2026 178.217
74.4994 52.637 5.66823 1.20323 178.204
74.5994 52.5869 5.68125 1.20385 178.191
74.6994 52.5368 5.69427 1.20447 178.178
74.7994 52.4868 5.70729 1.20509 178.165
74.8994 52.4367 5.72032 1.20571 178.152
74.9994 52.3867 5.73336 1.20632 178.139
75.0994 52.3366 5.74641 1.20692 178.126
75.1994 52.2866 5.75946 1.20753 178.113
75.2994 52.2365 5.77251 1.20813 178.1
75.3994 52.1865 5.78557 1.20872 178.087
75.4994 52.1364 5.79864 1.20931 178.074
75.5994 52.0864 5.81171 1.2099 178.061
75.6994 52.0363 5.82479 1.21049 178.048
75.7994 51.9863 5.83788 1.21107 178.034
75.8994 51.9362 5.85097 1.21165 178.021
75.9994 51.8862 5.86407 1.21222 178.008
76.0994 51.8361 5.87717 1.21279 177.995
76.1994 51.7861 5.89028 1.21336 177.982
76.2994 51.736 5.90339 1.21392 177.969
76.3994 51.686 5.91651 1.21448 177.956
76.4994 51.6359 5.92964 1.21504 177.943
76.5994 51.5859 5.94277 1.21559 177.93
76.6994 51.5359 5.9559 1.21614 177.916
76.7994 51.4858 5.96905 1.21668 177.903
76.8994 51.4358 5.98219 1.21722 177.89
76.9994 51.3857 5.99534 1.21776 177.877
77.0994 51.3357 6.0085 1.2183 177.864
77.1994 51.2856 6.02166 1.21883 177.851
77.2994 51.2356 6.03483 1.21935 177.838
77.3994 51.1855 6.04801 1.21988 177.824
77.4994 51.1355 6.06118 1.2204 177.811
77.5994 51.0855 6.07437 1.22091 177.798
77.6994 51.0354 6.08756 1.22142 177.785
77.7994 50.9854 6.10075 1.22193 177.772
77.8994 50.9353 6.11395 1.22244 177.758
77.9994 50.8853 6.12715 1.22294 177.745
78.0994 50.8352 6.14036 1.22344 177.732
78.1994 50.7852 6.15357 1.22393 177.719
78.2994 50.7352 6.16679 1.22442 177.706
78.3994 50.6851 6.18001 1.22491 177.692
78.4994 50.6351 6.19324 1.22539 177.679
78.5994 50.585 6.20647 1.22587 177.666
78.6994 50.535 6.21971 1.22634 177.653
78.7994 50.485 6.23295 1.22682 177.639
78.8994 50.4349 6.2462 1.22728 177.626
78.9994 50.3849 6.25945 1.22775 177.613
79.0994 50.3348 6.2727 1.22821 177.6
79.1994 50.2848 6.28596 1.22867 177.586
79.2994 50.2348 6.29923 1.22912 177.573
79.3994 50.1847 6.31249 1.22957 177.56
79.4994 50.1347 6.32577 1.23001 177.547
79.5994 50.0847 6.33904 1.23046 177.533
79.6994 50.0346 6.35232 1.23089 177.52
79.7994 49.9846 6.36561 1.23133 177.507
79.8994 49.9346 6.3789 1.23176 177.493
79.9994 49.8845 6.39219 1.23219 177.48
80.0993 49.8345 6.40549 1.23261 177.467
80.1993 49.7845 6.41879 1.23303 177.454
80.2993 49.7344 6.4321 1.23345 177.44
80.3993 49.6844 6.44541 1.23386 177.427
80.4993 49.6344 6.45872 1.23427 177.414
80.5993 49.5843 6.47204 1.23467 177.4
80.6993 49.5343 6.48536 1.23508 177.387
80.7993 49.4843 6.49869 1.23547 177.374
80.8993 49.4342 6.51201 1.23587 177.36
80.9993 49.3842 6.52535 1.23626 177.347
81.0993 49.3342 6.53868 1.23664 177.334
81.1993 49.2841 6.55202 1.23703 177.32
81.2993 49.2341 6.56537 1.23741 177.307
81.3993 49.1841 6.57872 1.23778 177.294
81.4993 49.134 6.59207 1.23815 177.28
81.5993 49.084 6.60542 1.23852 177.267
81.6993 49.034 6.61878 1.23889 177.254
81.7993 48.984 6.63214 1.23925 177.24
81.8993 48.9339 6.6455 1.2396 177.227
81.9993 48.8839 6.65887 1.23996 177.213
82.0993 48.8339 6.67224 1.2403 177.2
82.1993 48.7839 6.68562 1.24065 177.187
82.2993 48.7338 6.69899 1.24099 177.173
82.3993 48.6838 6.71238 1.24133 177.16
82.4993 48.6338 6.72576 1.24166 177.147
82.5993 48.5837 6.73915 1.24199 177.133
82.6993 48.5337 6.75254 1.24232 177.12
82.7993 48.4837 6.76593 1.24264 177.106
82.8993 48.4337 6.77932 1.24296 177.093
82.9993 48.3836 6.79272 1.24328 177.08
83.0993 48.3336 6.80612 1.24359 177.066
83.1993 48.2836 6.81953 1.2439 177.053
83.2993 48.2336 6.83294 1.2442 177.039
83.3993 48.1836 6.84635 1.2445 177.026
83.4993 48.1335 6.85976 1.2448 177.013
83.5993 48.0835 6.87317 1.24509 176.999
83.6993 48.0335 6.88659 1.24538 176.986
83.7993 47.9835 6.90001 1.24567 176.972
83.8993 47.9334 6.91344 1.24595 176.959
83.9993 47.8834 6.92686 1.24623 176.945
84.0993 47.8334 6.94029 1.2465 176.932
84.1993 47.7834 6.95372 1.24677 176.919
84.2993 47.7334 6.96715 1.24704 176.905
84.3993 47.6834 6.98059 1.2473 176.892
84.4993 47.6333 6.99403 1.24756 176.878
84.5993 47.5833 7.00747 1.24782 176.865
84.6993 47.5333 7.02091 1.24807 176.851
84.7993 47.4833 7.03435 1.24832 176.838
84.8993 47.4333 7.0478 1.24856 176.825
84.9993 47.3832 7.06125 1.2488 176.811
85.0993 47.3332 7.0747 1.24904 176.798
85.1993 47.2832 7.08815 1.24927 176.784
85.2993 47.2332 7.1016 1.2495 176.771
85.3993 47.1832 7.11506 1.24972 176.757
85.4993 47.1332 7.12852 1.24994 176.744
85.5993 47.0832 7.14198 1.25016 176.73
85.6993 47.0331 7.15544 1.25038 176.717
85.7993 46.9831 7.16891 1.25059 176.703
85.8993 46.9331 7.18237 1.25079 176.69
85.9993 46.8831 7.19584 1.25099 176.677
86.0993 46.8331 7.20931 1.25119 176.663
86.1993 46.7831 7.22278 1.25139 176.65
86.2993 46.7331 7.23625 1.25158 176.636
86.3993 46.683 7.24972 1.25177 176.623
86.4993 46.633 7.2632 1.25195 176.609
86.5993 46.583 7.27667 1.25213 176.596
86.6992 46.533 7.29015 1.2523 176.582
86.7992 46.483 7.30363 1.25248 176.569
86.8992 46.433 7.31711 1.25265 176.555
86.9992 46.383 7.33059 1.25281 176.542
87.0992 46.333 7.34408 1.25297 176.528
87.1992 46.283 7.35756 1.25313 176.515
87.2992 46.233 7.37105 1.25328 176.501
87.3992 46.1829 7.38453 1.25343 176.488
87.4992 46.1329 7.39802 1.25358 176.474
87.5992 46.0829 7.41151 1.25372 176.461
87.6992 46.0329 7.425 1.25385 176.447
87.7992 45.9829 7.43849 1.25399 176.434
87.8992 45.9329 7.45198 1.25412 176.42
87.9992 45.8829 7.46547 1.25425 176.407
88.0992 45.8329 7.47896 1.25437 176.393
88.1992 45.7829 7.49246 1.25449 176.38
88.2992 45.7329 7.50595 1.2546 176.366
88.3992 45.6829 7.51945 1.25471 176.353
88.4992 45.6329 7.53294 1.25482 176.339
88.5992 45.5829 7.54644 1.25492 176.326
88.6992 45.5329 7.55994 1.25502 176.312
88.7992 45.4829 7.57343 1.25512 176.299
88.8992 45.4329 7.58693 1.25521 176.285
88.9992 45.3829 7.60043 1.2553 176.272
89.0992 45.3329 7.61393 1.25539 176.258
89.1992 45.2829 7.62743 1.25547 176.245
89.2992 45.2329 7.64093 1.25554 176.231
89.3992 45.1829 7.65443 1.25562 176.218
89.4992 45.1329 7.66793 1.25569 176.204
89.5992 45.0829 7.68143 1.25575 176.191
89.6992 45.0329 7.69493 1.25581 176.177
89.7992 44.9829 7.70843 1.25587 176.164
89.8992 44.9329 7.72193 1.25592 176.15
89.9992 44.8829 7.73543 1.25597 176.137
90.0992 44.8329 7.74893 1.25602 176.123
90.1992 44.7829 7.76244 1.25606 176.11
90.2992 44.7329 7.77594 1.2561 176.096
90.3992 44.6829 7.78944 1.25614 176.083
90.4992 44.6329 7.80294 1.25617 176.069
90.5992 44.5829 7.81644 1.2562 176.056
90.6992 44.5329 7.82994 1.25622 176.042
90.7992 44.4829 7.84344 1.25624 176.029
90.8992 44.4329 7.85694 1.25625 176.015
90.9992 44.3829 7.87044 1.25627 176.002
91.0992 44.3329 7.88393 1.25627 175.988
91.1992 44.2829 7.89743 1.25628 175.975
91.2992 44.2329 7.91093 1.25628 175.961
91.3992 44.1829 7.92443 1.25628 175.948
91.4992 44.1329 7.93792 1.25627 175.934
91.5992 44.0829 7.95142 1.25626 175.921
91.6992 44.0329 7.96491 1.25624 175.907
91.7992 43.9829 7.97841 1.25622 175.894
91.8992 43.9329 7.9919 1.2562 175.88
91.9992 43.883 8.0054 1.25617 175.867
92.0992 43.833 8.01889 1.25614 175.853
92.1992 43.783 8.03238 1.25611 175.84
92.2992 43.733 8.04587 1.25607 175.826
92.3992 43.683 8.05936 1.25603 175.813
92.4992 43.633 8.07285 1.25599 175.8
92.5992 43.583 8.08634 1.25594 175.786
92.6992 43.533 8.09982 1.25588 175.773
92.7992 43.483 8.11331 1.25583 175.759
92.8992 43.433 8.12679 1.25577 175.746
92.9992 43.3831 8.14027 1.2557 175.732
93.0992 43.3331 8.15376 1.25563 175.719
93.1992 43.2831 8.16724 1.25556 175.705
93.2991 43.2331 8.18072 1.25548 175.692
93.3991 43.1831 8.19419 1.2554 175.678
93.4991 43.1331 8.20767 1.25532 175.665
93.5991 43.0831 8.22114 1.25523 175.651
93.6991 43.0331 8.23462 1.25514 175.638
93.7991 42.9832 8.24809 1.25505 175.624
93.8991 42.9332 8.26156 1.25495 175.611
93.9991 42.8832 8.27503 1.25484 175.597
94.0991 42.8332 8.2885 1.25474 175.584
94.1991 42.7832 8.30196 1.25463 175.57
94.2991 42.7332 8.31543 1.25451 175.557
94.3991 42.6833 8.32889 1.25439 175.543
94.4991 42.6333 8.34235 1.25427 175.53
94.5991 42.5833 8.35581 1.25414 175.517
94.6991 42.5333 8.36926 1.25402 175.503
94.7991 42.4833 8.38272 1.25388 175.49
94.8991 42.4333 8.39617 1.25374 175.476
94.9991 42.3834 8.40962 1.2536 175.463
95.0991 42.3334 8.42307 1.25346 175.449
95.1991 42.2834 8.43652 1.25331 175.436
95.2991 42.2334 8.44996 1.25316 175.422
95.3991 42.1834 8.4634 1.253 175.409
95.4991 42.1335 8.47684 1.25284 175.396
95.5991 42.0835 8.49028 1.25267 175.382
95.6991 42.0335 8.50371 1.25251 175.369
95.7991 41.9835 8.51715 1.25233 175.355
95.8991 41.9335 8.53058 1.25216 175.342
95.9991 41.8836 8.54401 1.25198 175.328
96.0991 41.8336 8.55743 1.25179 175.315
96.1991 41.7836 8.57085 1.25161 175.302
96.2991 41.7336 8.58428 1.25142 175.288
96.3991 41.6837 8.59769 1.25122 175.275
96.4991 41.6337 8.61111 1.25102 175.261
96.5991 41.5837 8.62452 1.25082 175.248
96.6991 41.5337 8.63793 1.25061 175.234
96.7991 41.4838 8.65134 1.2504 175.221
96.8991 41.4338 8.66474 1.25019 175.208
96.9991 41.3838 8.67815 1.24997 175.194
97.0991 41.3338 8.69154 1.24975 175.181
97.1991 41.2839 8.70494 1.24952 175.167
97.2991 41.2339 8.71833 1.24929 175.154
97.3991 41.1839 8.73172 1.24906 175.141
97.4991 41.1339 8.74511 1.24882 175.127
97.5991 41.084 8.75849 1.24858 175.114
97.6991 41.034 8.77187 1.24834 175.1
97.7991 40.984 8.78525 1.24809 175.087
97.8991 40.9341 8.79863 1.24784 175.074
97.9991 40.8841 8.812 1.24758 175.06
98.0991 40.8341 8.82537 1.24732 175.047
98.1991 40.7842 8.83873 1.24705 175.034
98.2991 40.7342 8.85209 1.24679 175.02
98.3991 40.6842 8.86545 1.24652 175.007
98.4991 40.6342 8.8788 1.24624 174.994
98.5991 40.5843 8.89215 1.24596 174.98
98.6991 40.5343 8.9055 1.24568 174.967
98.7991 40.4843 8.91884 1.24539 174.954
98.8991 40.4344 8.93219 1.2451 174.94
98.9991 40.3844 8.94552 1.2448 174.927
99.0991 40.3344 8.95885 1.24451 174.914
99.1991 40.2845 8.97218 1.2442 174.9
99.2991 40.2345 8.98551 1.2439 174.887
99.3991 40.1845 8.99883 1.24359 174.874
99.4991 40.1346 9.01215 1.24327 174.86
99.5991 40.0846 9.02546 1.24296 174.847
99.6991 40.0346 9.03877 1.24264 174.834
99.799 39.9847 9.05208 1.24231 174.82
99.899 39.9347 9.06538 1.24198 174.807
99.999 39.8848 9.07868 1.24165 174.794
100.099 39.8348 9.09197 1.24131 174.78
100.199 39.7848 9.10526 1.24097 174.767
100.299 39.7349 9.11855 1.24063 174.754
100.399 39.6849 9.13183 1.24028 174.741
100.499 39.6349 9.1451 1.23993 174.727
100.599 39.585 9.15838 1.23957 174.714
100.699 39.535 9.17165 1.23921 174.701
100.799 39.4851 9.18491 1.23885 174.687
100.899 39.4351 9.19817 1.23848 174.674
100.999 39.3851 9.21142 1.23811 174.661
101.099 39.3352 9.22467 1.23773 174.648
101.199 39.2852 9.23792 1.23736 174.634
101.299 39.2353 9.25116 1.23697 174.621
101.399 39.1853 9.2644 1.23659 174.608
101.499 39.1353 9.27763 1.2362 174.595
101.599 39.0854 9.29086 1.2358 174.582
101.699 39.0354 9.30408 1.2354 174.568
101.799 38.9855 9.3173 1.235 174.555
101.899 38.9355 9.33051 1.2346 174.542
101.999 38.8856 9.34372 1.23419 174.529
102.099 38.8356 9.35692 1.23378 174.515
102.199 38.7857 9.37012 1.23336 174.502
102.299 38.7357 9.38332 1.23294 174.489
102.399 38.6857 9.3965 1.23251 174.476
102.499 38.6358 9.40969 1.23209 174.463
102.599 38.5858 9.42287 1.23165 174.449
102.699 38.5359 9.43604 1.23122 174.436
102.799 38.4859 9.44921 1.23078 174.423
102.899 38.436 9.46237 1.23033 174.41
102.999 38.386 9.47553 1.22989 174.397
103.099 38.3361 9.48868 1.22944 174.384
103.199 38.2861 9.50183 1.22898 174.371
103.299 38.2362 9.51497 1.22852 174.357
103.399 38.1862 9.5281 1.22806 174.344
103.499 38.1363 9.54124 1.22759 174.331
103.599 38.0863 9.55436 1.22712 174.318
103.699 38.0364 9.56748 1.22665 174.305
103.799 37.9864 9.58059 1.22617 174.292
103.899 37.9365 9.5937 1.22569 174.279
103.999 37.8865 9.60681 1.22521 174.266
104.099 37.8366 9.6199 1.22472 174.252
104.199 37.7866 9.63299 1.22422 174.239
104.299 37.7367 9.64608 1.22373 174.226
104.399 37.6867 9.65916 1.22323 174.213
104.499 37.6368 9.67223 1.22272 174.2
104.599 37.5868 9.6853 1.22222 174.187
104.699 37.5369 9.69836 1.2217 174.174
104.799 37.4869 9.71142 1.22119 174.161
104.899 37.437 9.72447 1.22067 174.148
104.999 37.387 9.73751 1.22015 174.135
105.099 37.3371 9.75055 1.21962 174.122
105.199 37.2871 9.76358 1.21909 174.109
105.299 37.2372 9.77661 1.21856 174.096
105.399 37.1873 9.78963 1.21802 174.083
105.499 37.1373 9.80264 1.21748 174.07
105.599 37.0874 9.81565 1.21693 174.057
105.699 37.0374 9.82865 1.21638 174.044
105.799 36.9875 9.84164 1.21583 174.031
105.899 36.9375 9.85463 1.21527 174.018
105.999 36.8876 9.86761 1.21471 174.005
106.099 36.8377 9.88058 1.21415 173.992
106.199 36.7877 9.89355 1.21358 173.979
106.299 36.7378 9.90651 1.213 173.966
106.399 36.6878 9.91947 1.21243 173.953
106.499 36.6379 9.93242 1.21185 173.94
106.599 36.5879 9.94536 1.21127 173.927
106.699 36.538 9.95829 1.21068 173.914
106.799 36.4881 9.97122 1.21009 173.901
106.899 36.4381 9.98414 1.20949 173.888
106.999 36.3882 9.99706 1.2089 173.875
107.099 36.3382 10.01 1.20829 173.862
107.199 36.2883 10.0229 1.20769 173.849
107.299 36.2384 10.0358 1.20708 173.837
107.399 36.1884 10.0486 1.20647 173.824
107.499 36.1385 10.0615 1.20585 173.811
107.599 36.0886 10.0744 1.20523 173.798
107.699 36.0386 10.0873 1.2046 173.785
107.799 35.9887 10.1001 1.20398 173.772
107.899 35.9388 10.113 1.20334 173.759
107.999 35.8888 10.1258 1.20271 173.747
108.099 35.8389 10.1387 1.20207 173.734
108.199 35.7889 10.1515 1.20142 173.721
108.299 35.739 10.1643 1.20078 173.708
108.399 35.6891 10.1771 1.20013 173.695
108.499 35.6391 10.1899 1.19947 173.682
108.599 35.5892 10.2027 1.19881 173.67
108.699 35.5393 10.2155 1.19815 173.657
108.799 35.4893 10.2283 1.19749 173.644
108.899 35.4394 10.2411 1.19682 173.631
108.999 35.3895 10.2538 1.19615 173.619
109.099 35.3395 10.2666 1.19547 173.606
109.199 35.2896 10.2794 1.19479 173.593
109.299 35.2397 10.2921 1.1941 173.58
109.399 35.1898 10.3048 1.19342 173.568
109.499 35.1398 10.3176 1.19272 173.555
109.599 35.0899 10.3303 1.19203 173.542
109.699 35.04 10.343 1.19133 173.529
109.799 34.99 10.3557 1.19063 173.517
109.899 34.9401 10.3684 1.18992 173.504
109.999 34.8902 10.3811 1.18921 173.491
110.099 34.8402 10.3938 1.1885 173.479
110.199 34.7903 10.4065 1.18778 173.466
110.299 34.7404 10.4191 1.18706 173.453
110.399 34.6905 10.4318 1.18633 173.441
110.499 34.6405 10.4444 1.18561 173.428
110.599 34.5906 10.4571 1.18487 173.415
110.699 34.5407 10.4697 1.18414 173.403
110.799 34.4908 10.4823 1.1834 173.39
110.899 34.4408 10.495 1.18265 173.377
110.999 34.3909 10.5076 1.18191 173.365
111.099 34.341 10.5202 1.18116 173.352
111.199 34.2911 10.5328 1.1804 173.34
111.299 34.2411 10.5453 1.17964 173.327
111.399 34.1912 10.5579 1.17888 173.314
111.499 34.1413 10.5705 1.17812 173.302
111.599 34.0914 10.583 1.17735 173.289
111.699 34.0414 10.5956 1.17658 173.277
111.799 33.9915 10.6081 1.1758 173.264
111.899 33.9416 10.6207 1.17502 173.252
111.999 33.8917 10.6332 1.17424 173.239
112.099 33.8417 10.6457 1.17345 173.227
112.199 33.7918 10.6582 1.17266 173.214
112.299 33.7419 10.6707 1.17186 173.202
112.399 33.692 10.6832 1.17106 173.189
112.499 33.6421 10.6957 1.17026 173.177
112.599 33.5921 10.7081 1.16946 173.164
112.699 33.5422 10.7206 1.16865 173.152
112.799 33.4923 10.733 1.16783 173.139
112.899 33.4424 10.7455 1.16702 173.127
112.999 33.3925 10.7579 1.1662 173.114
113.099 33.3425 10.7703 1.16537 173.102
113.199 33.2926 10.7828 1.16455 173.09
113.299 33.2427 10.7952 1.16371 173.077
113.399 33.1928 10.8076 1.16288 173.065
113.499 33.1429 10.8199 1.16204 173.052
113.599 33.093 10.8323 1.1612 173.04
113.699 33.043 10.8447 1.16035 173.028
113.799 32.9931 10.857 1.1595 173.015
113.899 32.9432 10.8694 1.15865 173.003
113.999 32.8933 10.8817 1.15779 172.991
114.099 32.8434 10.8941 1.15693 172.978
114.199 32.7935 10.9064 1.15607 172.966
114.299 32.7435 10.9187 1.1552 172.954
114.399 32.6936 10.931 1.15433 172.941
114.499 32.6437 10.9433 1.15346 172.929
114.599 32.5938 10.9556 1.15258 172.917
114.699 32.5439 10.9678 1.1517 172.905
114.799 32.494 10.9801 1.15081 172.892
114.899 32.4441 10.9923 1.14992 172.88
114.999 32.3942 11.0046 1.14903 172.868
115.099 32.3442 11.0168 1.14813 172.856
115.199 32.2943 11.029 1.14723 172.843
115.299 32.2444 11.0412 1.14633 172.831
115.399 32.1945 11.0534 1.14542 172.819
115.499 32.1446 11.0656 1.14451 172.807
115.599 32.0947 11.0778 1.1436 172.795
115.699 32.0448 11.09 1.14268 172.782
115.799 31.9949 11.1021 1.14176 172.77
115.899 31.945 11.1143 1.14083 172.758
115.999 31.895 11.1264 1.13991 172.746
116.099 31.8451 11.1386 1.13897 172.734
116.199 31.7952 11.1507 1.13804 172.722
116.299 31.7453 11.1628 1.1371 172.71
116.399 31.6954 11.1749 1.13616 172.697
116.499 31.6455 11.187 1.13521 172.685
116.599 31.5956 11.1991 1.13426 172.673
116.699 31.5457 11.2111 1.13331 172.661
116.799 31.4958 11.2232 1.13235 172.649
116.899 31.4459 11.2352 1.13139 172.637
116.999 31.396 11.2473 1.13043 172.625
117.099 31.3461 11.2593 1.12946 172.613
117.199 31.2962 11.2713 1.12849 172.601
117.299 31.2463 11.2833 1.12751 172.589
117.399 31.1963 11.2953 1.12653 172.577
117.499 31.1464 11.3073 1.12555 172.565
117.599 31.0965 11.3192 1.12457 172.553
117.699 31.0466 11.3312 1.12358 172.541
117.799 30.9967 11.3431 1.12259 172.529
117.899 30.9468 11.3551 1.12159 172.517
117.999 30.8969 11.367 1.12059 172.505
118.099 30.847 11.3789 1.11959 172.493
118.199 30.7971 11.3908 1.11858 172.482
118.299 30.7472 11.4027 1.11757 172.47
118.399 30.6973 11.4146 1.11656 172.458
118.499 30.6474 11.4265 1.11554 172.446
118.599 30.5975 11.4383 1.11452 172.434
118.699 30.5476 11.4502 1.1135 172.422
118.799 30.4977 11.462 1.11247 172.41
118.899 30.4478 11.4738 1.11144 172.399
118.999 30.3979 11.4857 1.1104 172.387
119.099 30.348 11.4975 1.10936 172.375
119.199 30.2981 11.5093 1.10832 172.363
119.299 30.2482 11.521 1.10728 172.351
119.399 30.1983 11.5328 1.10623 172.34
119.499 30.1484 11.5446 1.10518 172.328
119.599 30.0985 11.5563 1.10412 172.316
119.699 30.0486 11.568 1.10306 172.304
119.799 29.9987 11.5798 1.102 172.293
119.899 29.9488 11.5915 1.10094 172.281
119.999 29.8989 11.6032 1.09987 172.269
120.099 29.849 11.6149 1.09879 172.258
120.199 29.7991 11.6265 1.09772 172.246
120.299 29.7492 11.6382 1.09664 172.234
120.399 29.6994 11.6498 1.09556 172.223
120.499 29.6495 11.6615 1.09447 172.211
120.599 29.5996 11.6731 1.09338 172.199
120.699 29.5497 11.6847 1.09229 172.188
120.799 29.4998 11.6963 1.09119 172.176
120.899 29.4499 11.7079 1.09009 172.164
120.999 29.4 11.7195 1.08898 172.153
121.099 29.3501 11.7311 1.08788 172.141
121.199 29.3002 11.7426 1.08677 172.13
121.299 29.2503 11.7542 1.08565 172.118
121.399 29.2004 11.7657 1.08454 172.107
121.499 29.1505 11.7772 1.08341 172.095
121.599 29.1006 11.7887 1.08229 172.084
121.699 29.0507 11.8002 1.08116 172.072
121.799 29.0008 11.8117 1.08003 172.061
121.899 28.951 11.8232 1.0789 172.049
121.999 28.9011 11.8346 1.07776 172.038
122.099 28.8512 11.846 1.07662 172.026
122.199 28.8013 11.8575 1.07547 172.015
122.299 28.7514 11.8689 1.07433 172.003
122.399 28.7015 11.8803 1.07317 171.992
122.499 28.6516 11.8917 1.07202 171.981
122.599 28.6017 11.9031 1.07086 171.969
122.699 28.5518 11.9144 1.0697 171.958
122.799 28.502 11.9258 1.06853 171.947
122.899 28.4521 11.9371 1.06737 171.935
122.999 28.4022 11.9485 1.06619 171.924
123.099 28.3523 11.9598 1.06502 171.913
123.199 28.3024 11.9711 1.06384 171.901
123.299 28.2525 11.9824 1.06266 171.89
123.399 28.2026 11.9937 1.06147 171.879
123.499 28.1527 12.0049 1.06029 171.867
123.599 28.1029 12.0162 1.05909 171.856
123.699 28.053 12.0274 1.0579 171.845
123.799 28.0031 12.0386 1.0567 171.834
123.899 27.9532 12.0499 1.0555 171.823
123.999 27.9033 12.0611 1.05429 171.811
124.099 27.8534 12.0722 1.05309 171.8
124.199 27.8036 12.0834 1.05187 171.789
124.299 27.7537 12.0946 1.05066 171.778
124.399 27.7038 12.1057 1.04944 171.767
124.499 27.6539 12.1169 1.04822 171.756
124.599 27.604 12.128 1.04699 171.744
124.699 27.5541 12.1391 1.04576 171.733
124.799 27.5043 12.1502 1.04453 171.722
124.899 27.4544 12.1613 1.0433 171.711
124.999 27.4045 12.1723 1.04206 171.7
125.099 27.3546 12.1834 1.04082 171.689
125.199 27.3047 12.1944 1.03957 171.678
125.299 27.2548 12.2054 1.03833 171.667
125.399 27.205 12.2164 1.03707 171.656
125.499 27.1551 12.2274 1.03582 171.645
125.599 27.1052 12.2384 1.03456 171.634
125.699 27.0553 12.2494 1.0333 171.623
125.799 27.0054 12.2604 1.03204 171.612
125.899 26.9556 12.2713 1.03077 171.601
125.999 26.9057 12.2822 1.0295 171.59
126.099 26.8558 12.2931 1.02822 171.579
126.199 26.8059 12.304 1.02694 171.568
126.299 26.7561 12.3149 1.02566 171.557
126.399 26.7062 12.3258 1.02438 171.547
126.499 26.6563 12.3367 1.02309 171.536
126.599 26.6064 12.3475 1.0218 171.525
126.699 26.5565 12.3583 1.02051 171.514
126.799 26.5067 12.3692 1.01921 171.503
126.899 26.4568 12.38 1.01791 171.492
126.999 26.4069 12.3908 1.01661 171.482
127.099 26.357 12.4015 1.0153 171.471
127.199 26.3072 12.4123 1.01399 171.46
127.299 26.2573 12.423 1.01268 171.449
127.399 26.2074 12.4338 1.01136 171.439
127.499 26.1575 12.4445 1.01004 171.428
127.599 26.1077 12.4552 1.00872 171.417
127.699 26.0578 12.4659 1.00739 171.406
127.799 26.0079 12.4766 1.00606 171.396
127.899 25.9581 12.4872 1.00473 171.385
127.999 25.9082 12.4979 1.0034 171.374
128.099 25.8583 12.5085 1.00206 171.364
128.199 25.8084 12.5191 1.00072 171.353
128.299 25.7586 12.5297 0.999371 171.343
128.399 25.7087 12.5403 0.998023 171.332
128.499 25.6588 12.5509 0.996671 171.321
128.599 25.6089 12.5614 0.995317 171.311
128.699 25.5591 12.572 0.993959 171.3
128.799 25.5092 12.5825 0.992598 171.29
128.899 25.4593 12.593 0.991234 171.279
128.999 25.4094 12.6035 0.989867 171.269
129.099 25.3596 12.614 0.988496 171.258
129.199 25.3097 12.6245 0.987123 171.248
129.299 25.2598 12.6349 0.985746 171.237
129.399 25.2099 12.6454 0.984366 171.227
129.499 25.1601 12.6558 0.982983 171.217
129.599 25.1102 12.6662 0.981597 171.206
129.699 25.0603 12.6766 0.980208 171.196
129.799 25.0104 12.687 0.978816 171.185
129.899 24.9606 12.6974 0.977421 171.175
129.999 24.9107 12.7077 0.976022 171.165
130.099 24.8608 12.7181 0.974621 171.154
130.199 24.811 12.7284 0.973216 171.144
130.299 24.7611 12.7387 0.971808 171.134
130.399 24.7112 12.749 0.970398 171.123
130.499 24.6614 12.7592 0.968984 171.113
130.599 24.6115 12.7695 0.967567 171.103
130.699 24.5616 12.7798 0.966147 171.093
130.799 24.5117 12.79 0.964723 171.082
130.899 24.4619 12.8002 0.963297 171.072
130.999 24.412 12.8104 0.961868 171.062
131.099 24.3621 12.8206 0.960436 171.052
131.199 24.3123 12.8307 0.959 171.042
131.299 24.2624 12.8409 0.957562 171.031
131.399 24.2125 12.851 0.95612 171.021
131.499 24.1627 12.8611 0.954676 171.011
131.599 24.1128 12.8713 0.953228 171.001
131.699 24.0629 12.8813 0.951778 170.991
131.799 24.0131 12.8914 0.950324 170.981
131.899 23.9632 12.9015 0.948868 170.971
131.999 23.9133 12.9115 0.947408 170.961
132.099 23.8635 12.9215 0.945945 170.951
132.199 23.8136 12.9316 0.94448 170.941
132.299 23.7637 12.9415 0.943011 170.931
132.399 23.7139 12.9515 0.941539 170.921
132.499 23.664 12.9615 0.940065 170.911
132.599 23.6141 12.9714 0.938587 170.901
132.699 23.5643 12.9814 0.937106 170.891
132.799 23.5144 12.9913 0.935623 170.881
132.899 23.4646 13.0012 0.934136 170.871
132.999 23.4147 13.0111 0.932646 170.861
133.099 23.3648 13.0209 0.931154 170.851
133.199 23.315 13.0308 0.929658 170.842
133.299 23.2651 13.0406 0.92816 170.832
133.399 23.2152 13.0504 0.926658 170.822
133.499 23.1654 13.0602 0.925154 170.812
133.599 23.1155 13.07 0.923646 170.802
133.699 23.0657 13.0798 0.922136 170.793
133.799 23.0158 13.0895 0.920623 170.783
133.899 22.9659 13.0993 0.919107 170.773
133.999 22.9161 13.109 0.917588 170.763
134.099 22.8662 13.1187 0.916066 170.754
134.199 22.8164 13.1284 0.914541 170.744
134.299 22.7665 13.1381 0.913013 170.734
134.399 22.7166 13.1477 0.911482 170.725
134.499 22.6668 13.1574 0.909948 170.715
134.599 22.6169 13.167 0.908412 170.705
134.699 22.5671 13.1766 0.906872 170.696
134.799 22.5172 13.1862 0.90533 170.686
134.899 22.4673 13.1957 0.903785 170.677
134.999 22.4175 13.2053 0.902237 170.667
135.099 22.3676 13.2148 0.900686 170.658
135.199 22.3178 13.2244 0.899132 170.648
135.299 22.2679 13.2339 0.897575 170.638
135.399 22.2181 13.2434 0.896015 170.629
135.499 22.1682 13.2528 0.894453 170.62
135.599 22.1183 13.2623 0.892887 170.61
135.699 22.0685 13.2717 0.891319 170.601
135.799 22.0186 13.2811 0.889748 170.591
135.899 21.9688 13.2906 0.888174 170.582
135.999 21.9189 13.2999 0.886598 170.572
136.099 21.8691 13.3093 0.885018 170.563
136.199 21.8192 13.3187 0.883436 170.554
136.299 21.7694 13.328 0.88185 170.544
136.399 21.7195 13.3373 0.880262 170.535
136.499 21.6696 13.3466 0.878672 170.526
136.599 21.6198 13.3559 0.877078 170.516
136.699 21.5699 13.3652 0.875482 170.507
136.799 21.5201 13.3744 0.873882 170.498
136.899 21.4702 13.3837 0.87228 170.489
136.999 21.4204 13.3929 0.870675 170.479
137.099 21.3705 13.4021 0.869068 170.47
137.199 21.3207 13.4113 0.867457 170.461
137.299 21.2708 13.4204 0.865844 170.452
137.399 21.221 13.4296 0.864228 170.443
137.499 21.1711 13.4387 0.86261 170.434
137.599 21.1213 13.4478 0.860988 170.425
137.699 21.0714 13.4569 0.859364 170.415
137.799 21.0216 13.466 0.857737 170.406
137.899 20.9717 13.4751 0.856108 170.397
137.999 20.9219 13.4841 0.854475 170.388
138.099 20.872 13.4931 0.85284 170.379
138.199 20.8222 13.5021 0.851202 170.37
138.299 20.7723 13.5111 0.849562 170.361
138.399 20.7225 13.5201 0.847918 170.352
138.499 20.6726 13.5291 0.846272 170.343
138.599 20.6228 13.538 0.844623 170.334
138.699 20.5729 13.5469 0.842972 170.325
138.799 20.5231 13.5558 0.841318 170.317
138.899 20.4732 13.5647 0.839661 170.308
138.999 20.4234 13.5736 0.838002 170.299
139.099 20.3735 13.5824 0.836339 170.29
139.199 20.3237 13.5912 0.834674 170.281
139.299 20.2738 13.6001 0.833007 170.272
139.399 20.224 13.6089 0.831337 170.264
139.499 20.1741 13.6176 0.829664 170.255
139.599 20.1243 13.6264 0.827988 170.246
139.699 20.0744 13.6351 0.82631 170.237
139.799 20.0246 13.6439 0.824629 170.229
139.899 19.9747 13.6526 0.822946 170.22
139.999 19.9249 13.6613 0.82126 170.211
140.099 19.875 13.6699 0.819571 170.202
140.199 19.8252 13.6786 0.81788 170.194
140.299 19.7754 13.6872 0.816186 170.185
140.399 19.7255 13.6958 0.814489 170.177
140.499 19.6757 13.7044 0.81279 170.168
140.599 19.6258 13.713 0.811088 170.159
140.699 19.576 13.7216 0.809384 170.151
140.799 19.5261 13.7301 0.807677 170.142
140.899 19.4763 13.7386 0.805967 170.134
140.999 19.4264 13.7471 0.804255 170.125
141.099 19.3766 13.7556 0.80254 170.117
141.199 19.3268 13.7641 0.800823 170.108
141.299 19.2769 13.7725 0.799103 170.1
141.399 19.2271 13.781 0.79738 170.091
141.499 19.1772 13.7894 0.795655 170.083
141.599 19.1274 13.7978 0.793928 170.075
141.699 19.0775 13.8062 0.792198 170.066
141.799 19.0277 13.8145 0.790465 170.058
141.899 18.9779 13.8229 0.78873 170.049
141.999 18.928 13.8312 0.786992 170.041
142.099 18.8782 13.8395 0.785252 170.033
142.199 18.8283 13.8478 0.783509 170.025
142.299 18.7785 13.856 0.781764 170.016
142.399 18.7287 13.8643 0.780016 170.008
142.499 18.6788 13.8725 0.778266 170
142.6 18.629 13.8807 0.776513 169.992
142.7 18.5791 13.8889 0.774758 169.983
142.8 18.5293 13.8971 0.773 169.975
142.9 18.4795 13.9052 0.77124 169.967
143 18.4296 13.9134 0.769477 169.959
143.1 18.3798 13.9215 0.767712 169.951
143.2 18.3299 13.9296 0.765944 169.943
143.3 18.2801 13.9377 0.764174 169.935
143.4 18.2303 13.9457 0.762401 169.927
143.5 18.1804 13.9538 0.760626 169.919
143.6 18.1306 13.9618 0.758849 169.911
143.7 18.0807 13.9698 0.757069 169.903
143.8 18.0309 13.9778 0.755287 169.895
143.9 17.9811 13.9857 0.753502 169.887
144 17.9312 13.9937 0.751715 169.879
144.1 17.8814 14.0016 0.749925 169.871
144.2 17.8316 14.0095 0.748133 169.863
144.3 17.7817 14.0174 0.746339 169.855
144.4 17.7319 14.0253 0.744542 169.847
144.5 17.682 14.0331 0.742743 169.839
144.6 17.6322 14.041 0.740941 169.831
144.7 17.5824 14.0488 0.739137 169.824
144.8 17.5325 14.0566 0.737331 169.816
144.9 17.4827 14.0643 0.735522 169.808
145 17.4329 14.0721 0.733711 169.8
145.1 17.383 14.0798 0.731898 169.793
145.2 17.3332 14.0875 0.730082 169.785
145.3 17.2834 14.0952 0.728264 169.777
145.4 17.2335 14.1029 0.726443 169.769
145.5 17.1837 14.1106 0.72462 169.762
145.6 17.1339 14.1182 0.722795 169.754
145.7 17.084 14.1258 0.720968 169.747
145.8 17.0342 14.1334 0.719138 169.739
145.9 16.9844 14.141 0.717306 169.731
146 16.9345 14.1486 0.715471 169.724
146.1 16.8847 14.1561 0.713635 169.716
146.2 16.8349 14.1636 0.711796 169.709
146.3 16.785 14.1711 0.709954 169.701
146.4 16.7352 14.1786 0.708111 169.694
146.5 16.6854 14.1861 0.706265 169.686
146.6 16.6355 14.1935 0.704417 169.679
146.7 16.5857 14.2009 0.702566 169.671
146.8 16.5359 14.2083 0.700714 169.664
146.9 16.486 14.2157 0.698859 169.657
147 16.4362 14.2231 0.697002 169.649
147.1 16.3864 14.2304 0.695142 169.642
147.2 16.3365 14.2378 0.69328 169.635
147.3 16.2867 14.2451 0.691417 169.627
147.4 16.2369 14.2524 0.68955 169.62
147.5 16.1871 14.2596 0.687682 169.613
147.6 16.1372 14.2669 0.685812 169.605
147.7 16.0874 14.2741 0.683939 169.598
147.8 16.0376 14.2813 0.682064 169.591
147.9 15.9877 14.2885 0.680187 169.584
148 15.9379 14.2956 0.678307 169.577
148.1 15.8881 14.3028 0.676426 169.57
148.2 15.8382 14.3099 0.674542 169.562
148.3 15.7884 14.317 0.672656 169.555
148.4 15.7386 14.3241 0.670768 169.548
148.5 15.6888 14.3312 0.668878 169.541
148.6 15.6389 14.3382 0.666986 169.534
148.7 15.5891 14.3452 0.665091 169.527
148.8 15.5393 14.3522 0.663194 169.52
148.9 15.4894 14.3592 0.661296 169.513
149 15.4396 14.3662 0.659395 169.506
149.1 15.3898 14.3731 0.657492 169.499
149.2 15.34 14.3801 0.655586 169.492
149.3 15.2901 14.387 0.653679 169.485
149.4 15.2403 14.3938 0.65177 169.479
149.5 15.1905 14.4007 0.649858 169.472
149.6 15.1407 14.4075 0.647945 169.465
149.7 15.0908 14.4144 0.646029 169.458
149.8 15.041 14.4212 0.644111 169.451
149.9 14.9912 14.428 0.642191 169.444
150 14.9414 14.4347 0.64027 169.438
150.1 14.8915 14.4415 0.638346 169.431
150.2 14.8417 14.4482 0.636419 169.424
150.3 14.7919 14.4549 0.634491 169.417
150.4 14.7421 14.4616 0.632561 169.411
150.5 14.6922 14.4682 0.630629 169.404
150.6 14.6424 14.4749 0.628695 169.398
150.7 14.5926 14.4815 0.626759 169.391
150.8 14.5428 14.4881 0.62482 169.384
150.9 14.4929 14.4946 0.62288 169.378
151 14.4431 14.5012 0.620938 169.371
151.1 14.3933 14.5077 0.618993 169.365
151.2 14.3435 14.5142 0.617047 169.358
151.3 14.2936 14.5207 0.615099 169.352
151.4 14.2438 14.5272 0.613149 169.345
151.5 14.194 14.5337 0.611196 169.339
151.6 14.1442 14.5401 0.609242 169.332
151.7 14.0943 14.5465 0.607286 169.326
151.8 14.0445 14.5529 0.605328 169.319
151.9 13.9947 14.5593 0.603368 169.313
152 13.9449 14.5656 0.601406 169.307
152.1 13.8951 14.572 0.599442 169.3
152.2 13.8452 14.5783 0.597476 169.294
152.3 13.7954 14.5845 0.595508 169.288
152.4 13.7456 14.5908 0.593538 169.282
152.5 13.6958 14.5971 0.591566 169.275
152.6 13.6459 14.6033 0.589593 169.269
152.7 13.5961 14.6095 0.587617 169.263
152.8 13.5463 14.6157 0.58564 169.257
152.9 13.4965 14.6218 0.583661 169.251
153 13.4467 14.628 0.581679 169.244
153.1 13.3968 14.6341 0.579696 169.238
153.2 13.347 14.6402 0.577711 169.232
153.3 13.2972 14.6463 0.575725 169.226
153.4 13.2474 14.6523 0.573736 169.22
153.5 13.1976 14.6584 0.571745 169.214
153.6 13.1477 14.6644 0.569753 169.208
153.7 13.0979 14.6704 0.567759 169.202
153.8 13.0481 14.6763 0.565763 169.196
153.9 12.9983 14.6823 0.563765 169.19
154 12.9485 14.6882 0.561765 169.184
154.1 12.8986 14.6941 0.559764 169.178
154.2 12.8488 14.7 0.55776 169.172
154.3 12.799 14.7059 0.555755 169.166
154.4 12.7492 14.7117 0.553748 169.161
154.5 12.6994 14.7175 0.55174 169.155
154.6 12.6496 14.7233 0.549729 169.149
154.7 12.5997 14.7291 0.547717 169.143
154.8 12.5499 14.7349 0.545703 169.137
154.9 12.5001 14.7406 0.543687 169.132
155 12.4503 14.7463 0.541669 169.126
155.1 12.4005 14.752 0.53965 169.12
155.2 12.3507 14.7577 0.537629 169.115
155.3 12.3008 14.7634 0.535606 169.109
155.4 12.251 14.769 0.533582 169.103
155.5 12.2012 14.7746 0.531555 169.098
155.6 12.1514 14.7802 0.529527 169.092
155.7 12.1016 14.7858 0.527498 169.087
155.8 12.0518 14.7913 0.525466 169.081
155.9 12.0019 14.7968 0.523433 169.076
156 11.9521 14.8023 0.521398 169.07
156.1 11.9023 14.8078 0.519362 169.065
156.2 11.8525 14.8133 0.517324 169.059
156.3 11.8027 14.8187 0.515284 169.054
156.4 11.7529 14.8241 0.513242 169.048
156.5 11.703 14.8295 0.511199 169.043
156.6 11.6532 14.8349 0.509154 169.037
156.7 11.6034 14.8402 0.507108 169.032
156.8 11.5536 14.8456 0.50506 169.027
156.9 11.5038 14.8509 0.50301 169.021
157 11.454 14.8562 0.500959 169.016
157.1 11.4042 14.8614 0.498906 169.011
157.2 11.3543 14.8667 0.496851 169.006
157.3 11.3045 14.8719 0.494795 169
157.4 11.2547 14.8771 0.492737 168.995
157.5 11.2049 14.8823 0.490677 168.99
157.6 11.1551 14.8874 0.488616 168.985
157.7 11.1053 14.8926 0.486554 168.98
157.8 11.0555 14.8977 0.48449 168.975
157.9 11.0056 14.9028 0.482424 168.97
158 10.9558 14.9078 0.480357 168.965
158.1 10.906 14.9129 0.478288 168.959
158.2 10.8562 14.9179 0.476217 168.954
158.3 10.8064 14.9229 0.474145 168.949
158.4 10.7566 14.9279 0.472072 168.944
158.5 10.7068 14.9328 0.469997 168.94
158.6 10.657 14.9378 0.46792 168.935
158.7 10.6071 14.9427 0.465842 168.93
158.8 10.5573 14.9476 0.463763 168.925
158.9 10.5075 14.9525 0.461682 168.92
159.001 10.4577 14.9573 0.459599 168.915
159.101 10.4079 14.9621 0.457515 168.91
159.201 10.3581 14.9669 0.45543 168.905
159.301 10.3083 14.9717 0.453342 168.901
159.401 10.2585 14.9765 0.451254 168.896
159.501 10.2086 14.9812 0.449164 168.891
159.601 10.1588 14.986 0.447073 168.886
159.701 10.109 14.9906 0.44498 168.882
159.801 10.0592 14.9953 0.442886 168.877
159.901 10.0094 15 0.44079 168.872
160.001 9.95959 15.0046 0.438693 168.868
160.101 9.90978 15.0092 0.436594 168.863
160.201 9.85997 15.0138 0.434494 168.859
160.301 9.81016 15.0184 0.432393 168.854
160.401 9.76035 15.0229 0.43029 168.849
160.501 9.71054 15.0274 0.428186 168.845
160.601 9.66073 15.0319 0.42608 168.84
160.701 9.61092 15.0364 0.423973 168.836
160.801 9.56111 15.0408 0.421865 168.832
160.901 9.5113 15.0453 0.419755 168.827
161.001 9.46149 15.0497 0.417644 168.823
161.101 9.41168 15.0541 0.415532 168.818
161.201 9.36188 15.0584 0.413418 168.814
161.301 9.31207 15.0628 0.411303 168.81
161.401 9.26226 15.0671 0.409186 168.805
161.501 9.21245 15.0714 0.407068 168.801
161.601 9.16264 15.0756 0.404949 168.797
161.701 9.11283 15.0799 0.402829 168.792
161.801 9.06302 15.0841 0.400707 168.788
161.901 9.01321 15.0883 0.398584 168.784
162.001 8.96341 15.0925 0.39646 168.78
162.101 8.9136 15.0967 0.394334 168.776
162.201 8.86379 15.1008 0.392207 168.772
162.301 8.81398 15.1049 0.390079 168.767
162.401 8.76417 15.109 0.38795 168.763
162.501 8.71437 15.1131 0.385819 168.759
162.601 8.66456 15.1171 0.383687 168.755
162.701 8.61475 15.1212 0.381554 168.751
162.801 8.56494 15.1252 0.37942 168.747
162.901 8.51514 15.1291 0.377284 168.743
163.001 8.46533 15.1331 0.375147 168.739
163.101 8.41552 15.137 0.373009 168.735
163.201 8.36571 15.141 0.37087 168.731
163.301 8.31591 15.1448 0.368729 168.728
163.401 8.2661 15.1487 0.366588 168.724
163.501 8.21629 15.1526 0.364445 168.72
163.601 8.16649 15.1564 0.362301 168.716
163.701 8.11668 15.1602 0.360155 168.712
163.801 8.06687 15.164 0.358009 168.708
163.901 8.01707 15.1677 0.355861 168.705
164.001 7.96726 15.1715 0.353713 168.701
164.101 7.91746 15.1752 0.351563 168.697
164.201 7.86765 15.1788 0.349412 168.694
164.301 7.81784 15.1825 0.34726 168.69
164.401 7.76804 15.1862 0.345106 168.686
164.501 7.71823 15.1898 0.342952 168.683
164.601 7.66843 15.1934 0.340797 168.679
164.701 7.61862 15.1969 0.33864 168.675
164.801 7.56881 15.2005 0.336482 168.672
164.901 7.51901 15.204 0.334323 168.668
165.001 7.4692 15.2075 0.332163 168.665
165.101 7.4194 15.211 0.330003 168.661
165.201 7.36959 15.2145 0.32784 168.658
165.301 7.31979 15.2179 0.325677 168.654
165.401 7.26998 15.2213 0.323513 168.651
165.501 7.22018 15.2247 0.321348 168.648
165.601 7.17037 15.2281 0.319182 168.644
165.701 7.12057 15.2314 0.317014 168.641
165.801 7.07077 15.2348 0.314846 168.638
165.901 7.02096 15.2381 0.312677 168.634
166.001 6.97116 15.2413 0.310506 168.631
166.101 6.92135 15.2446 0.308335 168.628
166.201 6.87155 15.2478 0.306163 168.625
166.301 6.82174 15.251 0.303989 168.621
166.401 6.77194 15.2542 0.301815 168.618
166.501 6.72214 15.2574 0.299639 168.615
166.601 6.67233 15.2605 0.297463 168.612
166.701 6.62253 15.2636 0.295286 168.609
166.801 6.57272 15.2667 0.293108 168.606
166.901 6.52292 15.2698 0.290928 168.603
167.001 6.47312 15.2729 0.288748 168.6
167.101 6.42331 15.2759 0.286567 168.596
167.201 6.37351 15.2789 0.284385 168.593
167.301 6.32371 15.2819 0.282202 168.591
167.401 6.2739 15.2848 0.280018 168.588
167.501 6.2241 15.2877 0.277834 168.585
167.601 6.1743 15.2907 0.275648 168.582
167.701 6.12449 15.2935 0.273461 168.579
167.801 6.07469 15.2964 0.271274 168.576
167.901 6.02489 15.2993 0.269086 168.573
168.001 5.97509 15.3021 0.266896 168.57
168.101 5.92528 15.3049 0.264706 168.567
168.201 5.87548 15.3076 0.262515 168.565
168.301 5.82568 15.3104 0.260324 168.562
168.401 5.77588 15.3131 0.258131 168.559
168.501 5.72607 15.3158 0.255938 168.557
168.601 5.67627 15.3185 0.253743 168.554
168.701 5.62647 15.3212 0.251548 168.551
168.801 5.57667 15.3238 0.249352 168.549
168.901 5.52686 15.3264 0.247155 168.546
169.001 5.47706 15.329 0.244958 168.543
169.101 5.42726 15.3316 0.242759 168.541
169.201 5.37746 15.3341 0.24056 168.538
169.301 5.32766 15.3366 0.23836 168.536
169.401 5.27785 15.3391 0.23616 168.533
169.501 5.22805 15.3416 0.233958 168.531
169.601 5.17825 15.344 0.231756 168.528
169.701 5.12845 15.3465 0.229553 168.526
169.801 5.07865 15.3489 0.227349 168.524
169.901 5.02885 15.3512 0.225145 168.521
170.001 4.97904 15.3536 0.22294 168.519
170.101 4.92924 15.3559 0.220734 168.516
170.201 4.87944 15.3582 0.218527 168.514
170.301 4.82964 15.3605 0.21632 168.512
170.401 4.77984 15.3628 0.214112 168.51
170.501 4.73004 15.365 0.211903 168.507
170.601 4.68024 15.3672 0.209693 168.505
170.701 4.63044 15.3694 0.207483 168.503
170.801 4.58064 15.3716 0.205272 168.501
170.901 4.53083 15.3737 0.203061 168.499
171.001 4.48103 15.3759 0.200849 168.496
171.101 4.43123 15.378 0.198636 168.494
171.201 4.38143 15.38 0.196423 168.492
171.301 4.33163 15.3821 0.194209 168.49
171.401 4.28183 15.3841 0.191994 168.488
171.501 4.23203 15.3861 0.189778 168.486
171.601 4.18223 15.3881 0.187563 168.484
171.701 4.13243 15.3901 0.185346 168.482
171.801 4.08263 15.392 0.183129 168.48
171.901 4.03283 15.3939 0.180911 168.478
172.001 3.98303 15.3958 0.178693 168.477
172.101 3.93323 15.3977 0.176474 168.475
172.201 3.88343 15.3995 0.174254 168.473
172.301 3.83363 15.4014 0.172034 168.471
172.401 3.78383 15.4032 0.169814 168.469
172.501 3.73403 15.4049 0.167592 168.467
172.601 3.68423 15.4067 0.165371 168.466
172.701 3.63443 15.4084 0.163148 168.464
172.801 3.58463 15.4101 0.160926 168.462
172.901 3.53483 15.4118 0.158702 168.461
173.001 3.48503 15.4134 0.156479 168.459
173.101 3.43523 15.4151 0.154254 168.457
173.201 3.38543 15.4167 0.152029 168.456
173.301 3.33563 15.4183 0.149804 168.454
173.401 3.28583 15.4198 0.147578 168.453
173.501 3.23603 15.4214 0.145352 168.451
173.601 3.18623 15.4229 0.143125 168.449
173.701 3.13643 15.4244 0.140898 168.448
173.801 3.08663 15.4259 0.13867 168.447
173.901 3.03683 15.4273 0.136442 168.445
174.001 2.98703 15.4287 0.134213 168.444
174.101 2.93723 15.4301 0.131984 168.442
174.201 2.88743 15.4315 0.129755 168.441
174.301 2.83763 15.4329 0.127525 168.44
174.401 2.78783 15.4342 0.125295 168.438
174.501 2.73804 15.4355 0.123064 168.437
174.601 2.68824 15.4368 0.120833 168.436
174.701 2.63844 15.438 0.118601 168.434
174.801 2.58864 15.4393 0.11637 168.433
174.901 2.53884 15.4405 0.114137 168.432
175.001 2.48904 15.4417 0.111905 168.431
175.101 2.43924 15.4428 0.109672 168.43
175.201 2.38944 15.444 0.107438 168.428
175.301 2.33964 15.4451 0.105205 168.427
175.402 2.28984 15.4462 0.102971 168.426
175.502 2.24004 15.4473 0.100736 168.425
175.602 2.19025 15.4483 0.0985014 168.424
175.702 2.14045 15.4493 0.0962664 168.423
175.802 2.09065 15.4503 0.094031 168.422
175.902 2.04085 15.4513 0.0917954 168.421
176.002 1.99105 15.4523 0.0895594 168.42
176.102 1.94125 15.4532 0.0873232 168.419
176.202 1.89145 15.4541 0.0850867 168.418
176.302 1.84165 15.455 0.0828499 168.417
176.402 1.79185 15.4558 0.0806128 168.417
176.502 1.74206 15.4567 0.0783755 168.416
176.602 1.69226 15.4575 0.0761379 168.415
176.702 1.64246 15.4583 0.0739 168.414
176.802 1.59266 15.459 0.0716619 168.413
176.902 1.54286 15.4598 0.0694236 168.413
177.002 1.49306 15.4605 0.0671851 168.412
177.102 1.44326 15.4612 0.0649463 168.411
177.202 1.39347 15.4619 0.0627074 168.411
177.302 1.34367 15.4625 0.0604682 168.41
177.402 1.29387 15.4631 0.0582288 168.409
177.502 1.24407 15.4637 0.0559893 168.409
177.602 1.19427 15.4643 0.0537495 168.408
177.702 1.14447 15.4649 0.0515096 168.407
177.802 1.09467 15.4654 0.0492695 168.407
177.902 1.04488 15.4659 0.0470293 168.406
178.002 0.995078 15.4664 0.0447889 168.406
178.102 0.94528 15.4668 0.0425483 168.406
178.202 0.895481 15.4673 0.0403076 168.405
178.302 0.845683 15.4677 0.0380668 168.405
178.402 0.795884 15.4681 0.0358259 168.404
178.502 0.746086 15.4684 0.0335848 168.404
178.602 0.696288 15.4688 0.0313437 168.404
178.702 0.646489 15.4691 0.0291024 168.403
178.802 0.596691 15.4694 0.026861 168.403
178.902 0.546893 15.4697 0.0246196 168.403
179.002 0.497094 15.4699 0.0223781 168.402
179.102 0.447296 15.4701 0.0201365 168.402
179.202 0.397498 15.4703 0.0178948 168.402
179.302 0.347699 15.4705 0.0156531 168.402
179.402 0.297901 15.4707 0.0134113 168.402
179.502 0.248103 15.4708 0.0111695 168.402
179.602 0.198304 15.4709 0.00892762 168.401
179.702 0.148506 15.471 0.00668574 168.401
179.802 0.0987077 15.471 0.00444383 168.401
179.902 0.0489094 15.4711 0.00220191 168.401
