0 3.73824 0 0 100.135
0.1 89.9496 4.26263e-05 0.0167206 100.135
0.2 89.8993 0.000170505 0.0334412 100.135
0.3 89.8489 0.000383636 0.0501617 100.135
0.4 89.7985 0.000682017 0.0668821 100.135
0.5 89.7481 0.00106565 0.0836025 100.134
0.6 89.6978 0.00153453 0.100323 100.134
0.7 89.6474 0.00208866 0.117043 100.133
0.8 89.597 0.00272804 0.133763 100.133
0.9 89.5467 0.00345266 0.150482 100.132
1 89.4963 0.00426252 0.167201 100.131
1.1 89.4459 0.00515762 0.183921 100.13
1.2 89.3955 0.00613796 0.200639 100.129
1.3 89.3452 0.00720353 0.217358 100.128
1.4 89.2948 0.00835433 0.234076 100.127
1.5 89.2444 0.00959036 0.250793 100.126
1.6 89.1941 0.0109116 0.267511 100.124
1.7 89.1437 0.0123181 0.284227 100.123
1.8 89.0933 0.0138098 0.300944 100.122
1.9 89.0429 0.0153867 0.31766 100.12
2 88.9926 0.0170488 0.334375 100.118
2.1 88.9422 0.0187961 0.35109 100.117
2.2 88.8918 0.0206286 0.367804 100.115
2.3 88.8415 0.0225463 0.384517 100.113
2.4 88.7911 0.0245491 0.40123 100.111
2.5 88.7407 0.0266372 0.417942 100.109
2.6 88.6903 0.0288104 0.434654 100.107
2.7 88.64 0.0310688 0.451364 100.104
2.8 88.5896 0.0334123 0.468074 100.102
2.9 88.5392 0.035841 0.484784 100.099
3 88.4889 0.0383549 0.501492 100.097
3.1 88.4385 0.0409538 0.5182 100.094
3.2 88.3881 0.0436379 0.534906 100.092
3.3 88.3377 0.0464071 0.551612 100.089
3.4 88.2874 0.0492615 0.568317 100.086
3.5 88.237 0.0522009 0.585021 100.083
3.6 88.1866 0.0552254 0.601724 100.08
3.7 88.1363 0.058335 0.618426 100.077
3.8 88.0859 0.0615297 0.635126 100.074
3.9 88.0355 0.0648095 0.651826 100.071
4 87.9852 0.0681743 0.668525 100.067
4.1 87.9348 0.0716241 0.685223 100.064
4.2 87.8844 0.075159 0.701919 100.06
4.3 87.834 0.0787789 0.718614 100.057
4.4 87.7837 0.0824838 0.735308 100.053
4.5 87.7333 0.0862737 0.752001 100.049
4.6 87.6829 0.0901487 0.768693 100.045
4.7 87.6326 0.0941085 0.785383 100.041
4.8 87.5822 0.0981534 0.802072 100.037
4.9 87.5318 0.102283 0.81876 100.033
5 87.4814 0.106498 0.835446 100.029
5.1 87.4311 0.110798 0.852131 100.025
5.2 87.3807 0.115182 0.868814 100.02
5.3 87.3303 0.119652 0.885496 100.016
5.4 87.28 0.124206 0.902176 100.011
5.5 87.2296 0.128845 0.918855 100.006
5.6 87.1792 0.133569 0.935533 100.002
5.7 87.1289 0.138378 0.952208 99.997
5.8 87.0785 0.143272 0.968883 99.9921
5.9 87.0281 0.148251 0.985555 99.9871
6 86.9777 0.153314 1.00223 99.982
6.1 86.9274 0.158462 1.0189 99.9769
6.2 86.877 0.163695 1.03556 99.9716
6.3 86.8266 0.169013 1.05223 99.9663
6.4 86.7763 0.174415 1.06889 99.9609
6.5 86.7259 0.179903 1.08555 99.9554
6.6 86.6755 0.185475 1.10222 99.9499
6.7 86.6252 0.191131 1.11887 99.9442
6.8 86.5748 0.196872 1.13553 99.9385
6.9 86.5244 0.202698 1.15219 99.9326
7 86.4741 0.208609 1.16884 99.9267
7.1 86.4237 0.214604 1.18549 99.9207
7.2 86.3733 0.220684 1.20214 99.9147
7.3 86.323 0.226848 1.21878 99.9085
7.4 86.2726 0.233097 1.23543 99.9022
7.5 86.2222 0.23943 1.25207 99.8959
7.6 86.1718 0.245848 1.26871 99.8895
7.7 86.1215 0.252351 1.28535 99.883
7.79999 86.0711 0.258938 1.30199 99.8764
7.89999 86.0207 0.265609 1.31862 99.8697
7.99999 85.9704 0.272365 1.33525 99.863
8.09999 85.92 0.279205 1.35188 99.8561
8.2 85.8696 0.28613 1.36851 99.8492
8.3 85.8193 0.293139 1.38514 99.8422
8.4 85.7689 0.300232 1.40176 99.8351
8.5 85.7185 0.30741 1.41838 99.8279
8.6 85.6682 0.314672 1.435 99.8207
8.7 85.6178 0.322019 1.45161 99.8133
8.8 85.5674 0.329449 1.46823 99.8059
8.9 85.5171 0.336964 1.48484 99.7984
9 85.4667 0.344563 1.50144 99.7908
9.1 85.4163 0.352247 1.51805 99.7831
9.2 85.366 0.360014 1.53465 99.7753
9.3 85.3156 0.367866 1.55125 99.7675
9.4 85.2652 0.375802 1.56785 99.7595
9.5 85.2149 0.383821 1.58445 99.7515
9.6 85.1645 0.391925 1.60104 99.7434
9.7 85.1141 0.400114 1.61763 99.7352
9.8 85.0638 0.408386 1.63422 99.727
9.9 85.0134 0.416742 1.6508 99.7186
10 84.963 0.425182 1.66738 99.7102
10.1 84.9127 0.433706 1.68396 99.7016
10.2 84.8623 0.442314 1.70054 99.693
10.3 84.8119 0.451006 1.71711 99.6843
10.4 84.7616 0.459781 1.73368 99.6756
10.5 84.7112 0.468641 1.75025 99.6667
10.6 84.6608 0.477585 1.76681 99.6578
10.7 84.6105 0.486612 1.78337 99.6487
10.8 84.5601 0.495723 1.79993 99.6396
10.9 84.5097 0.504918 1.81649 99.6304
11 84.4594 0.514196 1.83304 99.6211
11.1 84.409 0.523558 1.84959 99.6118
11.2 84.3587 0.533004 1.86613 99.6023
11.3 84.3083 0.542533 1.88268 99.5928
11.4 84.2579 0.552146 1.89922 99.5832
11.5 84.2076 0.561843 1.91575 99.5735
11.6 84.1572 0.571623 1.93229 99.5637
11.7 84.1068 0.581487 1.94882 99.5539
11.8 84.0565 0.591434 1.96534 99.5439
11.9 84.0061 0.601465 1.98187 99.5339
12 83.9557 0.611579 1.99839 99.5238
12.1 83.9054 0.621776 2.0149 99.5136
12.2 83.855 0.632057 2.03142 99.5033
12.3 83.8046 0.642421 2.04793 99.4929
12.4 83.7543 0.652868 2.06443 99.4825
12.5 83.7039 0.663399 2.08093 99.4719
12.6 83.6536 0.674013 2.09743 99.4613
12.7 83.6032 0.68471 2.11393 99.4506
12.8 83.5528 0.69549 2.13042 99.4398
12.9 83.5025 0.706354 2.14691 99.429
13 83.4521 0.7173 2.1634 99.418
13.1 83.4017 0.72833 2.17988 99.407
13.2 83.3514 0.739442 2.19635 99.3959
13.3 83.301 0.750638 2.21283 99.3847
13.4 83.2507 0.761916 2.2293 99.3734
13.5 83.2003 0.773278 2.24576 99.3621
13.6 83.1499 0.784722 2.26223 99.3506
13.7 83.0996 0.79625 2.27868 99.3391
13.8 83.0492 0.80786 2.29514 99.3275
13.9 82.9989 0.819553 2.31159 99.3158
14 82.9485 0.831328 2.32804 99.304
14.1 82.8981 0.843187 2.34448 99.2922
14.2 82.8478 0.855128 2.36092 99.2802
14.3 82.7974 0.867151 2.37735 99.2682
14.4 82.7471 0.879258 2.39378 99.2561
14.5 82.6967 0.891446 2.41021 99.2439
14.6 82.6463 0.903718 2.42663 99.2316
14.7 82.596 0.916072 2.44305 99.2193
14.8 82.5456 0.928508 2.45947 99.2068
14.9 82.4953 0.941027 2.47588 99.1943
15 82.4449 0.953628 2.49228 99.1817
15.1 82.3945 0.966312 2.50869 99.169
15.2 82.3442 0.979077 2.52508 99.1563
15.3 82.2938 0.991926 2.54148 99.1434
15.4 82.2435 1.00486 2.55787 99.1305
15.5 82.1931 1.01787 2.57425 99.1175
15.6 82.1427 1.03096 2.59063 99.1044
15.7 82.0924 1.04414 2.60701 99.0912
15.8 82.042 1.0574 2.62338 99.0779
15.9 81.9917 1.07074 2.63974 99.0646
16 81.9413 1.08416 2.65611 99.0512
16.1 81.891 1.09767 2.67246 99.0377
16.2 81.8406 1.11125 2.68882 99.0241
16.3 81.7902 1.12492 2.70517 99.0104
16.4 81.7399 1.13867 2.72151 98.9967
16.5 81.6895 1.15251 2.73785 98.9828
16.6 81.6392 1.16642 2.75418 98.9689
16.7 81.5888 1.18042 2.77051 98.9549
16.8 81.5385 1.19449 2.78684 98.9408
16.9 81.4881 1.20865 2.80316 98.9267
17 81.4378 1.22289 2.81948 98.9124
17.1 81.3874 1.23721 2.83579 98.8981
17.2 81.337 1.25162 2.85209 98.8837
17.3 81.2867 1.2661 2.86839 98.8692
17.4 81.2363 1.28067 2.88469 98.8547
17.5 81.186 1.29532 2.90098 98.84
17.6 81.1356 1.31005 2.91727 98.8253
17.7 81.0853 1.32486 2.93355 98.8105
17.8 81.0349 1.33975 2.94983 98.7956
17.9 80.9846 1.35472 2.9661 98.7806
18 80.9342 1.36977 2.98236 98.7656
18.1 80.8839 1.38491 2.99863 98.7504
18.2 80.8335 1.40012 3.01488 98.7352
18.3 80.7832 1.41542 3.03113 98.7199
18.4 80.7328 1.4308 3.04738 98.7045
18.5 80.6824 1.44626 3.06362 98.6891
18.6 80.6321 1.4618 3.07985 98.6735
18.7 80.5817 1.47742 3.09608 98.6579
18.8 80.5314 1.49312 3.11231 98.6422
18.9 80.481 1.5089 3.12853 98.6264
19 80.4307 1.52476 3.14474 98.6106
19.1 80.3803 1.54071 3.16095 98.5946
19.2 80.33 1.55673 3.17715 98.5786
19.3 80.2796 1.57283 3.19335 98.5625
19.4 80.2293 1.58902 3.20954 98.5463
19.5 80.1789 1.60528 3.22573 98.5301
19.6 80.1286 1.62163 3.24191 98.5137
19.7 80.0782 1.63806 3.25809 98.4973
19.8 80.0279 1.65456 3.27426 98.4808
19.9 79.9775 1.67115 3.29042 98.4642
20 79.9272 1.68781 3.30658 98.4475
20.1 79.8768 1.70456 3.32273 98.4308
20.2 79.8265 1.72139 3.33888 98.414
20.3 79.7761 1.73829 3.35502 98.397
20.4 79.7258 1.75528 3.37116 98.3801
20.5 79.6754 1.77235 3.38729 98.363
20.6 79.6251 1.78949 3.40341 98.3458
20.7 79.5747 1.80672 3.41953 98.3286
20.8 79.5244 1.82403 3.43564 98.3113
20.9 79.4741 1.84141 3.45175 98.2939
21 79.4237 1.85888 3.46785 98.2765
21.1 79.3734 1.87642 3.48395 98.2589
21.2 79.323 1.89404 3.50003 98.2413
21.3 79.2727 1.91175 3.51612 98.2236
21.4 79.2223 1.92953 3.53219 98.2058
21.5 79.172 1.94739 3.54826 98.1879
21.6 79.1216 1.96534 3.56433 98.17
21.7 79.0713 1.98336 3.58039 98.152
21.8 79.0209 2.00146 3.59644 98.1339
21.9 78.9706 2.01964 3.61248 98.1157
22 78.9202 2.0379 3.62852 98.0974
22.1 78.8699 2.05623 3.64456 98.0791
22.2 78.8196 2.07465 3.66058 98.0607
22.3 78.7692 2.09315 3.6766 98.0422
22.4 78.7189 2.11172 3.69262 98.0236
22.5 78.6685 2.13037 3.70863 98.005
22.6 78.6182 2.14911 3.72463 97.9862
22.7001 78.5678 2.16792 3.74062 97.9674
22.8001 78.5175 2.18681 3.75661 97.9485
22.9001 78.4672 2.20577 3.77259 97.9296
23.0001 78.4168 2.22482 3.78857 97.9105
23.1001 78.3665 2.24395 3.80454 97.8914
23.2001 78.3161 2.26315 3.8205 97.8722
23.3001 78.2658 2.28243 3.83645 97.8529
23.4001 78.2155 2.30179 3.8524 97.8335
23.5001 78.1651 2.32123 3.86834 97.8141
23.6001 78.1148 2.34075 3.88428 97.7946
23.7001 78.0644 2.36034 3.90021 97.775
23.8001 78.0141 2.38001 3.91613 97.7553
23.9001 77.9638 2.39976 3.93205 97.7356
24.0001 77.9134 2.41959 3.94795 97.7157
24.1001 77.8631 2.4395 3.96386 97.6958
24.2001 77.8127 2.45948 3.97975 97.6759
24.3001 77.7624 2.47955 3.99564 97.6558
24.4001 77.7121 2.49969 4.01152 97.6357
24.5001 77.6617 2.5199 4.02739 97.6154
24.6001 77.6114 2.5402 4.04326 97.5951
24.7001 77.561 2.56057 4.05912 97.5748
24.8001 77.5107 2.58102 4.07497 97.5543
24.9001 77.4604 2.60155 4.09082 97.5338
25.0001 77.41 2.62215 4.10666 97.5132
25.1001 77.3597 2.64283 4.12249 97.4925
25.2001 77.3094 2.66359 4.13831 97.4717
25.3001 77.259 2.68443 4.15413 97.4509
25.4001 77.2087 2.70534 4.16994 97.43
25.5001 77.1584 2.72633 4.18574 97.409
25.6001 77.108 2.7474 4.20153 97.3879
25.7001 77.0577 2.76855 4.21732 97.3668
25.8001 77.0073 2.78977 4.2331 97.3456
25.9001 76.957 2.81106 4.24887 97.3243
26.0001 76.9067 2.83244 4.26464 97.3029
26.1001 76.8563 2.85389 4.2804 97.2814
26.2001 76.806 2.87542 4.29615 97.2599
26.3001 76.7557 2.89702 4.31189 97.2383
26.4001 76.7053 2.9187 4.32763 97.2166
26.5001 76.655 2.94046 4.34335 97.1949
26.6001 76.6047 2.96229 4.35907 97.173
26.7001 76.5544 2.9842 4.37479 97.1511
26.8001 76.504 3.00619 4.39049 97.1291
26.9001 76.4537 3.02825 4.40619 97.1071
27.0001 76.4034 3.05039 4.42188 97.0849
27.1001 76.353 3.0726 4.43756 97.0627
27.2001 76.3027 3.09489 4.45323 97.0404
27.3001 76.2524 3.11726 4.4689 97.0181
27.4001 76.202 3.1397 4.48456 96.9956
27.5001 76.1517 3.16222 4.50021 96.9731
27.6001 76.1014 3.18481 4.51585 96.9505
27.7001 76.051 3.20748 4.53148 96.9279
27.8001 76.0007 3.23022 4.54711 96.9051
27.9001 75.9504 3.25304 4.56273 96.8823
28.0001 75.9001 3.27593 4.57834 96.8594
28.1001 75.8497 3.2989 4.59394 96.8364
28.2001 75.7994 3.32195 4.60954 96.8134
28.3001 75.7491 3.34507 4.62512 96.7903
28.4001 75.6988 3.36826 4.6407 96.7671
28.5001 75.6484 3.39153 4.65627 96.7438
28.6001 75.5981 3.41488 4.67183 96.7205
28.7001 75.5478 3.4383 4.68739 96.697
28.8001 75.4975 3.46179 4.70293 96.6735
28.9001 75.4471 3.48536 4.71847 96.65
29.0001 75.3968 3.509 4.734 96.6263
29.1001 75.3465 3.53272 4.74952 96.6026
29.2001 75.2962 3.55652 4.76503 96.5788
29.3001 75.2458 3.58038 4.78053 96.555
29.4001 75.1955 3.60433 4.79602 96.531
29.5001 75.1452 3.62834 4.81151 96.507
29.6001 75.0949 3.65243 4.82699 96.4829
29.7001 75.0445 3.6766 4.84246 96.4587
29.8001 74.9942 3.70083 4.85792 96.4345
29.9001 74.9439 3.72515 4.87337 96.4102
30.0001 74.8936 3.74953 4.88881 96.3858
30.1001 74.8433 3.77399 4.90425 96.3613
30.2001 74.7929 3.79853 4.91967 96.3368
30.3001 74.7426 3.82313 4.93509 96.3122
30.4001 74.6923 3.84782 4.9505 96.2875
30.5001 74.642 3.87257 4.9659 96.2628
30.6001 74.5916 3.8974 4.98129 96.2379
30.7001 74.5413 3.9223 4.99667 96.213
30.8001 74.491 3.94727 5.01204 96.1881
30.9001 74.4407 3.97232 5.02741 96.163
31.0001 74.3904 3.99744 5.04276 96.1379
31.1001 74.3401 4.02264 5.05811 96.1127
31.2001 74.2897 4.04791 5.07345 96.0874
31.3001 74.2394 4.07325 5.08878 96.0621
31.4001 74.1891 4.09866 5.10409 96.0367
31.5001 74.1388 4.12414 5.1194 96.0112
31.6001 74.0885 4.1497 5.1347 95.9856
31.7001 74.0382 4.17533 5.15 95.96
31.8001 73.9878 4.20104 5.16528 95.9343
31.9001 73.9375 4.22681 5.18055 95.9085
32.0001 73.8872 4.25266 5.19582 95.8827
32.1001 73.8369 4.27858 5.21107 95.8568
32.2001 73.7866 4.30457 5.22632 95.8308
32.3001 73.7363 4.33064 5.24155 95.8047
32.4001 73.686 4.35678 5.25678 95.7786
32.5001 73.6356 4.38298 5.27199 95.7524
32.6001 73.5853 4.40927 5.2872 95.7261
32.7001 73.535 4.43562 5.3024 95.6997
32.8001 73.4847 4.46204 5.31759 95.6733
32.9001 73.4344 4.48854 5.33277 95.6468
33.0001 73.3841 4.51511 5.34794 95.6202
33.1001 73.3338 4.54174 5.3631 95.5936
33.2001 73.2835 4.56845 5.37825 95.5669
33.3001 73.2332 4.59524 5.39339 95.5401
33.4001 73.1829 4.62209 5.40852 95.5132
33.5001 73.1325 4.64901 5.42364 95.4863
33.6001 73.0822 4.67601 5.43875 95.4593
33.7001 73.0319 4.70307 5.45385 95.4323
33.8001 72.9816 4.73021 5.46894 95.4051
33.9001 72.9313 4.75742 5.48402 95.3779
34.0001 72.881 4.7847 5.4991 95.3506
34.1001 72.8307 4.81205 5.51416 95.3233
34.2001 72.7804 4.83947 5.52921 95.2959
34.3 72.7301 4.86696 5.54425 95.2684
34.4 72.6798 4.89452 5.55928 95.2408
34.5 72.6295 4.92215 5.57431 95.2132
34.6 72.5792 4.94985 5.58932 95.1855
34.7 72.5289 4.97762 5.60432 95.1577
34.8 72.4786 5.00546 5.61931 95.1299
34.9 72.4283 5.03338 5.63429 95.102
35 72.378 5.06136 5.64926 95.074
35.1 72.3277 5.08941 5.66422 95.0459
35.2 72.2774 5.11753 5.67918 95.0178
35.3 72.2271 5.14572 5.69412 94.9896
35.4 72.1767 5.17398 5.70905 94.9614
35.5 72.1264 5.20231 5.72397 94.933
35.6 72.0761 5.23071 5.73888 94.9046
35.7 72.0258 5.25918 5.75377 94.8762
35.8 71.9755 5.28772 5.76866 94.8476
35.9 71.9252 5.31632 5.78354 94.819
36 71.8749 5.345 5.79841 94.7903
36.1 71.8246 5.37375 5.81327 94.7616
36.2 71.7743 5.40256 5.82811 94.7328
36.3 71.7241 5.43144 5.84295 94.7039
36.4 71.6738 5.46039 5.85777 94.6749
36.5 71.6235 5.48941 5.87259 94.6459
36.6 71.5732 5.5185 5.88739 94.6168
36.7 71.5229 5.54766 5.90218 94.5877
36.8 71.4726 5.57688 5.91697 94.5585
36.9 71.4223 5.60618 5.93174 94.5292
37 71.372 5.63554 5.9465 94.4998
37.1 71.3217 5.66497 5.96125 94.4704
37.2 71.2714 5.69447 5.97599 94.4409
37.3 71.2211 5.72403 5.99072 94.4113
37.4 71.1708 5.75367 6.00543 94.3817
37.5 71.1205 5.78337 6.02014 94.352
37.6 71.0702 5.81314 6.03483 94.3222
37.7 71.0199 5.84297 6.04952 94.2924
37.8 70.9696 5.87288 6.06419 94.2625
37.9 70.9193 5.90285 6.07885 94.2325
38 70.869 5.93289 6.0935 94.2024
38.1 70.8188 5.96299 6.10814 94.1723
38.2 70.7685 5.99317 6.12277 94.1422
38.3 70.7182 6.02341 6.13739 94.1119
38.4 70.6679 6.05371 6.15199 94.0816
38.5 70.6176 6.08409 6.16659 94.0513
38.6 70.5673 6.11453 6.18117 94.0208
38.7 70.517 6.14503 6.19574 93.9903
38.8 70.4667 6.17561 6.2103 93.9597
38.9 70.4164 6.20625 6.22485 93.9291
39 70.3662 6.23695 6.23939 93.8984
39.1 70.3159 6.26773 6.25391 93.8676
39.2 70.2656 6.29856 6.26843 93.8368
39.3 70.2153 6.32947 6.28293 93.8059
39.4 70.165 6.36044 6.29742 93.7749
39.5 70.1147 6.39148 6.3119 93.7439
39.6 70.0644 6.42258 6.32637 93.7128
39.7 70.0142 6.45375 6.34082 93.6816
39.8 69.9639 6.48498 6.35527 93.6504
39.9 69.9136 6.51628 6.3697 93.6191
40 69.8633 6.54764 6.38412 93.5877
40.1 69.813 6.57907 6.39853 93.5563
40.2 69.7627 6.61057 6.41293 93.5248
40.3 69.7125 6.64213 6.42731 93.4932
40.4 69.6622 6.67375 6.44168 93.4616
40.5 69.6119 6.70544 6.45605 93.4299
40.6 69.5616 6.7372 6.47039 93.3981
40.7 69.5113 6.76902 6.48473 93.3663
40.7999 69.461 6.8009 6.49906 93.3344
40.8999 69.4108 6.83285 6.51337 93.3025
40.9999 69.3605 6.86487 6.52767 93.2705
41.0999 69.3102 6.89694 6.54196 93.2384
41.1999 69.2599 6.92908 6.55624 93.2063
41.2999 69.2097 6.96129 6.5705 93.174
41.3999 69.1594 6.99356 6.58475 93.1418
41.4999 69.1091 7.02589 6.59899 93.1094
41.5999 69.0588 7.05829 6.61322 93.077
41.6999 69.0085 7.09075 6.62743 93.0446
41.7999 68.9583 7.12328 6.64164 93.0121
41.8999 68.908 7.15587 6.65583 92.9795
41.9999 68.8577 7.18852 6.67 92.9468
42.0999 68.8074 7.22124 6.68417 92.9141
42.1999 68.7572 7.25401 6.69832 92.8813
42.2999 68.7069 7.28686 6.71246 92.8485
42.3999 68.6566 7.31976 6.72659 92.8156
42.4999 68.6064 7.35273 6.7407 92.7826
42.5999 68.5561 7.38576 6.75481 92.7496
42.6999 68.5058 7.41885 6.7689 92.7165
42.7999 68.4555 7.45201 6.78297 92.6833
42.8999 68.4053 7.48523 6.79704 92.6501
42.9999 68.355 7.51851 6.81109 92.6168
43.0999 68.3047 7.55185 6.82513 92.5835
43.1999 68.2545 7.58526 6.83915 92.5501
43.2999 68.2042 7.61873 6.85317 92.5166
43.3999 68.1539 7.65226 6.86717 92.4831
43.4999 68.1037 7.68585 6.88115 92.4495
43.5999 68.0534 7.7195 6.89513 92.4158
43.6999 68.0031 7.75322 6.90909 92.3821
43.7999 67.9529 7.787 6.92304 92.3483
43.8999 67.9026 7.82083 6.93697 92.3145
43.9999 67.8523 7.85473 6.95089 92.2806
44.0999 67.8021 7.8887 6.9648 92.2466
44.1999 67.7518 7.92272 6.97869 92.2126
44.2999 67.7015 7.9568 6.99258 92.1785
44.3999 67.6513 7.99095 7.00645 92.1444
44.4999 67.601 8.02515 7.0203 92.1102
44.5999 67.5507 8.05942 7.03414 92.0759
44.6999 67.5005 8.09375 7.04797 92.0416
44.7999 67.4502 8.12813 7.06179 92.0072
44.8999 67.4 8.16258 7.07559 91.9728
44.9999 67.3497 8.19709 7.08938 91.9382
45.0999 67.2994 8.23166 7.10315 91.9037
45.1999 67.2492 8.26629 7.11691 91.869
45.2999 67.1989 8.30098 7.13066 91.8344
45.3999 67.1486 8.33573 7.1444 91.7996
45.4999 67.0984 8.37054 7.15812 91.7648
45.5999 67.0481 8.4054 7.17182 91.7299
45.6999 66.9979 8.44033 7.18552 91.695
45.7999 66.9476 8.47532 7.1992 91.66
45.8999 66.8974 8.51037 7.21286 91.625
45.9999 66.8471 8.54547 7.22651 91.5899
46.0999 66.7968 8.58064 7.24015 91.5547
46.1999 66.7466 8.61587 7.25378 91.5195
46.2999 66.6963 8.65115 7.26739 91.4842
46.3999 66.6461 8.68649 7.28098 91.4488
46.4999 66.5958 8.72189 7.29457 91.4134
46.5999 66.5456 8.75736 7.30814 91.378
46.6999 66.4953 8.79287 7.32169 91.3425
46.7999 66.4451 8.82845 7.33523 91.3069
46.8999 66.3948 8.86409 7.34876 91.2713
46.9999 66.3446 8.89978 7.36227 91.2356
47.0999 66.2943 8.93553 7.37577 91.1998
47.1999 66.2441 8.97134 7.38925 91.164
47.2999 66.1938 9.00721 7.40272 91.1281
47.3998 66.1436 9.04314 7.41618 91.0922
47.4998 66.0933 9.07912 7.42962 91.0562
47.5998 66.0431 9.11516 7.44304 91.0202
47.6998 65.9928 9.15126 7.45645 90.9841
47.7998 65.9426 9.18742 7.46985 90.9479
47.8998 65.8923 9.22363 7.48324 90.9117
47.9998 65.8421 9.2599 7.4966 90.8754
48.0998 65.7918 9.29623 7.50996 90.8391
48.1998 65.7416 9.33261 7.5233 90.8027
48.2998 65.6913 9.36906 7.53662 90.7663
48.3998 65.6411 9.40555 7.54993 90.7298
48.4998 65.5908 9.44211 7.56323 90.6932
48.5998 65.5406 9.47872 7.57651 90.6566
48.6998 65.4904 9.51539 7.58978 90.62
48.7998 65.4401 9.55211 7.60303 90.5832
48.8998 65.3899 9.58889 7.61627 90.5464
48.9998 65.3396 9.62573 7.62949 90.5096
49.0998 65.2894 9.66262 7.6427 90.4727
49.1998 65.2391 9.69957 7.65589 90.4358
49.2998 65.1889 9.73657 7.66907 90.3988
49.3998 65.1387 9.77363 7.68223 90.3617
49.4998 65.0884 9.81074 7.69538 90.3246
49.5998 65.0382 9.84791 7.70851 90.2874
49.6998 64.9879 9.88514 7.72163 90.2502
49.7998 64.9377 9.92242 7.73473 90.2129
49.8998 64.8875 9.95975 7.74782 90.1756
49.9998 64.8372 9.99714 7.76089 90.1382
50.0998 64.787 10.0346 7.77394 90.1007
50.1998 64.7368 10.0721 7.78699 90.0633
50.2998 64.6865 10.1096 7.80001 90.0257
50.3998 64.6363 10.1473 7.81302 89.9881
50.4998 64.5861 10.1849 7.82602 89.9504
50.5998 64.5358 10.2226 7.839 89.9127
50.6998 64.4856 10.2604 7.85196 89.8749
50.7998 64.4354 10.2982 7.86491 89.8371
50.8998 64.3851 10.3361 7.87785 89.7992
50.9998 64.3349 10.374 7.89076 89.7613
51.0998 64.2847 10.412 7.90367 89.7233
51.1998 64.2344 10.4501 7.91655 89.6853
51.2998 64.1842 10.4882 7.92943 89.6472
51.3998 64.134 10.5263 7.94228 89.609
51.4998 64.0837 10.5645 7.95512 89.5708
51.5998 64.0335 10.6028 7.96795 89.5326
51.6998 63.9833 10.6411 7.98075 89.4943
51.7998 63.9331 10.6794 7.99355 89.4559
51.8998 63.8828 10.7178 8.00632 89.4175
51.9998 63.8326 10.7563 8.01908 89.379
52.0998 63.7824 10.7948 8.03183 89.3405
52.1998 63.7321 10.8334 8.04456 89.302
52.2998 63.6819 10.872 8.05727 89.2633
52.3998 63.6317 10.9107 8.06997 89.2247
52.4998 63.5815 10.9494 8.08265 89.1859
52.5998 63.5312 10.9882 8.09532 89.1472
52.6998 63.481 11.027 8.10796 89.1083
52.7998 63.4308 11.0659 8.1206 89.0694
52.8998 63.3806 11.1048 8.13321 89.0305
52.9998 63.3304 11.1438 8.14581 88.9915
53.0998 63.2801 11.1828 8.1584 88.9525
53.1998 63.2299 11.2219 8.17097 88.9134
53.2998 63.1797 11.2611 8.18352 88.8743
53.3998 63.1295 11.3003 8.19605 88.8351
53.4998 63.0793 11.3395 8.20857 88.7958
53.5998 63.029 11.3788 8.22107 88.7565
53.6998 62.9788 11.4181 8.23356 88.7172
53.7998 62.9286 11.4575 8.24603 88.6778
53.8997 62.8784 11.497 8.25848 88.6384
53.9997 62.8282 11.5365 8.27091 88.5989
54.0997 62.7779 11.576 8.28333 88.5593
54.1997 62.7277 11.6156 8.29574 88.5198
54.2997 62.6775 11.6552 8.30812 88.4801
54.3997 62.6273 11.6949 8.32049 88.4404
54.4997 62.5771 11.7347 8.33284 88.4007
54.5997 62.5269 11.7744 8.34518 88.3609
54.6997 62.4767 11.8143 8.3575 88.321
54.7997 62.4264 11.8542 8.3698 88.2812
54.8997 62.3762 11.8941 8.38208 88.2412
54.9997 62.326 11.9341 8.39435 88.2012
55.0997 62.2758 11.9741 8.4066 88.1612
55.1997 62.2256 12.0142 8.41884 88.1211
55.2997 62.1754 12.0544 8.43105 88.081
55.3997 62.1252 12.0945 8.44325 88.0408
55.4997 62.075 12.1348 8.45544 88.0006
55.5997 62.0248 12.175 8.4676 87.9603
55.6997 61.9746 12.2154 8.47975 87.92
55.7997 61.9244 12.2558 8.49188 87.8796
55.8997 61.8741 12.2962 8.504 87.8392
55.9997 61.8239 12.3366 8.51609 87.7987
56.0997 61.7737 12.3772 8.52817 87.7582
56.1997 61.7235 12.4177 8.54023 87.7176
56.2997 61.6733 12.4583 8.55228 87.677
56.3997 61.6231 12.499 8.5643 87.6363
56.4997 61.5729 12.5397 8.57631 87.5956
56.5997 61.5227 12.5805 8.5883 87.5549
56.6997 61.4725 12.6213 8.60028 87.5141
56.7997 61.4223 12.6621 8.61223 87.4732
56.8997 61.3721 12.703 8.62417 87.4323
56.9997 61.3219 12.744 8.63609 87.3914
57.0997 61.2717 12.7849 8.648 87.3504
57.1997 61.2215 12.826 8.65988 87.3094
57.2997 61.1713 12.8671 8.67175 87.2683
57.3997 61.1211 12.9082 8.6836 87.2272
57.4997 61.0709 12.9494 8.69543 87.186
57.5997 61.0207 12.9906 8.70725 87.1448
57.6997 60.9705 13.0318 8.71904 87.1035
57.7997 60.9203 13.0731 8.73082 87.0622
57.8997 60.8701 13.1145 8.74258 87.0208
57.9997 60.8199 13.1559 8.75432 86.9794
58.0997 60.7697 13.1973 8.76605 86.938
58.1997 60.7195 13.2388 8.77775 86.8965
58.2997 60.6694 13.2804 8.78944 86.855
58.3997 60.6192 13.322 8.80111 86.8134
58.4997 60.569 13.3636 8.81276 86.7718
58.5997 60.5188 13.4053 8.8244 86.7301
58.6997 60.4686 13.447 8.83601 86.6884
58.7997 60.4184 13.4887 8.84761 86.6466
58.8997 60.3682 13.5305 8.85919 86.6048
58.9997 60.318 13.5724 8.87075 86.563
59.0997 60.2678 13.6143 8.88229 86.5211
59.1997 60.2176 13.6562 8.89381 86.4791
59.2997 60.1675 13.6982 8.90531 86.4372
59.3997 60.1173 13.7402 8.9168 86.3951
59.4997 60.0671 13.7823 8.92827 86.3531
59.5997 60.0169 13.8244 8.93971 86.311
59.6997 59.9667 13.8665 8.95114 86.2688
59.7997 59.9165 13.9087 8.96255 86.2266
59.8997 59.8663 13.951 8.97395 86.1844
59.9997 59.8162 13.9932 8.98532 86.1421
60.0997 59.766 14.0356 8.99667 86.0998
60.1997 59.7158 14.0779 9.00801 86.0574
60.2997 59.6656 14.1203 9.01933 86.015
60.3997 59.6154 14.1628 9.03062 85.9726
60.4996 59.5652 14.2053 9.0419 85.9301
60.5996 59.5151 14.2478 9.05316 85.8875
60.6996 59.4649 14.2904 9.0644 85.845
60.7996 59.4147 14.333 9.07562 85.8023
60.8996 59.3645 14.3757 9.08683 85.7597
60.9996 59.3143 14.4184 9.09801 85.717
61.0996 59.2642 14.4611 9.10917 85.6742
61.1996 59.214 14.5039 9.12032 85.6315
61.2996 59.1638 14.5467 9.13144 85.5886
61.3996 59.1136 14.5896 9.14255 85.5458
61.4996 59.0635 14.6325 9.15364 85.5029
61.5996 59.0133 14.6754 9.1647 85.4599
61.6996 58.9631 14.7184 9.17575 85.4169
61.7996 58.9129 14.7614 9.18678 85.3739
61.8996 58.8628 14.8045 9.19779 85.3308
61.9996 58.8126 14.8476 9.20878 85.2877
62.0996 58.7624 14.8908 9.21975 85.2446
62.1996 58.7122 14.9339 9.2307 85.2014
62.2996 58.6621 14.9772 9.24163 85.1582
62.3996 58.6119 15.0204 9.25254 85.1149
62.4996 58.5617 15.0637 9.26343 85.0716
62.5996 58.5116 15.1071 9.2743 85.0282
62.6996 58.4614 15.1505 9.28515 84.9849
62.7996 58.4112 15.1939 9.29598 84.9414
62.8996 58.3611 15.2374 9.30679 84.898
62.9996 58.3109 15.2809 9.31758 84.8545
63.0996 58.2607 15.3244 9.32836 84.8109
63.1996 58.2106 15.368 9.33911 84.7674
63.2996 58.1604 15.4116 9.34984 84.7237
63.3996 58.1102 15.4553 9.36055 84.6801
63.4996 58.0601 15.499 9.37124 84.6364
63.5996 58.0099 15.5427 9.38191 84.5927
63.6996 57.9597 15.5865 9.39256 84.5489
63.7996 57.9096 15.6303 9.40319 84.5051
63.8996 57.8594 15.6741 9.4138 84.4612
63.9996 57.8093 15.718 9.42439 84.4173
64.0996 57.7591 15.7619 9.43496 84.3734
64.1996 57.7089 15.8059 9.44551 84.3295
64.2996 57.6588 15.8499 9.45604 84.2855
64.3996 57.6086 15.8939 9.46655 84.2414
64.4996 57.5585 15.938 9.47704 84.1974
64.5996 57.5083 15.9821 9.48751 84.1533
64.6996 57.4582 16.0262 9.49795 84.1091
64.7996 57.408 16.0704 9.50838 84.0649
64.8996 57.3578 16.1146 9.51878 84.0207
64.9996 57.3077 16.1589 9.52917 83.9765
65.0996 57.2575 16.2031 9.53953 83.9322
65.1996 57.2074 16.2475 9.54988 83.8879
65.2996 57.1572 16.2918 9.5602 83.8435
65.3996 57.1071 16.3362 9.5705 83.7991
65.4996 57.0569 16.3806 9.58078 83.7547
65.5996 57.0068 16.4251 9.59104 83.7102
65.6996 56.9566 16.4696 9.60128 83.6657
65.7996 56.9065 16.5141 9.61149 83.6212
65.8996 56.8563 16.5587 9.62169 83.5766
65.9996 56.8062 16.6033 9.63187 83.532
66.0996 56.756 16.648 9.64202 83.4874
66.1996 56.7059 16.6926 9.65215 83.4427
66.2996 56.6557 16.7373 9.66227 83.398
66.3996 56.6056 16.7821 9.67236 83.3533
66.4996 56.5554 16.8269 9.68242 83.3085
66.5996 56.5053 16.8717 9.69247 83.2637
66.6996 56.4551 16.9165 9.7025 83.2188
66.7996 56.405 16.9614 9.7125 83.1739
66.8996 56.3549 17.0063 9.72249 83.129
66.9995 56.3047 17.0513 9.73245 83.0841
67.0995 56.2546 17.0962 9.74239 83.0391
67.1995 56.2044 17.1412 9.75231 82.9941
67.2995 56.1543 17.1863 9.76221 82.949
67.3995 56.1041 17.2314 9.77208 82.904
67.4995 56.054 17.2765 9.78194 82.8589
67.5995 56.0039 17.3216 9.79177 82.8137
67.6995 55.9537 17.3668 9.80158 82.7685
67.7995 55.9036 17.412 9.81137 82.7233
67.8995 55.8534 17.4572 9.82113 82.6781
67.9995 55.8033 17.5025 9.83088 82.6328
68.0995 55.7532 17.5478 9.8406 82.5875
68.1995 55.703 17.5932 9.8503 82.5422
68.2995 55.6529 17.6385 9.85998 82.4968
68.3995 55.6028 17.6839 9.86964 82.4514
68.4995 55.5526 17.7294 9.87927 82.406
68.5995 55.5025 17.7748 9.88889 82.3605
68.6995 55.4524 17.8203 9.89848 82.315
68.7995 55.4022 17.8658 9.90805 82.2695
68.8995 55.3521 17.9114 9.91759 82.2239
68.9995 55.302 17.957 9.92712 82.1784
69.0995 55.2518 18.0026 9.93662 82.1327
69.1995 55.2017 18.0482 9.9461 82.0871
69.2995 55.1516 18.0939 9.95555 82.0414
69.3995 55.1015 18.1396 9.96499 81.9957
69.4995 55.0513 18.1854 9.9744 81.95
69.5995 55.0012 18.2311 9.98379 81.9042
69.6995 54.9511 18.2769 9.99316 81.8584
69.7995 54.9009 18.3228 10.0025 81.8126
69.8995 54.8508 18.3686 10.0118 81.7667
69.9995 54.8007 18.4145 10.0211 81.7208
70.0995 54.7506 18.4604 10.0304 81.6749
70.1995 54.7004 18.5063 10.0396 81.629
70.2995 54.6503 18.5523 10.0489 81.583
70.3995 54.6002 18.5983 10.0581 81.537
70.4995 54.5501 18.6444 10.0673 81.491
70.5995 54.5 18.6904 10.0764 81.4449
70.6995 54.4498 18.7365 10.0856 81.3988
70.7995 54.3997 18.7826 10.0947 81.3527
70.8995 54.3496 18.8288 10.1038 81.3066
70.9995 54.2995 18.8749 10.1129 81.2604
71.0995 54.2494 18.9211 10.1219 81.2142
71.1995 54.1992 18.9673 10.1309 81.168
71.2995 54.1491 19.0136 10.1399 81.1217
71.3995 54.099 19.0599 10.1489 81.0755
71.4995 54.0489 19.1062 10.1579 81.0292
71.5995 53.9988 19.1525 10.1668 80.9828
71.6995 53.9487 19.1989 10.1757 80.9365
71.7995 53.8985 19.2453 10.1846 80.8901
71.8995 53.8484 19.2917 10.1934 80.8437
71.9995 53.7983 19.3381 10.2023 80.7972
72.0995 53.7482 19.3846 10.2111 80.7507
72.1995 53.6981 19.4311 10.2199 80.7043
72.2995 53.648 19.4776 10.2286 80.6577
72.3995 53.5979 19.5242 10.2374 80.6112
72.4995 53.5478 19.5707 10.2461 80.5646
72.5995 53.4977 19.6173 10.2548 80.518
72.6995 53.4475 19.6639 10.2635 80.4714
72.7995 53.3974 19.7106 10.2721 80.4247
72.8995 53.3473 19.7573 10.2807 80.3781
72.9995 53.2972 19.804 10.2893 80.3314
73.0995 53.2471 19.8507 10.2979 80.2846
73.1995 53.197 19.8974 10.3065 80.2379
73.2995 53.1469 19.9442 10.315 80.1911
73.3995 53.0968 19.991 10.3235 80.1443
73.4995 53.0467 20.0378 10.332 80.0975
73.5994 52.9966 20.0847 10.3404 80.0507
73.6994 52.9465 20.1315 10.3489 80.0038
73.7994 52.8964 20.1784 10.3573 79.9569
73.8994 52.8463 20.2254 10.3656 79.91
73.9994 52.7962 20.2723 10.374 79.863
74.0994 52.7461 20.3193 10.3823 79.8161
74.1994 52.696 20.3662 10.3906 79.7691
74.2994 52.6459 20.4133 10.3989 79.7221
74.3994 52.5958 20.4603 10.4072 79.675
74.4994 52.5457 20.5074 10.4154 79.628
74.5994 52.4956 20.5544 10.4236 79.5809
74.6994 52.4455 20.6015 10.4318 79.5338
74.7994 52.3954 20.6487 10.44 79.4867
74.8994 52.3453 20.6958 10.4481 79.4395
74.9994 52.2952 20.743 10.4562 79.3924
75.0994 52.2451 20.7902 10.4643 79.3452
75.1994 52.195 20.8374 10.4724 79.298
75.2994 52.1449 20.8846 10.4804 79.2507
75.3994 52.0949 20.9319 10.4884 79.2035
75.4994 52.0448 20.9792 10.4964 79.1562
75.5994 51.9947 21.0265 10.5044 79.1089
75.6994 51.9446 21.0738 10.5123 79.0616
75.7994 51.8945 21.1211 10.5202 79.0142
75.8994 51.8444 21.1685 10.5281 78.9669
75.9994 51.7943 21.2159 10.536 78.9195
76.0994 51.7442 21.2633 10.5438 78.8721
76.1994 51.6941 21.3107 10.5516 78.8246
76.2994 51.6441 21.3581 10.5594 78.7772
76.3994 51.594 21.4056 10.5672 78.7297
76.4994 51.5439 21.4531 10.5749 78.6822
76.5994 51.4938 21.5006 10.5826 78.6347
76.6994 51.4437 21.5481 10.5903 78.5872
76.7994 51.3936 21.5957 10.598 78.5397
76.8994 51.3436 21.6432 10.6056 78.4921
76.9994 51.2935 21.6908 10.6132 78.4445
77.0994 51.2434 21.7384 10.6208 78.3969
77.1994 51.1933 21.786 10.6284 78.3493
77.2994 51.1432 21.8337 10.6359 78.3017
77.3994 51.0932 21.8813 10.6434 78.254
77.4994 51.0431 21.929 10.6509 78.2063
77.5994 50.993 21.9767 10.6584 78.1586
77.6994 50.9429 22.0244 10.6658 78.1109
77.7994 50.8928 22.0722 10.6732 78.0632
77.8994 50.8428 22.1199 10.6806 78.0154
77.9994 50.7927 22.1677 10.6879 77.9677
78.0994 50.7426 22.2155 10.6952 77.9199
78.1994 50.6925 22.2633 10.7025 77.8721
78.2994 50.6425 22.3111 10.7098 77.8242
78.3994 50.5924 22.3589 10.7171 77.7764
78.4994 50.5423 22.4068 10.7243 77.7285
78.5994 50.4923 22.4547 10.7315 77.6807
78.6994 50.4422 22.5026 10.7386 77.6328
78.7994 50.3921 22.5505 10.7458 77.5849
78.8994 50.342 22.5984 10.7529 77.537
78.9994 50.292 22.6463 10.76 77.489
79.0994 50.2419 22.6943 10.7671 77.4411
79.1994 50.1918 22.7423 10.7741 77.3931
79.2994 50.1418 22.7902 10.7811 77.3451
79.3994 50.0917 22.8382 10.7881 77.2971
79.4994 50.0416 22.8863 10.795 77.2491
79.5994 49.9916 22.9343 10.802 77.201
79.6994 49.9415 22.9823 10.8089 77.153
79.7994 49.8914 23.0304 10.8158 77.1049
79.8994 49.8414 23.0785 10.8226 77.0568
79.9994 49.7913 23.1266 10.8294 77.0087
80.0993 49.7413 23.1747 10.8362 76.9606
80.1993 49.6912 23.2228 10.843 76.9125
80.2993 49.6411 23.271 10.8497 76.8644
80.3993 49.5911 23.3191 10.8565 76.8162
80.4993 49.541 23.3673 10.8632 76.768
80.5993 49.491 23.4155 10.8698 76.7199
80.6993 49.4409 23.4637 10.8764 76.6717
80.7993 49.3908 23.5119 10.8831 76.6235
80.8993 49.3408 23.5601 10.8896 76.5752
80.9993 49.2907 23.6083 10.8962 76.527
81.0993 49.2407 23.6566 10.9027 76.4787
81.1993 49.1906 23.7049 10.9092 76.4305
81.2993 49.1406 23.7531 10.9157 76.3822
81.3993 49.0905 23.8014 10.9221 76.3339
81.4993 49.0405 23.8497 10.9285 76.2856
81.5993 48.9904 23.898 10.9349 76.2373
81.6993 48.9404 23.9464 10.9413 76.189
81.7993 48.8903 23.9947 10.9476 76.1406
81.8993 48.8403 24.0431 10.9539 76.0923
81.9993 48.7902 24.0914 10.9602 76.0439
82.0993 48.7402 24.1398 10.9665 75.9955
82.1993 48.6901 24.1882 10.9727 75.9472
82.2993 48.6401 24.2366 10.9789 75.8988
82.3993 48.59 24.285 10.9851 75.8503
82.4993 48.54 24.3334 10.9912 75.8019
82.5993 48.4899 24.3818 10.9973 75.7535
82.6993 48.4399 24.4303 11.0034 75.705
82.7993 48.3898 24.4787 11.0095 75.6566
82.8993 48.3398 24.5272 11.0155 75.6081
82.9993 48.2897 24.5757 11.0215 75.5596
83.0993 48.2397 24.6242 11.0275 75.5112
83.1993 48.1897 24.6727 11.0334 75.4627
83.2993 48.1396 24.7212 11.0393 75.4142
83.3993 48.0896 24.7697 11.0452 75.3656
83.4993 48.0395 24.8182 11.0511 75.3171
83.5993 47.9895 24.8668 11.0569 75.2686
83.6993 47.9395 24.9153 11.0627 75.22
83.7993 47.8894 24.9639 11.0685 75.1715
83.8993 47.8394 25.0124 11.0742 75.1229
83.9993 47.7893 25.061 11.0799 75.0743
84.0993 47.7393 25.1096 11.0856 75.0258
84.1993 47.6893 25.1582 11.0913 74.9772
84.2993 47.6392 25.2068 11.0969 74.9286
84.3993 47.5892 25.2554 11.1025 74.88
84.4993 47.5392 25.304 11.1081 74.8313
84.5993 47.4891 25.3526 11.1136 74.7827
84.6993 47.4391 25.4012 11.1192 74.7341
84.7993 47.3891 25.4499 11.1246 74.6854
84.8993 47.339 25.4985 11.1301 74.6368
84.9993 47.289 25.5472 11.1355 74.5881
85.0993 47.239 25.5959 11.1409 74.5395
85.1993 47.1889 25.6445 11.1463 74.4908
85.2993 47.1389 25.6932 11.1516 74.4421
85.3993 47.0889 25.7419 11.157 74.3934
85.4993 47.0389 25.7906 11.1622 74.3448
85.5993 46.9888 25.8393 11.1675 74.2961
85.6993 46.9388 25.888 11.1727 74.2474
85.7993 46.8888 25.9367 11.1779 74.1986
85.8993 46.8388 25.9854 11.1831 74.1499
85.9993 46.7887 26.0341 11.1882 74.1012
86.0993 46.7387 26.0829 11.1933 74.0525
86.1993 46.6887 26.1316 11.1984 74.0037
86.2993 46.6387 26.1803 11.2035 73.955
86.3993 46.5886 26.2291 11.2085 73.9063
86.4993 46.5386 26.2778 11.2135 73.8575
86.5993 46.4886 26.3266 11.2184 73.8087
86.6992 46.4386 26.3754 11.2234 73.76
86.7992 46.3886 26.4241 11.2283 73.7112
86.8992 46.3386 26.4729 11.2332 73.6624
86.9992 46.2885 26.5217 11.238 73.6137
87.0992 46.2385 26.5705 11.2428 73.5649
87.1992 46.1885 26.6192 11.2476 73.5161
87.2992 46.1385 26.668 11.2523 73.4673
87.3992 46.0885 26.7168 11.2571 73.4185
87.4992 46.0385 26.7656 11.2618 73.3697
87.5992 45.9884 26.8144 11.2664 73.3209
87.6992 45.9384 26.8632 11.2711 73.2721
87.7992 45.8884 26.912 11.2757 73.2233
87.8992 45.8384 26.9608 11.2802 73.1745
87.9992 45.7884 27.0097 11.2848 73.1257
88.0992 45.7384 27.0585 11.2893 73.0769
88.1992 45.6884 27.1073 11.2938 73.028
88.2992 45.6384 27.1561 11.2982 72.9792
88.3992 45.5884 27.2049 11.3026 72.9304
88.4992 45.5383 27.2538 11.307 72.8816
88.5992 45.4883 27.3026 11.3114 72.8327
88.6992 45.4383 27.3514 11.3157 72.7839
88.7992 45.3883 27.4003 11.32 72.7351
88.8992 45.3383 27.4491 11.3243 72.6862
88.9992 45.2883 27.4979 11.3285 72.6374
89.0992 45.2383 27.5468 11.3327 72.5886
89.1992 45.1883 27.5956 11.3369 72.5397
89.2992 45.1383 27.6445 11.3411 72.4909
89.3992 45.0883 27.6933 11.3452 72.442
89.4992 45.0383 27.7421 11.3493 72.3932
89.5992 44.9883 27.791 11.3533 72.3444
89.6992 44.9383 27.8398 11.3574 72.2955
89.7992 44.8883 27.8887 11.3613 72.2467
89.8992 44.8383 27.9375 11.3653 72.1978
89.9992 44.7883 27.9864 11.3692 72.149
90.0992 44.7383 28.0352 11.3731 72.1001
90.1992 44.6883 28.0841 11.377 72.0513
90.2992 44.6383 28.1329 11.3808 72.0024
90.3992 44.5883 28.1817 11.3847 71.9536
90.4992 44.5383 28.2306 11.3884 71.9048
90.5992 44.4883 28.2794 11.3922 71.8559
90.6992 44.4383 28.3283 11.3959 71.8071
90.7992 44.3883 28.3771 11.3996 71.7582
90.8992 44.3384 28.426 11.4032 71.7094
90.9992 44.2884 28.4748 11.4068 71.6605
91.0992 44.2384 28.5236 11.4104 71.6117
91.1992 44.1884 28.5725 11.414 71.5629
91.2992 44.1384 28.6213 11.4175 71.514
91.3992 44.0884 28.6701 11.421 71.4652
91.4992 44.0384 28.719 11.4244 71.4164
91.5992 43.9884 28.7678 11.4279 71.3676
91.6992 43.9384 28.8166 11.4313 71.3187
91.7992 43.8884 28.8654 11.4346 71.2699
91.8992 43.8385 28.9143 11.438 71.2211
91.9992 43.7885 28.9631 11.4413 71.1723
92.0992 43.7385 29.0119 11.4445 71.1235
92.1992 43.6885 29.0607 11.4478 71.0746
92.2992 43.6385 29.1095 11.451 71.0258
92.3992 43.5885 29.1583 11.4542 70.977
92.4992 43.5386 29.2071 11.4573 70.9282
92.5992 43.4886 29.2559 11.4604 70.8794
92.6992 43.4386 29.3047 11.4635 70.8306
92.7992 43.3886 29.3535 11.4665 70.7819
92.8992 43.3386 29.4023 11.4695 70.7331
92.9992 43.2887 29.4511 11.4725 70.6843
93.0992 43.2387 29.4998 11.4755 70.6355
93.1992 43.1887 29.5486 11.4784 70.5867
93.2991 43.1387 29.5974 11.4813 70.538
93.3991 43.0888 29.6461 11.4841 70.4892
93.4991 43.0388 29.6949 11.4869 70.4405
93.5991 42.9888 29.7436 11.4897 70.3917
93.6991 42.9388 29.7924 11.4925 70.343
93.7991 42.8889 29.8411 11.4952 70.2942
93.8991 42.8389 29.8899 11.4979 70.2455
93.9991 42.7889 29.9386 11.5005 70.1967
94.0991 42.7389 29.9873 11.5032 70.148
94.1991 42.689 30.036 11.5058 70.0993
94.2991 42.639 30.0847 11.5083 70.0506
94.3991 42.589 30.1334 11.5108 70.0019
94.4991 42.5391 30.1821 11.5133 69.9532
94.5991 42.4891 30.2308 11.5158 69.9045
94.6991 42.4391 30.2795 11.5182 69.8558
94.7991 42.3892 30.3282 11.5206 69.8071
94.8991 42.3392 30.3769 11.523 69.7585
94.9991 42.2892 30.4255 11.5253 69.7098
95.0991 42.2393 30.4742 11.5276 69.6612
95.1991 42.1893 30.5228 11.5298 69.6125
95.2991 42.1393 30.5715 11.5321 69.5639
95.3991 42.0894 30.6201 11.5343 69.5152
95.4991 42.0394 30.6687 11.5364 69.4666
95.5991 41.9894 30.7173 11.5385 69.418
95.6991 41.9395 30.766 11.5406 69.3694
95.7991 41.8895 30.8146 11.5427 69.3208
95.8991 41.8396 30.8631 11.5447 69.2722
95.9991 41.7896 30.9117 11.5467 69.2236
96.0991 41.7396 30.9603 11.5487 69.175
96.1991 41.6897 31.0089 11.5506 69.1265
96.2991 41.6397 31.0574 11.5525 69.0779
96.3991 41.5898 31.106 11.5543 69.0294
96.4991 41.5398 31.1545 11.5562 68.9808
96.5991 41.4899 31.203 11.558 68.9323
96.6991 41.4399 31.2515 11.5597 68.8838
96.7991 41.3899 31.3001 11.5614 68.8353
96.8991 41.34 31.3486 11.5631 68.7868
96.9991 41.29 31.397 11.5648 68.7383
97.0991 41.2401 31.4455 11.5664 68.6898
97.1991 41.1901 31.494 11.568 68.6414
97.2991 41.1402 31.5424 11.5695 68.5929
97.3991 41.0902 31.5909 11.5711 68.5445
97.4991 41.0403 31.6393 11.5725 68.496
97.5991 40.9903 31.6877 11.574 68.4476
97.6991 40.9404 31.7361 11.5754 68.3992
97.7991 40.8904 31.7845 11.5768 68.3508
97.8991 40.8405 31.8329 11.5781 68.3024
97.9991 40.7905 31.8813 11.5794 68.254
98.0991 40.7406 31.9297 11.5807 68.2057
98.1991 40.6906 31.978 11.582 68.1573
98.2991 40.6407 32.0264 11.5832 68.109
98.3991 40.5908 32.0747 11.5844 68.0606
98.4991 40.5408 32.123 11.5855 68.0123
98.5991 40.4909 32.1713 11.5866 67.964
98.6991 40.4409 32.2196 11.5877 67.9157
98.7991 40.391 32.2679 11.5887 67.8675
98.8991 40.341 32.3161 11.5897 67.8192
98.9991 40.2911 32.3644 11.5907 67.7709
99.0991 40.2412 32.4126 11.5916 67.7227
99.1991 40.1912 32.4609 11.5925 67.6745
99.2991 40.1413 32.5091 11.5934 67.6263
99.3991 40.0914 32.5573 11.5942 67.5781
99.4991 40.0414 32.6054 11.595 67.5299
99.5991 39.9915 32.6536 11.5958 67.4817
99.6991 39.9415 32.7018 11.5965 67.4336
99.799 39.8916 32.7499 11.5972 67.3854
99.899 39.8417 32.798 11.5978 67.3373
99.999 39.7917 32.8461 11.5984 67.2892
100.099 39.7418 32.8942 11.599 67.2411
100.199 39.6919 32.9423 11.5996 67.193
100.299 39.6419 32.9904 11.6001 67.145
100.399 39.592 33.0384 11.6005 67.0969
100.499 39.5421 33.0865 11.601 67.0489
100.599 39.4921 33.1345 11.6014 67.0008
100.699 39.4422 33.1825 11.6018 66.9528
100.799 39.3923 33.2305 11.6021 66.9049
100.899 39.3424 33.2785 11.6024 66.8569
100.999 39.2924 33.3264 11.6027 66.8089
101.099 39.2425 33.3744 11.6029 66.761
101.199 39.1926 33.4223 11.6031 66.7131
101.299 39.1427 33.4702 11.6032 66.6652
101.399 39.0927 33.5181 11.6034 66.6173
101.499 39.0428 33.5659 11.6034 66.5694
101.599 38.9929 33.6138 11.6035 66.5215
101.699 38.943 33.6616 11.6035 66.4737
101.799 38.893 33.7095 11.6035 66.4259
101.899 38.8431 33.7573 11.6034 66.3781
101.999 38.7932 33.8051 11.6033 66.3303
102.099 38.7433 33.8528 11.6032 66.2825
102.199 38.6933 33.9006 11.603 66.2348
102.299 38.6434 33.9483 11.6028 66.187
102.399 38.5935 33.996 11.6026 66.1393
102.499 38.5436 34.0437 11.6023 66.0916
102.599 38.4937 34.0914 11.602 66.0439
102.699 38.4438 34.1391 11.6017 65.9963
102.799 38.3938 34.1867 11.6013 65.9486
102.899 38.3439 34.2343 11.6009 65.901
102.999 38.294 34.2819 11.6004 65.8534
103.099 38.2441 34.3295 11.5999 65.8058
103.199 38.1942 34.3771 11.5994 65.7583
103.299 38.1443 34.4246 11.5988 65.7107
103.399 38.0944 34.4721 11.5982 65.6632
103.499 38.0444 34.5197 11.5976 65.6157
103.599 37.9945 34.5671 11.5969 65.5682
103.699 37.9446 34.6146 11.5962 65.5207
103.799 37.8947 34.662 11.5955 65.4733
103.899 37.8448 34.7095 11.5947 65.4259
103.999 37.7949 34.7569 11.5939 65.3785
104.099 37.745 34.8043 11.593 65.3311
104.199 37.6951 34.8516 11.5921 65.2837
104.299 37.6452 34.899 11.5912 65.2364
104.399 37.5953 34.9463 11.5902 65.189
104.499 37.5454 34.9936 11.5892 65.1417
104.599 37.4955 35.0409 11.5882 65.0945
104.699 37.4456 35.0881 11.5871 65.0472
104.799 37.3956 35.1354 11.586 65
104.899 37.3457 35.1826 11.5848 64.9528
104.999 37.2958 35.2298 11.5836 64.9056
105.099 37.2459 35.2769 11.5824 64.8584
105.199 37.196 35.3241 11.5811 64.8112
105.299 37.1461 35.3712 11.5798 64.7641
105.399 37.0962 35.4183 11.5785 64.717
105.499 37.0463 35.4654 11.5771 64.6699
105.599 36.9964 35.5125 11.5757 64.6229
105.699 36.9465 35.5595 11.5742 64.5758
105.799 36.8966 35.6065 11.5728 64.5288
105.899 36.8467 35.6535 11.5712 64.4818
105.999 36.7969 35.7005 11.5697 64.4349
106.099 36.747 35.7474 11.5681 64.3879
106.199 36.6971 35.7943 11.5664 64.341
106.299 36.6472 35.8412 11.5648 64.2941
106.399 36.5973 35.8881 11.563 64.2473
106.499 36.5474 35.9349 11.5613 64.2004
106.599 36.4975 35.9817 11.5595 64.1536
106.699 36.4476 36.0285 11.5577 64.1068
106.799 36.3977 36.0753 11.5558 64.06
106.899 36.3478 36.1221 11.5539 64.0133
106.999 36.2979 36.1688 11.552 63.9665
107.099 36.248 36.2155 11.55 63.9198
107.199 36.1981 36.2622 11.548 63.8732
107.299 36.1483 36.3088 11.5459 63.8265
107.399 36.0984 36.3554 11.5438 63.7799
107.499 36.0485 36.402 11.5417 63.7333
107.599 35.9986 36.4486 11.5395 63.6867
107.699 35.9487 36.4952 11.5373 63.6402
107.799 35.8988 36.5417 11.5351 63.5937
107.899 35.8489 36.5882 11.5328 63.5472
107.999 35.7991 36.6346 11.5305 63.5007
108.099 35.7492 36.6811 11.5281 63.4543
108.199 35.6993 36.7275 11.5257 63.4078
108.299 35.6494 36.7739 11.5233 63.3615
108.399 35.5995 36.8202 11.5208 63.3151
108.499 35.5496 36.8666 11.5183 63.2688
108.599 35.4998 36.9129 11.5158 63.2225
108.699 35.4499 36.9592 11.5132 63.1762
108.799 35.4 37.0054 11.5106 63.1299
108.899 35.3501 37.0516 11.5079 63.0837
108.999 35.3002 37.0978 11.5052 63.0375
109.099 35.2504 37.144 11.5025 62.9913
109.199 35.2005 37.1902 11.4997 62.9452
109.299 35.1506 37.2363 11.4969 62.8991
109.399 35.1007 37.2824 11.494 62.853
109.499 35.0509 37.3284 11.4911 62.8069
109.599 35.001 37.3744 11.4882 62.7609
109.699 34.9511 37.4204 11.4852 62.7149
109.799 34.9012 37.4664 11.4822 62.6689
109.899 34.8514 37.5124 11.4791 62.623
109.999 34.8015 37.5583 11.4761 62.5771
110.099 34.7516 37.6042 11.4729 62.5312
110.199 34.7018 37.65 11.4698 62.4853
110.299 34.6519 37.6958 11.4666 62.4395
110.399 34.602 37.7416 11.4633 62.3937
110.499 34.5521 37.7874 11.46 62.3479
110.599 34.5023 37.8331 11.4567 62.3022
110.699 34.4524 37.8789 11.4533 62.2565
110.799 34.4025 37.9245 11.4499 62.2108
110.899 34.3527 37.9702 11.4465 62.1652
110.999 34.3028 38.0158 11.443 62.1195
111.099 34.2529 38.0614 11.4395 62.074
111.199 34.2031 38.1069 11.436 62.0284
111.299 34.1532 38.1525 11.4324 61.9829
111.399 34.1034 38.198 11.4287 61.9374
111.499 34.0535 38.2434 11.425 61.8919
111.599 34.0036 38.2888 11.4213 61.8465
111.699 33.9538 38.3342 11.4176 61.8011
111.799 33.9039 38.3796 11.4138 61.7557
111.899 33.854 38.425 11.41 61.7104
111.999 33.8042 38.4703 11.4061 61.6651
112.099 33.7543 38.5155 11.4022 61.6198
112.199 33.7045 38.5608 11.3982 61.5746
112.299 33.6546 38.606 11.3942 61.5294
112.399 33.6048 38.6512 11.3902 61.4842
112.499 33.5549 38.6963 11.3861 61.439
112.599 33.505 38.7414 11.382 61.3939
112.699 33.4552 38.7865 11.3779 61.3488
112.799 33.4053 38.8315 11.3737 61.3038
112.899 33.3555 38.8766 11.3694 61.2588
112.999 33.3056 38.9215 11.3652 61.2138
113.099 33.2558 38.9665 11.3609 61.1689
113.199 33.2059 39.0114 11.3565 61.1239
113.299 33.1561 39.0563 11.3521 61.0791
113.399 33.1062 39.1011 11.3477 61.0342
113.499 33.0564 39.1459 11.3432 60.9894
113.599 33.0065 39.1907 11.3387 60.9446
113.699 32.9567 39.2354 11.3342 60.8999
113.799 32.9068 39.2802 11.3296 60.8552
113.899 32.857 39.3248 11.325 60.8105
113.999 32.8071 39.3695 11.3203 60.7659
114.099 32.7573 39.4141 11.3156 60.7213
114.199 32.7074 39.4586 11.3109 60.6767
114.299 32.6576 39.5032 11.3061 60.6322
114.399 32.6077 39.5477 11.3012 60.5877
114.499 32.5579 39.5921 11.2964 60.5432
114.599 32.508 39.6366 11.2915 60.4988
114.699 32.4582 39.681 11.2865 60.4544
114.799 32.4084 39.7253 11.2815 60.41
114.899 32.3585 39.7697 11.2765 60.3657
114.999 32.3087 39.8139 11.2714 60.3214
115.099 32.2588 39.8582 11.2663 60.2771
115.199 32.209 39.9024 11.2612 60.2329
115.299 32.1591 39.9466 11.256 60.1888
115.399 32.1093 39.9907 11.2507 60.1446
115.499 32.0595 40.0348 11.2455 60.1005
115.599 32.0096 40.0789 11.2402 60.0564
115.699 31.9598 40.1229 11.2348 60.0124
115.799 31.9099 40.1669 11.2294 59.9684
115.899 31.8601 40.2109 11.224 59.9244
115.999 31.8103 40.2548 11.2185 59.8805
116.099 31.7604 40.2987 11.213 59.8366
116.199 31.7106 40.3425 11.2074 59.7928
116.299 31.6608 40.3863 11.2018 59.749
116.399 31.6109 40.4301 11.1962 59.7052
116.499 31.5611 40.4739 11.1905 59.6615
116.599 31.5113 40.5175 11.1848 59.6178
116.699 31.4614 40.5612 11.1791 59.5741
116.799 31.4116 40.6048 11.1733 59.5305
116.899 31.3618 40.6484 11.1674 59.4869
116.999 31.3119 40.6919 11.1615 59.4434
117.099 31.2621 40.7354 11.1556 59.3999
117.199 31.2123 40.7789 11.1497 59.3564
117.299 31.1625 40.8223 11.1437 59.313
117.399 31.1126 40.8657 11.1376 59.2696
117.499 31.0628 40.9091 11.1315 59.2263
117.599 31.013 40.9524 11.1254 59.183
117.699 30.9631 40.9956 11.1192 59.1397
117.799 30.9133 41.0389 11.113 59.0965
117.899 30.8635 41.0821 11.1068 59.0533
117.999 30.8137 41.1252 11.1005 59.0101
118.099 30.7638 41.1683 11.0942 58.967
118.199 30.714 41.2114 11.0878 58.924
118.299 30.6642 41.2544 11.0814 58.8809
118.399 30.6144 41.2974 11.0749 58.8379
118.499 30.5646 41.3403 11.0684 58.795
118.599 30.5147 41.3833 11.0619 58.7521
118.699 30.4649 41.4261 11.0553 58.7092
118.799 30.4151 41.4689 11.0487 58.6664
118.899 30.3653 41.5117 11.042 58.6236
118.999 30.3154 41.5545 11.0353 58.5809
119.099 30.2656 41.5972 11.0286 58.5382
119.199 30.2158 41.6398 11.0218 58.4955
119.299 30.166 41.6824 11.015 58.4529
119.399 30.1162 41.725 11.0081 58.4103
119.499 30.0664 41.7676 11.0012 58.3678
119.599 30.0165 41.81 10.9942 58.3253
119.699 29.9667 41.8525 10.9873 58.2828
119.799 29.9169 41.8949 10.9802 58.2404
119.899 29.8671 41.9373 10.9731 58.1981
119.999 29.8173 41.9796 10.966 58.1557
120.099 29.7675 42.0219 10.9589 58.1135
120.199 29.7177 42.0641 10.9517 58.0712
120.299 29.6678 42.1063 10.9444 58.029
120.399 29.618 42.1485 10.9372 57.9869
120.499 29.5682 42.1906 10.9298 57.9448
120.599 29.5184 42.2326 10.9225 57.9027
120.699 29.4686 42.2747 10.9151 57.8607
120.799 29.4188 42.3166 10.9076 57.8187
120.899 29.369 42.3586 10.9001 57.7768
120.999 29.3192 42.4005 10.8926 57.7349
121.099 29.2694 42.4423 10.885 57.693
121.199 29.2196 42.4841 10.8774 57.6512
121.299 29.1698 42.5259 10.8698 57.6095
121.399 29.12 42.5676 10.8621 57.5678
121.499 29.0701 42.6093 10.8543 57.5261
121.599 29.0203 42.6509 10.8465 57.4845
121.699 28.9705 42.6925 10.8387 57.4429
121.799 28.9207 42.734 10.8308 57.4013
121.899 28.8709 42.7755 10.8229 57.3598
121.999 28.8211 42.8169 10.815 57.3184
122.099 28.7713 42.8583 10.807 57.277
122.199 28.7215 42.8997 10.799 57.2356
122.299 28.6717 42.941 10.7909 57.1943
122.399 28.6219 42.9823 10.7828 57.1531
122.499 28.5721 43.0235 10.7746 57.1118
122.599 28.5223 43.0647 10.7664 57.0707
122.699 28.4725 43.1058 10.7582 57.0295
122.799 28.4227 43.1469 10.7499 56.9885
122.899 28.3729 43.1879 10.7416 56.9474
122.999 28.3231 43.2289 10.7332 56.9064
123.099 28.2733 43.2698 10.7248 56.8655
123.199 28.2235 43.3107 10.7164 56.8246
123.299 28.1737 43.3516 10.7079 56.7838
123.399 28.1239 43.3924 10.6993 56.743
123.499 28.0742 43.4331 10.6907 56.7022
123.599 28.0244 43.4738 10.6821 56.6615
123.699 27.9746 43.5145 10.6735 56.6208
123.799 27.9248 43.5551 10.6648 56.5802
123.899 27.875 43.5957 10.656 56.5396
123.999 27.8252 43.6362 10.6472 56.4991
124.099 27.7754 43.6767 10.6384 56.4587
124.199 27.7256 43.7171 10.6295 56.4182
124.299 27.6758 43.7575 10.6206 56.3779
124.399 27.626 43.7978 10.6117 56.3375
124.499 27.5762 43.8381 10.6027 56.2972
124.599 27.5264 43.8783 10.5936 56.257
124.699 27.4767 43.9185 10.5845 56.2168
124.799 27.4269 43.9586 10.5754 56.1767
124.899 27.3771 43.9987 10.5663 56.1366
124.999 27.3273 44.0388 10.557 56.0966
125.099 27.2775 44.0787 10.5478 56.0566
125.199 27.2277 44.1187 10.5385 56.0167
125.299 27.1779 44.1586 10.5292 55.9768
125.399 27.1282 44.1984 10.5198 55.9369
125.499 27.0784 44.2382 10.5104 55.8971
125.599 27.0286 44.2779 10.5009 55.8574
125.699 26.9788 44.3176 10.4914 55.8177
125.799 26.929 44.3573 10.4819 55.7781
125.899 26.8792 44.3969 10.4723 55.7385
125.999 26.8295 44.4364 10.4626 55.6989
126.099 26.7797 44.4759 10.453 55.6594
126.199 26.7299 44.5154 10.4433 55.62
126.299 26.6801 44.5547 10.4335 55.5806
126.399 26.6303 44.5941 10.4237 55.5413
126.499 26.5806 44.6334 10.4139 55.502
126.599 26.5308 44.6726 10.404 55.4627
126.699 26.481 44.7118 10.3941 55.4235
126.799 26.4312 44.7509 10.3841 55.3844
126.899 26.3814 44.79 10.3741 55.3453
126.999 26.3317 44.8291 10.364 55.3063
127.099 26.2819 44.8681 10.3539 55.2673
127.199 26.2321 44.907 10.3438 55.2284
127.299 26.1823 44.9459 10.3336 55.1895
127.399 26.1326 44.9847 10.3234 55.1506
127.499 26.0828 45.0235 10.3131 55.1119
127.599 26.033 45.0622 10.3028 55.0731
127.699 25.9832 45.1009 10.2925 55.0345
127.799 25.9335 45.1395 10.2821 54.9958
127.899 25.8837 45.1781 10.2716 54.9573
127.999 25.8339 45.2166 10.2612 54.9188
128.099 25.7842 45.2551 10.2506 54.8803
128.199 25.7344 45.2935 10.2401 54.8419
128.299 25.6846 45.3318 10.2295 54.8035
128.399 25.6348 45.3701 10.2188 54.7652
128.499 25.5851 45.4084 10.2081 54.7269
128.599 25.5353 45.4466 10.1974 54.6887
128.699 25.4855 45.4848 10.1866 54.6506
128.799 25.4358 45.5228 10.1758 54.6125
128.899 25.386 45.5609 10.165 54.5744
128.999 25.3362 45.5989 10.1541 54.5365
129.099 25.2864 45.6368 10.1431 54.4985
129.199 25.2367 45.6747 10.1321 54.4606
129.299 25.1869 45.7125 10.1211 54.4228
129.399 25.1371 45.7503 10.11 54.385
129.499 25.0874 45.788 10.0989 54.3473
129.599 25.0376 45.8257 10.0878 54.3096
129.699 24.9878 45.8633 10.0766 54.272
129.799 24.9381 45.9009 10.0653 54.2345
129.899 24.8883 45.9384 10.0541 54.197
129.999 24.8385 45.9758 10.0427 54.1595
130.099 24.7888 46.0132 10.0314 54.1221
130.199 24.739 46.0505 10.02 54.0848
130.299 24.6892 46.0878 10.0085 54.0475
130.399 24.6395 46.1251 9.99702 54.0103
130.499 24.5897 46.1622 9.98548 53.9731
130.599 24.54 46.1994 9.97391 53.936
130.699 24.4902 46.2364 9.96229 53.8989
130.799 24.4404 46.2734 9.95062 53.8619
130.899 24.3907 46.3104 9.93892 53.825
130.999 24.3409 46.3473 9.92717 53.7881
131.099 24.2912 46.3841 9.91538 53.7512
131.199 24.2414 46.4209 9.90355 53.7144
131.299 24.1916 46.4576 9.89168 53.6777
131.399 24.1419 46.4943 9.87976 53.641
131.499 24.0921 46.5309 9.86781 53.6044
131.599 24.0424 46.5675 9.85581 53.5679
131.699 23.9926 46.604 9.84376 53.5314
131.799 23.9429 46.6404 9.83168 53.4949
131.899 23.8931 46.6768 9.81955 53.4585
131.999 23.8433 46.7131 9.80738 53.4222
132.099 23.7936 46.7494 9.79517 53.3859
132.199 23.7438 46.7856 9.78292 53.3497
132.299 23.6941 46.8218 9.77062 53.3136
132.399 23.6443 46.8579 9.75829 53.2775
132.499 23.5946 46.8939 9.74591 53.2414
132.599 23.5448 46.9299 9.73348 53.2054
132.699 23.4951 46.9658 9.72102 53.1695
132.799 23.4453 47.0017 9.70851 53.1336
132.899 23.3956 47.0375 9.69596 53.0978
132.999 23.3458 47.0733 9.68337 53.0621
133.099 23.2961 47.109 9.67074 53.0264
133.199 23.2463 47.1446 9.65807 52.9907
133.299 23.1966 47.1802 9.64535 52.9551
133.399 23.1468 47.2157 9.63259 52.9196
133.499 23.0971 47.2512 9.61979 52.8841
133.599 23.0473 47.2866 9.60695 52.8487
133.699 22.9976 47.3219 9.59406 52.8134
133.799 22.9478 47.3572 9.58113 52.7781
133.899 22.8981 47.3925 9.56817 52.7429
133.999 22.8483 47.4276 9.55515 52.7077
134.099 22.7986 47.4627 9.5421 52.6726
134.199 22.7488 47.4978 9.52901 52.6376
134.299 22.6991 47.5328 9.51587 52.6026
134.399 22.6494 47.5677 9.50269 52.5676
134.499 22.5996 47.6026 9.48947 52.5328
134.599 22.5499 47.6374 9.47621 52.4979
134.699 22.5001 47.6721 9.4629 52.4632
134.799 22.4504 47.7068 9.44956 52.4285
134.899 22.4006 47.7415 9.43617 52.3939
134.999 22.3509 47.776 9.42274 52.3593
135.099 22.3012 47.8106 9.40927 52.3248
135.199 22.2514 47.845 9.39575 52.2903
135.299 22.2017 47.8794 9.3822 52.2559
135.399 22.1519 47.9137 9.3686 52.2216
135.499 22.1022 47.948 9.35496 52.1873
135.599 22.0525 47.9822 9.34128 52.1531
135.699 22.0027 48.0164 9.32756 52.119
135.799 21.953 48.0504 9.3138 52.0849
135.899 21.9032 48.0845 9.29999 52.0509
135.999 21.8535 48.1184 9.28614 52.0169
136.099 21.8038 48.1523 9.27225 51.983
136.199 21.754 48.1862 9.25832 51.9492
136.299 21.7043 48.22 9.24435 51.9154
136.399 21.6546 48.2537 9.23034 51.8817
136.499 21.6048 48.2873 9.21628 51.848
136.599 21.5551 48.3209 9.20219 51.8144
136.699 21.5054 48.3545 9.18805 51.7809
136.799 21.4556 48.3879 9.17387 51.7474
136.899 21.4059 48.4213 9.15965 51.714
136.999 21.3562 48.4547 9.14539 51.6807
137.099 21.3064 48.488 9.13108 51.6474
137.199 21.2567 48.5212 9.11674 51.6141
137.299 21.207 48.5544 9.10235 51.581
137.399 21.1572 48.5874 9.08792 51.5479
137.499 21.1075 48.6205 9.07345 51.5149
137.599 21.0578 48.6535 9.05894 51.4819
137.699 21.008 48.6864 9.04439 51.449
137.799 20.9583 48.7192 9.0298 51.4161
137.899 20.9086 48.752 9.01517 51.3833
137.999 20.8589 48.7847 9.00049 51.3506
138.099 20.8091 48.8174 8.98577 51.318
138.199 20.7594 48.85 8.97102 51.2854
138.299 20.7097 48.8825 8.95622 51.2529
138.399 20.6599 48.9149 8.94138 51.2204
138.499 20.6102 48.9473 8.9265 51.188
138.599 20.5605 48.9797 8.91158 51.1557
138.699 20.5108 49.012 8.89662 51.1234
138.799 20.461 49.0442 8.88161 51.0912
138.899 20.4113 49.0763 8.86657 51.059
138.999 20.3616 49.1084 8.85148 51.0269
139.099 20.3119 49.1404 8.83636 50.9949
139.199 20.2622 49.1724 8.82119 50.963
139.299 20.2124 49.2042 8.80598 50.9311
139.399 20.1627 49.2361 8.79073 50.8993
139.499 20.113 49.2678 8.77545 50.8675
139.599 20.0633 49.2995 8.76012 50.8358
139.699 20.0135 49.3311 8.74475 50.8042
139.799 19.9638 49.3627 8.72933 50.7726
139.899 19.9141 49.3942 8.71388 50.7411
139.999 19.8644 49.4256 8.69839 50.7097
140.099 19.8147 49.457 8.68286 50.6783
140.199 19.7649 49.4883 8.66729 50.647
140.299 19.7152 49.5195 8.65167 50.6158
140.399 19.6655 49.5507 8.63602 50.5846
140.499 19.6158 49.5818 8.62032 50.5535
140.599 19.5661 49.6129 8.60459 50.5225
140.699 19.5164 49.6438 8.58881 50.4915
140.799 19.4666 49.6747 8.573 50.4606
140.899 19.4169 49.7056 8.55714 50.4298
140.999 19.3672 49.7364 8.54125 50.399
141.099 19.3175 49.7671 8.52531 50.3683
141.199 19.2678 49.7977 8.50934 50.3376
141.299 19.2181 49.8283 8.49332 50.307
141.399 19.1683 49.8588 8.47726 50.2765
141.499 19.1186 49.8892 8.46117 50.2461
141.599 19.0689 49.9196 8.44503 50.2157
141.699 19.0192 49.9499 8.42885 50.1854
141.799 18.9695 49.9802 8.41264 50.1552
141.899 18.9198 50.0103 8.39638 50.125
141.999 18.8701 50.0405 8.38009 50.0949
142.099 18.8204 50.0705 8.36375 50.0648
142.199 18.7706 50.1005 8.34738 50.0349
142.299 18.7209 50.1304 8.33096 50.005
142.399 18.6712 50.1602 8.31451 49.9751
142.499 18.6215 50.19 8.29801 49.9454
142.6 18.5718 50.2197 8.28148 49.9156
142.7 18.5221 50.2493 8.26491 49.886
142.8 18.4724 50.2789 8.24829 49.8564
142.9 18.4227 50.3084 8.23164 49.8269
143 18.373 50.3378 8.21495 49.7975
143.1 18.3233 50.3672 8.19822 49.7681
143.2 18.2736 50.3965 8.18145 49.7389
143.3 18.2238 50.4257 8.16464 49.7096
143.4 18.1741 50.4549 8.14779 49.6805
143.5 18.1244 50.484 8.13091 49.6514
143.6 18.0747 50.513 8.11398 49.6223
143.7 18.025 50.5419 8.09701 49.5934
143.8 17.9753 50.5708 8.08001 49.5645
143.9 17.9256 50.5996 8.06296 49.5357
144 17.8759 50.6284 8.04588 49.5069
144.1 17.8262 50.6571 8.02876 49.4783
144.2 17.7765 50.6857 8.0116 49.4497
144.3 17.7268 50.7142 7.9944 49.4211
144.4 17.6771 50.7427 7.97716 49.3926
144.5 17.6274 50.7711 7.95989 49.3642
144.6 17.5777 50.7994 7.94257 49.3359
144.7 17.528 50.8277 7.92522 49.3076
144.8 17.4783 50.8559 7.90782 49.2795
144.9 17.4286 50.884 7.89039 49.2513
145 17.3789 50.9121 7.87292 49.2233
145.1 17.3292 50.94 7.85542 49.1953
145.2 17.2795 50.968 7.83787 49.1674
145.3 17.2298 50.9958 7.82029 49.1395
145.4 17.1801 51.0236 7.80266 49.1118
145.5 17.1304 51.0513 7.785 49.0841
145.6 17.0807 51.0789 7.7673 49.0564
145.7 17.031 51.1065 7.74957 49.0289
145.8 16.9813 51.134 7.73179 49.0014
145.9 16.9316 51.1614 7.71398 48.9739
146 16.8819 51.1887 7.69613 48.9466
146.1 16.8322 51.216 7.67824 48.9193
146.2 16.7825 51.2432 7.66031 48.8921
146.3 16.7328 51.2704 7.64235 48.865
146.4 16.6831 51.2974 7.62435 48.8379
146.5 16.6334 51.3244 7.60631 48.8109
146.6 16.5837 51.3514 7.58823 48.784
146.7 16.534 51.3782 7.57012 48.7571
146.8 16.4843 51.405 7.55197 48.7303
146.9 16.4346 51.4317 7.53378 48.7036
147 16.385 51.4584 7.51555 48.677
147.1 16.3353 51.4849 7.49729 48.6504
147.2 16.2856 51.5114 7.47899 48.6239
147.3 16.2359 51.5379 7.46065 48.5975
147.4 16.1862 51.5642 7.44227 48.5711
147.5 16.1365 51.5905 7.42386 48.5449
147.6 16.0868 51.6167 7.40541 48.5186
147.7 16.0371 51.6428 7.38692 48.4925
147.8 15.9874 51.6689 7.3684 48.4664
147.9 15.9377 51.6949 7.34984 48.4404
148 15.888 51.7208 7.33125 48.4145
148.1 15.8384 51.7467 7.31261 48.3887
148.2 15.7887 51.7724 7.29394 48.3629
148.3 15.739 51.7982 7.27524 48.3372
148.4 15.6893 51.8238 7.25649 48.3116
148.5 15.6396 51.8493 7.23771 48.286
148.6 15.5899 51.8748 7.2189 48.2605
148.7 15.5402 51.9002 7.20005 48.2351
148.8 15.4905 51.9256 7.18116 48.2097
148.9 15.4408 51.9509 7.16224 48.1845
149 15.3912 51.9761 7.14328 48.1593
149.1 15.3415 52.0012 7.12428 48.1342
149.2 15.2918 52.0262 7.10525 48.1091
149.3 15.2421 52.0512 7.08618 48.0841
149.4 15.1924 52.0761 7.06708 48.0592
149.5 15.1427 52.1009 7.04794 48.0344
149.6 15.093 52.1257 7.02876 48.0096
149.7 15.0434 52.1504 7.00955 47.985
149.8 14.9937 52.175 6.9903 47.9604
149.9 14.944 52.1995 6.97102 47.9358
150 14.8943 52.224 6.95171 47.9114
150.1 14.8446 52.2484 6.93235 47.887
150.2 14.7949 52.2727 6.91297 47.8627
150.3 14.7453 52.2969 6.89354 47.8384
150.4 14.6956 52.3211 6.87408 47.8143
150.5 14.6459 52.3452 6.85459 47.7902
150.6 14.5962 52.3692 6.83506 47.7661
150.7 14.5465 52.3931 6.8155 47.7422
150.8 14.4969 52.417 6.7959 47.7183
150.9 14.4472 52.4408 6.77627 47.6945
151 14.3975 52.4645 6.7566 47.6708
151.1 14.3478 52.4882 6.7369 47.6472
151.2 14.2981 52.5117 6.71717 47.6236
151.3 14.2485 52.5352 6.6974 47.6001
151.4 14.1988 52.5587 6.67759 47.5767
151.5 14.1491 52.582 6.65775 47.5533
151.6 14.0994 52.6053 6.63788 47.5301
151.7 14.0497 52.6285 6.61797 47.5069
151.8 14.0001 52.6516 6.59803 47.4837
151.9 13.9504 52.6746 6.57805 47.4607
152 13.9007 52.6976 6.55804 47.4377
152.1 13.851 52.7205 6.538 47.4148
152.2 13.8014 52.7433 6.51792 47.392
152.3 13.7517 52.7661 6.49781 47.3693
152.4 13.702 52.7887 6.47767 47.3466
152.5 13.6523 52.8113 6.45749 47.324
152.6 13.6027 52.8338 6.43728 47.3015
152.7 13.553 52.8563 6.41704 47.279
152.8 13.5033 52.8787 6.39676 47.2567
152.9 13.4536 52.9009 6.37645 47.2344
153 13.404 52.9232 6.3561 47.2122
153.1 13.3543 52.9453 6.33573 47.19
153.2 13.3046 52.9674 6.31532 47.168
153.3 13.2549 52.9894 6.29487 47.146
153.4 13.2053 53.0113 6.2744 47.1241
153.5 13.1556 53.0331 6.25389 47.1022
153.6 13.1059 53.0549 6.23335 47.0805
153.7 13.0562 53.0765 6.21277 47.0588
153.8 13.0066 53.0981 6.19217 47.0372
153.9 12.9569 53.1197 6.17153 47.0157
154 12.9072 53.1411 6.15086 46.9942
154.1 12.8576 53.1625 6.13016 46.9728
154.2 12.8079 53.1838 6.10942 46.9515
154.3 12.7582 53.205 6.08865 46.9303
154.4 12.7086 53.2262 6.06786 46.9092
154.5 12.6589 53.2472 6.04702 46.8881
154.6 12.6092 53.2682 6.02616 46.8671
154.7 12.5595 53.2891 6.00527 46.8462
154.8 12.5099 53.31 5.98434 46.8254
154.9 12.4602 53.3307 5.96339 46.8046
155 12.4105 53.3514 5.9424 46.7839
155.1 12.3609 53.372 5.92138 46.7633
155.2 12.3112 53.3926 5.90033 46.7428
155.3 12.2615 53.413 5.87924 46.7223
155.4 12.2119 53.4334 5.85813 46.702
155.5 12.1622 53.4537 5.83699 46.6817
155.6 12.1125 53.4739 5.81581 46.6614
155.7 12.0629 53.494 5.79461 46.6413
155.8 12.0132 53.5141 5.77337 46.6212
155.9 11.9635 53.5341 5.7521 46.6013
156 11.9139 53.554 5.7308 46.5814
156.1 11.8642 53.5738 5.70948 46.5615
156.2 11.8145 53.5936 5.68812 46.5418
156.3 11.7649 53.6132 5.66673 46.5221
156.4 11.7152 53.6328 5.64531 46.5025
156.5 11.6655 53.6524 5.62386 46.483
156.6 11.6159 53.6718 5.60238 46.4635
156.7 11.5662 53.6912 5.58088 46.4442
156.8 11.5165 53.7104 5.55934 46.4249
156.9 11.4669 53.7296 5.53777 46.4057
157 11.4172 53.7488 5.51617 46.3866
157.1 11.3676 53.7678 5.49455 46.3675
157.2 11.3179 53.7868 5.47289 46.3486
157.3 11.2682 53.8057 5.4512 46.3297
157.4 11.2186 53.8245 5.42949 46.3109
157.5 11.1689 53.8432 5.40775 46.2921
157.6 11.1192 53.8619 5.38597 46.2735
157.7 11.0696 53.8804 5.36417 46.2549
157.8 11.0199 53.8989 5.34234 46.2364
157.9 10.9703 53.9174 5.32048 46.218
158 10.9206 53.9357 5.2986 46.1996
158.1 10.8709 53.954 5.27668 46.1814
158.2 10.8213 53.9721 5.25474 46.1632
158.3 10.7716 53.9902 5.23276 46.1451
158.4 10.722 54.0083 5.21076 46.1271
158.5 10.6723 54.0262 5.18873 46.1091
158.6 10.6226 54.0441 5.16668 46.0913
158.7 10.573 54.0619 5.14459 46.0735
158.8 10.5233 54.0796 5.12248 46.0558
158.9 10.4737 54.0972 5.10034 46.0382
159.001 10.424 54.1147 5.07817 46.0206
159.101 10.3743 54.1322 5.05598 46.0031
159.201 10.3247 54.1496 5.03376 45.9858
159.301 10.275 54.1669 5.01151 45.9685
159.401 10.2254 54.1841 4.98923 45.9512
159.501 10.1757 54.2013 4.96693 45.9341
159.601 10.1261 54.2183 4.9446 45.917
159.701 10.0764 54.2353 4.92224 45.9
159.801 10.0267 54.2522 4.89986 45.8831
159.901 9.97709 54.269 4.87745 45.8663
160.001 9.92743 54.2858 4.85501 45.8495
160.101 9.87777 54.3025 4.83255 45.8329
160.201 9.82812 54.319 4.81006 45.8163
160.301 9.77846 54.3356 4.78754 45.7998
160.401 9.72881 54.352 4.765 45.7834
160.501 9.67915 54.3683 4.74243 45.767
160.601 9.6295 54.3846 4.71984 45.7507
160.701 9.57984 54.4008 4.69722 45.7346
160.801 9.53019 54.4169 4.67457 45.7185
160.901 9.48053 54.4329 4.6519 45.7024
161.001 9.43088 54.4488 4.62921 45.6865
161.101 9.38122 54.4647 4.60649 45.6706
161.201 9.33157 54.4805 4.58374 45.6548
161.301 9.28192 54.4962 4.56097 45.6391
161.401 9.23226 54.5118 4.53817 45.6235
161.501 9.18261 54.5274 4.51535 45.608
161.601 9.13296 54.5428 4.4925 45.5925
161.701 9.08331 54.5582 4.46963 45.5771
161.801 9.03365 54.5735 4.44674 45.5619
161.901 8.984 54.5887 4.42382 45.5466
162.001 8.93435 54.6038 4.40088 45.5315
162.101 8.8847 54.6189 4.37791 45.5164
162.201 8.83504 54.6339 4.35492 45.5015
162.301 8.78539 54.6488 4.3319 45.4866
162.401 8.73574 54.6636 4.30886 45.4718
162.501 8.68609 54.6783 4.2858 45.457
162.601 8.63644 54.6929 4.26271 45.4424
162.701 8.58679 54.7075 4.2396 45.4278
162.801 8.53714 54.722 4.21646 45.4133
162.901 8.48749 54.7364 4.19331 45.3989
163.001 8.43784 54.7507 4.17013 45.3846
163.101 8.38819 54.765 4.14692 45.3704
163.201 8.33854 54.7791 4.1237 45.3562
163.301 8.28889 54.7932 4.10045 45.3421
163.401 8.23924 54.8072 4.07718 45.3281
163.501 8.18959 54.8211 4.05388 45.3142
163.601 8.13994 54.8349 4.03057 45.3004
163.701 8.09029 54.8487 4.00723 45.2866
163.801 8.04064 54.8624 3.98387 45.273
163.901 7.99099 54.8759 3.96048 45.2594
164.001 7.94134 54.8895 3.93708 45.2459
164.101 7.8917 54.9029 3.91365 45.2325
164.201 7.84205 54.9162 3.8902 45.2191
164.301 7.7924 54.9295 3.86673 45.2059
164.401 7.74275 54.9427 3.84324 45.1927
164.501 7.6931 54.9557 3.81973 45.1796
164.601 7.64346 54.9688 3.79619 45.1666
164.701 7.59381 54.9817 3.77264 45.1536
164.801 7.54416 54.9945 3.74906 45.1408
164.901 7.49452 55.0073 3.72546 45.128
165.001 7.44487 55.02 3.70184 45.1153
165.101 7.39522 55.0326 3.6782 45.1027
165.201 7.34558 55.0451 3.65455 45.0902
165.301 7.29593 55.0575 3.63087 45.0778
165.401 7.24628 55.0699 3.60717 45.0654
165.501 7.19664 55.0822 3.58345 45.0532
165.601 7.14699 55.0944 3.55971 45.041
165.701 7.09735 55.1065 3.53595 45.0289
165.801 7.0477 55.1185 3.51217 45.0168
165.901 6.99806 55.1304 3.48837 45.0049
166.001 6.94841 55.1423 3.46455 44.993
166.101 6.89877 55.1541 3.44071 44.9813
166.201 6.84912 55.1658 3.41685 44.9696
166.301 6.79948 55.1774 3.39298 44.958
166.401 6.74983 55.1889 3.36908 44.9464
166.501 6.70019 55.2003 3.34517 44.935
166.601 6.65054 55.2117 3.32123 44.9236
166.701 6.6009 55.223 3.29728 44.9124
166.801 6.55126 55.2342 3.27331 44.9012
166.901 6.50161 55.2453 3.24932 44.8901
167.001 6.45197 55.2563 3.22532 44.879
167.101 6.40232 55.2673 3.20129 44.8681
167.201 6.35268 55.2781 3.17725 44.8572
167.301 6.30304 55.2889 3.15319 44.8464
167.401 6.25339 55.2996 3.12911 44.8357
167.501 6.20375 55.3102 3.10501 44.8251
167.601 6.15411 55.3207 3.0809 44.8146
167.701 6.10447 55.3312 3.05677 44.8041
167.801 6.05482 55.3416 3.03262 44.7938
167.901 6.00518 55.3518 3.00846 44.7835
168.001 5.95554 55.362 2.98427 44.7733
168.101 5.9059 55.3721 2.96007 44.7632
168.201 5.85626 55.3822 2.93586 44.7532
168.301 5.80661 55.3921 2.91163 44.7432
168.401 5.75697 55.402 2.88738 44.7334
168.501 5.70733 55.4118 2.86311 44.7236
168.601 5.65769 55.4215 2.83883 44.7139
168.701 5.60805 55.4311 2.81453 44.7043
168.801 5.55841 55.4406 2.79022 44.6947
168.901 5.50876 55.4501 2.76589 44.6853
169.001 5.45912 55.4594 2.74155 44.6759
169.101 5.40948 55.4687 2.71719 44.6666
169.201 5.35984 55.4779 2.69281 44.6575
169.301 5.3102 55.487 2.66842 44.6483
169.401 5.26056 55.496 2.64402 44.6393
169.501 5.21092 55.505 2.6196 44.6304
169.601 5.16128 55.5138 2.59516 44.6215
169.701 5.11164 55.5226 2.57071 44.6127
169.801 5.062 55.5313 2.54625 44.604
169.901 5.01236 55.5399 2.52177 44.5954
170.001 4.96272 55.5484 2.49727 44.5869
170.101 4.91308 55.5569 2.47277 44.5785
170.201 4.86344 55.5652 2.44824 44.5701
170.301 4.8138 55.5735 2.42371 44.5618
170.401 4.76416 55.5817 2.39916 44.5537
170.501 4.71452 55.5898 2.3746 44.5456
170.601 4.66488 55.5978 2.35002 44.5375
170.701 4.61524 55.6057 2.32543 44.5296
170.801 4.56561 55.6136 2.30083 44.5218
170.901 4.51597 55.6214 2.27621 44.514
171.001 4.46633 55.629 2.25158 44.5063
171.101 4.41669 55.6366 2.22694 44.4987
171.201 4.36705 55.6441 2.20229 44.4912
171.301 4.31741 55.6516 2.17762 44.4838
171.401 4.26777 55.6589 2.15294 44.4764
171.501 4.21814 55.6662 2.12825 44.4692
171.601 4.1685 55.6734 2.10354 44.462
171.701 4.11886 55.6805 2.07883 44.4549
171.801 4.06922 55.6875 2.0541 44.4479
171.901 4.01958 55.6944 2.02936 44.4409
172.001 3.96995 55.7012 2.00461 44.4341
172.101 3.92031 55.708 1.97985 44.4274
172.201 3.87067 55.7147 1.95507 44.4207
172.301 3.82103 55.7212 1.93029 44.4141
172.401 3.7714 55.7277 1.90549 44.4076
172.501 3.72176 55.7342 1.88069 44.4012
172.601 3.67212 55.7405 1.85587 44.3948
172.701 3.62248 55.7467 1.83104 44.3886
172.801 3.57285 55.7529 1.8062 44.3824
172.901 3.52321 55.759 1.78136 44.3764
173.001 3.47357 55.765 1.7565 44.3704
173.101 3.42394 55.7709 1.73163 44.3645
173.201 3.3743 55.7767 1.70675 44.3586
173.301 3.32466 55.7825 1.68186 44.3529
173.401 3.27503 55.7881 1.65696 44.3472
173.501 3.22539 55.7937 1.63205 44.3417
173.601 3.17575 55.7992 1.60714 44.3362
173.701 3.12612 55.8046 1.58221 44.3308
173.801 3.07648 55.8099 1.55728 44.3255
173.901 3.02684 55.8151 1.53233 44.3202
174.001 2.97721 55.8203 1.50738 44.3151
174.101 2.92757 55.8253 1.48242 44.31
174.201 2.87793 55.8303 1.45745 44.305
174.301 2.8283 55.8352 1.43247 44.3001
174.401 2.77866 55.84 1.40748 44.2953
174.501 2.72903 55.8447 1.38249 44.2906
174.601 2.67939 55.8494 1.35748 44.286
174.701 2.62976 55.8539 1.33247 44.2814
174.801 2.58012 55.8584 1.30746 44.277
174.901 2.53048 55.8628 1.28243 44.2726
175.001 2.48085 55.8671 1.2574 44.2683
175.101 2.43121 55.8713 1.23236 44.2641
175.201 2.38158 55.8754 1.20731 44.2599
175.301 2.33194 55.8795 1.18226 44.2559
175.402 2.28231 55.8834 1.1572 44.2519
175.502 2.23267 55.8873 1.13213 44.248
175.602 2.18304 55.8911 1.10705 44.2443
175.702 2.1334 55.8948 1.08197 44.2406
175.802 2.08376 55.8984 1.05689 44.2369
175.902 2.03413 55.9019 1.03179 44.2334
176.002 1.98449 55.9054 1.0067 44.23
176.102 1.93486 55.9087 0.981591 44.2266
176.202 1.88522 55.912 0.956481 44.2233
176.302 1.83559 55.9152 0.931366 44.2201
176.402 1.78595 55.9183 0.906245 44.217
176.502 1.73632 55.9214 0.881119 44.214
176.602 1.68668 55.9243 0.855988 44.211
176.702 1.63705 55.9271 0.830852 44.2082
176.802 1.58742 55.9299 0.805711 44.2054
176.902 1.53778 55.9326 0.780566 44.2027
177.002 1.48815 55.9352 0.755416 44.2001
177.102 1.43851 55.9377 0.730262 44.1976
177.202 1.38888 55.9401 0.705103 44.1952
177.302 1.33924 55.9425 0.679941 44.1929
177.402 1.28961 55.9447 0.654774 44.1906
177.502 1.23997 55.9469 0.629604 44.1884
177.602 1.19034 55.949 0.60443 44.1863
177.702 1.1407 55.951 0.579253 44.1843
177.802 1.09107 55.9529 0.554073 44.1824
177.902 1.04143 55.9547 0.528889 44.1806
178.002 0.9918 55.9565 0.503702 44.1789
178.102 0.942165 55.9581 0.478512 44.1772
178.202 0.892531 55.9597 0.45332 44.1756
178.302 0.842897 55.9612 0.428125 44.1741
178.402 0.793262 55.9626 0.402927 44.1727
178.502 0.743628 55.9639 0.377727 44.1714
178.602 0.693994 55.9652 0.352525 44.1702
178.702 0.644359 55.9663 0.327321 44.169
178.802 0.594725 55.9674 0.302115 44.168
178.902 0.545091 55.9684 0.276908 44.167
179.002 0.495456 55.9693 0.251698 44.1661
179.102 0.445822 55.9701 0.226488 44.1653
179.202 0.396188 55.9708 0.201276 44.1645
179.302 0.346554 55.9714 0.176062 44.1639
179.402 0.296919 55.972 0.150848 44.1634
179.502 0.247285 55.9724 0.125633 44.1629
179.602 0.197651 55.9728 0.100417 44.1625
179.702 0.148017 55.9731 0.075201 44.1622
179.802 0.0983825 55.9733 0.0499842 44.162
179.902 0.0487483 55.9735 0.0247671 44.1619
