0 1.78155e-14 1.00789 0 82.2436
0.1 0.253898 1.00791 0.0125747 82.2436
0.2 0.50778 1.008 0.0251494 82.2435
0.3 0.761628 1.00813 0.037724 82.2433
0.4 1.01543 1.00833 0.0502986 82.2432
0.5 1.26916 1.00858 0.0628731 82.2429
0.6 1.52281 1.00888 0.0754474 82.2426
0.7 1.77635 1.00924 0.0880216 82.2422
0.8 2.02979 1.00965 0.100596 82.2418
0.9 2.28308 1.01012 0.113169 82.2414
1 2.53623 1.01065 0.125743 82.2408
1.1 2.78922 1.01123 0.138316 82.2403
1.2 3.04202 1.01186 0.150889 82.2396
1.3 3.29462 1.01256 0.163462 82.2389
1.4 3.54701 1.0133 0.176035 82.2382
1.5 3.79917 1.0141 0.188607 82.2374
1.6 4.05108 1.01496 0.201178 82.2365
1.7 4.30273 1.01587 0.21375 82.2356
1.8 4.55409 1.01684 0.226321 82.2346
1.9 4.80517 1.01786 0.238891 82.2336
2 5.05593 1.01894 0.251461 82.2325
2.1 5.30637 1.02007 0.26403 82.2314
2.2 5.55646 1.02126 0.276599 82.2302
2.3 5.8062 1.0225 0.289168 82.229
2.4 6.05556 1.0238 0.301736 82.2277
2.5 6.30454 1.02515 0.314303 82.2263
2.6 6.55311 1.02656 0.326869 82.2249
2.7 6.80127 1.02803 0.339435 82.2235
2.8 7.04899 1.02955 0.352001 82.2219
2.9 7.29627 1.03112 0.364565 82.2204
3 7.54308 1.03275 0.377129 82.2187
3.1 7.78942 1.03443 0.389692 82.217
3.2 8.03527 1.03617 0.402254 82.2153
3.3 8.28061 1.03797 0.414816 82.2135
3.4 8.52544 1.03982 0.427377 82.2117
3.5 8.76973 1.04172 0.439936 82.2098
3.6 9.01348 1.04369 0.452495 82.2078
3.7 9.25666 1.0457 0.465053 82.2058
3.8 9.49928 1.04777 0.477611 82.2037
3.9 9.7413 1.0499 0.490167 82.2016
4 9.98273 1.05208 0.502722 82.1994
4.1 10.2236 1.05432 0.515276 82.1972
4.2 10.4637 1.05661 0.527829 82.1949
4.3 10.7033 1.05895 0.540382 82.1925
4.4 10.9422 1.06136 0.552933 82.1901
4.5 11.1805 1.06381 0.565483 82.1877
4.6 11.418 1.06632 0.578032 82.1852
4.7 11.6549 1.06889 0.590579 82.1826
4.8 11.8911 1.07151 0.603126 82.18
4.9 12.1266 1.07419 0.615671 82.1773
5 12.3614 1.07692 0.628215 82.1746
5.1 12.5954 1.07971 0.640758 82.1718
5.2 12.8287 1.08255 0.6533 82.1689
5.3 13.0612 1.08545 0.66584 82.166
5.4 13.293 1.0884 0.678379 82.1631
5.5 13.524 1.09141 0.690916 82.1601
5.6 13.7543 1.09447 0.703453 82.157
5.7 13.9837 1.09759 0.715988 82.1539
5.8 14.2124 1.10076 0.728521 82.1507
5.9 14.4402 1.10399 0.741053 82.1475
6 14.6672 1.10727 0.753583 82.1442
6.1 14.8934 1.11061 0.766112 82.1409
6.2 15.1188 1.114 0.77864 82.1375
6.3 15.3433 1.11745 0.791166 82.134
6.4 15.5669 1.12095 0.80369 82.1305
6.5 15.7897 1.12451 0.816213 82.127
6.6 16.0116 1.12812 0.828734 82.1234
6.7 16.2327 1.13179 0.841253 82.1197
6.8 16.4528 1.13551 0.853771 82.116
6.9 16.6721 1.13928 0.866287 82.1122
7 16.8905 1.14312 0.878802 82.1084
7.1 17.108 1.147 0.891314 82.1045
7.2 17.3245 1.15094 0.903825 82.1005
7.3 17.5402 1.15494 0.916334 82.0965
7.4 17.7549 1.15899 0.928842 82.0925
7.5 17.9687 1.1631 0.941347 82.0884
7.6 18.1815 1.16726 0.95385 82.0842
7.7 18.3934 1.17147 0.966352 82.08
7.79999 18.6044 1.17574 0.978852 82.0757
7.89999 18.8144 1.18007 0.991349 82.0714
7.99999 19.0234 1.18445 1.00385 82.067
8.09999 19.2315 1.18888 1.01634 82.0626
8.2 19.4386 1.19337 1.02883 82.0581
8.3 19.6448 1.19791 1.04132 82.0536
8.4 19.8499 1.20251 1.05381 82.049
8.5 20.0541 1.20716 1.06629 82.0443
8.6 20.2573 1.21187 1.07878 82.0396
8.7 20.4595 1.21663 1.09126 82.0348
8.8 20.6608 1.22145 1.10374 82.03
8.9 20.861 1.22632 1.11621 82.0252
9 21.0602 1.23125 1.12869 82.0202
9.1 21.2584 1.23623 1.14116 82.0153
9.2 21.4557 1.24126 1.15363 82.0102
9.3 21.6519 1.24635 1.1661 82.0051
9.4 21.8471 1.2515 1.17857 82
9.5 22.0413 1.2567 1.19103 81.9948
9.6 22.2345 1.26195 1.20349 81.9895
9.7 22.4266 1.26726 1.21595 81.9842
9.8 22.6178 1.27262 1.2284 81.9789
9.9 22.8079 1.27804 1.24086 81.9734
10 22.997 1.28351 1.25331 81.968
10.1 23.1851 1.28904 1.26576 81.9624
10.2 23.3721 1.29462 1.2782 81.9569
10.3 23.5582 1.30025 1.29065 81.9512
10.4 23.7432 1.30594 1.30309 81.9455
10.5 23.9272 1.31168 1.31553 81.9398
10.6 24.1101 1.31748 1.32796 81.934
10.7 24.292 1.32333 1.34039 81.9281
10.8 24.4729 1.32924 1.35282 81.9222
10.9 24.6528 1.3352 1.36525 81.9163
11 24.8316 1.34121 1.37768 81.9103
11.1 25.0094 1.34728 1.3901 81.9042
11.2 25.1862 1.35341 1.40252 81.8981
11.3 25.3619 1.35958 1.41494 81.8919
11.4 25.5367 1.36581 1.42735 81.8857
11.5 25.7103 1.3721 1.43976 81.8794
11.6 25.883 1.37844 1.45217 81.873
11.7 26.0546 1.38483 1.46457 81.8666
11.8 26.2252 1.39128 1.47698 81.8602
11.9 26.3948 1.39779 1.48937 81.8537
12 26.5634 1.40434 1.50177 81.8471
12.1 26.7309 1.41095 1.51416 81.8405
12.2 26.8974 1.41762 1.52655 81.8339
12.3 27.0629 1.42434 1.53894 81.8271
12.4 27.2274 1.43111 1.55133 81.8204
12.5 27.3909 1.43793 1.56371 81.8135
12.6 27.5533 1.44481 1.57608 81.8067
12.7 27.7147 1.45175 1.58846 81.7997
12.8 27.8751 1.45874 1.60083 81.7927
12.9 28.0345 1.46578 1.6132 81.7857
13 28.1929 1.47288 1.62556 81.7786
13.1 28.3503 1.48003 1.63793 81.7715
13.2 28.5067 1.48723 1.65028 81.7643
13.3 28.6621 1.49449 1.66264 81.757
13.4 28.8165 1.5018 1.67499 81.7497
13.5 28.9698 1.50916 1.68734 81.7423
13.6 29.1222 1.51658 1.69969 81.7349
13.7 29.2736 1.52405 1.71203 81.7274
13.8 29.424 1.53158 1.72437 81.7199
13.9 29.5734 1.53916 1.7367 81.7123
14 29.7219 1.54679 1.74903 81.7047
14.1 29.8693 1.55448 1.76136 81.697
14.2 30.0158 1.56222 1.77368 81.6893
14.3 30.1613 1.57002 1.78601 81.6815
14.4 30.3058 1.57786 1.79832 81.6736
14.5 30.4494 1.58577 1.81064 81.6657
14.6 30.592 1.59372 1.82295 81.6578
14.7 30.7336 1.60173 1.83525 81.6498
14.8 30.8743 1.60979 1.84755 81.6417
14.9 31.014 1.61791 1.85985 81.6336
15 31.1528 1.62608 1.87215 81.6254
15.1 31.2906 1.6343 1.88444 81.6172
15.2 31.4274 1.64257 1.89673 81.6089
15.3 31.5633 1.6509 1.90901 81.6006
15.4 31.6983 1.65928 1.92129 81.5922
15.5 31.8324 1.66772 1.93357 81.5838
15.6 31.9655 1.67621 1.94584 81.5753
15.7 32.0977 1.68475 1.95811 81.5667
15.8 32.2289 1.69334 1.97037 81.5581
15.9 32.3593 1.70199 1.98263 81.5495
16 32.4887 1.71069 1.99489 81.5408
16.1 32.6172 1.71945 2.00714 81.532
16.2 32.7448 1.72826 2.01939 81.5232
16.3 32.8715 1.73712 2.03164 81.5144
16.4 32.9972 1.74603 2.04388 81.5055
16.5 33.1221 1.755 2.05611 81.4965
16.6 33.2461 1.76402 2.06834 81.4875
16.7 33.3692 1.77309 2.08057 81.4784
16.8 33.4914 1.78222 2.0928 81.4693
16.9 33.6128 1.79139 2.10501 81.4601
17 33.7332 1.80063 2.11723 81.4509
17.1 33.8528 1.80991 2.12944 81.4416
17.2 33.9715 1.81925 2.14165 81.4322
17.3 34.0893 1.82864 2.15385 81.4228
17.4 34.2063 1.83808 2.16605 81.4134
17.5 34.3224 1.84757 2.17824 81.4039
17.6 34.4377 1.85712 2.19043 81.3944
17.7 34.5521 1.86672 2.20262 81.3848
17.8 34.6656 1.87638 2.2148 81.3751
17.9 34.7783 1.88608 2.22697 81.3654
18 34.8902 1.89584 2.23914 81.3556
18.1 35.0013 1.90565 2.25131 81.3458
18.2 35.1115 1.91552 2.26347 81.336
18.3 35.2209 1.92543 2.27563 81.326
18.4 35.3294 1.9354 2.28778 81.3161
18.5 35.4372 1.94542 2.29993 81.3061
18.6 35.5441 1.9555 2.31208 81.296
18.7 35.6503 1.96562 2.32422 81.2859
18.8 35.7556 1.9758 2.33635 81.2757
18.9 35.8601 1.98603 2.34848 81.2654
19 35.9638 1.99631 2.36061 81.2552
19.1 36.0667 2.00665 2.37273 81.2448
19.2 36.1689 2.01704 2.38484 81.2344
19.3 36.2702 2.02748 2.39695 81.224
19.4 36.3708 2.03797 2.40906 81.2135
19.5 36.4706 2.04851 2.42116 81.203
19.6 36.5697 2.05911 2.43325 81.1924
19.7 36.6679 2.06976 2.44535 81.1817
19.8 36.7654 2.08046 2.45743 81.171
19.9 36.8621 2.09121 2.46951 81.1603
20 36.9581 2.10201 2.48159 81.1495
20.1 37.0534 2.11287 2.49366 81.1386
20.2 37.1478 2.12378 2.50573 81.1277
20.3 37.2416 2.13473 2.51779 81.1167
20.4 37.3346 2.14575 2.52984 81.1057
20.5 37.4269 2.15681 2.54189 81.0947
20.6 37.5184 2.16792 2.55394 81.0836
20.7 37.6092 2.17909 2.56598 81.0724
20.8 37.6993 2.19031 2.57802 81.0612
20.9 37.7887 2.20158 2.59005 81.0499
21 37.8773 2.2129 2.60207 81.0386
21.1 37.9653 2.22428 2.61409 81.0272
21.2 38.0525 2.2357 2.62611 81.0158
21.3 38.139 2.24718 2.63811 81.0043
21.4 38.2249 2.2587 2.65012 80.9928
21.5 38.31 2.27028 2.66212 80.9812
21.6 38.3945 2.28192 2.67411 80.9696
21.7 38.4782 2.2936 2.6861 80.9579
21.8 38.5613 2.30533 2.69808 80.9461
21.9 38.6437 2.31712 2.71005 80.9344
22 38.7255 2.32895 2.72202 80.9225
22.1 38.8065 2.34084 2.73399 80.9106
22.2 38.8869 2.35278 2.74595 80.8987
22.3 38.9667 2.36477 2.7579 80.8867
22.4 39.0457 2.37681 2.76985 80.8747
22.5 39.1242 2.3889 2.7818 80.8626
22.6 39.2019 2.40104 2.79373 80.8504
22.7001 39.2791 2.41324 2.80566 80.8382
22.8001 39.3555 2.42548 2.81759 80.826
22.9001 39.4314 2.43778 2.82951 80.8137
23.0001 39.5066 2.45013 2.84142 80.8014
23.1001 39.5812 2.46252 2.85333 80.789
23.2001 39.6551 2.47497 2.86524 80.7765
23.3001 39.7284 2.48747 2.87713 80.764
23.4001 39.8011 2.50002 2.88902 80.7515
23.5001 39.8732 2.51262 2.90091 80.7389
23.6001 39.9447 2.52527 2.91279 80.7262
23.7001 40.0156 2.53798 2.92466 80.7135
23.8001 40.0858 2.55073 2.93653 80.7008
23.9001 40.1555 2.56353 2.94839 80.6879
24.0001 40.2245 2.57639 2.96025 80.6751
24.1001 40.293 2.58929 2.97209 80.6622
24.2001 40.3609 2.60225 2.98394 80.6492
24.3001 40.4282 2.61525 2.99577 80.6362
24.4001 40.4949 2.62831 3.00761 80.6232
24.5001 40.561 2.64141 3.01943 80.6101
24.6001 40.6265 2.65457 3.03125 80.5969
24.7001 40.6915 2.66778 3.04306 80.5837
24.8001 40.7559 2.68103 3.05487 80.5704
24.9001 40.8197 2.69434 3.06667 80.5571
25.0001 40.883 2.7077 3.07846 80.5438
25.1001 40.9457 2.7211 3.09025 80.5304
25.2001 41.0079 2.73456 3.10203 80.5169
25.3001 41.0695 2.74807 3.1138 80.5034
25.4001 41.1305 2.76163 3.12557 80.4899
25.5001 41.1911 2.77523 3.13733 80.4762
25.6001 41.251 2.78889 3.14909 80.4626
25.7001 41.3105 2.8026 3.16084 80.4489
25.8001 41.3693 2.81635 3.17258 80.4351
25.9001 41.4277 2.83016 3.18432 80.4213
26.0001 41.4855 2.84401 3.19605 80.4075
26.1001 41.5428 2.85792 3.20777 80.3936
26.2001 41.5996 2.87188 3.21949 80.3796
26.3001 41.6559 2.88588 3.2312 80.3656
26.4001 41.7116 2.89994 3.2429 80.3515
26.5001 41.7669 2.91404 3.25459 80.3374
26.6001 41.8216 2.92819 3.26628 80.3233
26.7001 41.8758 2.9424 3.27797 80.3091
26.8001 41.9295 2.95665 3.28964 80.2948
26.9001 41.9827 2.97095 3.30131 80.2805
27.0001 42.0355 2.9853 3.31298 80.2662
27.1001 42.0877 2.9997 3.32463 80.2518
27.2001 42.1394 3.01415 3.33628 80.2373
27.3001 42.1907 3.02865 3.34792 80.2228
27.4001 42.2414 3.0432 3.35956 80.2083
27.5001 42.2917 3.05779 3.37119 80.1937
27.6001 42.3415 3.07244 3.38281 80.179
27.7001 42.3908 3.08713 3.39442 80.1643
27.8001 42.4397 3.10188 3.40603 80.1496
27.9001 42.488 3.11667 3.41763 80.1348
28.0001 42.5359 3.13151 3.42922 80.12
28.1001 42.5834 3.1464 3.44081 80.1051
28.2001 42.6304 3.16134 3.45239 80.0901
28.3001 42.6769 3.17633 3.46396 80.0752
28.4001 42.723 3.19136 3.47552 80.0601
28.5001 42.7686 3.20645 3.48708 80.045
28.6001 42.8137 3.22158 3.49863 80.0299
28.7001 42.8585 3.23676 3.51018 80.0147
28.8001 42.9027 3.25199 3.52171 79.9995
28.9001 42.9466 3.26727 3.53324 79.9842
29.0001 42.99 3.2826 3.54476 79.9689
29.1001 43.0329 3.29797 3.55628 79.9535
29.2001 43.0754 3.3134 3.56778 79.9381
29.3001 43.1175 3.32887 3.57928 79.9226
29.4001 43.1592 3.34439 3.59077 79.9071
29.5001 43.2004 3.35996 3.60226 79.8915
29.6001 43.2412 3.37557 3.61373 79.8759
29.7001 43.2816 3.39124 3.6252 79.8602
29.8001 43.3216 3.40695 3.63667 79.8445
29.9001 43.3612 3.42271 3.64812 79.8288
30.0001 43.4003 3.43852 3.65957 79.813
30.1001 43.439 3.45438 3.67101 79.7971
30.2001 43.4774 3.47028 3.68244 79.7812
30.3001 43.5153 3.48623 3.69386 79.7652
30.4001 43.5528 3.50223 3.70528 79.7492
30.5001 43.5899 3.51828 3.71669 79.7332
30.6001 43.6266 3.53437 3.72809 79.7171
30.7001 43.663 3.55052 3.73948 79.701
30.8001 43.6989 3.56671 3.75086 79.6848
30.9001 43.7345 3.58294 3.76224 79.6685
31.0001 43.7696 3.59923 3.77361 79.6523
31.1001 43.8044 3.61556 3.78497 79.6359
31.2001 43.8388 3.63194 3.79633 79.6195
31.3001 43.8728 3.64837 3.80767 79.6031
31.4001 43.9064 3.66484 3.81901 79.5866
31.5001 43.9396 3.68136 3.83034 79.5701
31.6001 43.9725 3.69793 3.84166 79.5535
31.7001 44.005 3.71455 3.85298 79.5369
31.8001 44.0372 3.73121 3.86428 79.5203
31.9001 44.0689 3.74792 3.87558 79.5036
32.0001 44.1003 3.76467 3.88687 79.4868
32.1001 44.1314 3.78148 3.89815 79.47
32.2001 44.1621 3.79833 3.90943 79.4532
32.3001 44.1924 3.81522 3.92069 79.4363
32.4001 44.2223 3.83217 3.93195 79.4193
32.5001 44.2519 3.84916 3.9432 79.4023
32.6001 44.2812 3.86619 3.95444 79.3853
32.7001 44.3101 3.88328 3.96567 79.3682
32.8001 44.3387 3.9004 3.97689 79.3511
32.9001 44.3669 3.91758 3.98811 79.3339
33.0001 44.3948 3.9348 3.99932 79.3167
33.1001 44.4223 3.95207 4.01052 79.2994
33.2001 44.4495 3.96939 4.02171 79.2821
33.3001 44.4764 3.98675 4.03289 79.2647
33.4001 44.5029 4.00416 4.04406 79.2473
33.5001 44.5291 4.02161 4.05523 79.2299
33.6001 44.5549 4.03911 4.06638 79.2124
33.7001 44.5804 4.05665 4.07753 79.1948
33.8001 44.6056 4.07425 4.08867 79.1772
33.9001 44.6305 4.09188 4.0998 79.1596
34.0001 44.6551 4.10957 4.11092 79.1419
34.1001 44.6793 4.1273 4.12204 79.1242
34.2001 44.7032 4.14507 4.13314 79.1064
34.3 44.7268 4.16289 4.14424 79.0886
34.4 44.7501 4.18076 4.15533 79.0707
34.5 44.7731 4.19867 4.1664 79.0528
34.6 44.7957 4.21663 4.17747 79.0349
34.7 44.8181 4.23463 4.18854 79.0169
34.8 44.8401 4.25268 4.19959 78.9988
34.9 44.8618 4.27077 4.21063 78.9807
35 44.8833 4.28891 4.22167 78.9626
35.1 44.9044 4.3071 4.23269 78.9444
35.2 44.9252 4.32533 4.24371 78.9262
35.3 44.9457 4.3436 4.25472 78.9079
35.4 44.966 4.36192 4.26572 78.8896
35.5 44.9859 4.38028 4.27671 78.8712
35.6 45.0055 4.39869 4.28769 78.8528
35.7 45.0249 4.41715 4.29866 78.8343
35.8 45.0439 4.43565 4.30962 78.8158
35.9 45.0627 4.45419 4.32057 78.7973
36 45.0812 4.47278 4.33152 78.7787
36.1 45.0994 4.49142 4.34245 78.7601
36.2 45.1173 4.5101 4.35338 78.7414
36.3 45.1349 4.52882 4.3643 78.7227
36.4 45.1523 4.54759 4.3752 78.7039
36.5 45.1694 4.5664 4.3861 78.6851
36.6 45.1862 4.58526 4.39699 78.6662
36.7 45.2027 4.60416 4.40787 78.6473
36.8 45.2189 4.6231 4.41874 78.6284
36.9 45.2349 4.64209 4.4296 78.6094
37 45.2506 4.66113 4.44045 78.5904
37.1 45.266 4.6802 4.4513 78.5713
37.2 45.2812 4.69933 4.46213 78.5522
37.3 45.2961 4.71849 4.47295 78.533
37.4 45.3108 4.7377 4.48377 78.5138
37.5 45.3251 4.75696 4.49457 78.4945
37.6 45.3393 4.77625 4.50536 78.4752
37.7 45.3531 4.79559 4.51615 78.4559
37.8 45.3667 4.81498 4.52693 78.4365
37.9 45.3801 4.83441 4.53769 78.4171
38 45.3932 4.85388 4.54845 78.3976
38.1 45.406 4.8734 4.55919 78.3781
38.2 45.4186 4.89296 4.56993 78.3585
38.3 45.4309 4.91256 4.58066 78.3389
38.4 45.443 4.93221 4.59137 78.3193
38.5 45.4548 4.9519 4.60208 78.2996
38.6 45.4664 4.97163 4.61278 78.2799
38.7 45.4778 4.9914 4.62347 78.2601
38.8 45.4889 5.01122 4.63414 78.2403
38.9 45.4998 5.03109 4.64481 78.2204
39 45.5104 5.05099 4.65547 78.2005
39.1 45.5208 5.07094 4.66612 78.1805
39.2 45.5309 5.09093 4.67676 78.1605
39.3 45.5408 5.11096 4.68738 78.1405
39.4 45.5505 5.13104 4.698 78.1204
39.5 45.5599 5.15116 4.70861 78.1003
39.6 45.5691 5.17132 4.71921 78.0802
39.7 45.5781 5.19153 4.72979 78.06
39.8 45.5869 5.21178 4.74037 78.0397
39.9 45.5954 5.23206 4.75094 78.0194
40 45.6037 5.2524 4.7615 77.9991
40.1 45.6117 5.27277 4.77204 77.9787
40.2 45.6196 5.29319 4.78258 77.9583
40.3 45.6272 5.31365 4.79311 77.9378
40.4 45.6346 5.33415 4.80362 77.9173
40.5 45.6418 5.35469 4.81413 77.8968
40.6 45.6487 5.37528 4.82462 77.8762
40.7 45.6554 5.3959 4.83511 77.8556
40.7999 45.662 5.41657 4.84558 77.8349
40.8999 45.6683 5.43728 4.85605 77.8142
40.9999 45.6744 5.45804 4.8665 77.7934
41.0999 45.6802 5.47883 4.87694 77.7727
41.1999 45.6859 5.49967 4.88737 77.7518
41.2999 45.6913 5.52054 4.8978 77.7309
41.3999 45.6966 5.54146 4.90821 77.71
41.4999 45.7016 5.56242 4.91861 77.6891
41.5999 45.7064 5.58342 4.929 77.6681
41.6999 45.7111 5.60447 4.93938 77.647
41.7999 45.7155 5.62555 4.94975 77.6259
41.8999 45.7197 5.64668 4.9601 77.6048
41.9999 45.7237 5.66784 4.97045 77.5836
42.0999 45.7275 5.68905 4.98079 77.5624
42.1999 45.7311 5.7103 4.99111 77.5412
42.2999 45.7345 5.73159 5.00143 77.5199
42.3999 45.7377 5.75292 5.01173 77.4986
42.4999 45.7407 5.77429 5.02203 77.4772
42.5999 45.7435 5.79571 5.03231 77.4558
42.6999 45.7461 5.81716 5.04258 77.4343
42.7999 45.7486 5.83865 5.05284 77.4128
42.8999 45.7508 5.86019 5.06309 77.3913
42.9999 45.7528 5.88176 5.07333 77.3697
43.0999 45.7547 5.90338 5.08356 77.3481
43.1999 45.7563 5.92503 5.09377 77.3265
43.2999 45.7578 5.94673 5.10398 77.3048
43.3999 45.7591 5.96846 5.11417 77.283
43.4999 45.7602 5.99024 5.12436 77.2612
43.5999 45.7611 6.01205 5.13453 77.2394
43.6999 45.7618 6.03391 5.14469 77.2176
43.7999 45.7623 6.05581 5.15484 77.1957
43.8999 45.7627 6.07774 5.16498 77.1737
43.9999 45.7629 6.09972 5.1751 77.1518
44.0999 45.7629 6.12173 5.18522 77.1297
44.1999 45.7627 6.14379 5.19532 77.1077
44.2999 45.7623 6.16588 5.20542 77.0856
44.3999 45.7618 6.18802 5.2155 77.0635
44.4999 45.761 6.21019 5.22557 77.0413
44.5999 45.7601 6.2324 5.23563 77.0191
44.6999 45.7591 6.25466 5.24567 76.9968
44.7999 45.7578 6.27695 5.25571 76.9745
44.8999 45.7564 6.29928 5.26573 76.9522
44.9999 45.7548 6.32165 5.27575 76.9298
45.0999 45.753 6.34406 5.28575 76.9074
45.1999 45.7511 6.36651 5.29574 76.885
45.2999 45.749 6.389 5.30572 76.8625
45.3999 45.7467 6.41152 5.31568 76.84
45.4999 45.7443 6.43409 5.32564 76.8174
45.5999 45.7417 6.45669 5.33558 76.7948
45.6999 45.7389 6.47933 5.34551 76.7721
45.7999 45.7359 6.50201 5.35543 76.7495
45.8999 45.7328 6.52473 5.36534 76.7267
45.9999 45.7296 6.54749 5.37523 76.704
46.0999 45.7261 6.57029 5.38512 76.6812
46.1999 45.7226 6.59312 5.39499 76.6584
46.2999 45.7188 6.61599 5.40485 76.6355
46.3999 45.7149 6.63891 5.4147 76.6126
46.4999 45.7108 6.66185 5.42454 76.5896
46.5999 45.7066 6.68484 5.43436 76.5666
46.6999 45.7022 6.70787 5.44417 76.5436
46.7999 45.6977 6.73093 5.45397 76.5206
46.8999 45.693 6.75403 5.46376 76.4974
46.9999 45.6881 6.77717 5.47354 76.4743
47.0999 45.6831 6.80035 5.4833 76.4511
47.1999 45.6779 6.82356 5.49305 76.4279
47.2999 45.6726 6.84681 5.50279 76.4047
47.3998 45.6671 6.8701 5.51252 76.3814
47.4998 45.6615 6.89343 5.52224 76.3581
47.5998 45.6558 6.91679 5.53194 76.3347
47.6998 45.6498 6.94019 5.54163 76.3113
47.7998 45.6438 6.96363 5.55131 76.2879
47.8998 45.6376 6.98711 5.56098 76.2644
47.9998 45.6312 7.01062 5.57063 76.2409
48.0998 45.6247 7.03417 5.58027 76.2173
48.1998 45.618 7.05775 5.5899 76.1937
48.2998 45.6112 7.08138 5.59952 76.1701
48.3998 45.6043 7.10504 5.60912 76.1464
48.4998 45.5972 7.12873 5.61871 76.1227
48.5998 45.59 7.15247 5.62829 76.099
48.6998 45.5826 7.17624 5.63786 76.0752
48.7998 45.5751 7.20004 5.64741 76.0514
48.8998 45.5674 7.22388 5.65695 76.0276
48.9998 45.5596 7.24776 5.66648 76.0037
49.0998 45.5517 7.27168 5.676 75.9798
49.1998 45.5436 7.29563 5.6855 75.9559
49.2998 45.5354 7.31962 5.69499 75.9319
49.3998 45.5271 7.34364 5.70447 75.9078
49.4998 45.5186 7.3677 5.71394 75.8838
49.5998 45.51 7.3918 5.72339 75.8597
49.6998 45.5012 7.41593 5.73283 75.8356
49.7998 45.4923 7.44009 5.74226 75.8114
49.8998 45.4833 7.4643 5.75167 75.7872
49.9998 45.4742 7.48853 5.76107 75.7629
50.0998 45.4649 7.51281 5.77046 75.7387
50.1998 45.4555 7.53712 5.77983 75.7144
50.2998 45.4459 7.56146 5.7892 75.69
50.3998 45.4362 7.58584 5.79855 75.6656
50.4998 45.4264 7.61026 5.80788 75.6412
50.5998 45.4165 7.63471 5.81721 75.6168
50.6998 45.4064 7.65919 5.82652 75.5923
50.7998 45.3962 7.68371 5.83581 75.5678
50.8998 45.3859 7.70827 5.8451 75.5432
50.9998 45.3755 7.73286 5.85437 75.5186
51.0998 45.3649 7.75748 5.86362 75.494
51.1998 45.3542 7.78214 5.87287 75.4693
51.2998 45.3434 7.80684 5.8821 75.4446
51.3998 45.3324 7.83157 5.89132 75.4199
51.4998 45.3214 7.85633 5.90052 75.3952
51.5998 45.3102 7.88113 5.90971 75.3704
51.6998 45.2989 7.90596 5.91889 75.3455
51.7998 45.2874 7.93082 5.92806 75.3207
51.8998 45.2759 7.95573 5.93721 75.2958
51.9998 45.2642 7.98066 5.94634 75.2708
52.0998 45.2524 8.00563 5.95547 75.2459
52.1998 45.2405 8.03063 5.96458 75.2209
52.2998 45.2284 8.05567 5.97367 75.1958
52.3998 45.2163 8.08074 5.98276 75.1707
52.4998 45.204 8.10584 5.99183 75.1456
52.5998 45.1916 8.13098 6.00088 75.1205
52.6998 45.1791 8.15615 6.00993 75.0953
52.7998 45.1665 8.18135 6.01896 75.0701
52.8998 45.1538 8.20659 6.02797 75.0449
52.9998 45.1409 8.23186 6.03697 75.0196
53.0998 45.128 8.25717 6.04596 74.9943
53.1998 45.1149 8.28251 6.05493 74.969
53.2998 45.1017 8.30788 6.06389 74.9436
53.3998 45.0884 8.33328 6.07284 74.9182
53.4998 45.075 8.35872 6.08177 74.8928
53.5998 45.0614 8.38419 6.09069 74.8673
53.6998 45.0478 8.40969 6.0996 74.8418
53.7998 45.0341 8.43522 6.10849 74.8163
53.8997 45.0202 8.46079 6.11736 74.7907
53.9997 45.0062 8.48639 6.12623 74.7651
54.0997 44.9922 8.51203 6.13508 74.7395
54.1997 44.978 8.53769 6.14391 74.7138
54.2997 44.9637 8.56339 6.15273 74.6881
54.3997 44.9493 8.58912 6.16154 74.6624
54.4997 44.9348 8.61488 6.17033 74.6366
54.5997 44.9202 8.64067 6.17911 74.6108
54.6997 44.9055 8.6665 6.18787 74.585
54.7997 44.8907 8.69236 6.19662 74.5591
54.8997 44.8757 8.71825 6.20536 74.5332
54.9997 44.8607 8.74417 6.21408 74.5073
55.0997 44.8456 8.77012 6.22279 74.4814
55.1997 44.8303 8.79611 6.23148 74.4554
55.2997 44.815 8.82212 6.24016 74.4294
55.3997 44.7995 8.84817 6.24882 74.4033
55.4997 44.784 8.87425 6.25747 74.3772
55.5997 44.7684 8.90036 6.26611 74.3511
55.6997 44.7526 8.9265 6.27473 74.325
55.7997 44.7368 8.95268 6.28333 74.2988
55.8997 44.7208 8.97888 6.29193 74.2726
55.9997 44.7048 9.00512 6.3005 74.2464
56.0997 44.6886 9.03138 6.30907 74.2201
56.1997 44.6724 9.05768 6.31761 74.1938
56.2997 44.6561 9.08401 6.32615 74.1675
56.3997 44.6396 9.11037 6.33467 74.1411
56.4997 44.6231 9.13675 6.34317 74.1147
56.5997 44.6065 9.16317 6.35166 74.0883
56.6997 44.5897 9.18962 6.36013 74.0619
56.7997 44.5729 9.2161 6.36859 74.0354
56.8997 44.556 9.24261 6.37704 74.0089
56.9997 44.539 9.26915 6.38547 73.9823
57.0997 44.5219 9.29573 6.39389 73.9558
57.1997 44.5047 9.32233 6.40229 73.9292
57.2997 44.4874 9.34896 6.41067 73.9025
57.3997 44.47 9.37562 6.41904 73.8759
57.4997 44.4525 9.40231 6.4274 73.8492
57.5997 44.4349 9.42903 6.43574 73.8225
57.6997 44.4173 9.45578 6.44406 73.7957
57.7997 44.3995 9.48256 6.45238 73.7689
57.8997 44.3817 9.50936 6.46067 73.7421
57.9997 44.3637 9.5362 6.46895 73.7153
58.0997 44.3457 9.56307 6.47722 73.6884
58.1997 44.3276 9.58997 6.48547 73.6615
58.2997 44.3094 9.61689 6.4937 73.6346
58.3997 44.2911 9.64385 6.50192 73.6076
58.4997 44.2727 9.67083 6.51013 73.5807
58.5997 44.2542 9.69784 6.51832 73.5536
58.6997 44.2357 9.72488 6.52649 73.5266
58.7997 44.217 9.75195 6.53465 73.4995
58.8997 44.1983 9.77905 6.54279 73.4724
58.9997 44.1795 9.80618 6.55092 73.4453
59.0997 44.1606 9.83333 6.55904 73.4181
59.1997 44.1416 9.86052 6.56713 73.391
59.2997 44.1225 9.88773 6.57521 73.3638
59.3997 44.1033 9.91497 6.58328 73.3365
59.4997 44.0841 9.94224 6.59133 73.3092
59.5997 44.0648 9.96953 6.59937 73.2819
59.6997 44.0453 9.99686 6.60739 73.2546
59.7997 44.0258 10.0242 6.61539 73.2273
59.8997 44.0063 10.0516 6.62338 73.1999
59.9997 43.9866 10.079 6.63135 73.1725
60.0997 43.9669 10.1064 6.63931 73.145
60.1997 43.947 10.1339 6.64725 73.1176
60.2997 43.9271 10.1614 6.65518 73.0901
60.3997 43.9071 10.1889 6.66309 73.0626
60.4996 43.8871 10.2165 6.67098 73.035
60.5996 43.8669 10.244 6.67886 73.0075
60.6996 43.8467 10.2716 6.68672 72.9799
60.7996 43.8263 10.2993 6.69457 72.9522
60.8996 43.806 10.3269 6.7024 72.9246
60.9996 43.7855 10.3546 6.71022 72.8969
61.0996 43.7649 10.3823 6.71802 72.8692
61.1996 43.7443 10.41 6.7258 72.8415
61.2996 43.7236 10.4378 6.73357 72.8137
61.3996 43.7028 10.4656 6.74132 72.7859
61.4996 43.6819 10.4934 6.74905 72.7581
61.5996 43.661 10.5212 6.75677 72.7303
61.6996 43.64 10.5491 6.76447 72.7024
61.7996 43.6189 10.577 6.77216 72.6745
61.8996 43.5977 10.6049 6.77983 72.6466
61.9996 43.5765 10.6328 6.78749 72.6186
62.0996 43.5552 10.6608 6.79512 72.5907
62.1996 43.5338 10.6888 6.80275 72.5627
62.2996 43.5123 10.7168 6.81035 72.5346
62.3996 43.4908 10.7449 6.81794 72.5066
62.4996 43.4691 10.773 6.82551 72.4785
62.5996 43.4474 10.8011 6.83307 72.4504
62.6996 43.4257 10.8292 6.84061 72.4223
62.7996 43.4038 10.8573 6.84813 72.3941
62.8996 43.3819 10.8855 6.85564 72.366
62.9996 43.3599 10.9137 6.86313 72.3378
63.0996 43.3379 10.9419 6.87061 72.3095
63.1996 43.3158 10.9702 6.87807 72.2813
63.2996 43.2936 10.9985 6.88551 72.253
63.3996 43.2713 11.0268 6.89293 72.2247
63.4996 43.2489 11.0551 6.90034 72.1964
63.5996 43.2265 11.0834 6.90773 72.168
63.6996 43.204 11.1118 6.91511 72.1397
63.7996 43.1815 11.1402 6.92246 72.1113
63.8996 43.1589 11.1686 6.92981 72.0829
63.9996 43.1362 11.1971 6.93713 72.0544
64.0996 43.1134 11.2255 6.94444 72.0259
64.1996 43.0906 11.254 6.95173 71.9974
64.2996 43.0677 11.2826 6.959 71.9689
64.3996 43.0447 11.3111 6.96626 71.9404
64.4996 43.0217 11.3397 6.9735 71.9118
64.5996 42.9986 11.3683 6.98073 71.8832
64.6996 42.9754 11.3969 6.98793 71.8546
64.7996 42.9522 11.4255 6.99512 71.826
64.8996 42.9289 11.4542 7.00229 71.7973
64.9996 42.9055 11.4829 7.00945 71.7686
65.0996 42.882 11.5116 7.01659 71.7399
65.1996 42.8585 11.5403 7.02371 71.7112
65.2996 42.835 11.5691 7.03081 71.6824
65.3996 42.8113 11.5978 7.0379 71.6536
65.4996 42.7876 11.6266 7.04497 71.6248
65.5996 42.7639 11.6555 7.05203 71.596
65.6996 42.74 11.6843 7.05906 71.5672
65.7996 42.7161 11.7132 7.06608 71.5383
65.8996 42.6922 11.7421 7.07308 71.5094
65.9996 42.6682 11.771 7.08006 71.4805
66.0996 42.6441 11.7999 7.08703 71.4516
66.1996 42.6199 11.8289 7.09398 71.4226
66.2996 42.5957 11.8579 7.10091 71.3936
66.3996 42.5714 11.8869 7.10783 71.3646
66.4996 42.5471 11.9159 7.11472 71.3356
66.5996 42.5227 11.945 7.1216 71.3065
66.6996 42.4982 11.974 7.12847 71.2775
66.7996 42.4737 12.0031 7.13531 71.2484
66.8996 42.4491 12.0322 7.14214 71.2193
66.9995 42.4245 12.0614 7.14895 71.1901
67.0995 42.3998 12.0905 7.15574 71.161
67.1995 42.375 12.1197 7.16251 71.1318
67.2995 42.3502 12.1489 7.16927 71.1026
67.3995 42.3253 12.1781 7.17601 71.0734
67.4995 42.3003 12.2074 7.18273 71.0441
67.5995 42.2753 12.2366 7.18943 71.0149
67.6995 42.2502 12.2659 7.19612 70.9856
67.7995 42.2251 12.2952 7.20279 70.9563
67.8995 42.1999 12.3245 7.20944 70.9269
67.9995 42.1747 12.3539 7.21607 70.8976
68.0995 42.1494 12.3833 7.22268 70.8682
68.1995 42.124 12.4127 7.22928 70.8388
68.2995 42.0986 12.4421 7.23586 70.8094
68.3995 42.0731 12.4715 7.24242 70.78
68.4995 42.0476 12.5009 7.24896 70.7505
68.5995 42.022 12.5304 7.25549 70.7211
68.6995 41.9963 12.5599 7.26199 70.6916
68.7995 41.9706 12.5894 7.26848 70.6621
68.8995 41.9448 12.6189 7.27495 70.6325
68.9995 41.919 12.6485 7.2814 70.603
69.0995 41.8931 12.6781 7.28784 70.5734
69.1995 41.8672 12.7077 7.29425 70.5438
69.2995 41.8412 12.7373 7.30065 70.5142
69.3995 41.8152 12.7669 7.30703 70.4846
69.4995 41.7891 12.7965 7.31339 70.4549
69.5995 41.7629 12.8262 7.31974 70.4253
69.6995 41.7367 12.8559 7.32606 70.3956
69.7995 41.7104 12.8856 7.33237 70.3659
69.8995 41.6841 12.9153 7.33865 70.3361
69.9995 41.6578 12.9451 7.34492 70.3064
70.0995 41.6313 12.9748 7.35117 70.2766
70.1995 41.6048 13.0046 7.35741 70.2469
70.2995 41.5783 13.0344 7.36362 70.2171
70.3995 41.5517 13.0642 7.36982 70.1872
70.4995 41.5251 13.0941 7.37599 70.1574
70.5995 41.4984 13.1239 7.38215 70.1275
70.6995 41.4716 13.1538 7.38829 70.0977
70.7995 41.4448 13.1837 7.39441 70.0678
70.8995 41.418 13.2136 7.40052 70.0379
70.9995 41.3911 13.2436 7.4066 70.0079
71.0995 41.3641 13.2735 7.41267 69.978
71.1995 41.3371 13.3035 7.41871 69.948
71.2995 41.31 13.3335 7.42474 69.918
71.3995 41.2829 13.3635 7.43075 69.888
71.4995 41.2558 13.3935 7.43674 69.858
71.5995 41.2286 13.4235 7.44271 69.828
71.6995 41.2013 13.4536 7.44866 69.7979
71.7995 41.174 13.4836 7.4546 69.7678
71.8995 41.1466 13.5137 7.46051 69.7378
71.9995 41.1192 13.5438 7.46641 69.7077
72.0995 41.0917 13.574 7.47228 69.6775
72.1995 41.0642 13.6041 7.47814 69.6474
72.2995 41.0367 13.6342 7.48398 69.6172
72.3995 41.009 13.6644 7.4898 69.5871
72.4995 40.9814 13.6946 7.4956 69.5569
72.5995 40.9537 13.7248 7.50138 69.5267
72.6995 40.9259 13.755 7.50715 69.4964
72.7995 40.8981 13.7853 7.51289 69.4662
72.8995 40.8702 13.8155 7.51861 69.4359
72.9995 40.8423 13.8458 7.52432 69.4057
73.0995 40.8144 13.8761 7.53 69.3754
73.1995 40.7864 13.9064 7.53567 69.3451
73.2995 40.7583 13.9367 7.54132 69.3148
73.3995 40.7302 13.9671 7.54694 69.2844
73.4995 40.7021 13.9974 7.55255 69.2541
73.5994 40.6739 14.0278 7.55814 69.2237
73.6994 40.6457 14.0582 7.56371 69.1933
73.7994 40.6174 14.0886 7.56926 69.1629
73.8994 40.589 14.119 7.57479 69.1325
73.9994 40.5607 14.1494 7.5803 69.1021
74.0994 40.5322 14.1798 7.5858 69.0716
74.1994 40.5038 14.2103 7.59127 69.0412
74.2994 40.4753 14.2408 7.59672 69.0107
74.3994 40.4467 14.2713 7.60215 68.9802
74.4994 40.4181 14.3018 7.60757 68.9497
74.5994 40.3894 14.3323 7.61296 68.9192
74.6994 40.3607 14.3628 7.61833 68.8886
74.7994 40.332 14.3934 7.62369 68.8581
74.8994 40.3032 14.4239 7.62902 68.8275
74.9994 40.2744 14.4545 7.63434 68.797
75.0994 40.2455 14.4851 7.63963 68.7664
75.1994 40.2166 14.5157 7.64491 68.7358
75.2994 40.1876 14.5463 7.65016 68.7051
75.3994 40.1586 14.577 7.6554 68.6745
75.4994 40.1296 14.6076 7.66062 68.6439
75.5994 40.1005 14.6383 7.66581 68.6132
75.6994 40.0713 14.669 7.67099 68.5825
75.7994 40.0421 14.6997 7.67614 68.5518
75.8994 40.0129 14.7304 7.68128 68.5211
75.9994 39.9836 14.7611 7.6864 68.4904
76.0994 39.9543 14.7918 7.69149 68.4597
76.1994 39.925 14.8225 7.69657 68.4289
76.2994 39.8956 14.8533 7.70162 68.3982
76.3994 39.8661 14.8841 7.70666 68.3674
76.4994 39.8367 14.9149 7.71167 68.3366
76.5994 39.8071 14.9457 7.71667 68.3058
76.6994 39.7776 14.9765 7.72164 68.275
76.7994 39.748 15.0073 7.7266 68.2442
76.8994 39.7183 15.0381 7.73153 68.2134
76.9994 39.6886 15.069 7.73645 68.1825
77.0994 39.6589 15.0998 7.74134 68.1517
77.1994 39.6291 15.1307 7.74621 68.1208
77.2994 39.5993 15.1616 7.75107 68.0899
77.3994 39.5694 15.1925 7.7559 68.059
77.4994 39.5396 15.2234 7.76071 68.0281
77.5994 39.5096 15.2543 7.7655 67.9972
77.6994 39.4796 15.2852 7.77028 67.9663
77.7994 39.4496 15.3162 7.77503 67.9353
77.8994 39.4196 15.3471 7.77976 67.9044
77.9994 39.3895 15.3781 7.78447 67.8734
78.0994 39.3593 15.4091 7.78916 67.8424
78.1994 39.3292 15.4401 7.79382 67.8114
78.2994 39.299 15.4711 7.79847 67.7804
78.3994 39.2687 15.5021 7.8031 67.7494
78.4994 39.2384 15.5331 7.80771 67.7184
78.5994 39.2081 15.5641 7.81229 67.6874
78.6994 39.1777 15.5952 7.81686 67.6563
78.7994 39.1473 15.6262 7.8214 67.6253
78.8994 39.1168 15.6573 7.82593 67.5942
78.9994 39.0864 15.6884 7.83043 67.5631
79.0994 39.0558 15.7195 7.83491 67.532
79.1994 39.0253 15.7506 7.83937 67.5009
79.2994 38.9947 15.7817 7.84381 67.4698
79.3994 38.964 15.8128 7.84823 67.4387
79.4994 38.9334 15.8439 7.85263 67.4076
79.5994 38.9026 15.875 7.85701 67.3764
79.6994 38.8719 15.9062 7.86136 67.3453
79.7994 38.8411 15.9374 7.8657 67.3141
79.8994 38.8103 15.9685 7.87001 67.283
79.9994 38.7794 15.9997 7.8743 67.2518
80.0993 38.7485 16.0309 7.87858 67.2206
80.1993 38.7176 16.0621 7.88283 67.1894
80.2993 38.6866 16.0933 7.88706 67.1582
80.3993 38.6556 16.1245 7.89127 67.127
80.4993 38.6245 16.1557 7.89545 67.0957
80.5993 38.5935 16.187 7.89962 67.0645
80.6993 38.5623 16.2182 7.90376 67.0333
80.7993 38.5312 16.2495 7.90789 67.002
80.8993 38.5 16.2807 7.91199 66.9708
80.9993 38.4688 16.312 7.91607 66.9395
81.0993 38.4375 16.3433 7.92013 66.9082
81.1993 38.4062 16.3746 7.92417 66.8769
81.2993 38.3749 16.4059 7.92818 66.8456
81.3993 38.3435 16.4372 7.93218 66.8143
81.4993 38.3121 16.4685 7.93615 66.783
81.5993 38.2807 16.4998 7.9401 66.7517
81.6993 38.2492 16.5311 7.94404 66.7204
81.7993 38.2177 16.5625 7.94794 66.689
81.8993 38.1861 16.5938 7.95183 66.6577
81.9993 38.1546 16.6252 7.9557 66.6263
82.0993 38.123 16.6565 7.95954 66.595
82.1993 38.0913 16.6879 7.96337 66.5636
82.2993 38.0596 16.7193 7.96717 66.5322
82.3993 38.0279 16.7506 7.97095 66.5008
82.4993 37.9962 16.782 7.9747 66.4695
82.5993 37.9644 16.8134 7.97844 66.4381
82.6993 37.9326 16.8448 7.98215 66.4067
82.7993 37.9007 16.8762 7.98584 66.3752
82.8993 37.8688 16.9077 7.98952 66.3438
82.9993 37.8369 16.9391 7.99316 66.3124
83.0993 37.805 16.9705 7.99679 66.281
83.1993 37.773 17.0019 8.00039 66.2495
83.2993 37.741 17.0334 8.00398 66.2181
83.3993 37.7089 17.0648 8.00754 66.1866
83.4993 37.6769 17.0963 8.01108 66.1552
83.5993 37.6447 17.1278 8.01459 66.1237
83.6993 37.6126 17.1592 8.01809 66.0922
83.7993 37.5804 17.1907 8.02156 66.0608
83.8993 37.5482 17.2222 8.02501 66.0293
83.9993 37.516 17.2537 8.02844 65.9978
84.0993 37.4837 17.2852 8.03185 65.9663
84.1993 37.4514 17.3167 8.03523 65.9348
84.2993 37.4191 17.3482 8.03859 65.9033
84.3993 37.3867 17.3797 8.04193 65.8718
84.4993 37.3543 17.4112 8.04525 65.8403
84.5993 37.3219 17.4427 8.04855 65.8088
84.6993 37.2894 17.4742 8.05182 65.7772
84.7993 37.2569 17.5058 8.05507 65.7457
84.8993 37.2244 17.5373 8.0583 65.7142
84.9993 37.1918 17.5689 8.0615 65.6826
85.0993 37.1592 17.6004 8.06469 65.6511
85.1993 37.1266 17.632 8.06785 65.6195
85.2993 37.094 17.6635 8.07099 65.588
85.3993 37.0613 17.6951 8.0741 65.5564
85.4993 37.0286 17.7266 8.0772 65.5248
85.5993 36.9958 17.7582 8.08027 65.4933
85.6993 36.9631 17.7898 8.08332 65.4617
85.7993 36.9303 17.8214 8.08634 65.4301
85.8993 36.8974 17.8529 8.08935 65.3985
85.9993 36.8646 17.8845 8.09233 65.367
86.0993 36.8317 17.9161 8.09529 65.3354
86.1993 36.7988 17.9477 8.09822 65.3038
86.2993 36.7658 17.9793 8.10113 65.2722
86.3993 36.7328 18.0109 8.10402 65.2406
86.4993 36.6998 18.0425 8.10689 65.209
86.5993 36.6668 18.0741 8.10974 65.1774
86.6992 36.6337 18.1057 8.11256 65.1458
86.7992 36.6006 18.1373 8.11536 65.1142
86.8992 36.5675 18.1689 8.11813 65.0825
86.9992 36.5343 18.2006 8.12089 65.0509
87.0992 36.5012 18.2322 8.12362 65.0193
87.1992 36.4679 18.2638 8.12633 64.9877
87.2992 36.4347 18.2954 8.12901 64.956
87.3992 36.4014 18.3271 8.13167 64.9244
87.4992 36.3681 18.3587 8.13431 64.8928
87.5992 36.3348 18.3903 8.13693 64.8611
87.6992 36.3015 18.422 8.13952 64.8295
87.7992 36.2681 18.4536 8.14209 64.7979
87.8992 36.2347 18.4853 8.14463 64.7662
87.9992 36.2012 18.5169 8.14716 64.7346
88.0992 36.1678 18.5485 8.14966 64.7029
88.1992 36.1343 18.5802 8.15214 64.6713
88.2992 36.1007 18.6118 8.15459 64.6396
88.3992 36.0672 18.6435 8.15702 64.608
88.4992 36.0336 18.6751 8.15943 64.5763
88.5992 36 18.7068 8.16181 64.5447
88.6992 35.9664 18.7385 8.16417 64.513
88.7992 35.9327 18.7701 8.16651 64.4814
88.8992 35.899 18.8018 8.16883 64.4497
88.9992 35.8653 18.8334 8.17112 64.4181
89.0992 35.8316 18.8651 8.17338 64.3864
89.1992 35.7978 18.8967 8.17563 64.3547
89.2992 35.764 18.9284 8.17785 64.3231
89.3992 35.7302 18.9601 8.18005 64.2914
89.4992 35.6963 18.9917 8.18222 64.2598
89.5992 35.6625 19.0234 8.18437 64.2281
89.6992 35.6286 19.0551 8.1865 64.1964
89.7992 35.5946 19.0867 8.1886 64.1648
89.8992 35.5607 19.1184 8.19068 64.1331
89.9992 35.5267 19.15 8.19274 64.1014
90.0992 35.4927 19.1817 8.19477 64.0698
90.1992 35.4587 19.2134 8.19678 64.0381
90.2992 35.4246 19.245 8.19877 64.0064
90.3992 35.3905 19.2767 8.20073 63.9748
90.4992 35.3564 19.3084 8.20267 63.9431
90.5992 35.3223 19.34 8.20458 63.9115
90.6992 35.2881 19.3717 8.20647 63.8798
90.7992 35.254 19.4034 8.20834 63.8481
90.8992 35.2197 19.435 8.21018 63.8165
90.9992 35.1855 19.4667 8.212 63.7848
91.0992 35.1513 19.4983 8.2138 63.7532
91.1992 35.117 19.53 8.21557 63.7215
91.2992 35.0827 19.5616 8.21731 63.6898
91.3992 35.0483 19.5933 8.21904 63.6582
91.4992 35.014 19.625 8.22074 63.6265
91.5992 34.9796 19.6566 8.22241 63.5949
91.6992 34.9452 19.6883 8.22407 63.5632
91.7992 34.9107 19.7199 8.22569 63.5316
91.8992 34.8763 19.7516 8.2273 63.4999
91.9992 34.8418 19.7832 8.22888 63.4683
92.0992 34.8073 19.8148 8.23043 63.4366
92.1992 34.7728 19.8465 8.23197 63.405
92.2992 34.7382 19.8781 8.23347 63.3734
92.3992 34.7036 19.9098 8.23496 63.3417
92.4992 34.669 19.9414 8.23642 63.3101
92.5992 34.6344 19.973 8.23785 63.2785
92.6992 34.5997 20.0047 8.23926 63.2468
92.7992 34.5651 20.0363 8.24065 63.2152
92.8992 34.5304 20.0679 8.24201 63.1836
92.9992 34.4956 20.0995 8.24335 63.1519
93.0992 34.4609 20.1312 8.24466 63.1203
93.1992 34.4261 20.1628 8.24595 63.0887
93.2991 34.3913 20.1944 8.24722 63.0571
93.3991 34.3565 20.226 8.24846 63.0255
93.4991 34.3217 20.2576 8.24968 62.9939
93.5991 34.2868 20.2892 8.25087 62.9623
93.6991 34.2519 20.3208 8.25204 62.9307
93.7991 34.217 20.3524 8.25318 62.8991
93.8991 34.1821 20.384 8.2543 62.8675
93.9991 34.1471 20.4156 8.25539 62.8359
94.0991 34.1121 20.4472 8.25646 62.8043
94.1991 34.0771 20.4787 8.25751 62.7727
94.2991 34.0421 20.5103 8.25853 62.7412
94.3991 34.0071 20.5419 8.25952 62.7096
94.4991 33.972 20.5735 8.2605 62.678
94.5991 33.9369 20.605 8.26144 62.6465
94.6991 33.9018 20.6366 8.26237 62.6149
94.7991 33.8667 20.6681 8.26326 62.5833
94.8991 33.8315 20.6997 8.26414 62.5518
94.9991 33.7963 20.7312 8.26498 62.5202
95.0991 33.7611 20.7628 8.26581 62.4887
95.1991 33.7259 20.7943 8.26661 62.4572
95.2991 33.6906 20.8258 8.26738 62.4256
95.3991 33.6554 20.8574 8.26813 62.3941
95.4991 33.6201 20.8889 8.26885 62.3626
95.5991 33.5848 20.9204 8.26955 62.3311
95.6991 33.5494 20.9519 8.27023 62.2996
95.7991 33.5141 20.9834 8.27088 62.2681
95.8991 33.4787 21.0149 8.2715 62.2366
95.9991 33.4433 21.0464 8.2721 62.2051
96.0991 33.4079 21.0779 8.27268 62.1736
96.1991 33.3724 21.1094 8.27323 62.1421
96.2991 33.337 21.1409 8.27375 62.1106
96.3991 33.3015 21.1723 8.27426 62.0791
96.4991 33.266 21.2038 8.27473 62.0477
96.5991 33.2305 21.2353 8.27518 62.0162
96.6991 33.1949 21.2667 8.27561 61.9848
96.7991 33.1594 21.2982 8.27601 61.9533
96.8991 33.1238 21.3296 8.27638 61.9219
96.9991 33.0882 21.361 8.27673 61.8905
97.0991 33.0525 21.3924 8.27706 61.859
97.1991 33.0169 21.4239 8.27736 61.8276
97.2991 32.9812 21.4553 8.27763 61.7962
97.3991 32.9455 21.4867 8.27788 61.7648
97.4991 32.9098 21.5181 8.2781 61.7334
97.5991 32.8741 21.5495 8.2783 61.702
97.6991 32.8383 21.5808 8.27848 61.6706
97.7991 32.8026 21.6122 8.27862 61.6393
97.8991 32.7668 21.6436 8.27875 61.6079
97.9991 32.7309 21.6749 8.27884 61.5765
98.0991 32.6951 21.7063 8.27892 61.5452
98.1991 32.6593 21.7376 8.27896 61.5138
98.2991 32.6234 21.769 8.27898 61.4825
98.3991 32.5875 21.8003 8.27898 61.4512
98.4991 32.5516 21.8316 8.27895 61.4199
98.5991 32.5157 21.8629 8.2789 61.3885
98.6991 32.4797 21.8942 8.27882 61.3572
98.7991 32.4437 21.9255 8.27871 61.3259
98.8991 32.4077 21.9568 8.27858 61.2947
98.9991 32.3717 21.9881 8.27842 61.2634
99.0991 32.3357 22.0194 8.27824 61.2321
99.1991 32.2996 22.0506 8.27803 61.2008
99.2991 32.2636 22.0819 8.2778 61.1696
99.3991 32.2275 22.1131 8.27754 61.1383
99.4991 32.1914 22.1444 8.27726 61.1071
99.5991 32.1553 22.1756 8.27695 61.0759
99.6991 32.1191 22.2068 8.27661 61.0447
99.799 32.0829 22.238 8.27625 61.0135
99.899 32.0468 22.2692 8.27586 60.9823
99.999 32.0106 22.3004 8.27545 60.9511
100.099 31.9743 22.3316 8.27501 60.9199
100.199 31.9381 22.3627 8.27455 60.8887
100.299 31.9018 22.3939 8.27406 60.8576
100.399 31.8656 22.4251 8.27354 60.8264
100.499 31.8293 22.4562 8.273 60.7953
100.599 31.793 22.4873 8.27243 60.7642
100.699 31.7566 22.5184 8.27184 60.733
100.799 31.7203 22.5496 8.27122 60.7019
100.899 31.6839 22.5806 8.27057 60.6708
100.999 31.6475 22.6117 8.2699 60.6397
101.099 31.6111 22.6428 8.26921 60.6087
101.199 31.5747 22.6739 8.26848 60.5776
101.299 31.5383 22.7049 8.26774 60.5465
101.399 31.5018 22.736 8.26696 60.5155
101.499 31.4653 22.767 8.26616 60.4845
101.599 31.4288 22.798 8.26533 60.4534
101.699 31.3923 22.829 8.26448 60.4224
101.799 31.3558 22.86 8.2636 60.3914
101.899 31.3192 22.891 8.2627 60.3604
101.999 31.2827 22.922 8.26177 60.3295
102.099 31.2461 22.953 8.26081 60.2985
102.199 31.2095 22.9839 8.25983 60.2675
102.299 31.1729 23.0149 8.25882 60.2366
102.399 31.1362 23.0458 8.25779 60.2057
102.499 31.0996 23.0767 8.25672 60.1747
102.599 31.0629 23.1076 8.25564 60.1438
102.699 31.0262 23.1385 8.25452 60.1129
102.799 30.9895 23.1694 8.25338 60.0821
102.899 30.9528 23.2003 8.25222 60.0512
102.999 30.916 23.2311 8.25103 60.0203
103.099 30.8793 23.262 8.24981 59.9895
103.199 30.8425 23.2928 8.24856 59.9587
103.299 30.8057 23.3236 8.24729 59.9278
103.399 30.7689 23.3545 8.24599 59.897
103.499 30.7321 23.3853 8.24467 59.8662
103.599 30.6952 23.416 8.24332 59.8354
103.699 30.6584 23.4468 8.24194 59.8047
103.799 30.6215 23.4776 8.24054 59.7739
103.899 30.5846 23.5083 8.23911 59.7432
103.999 30.5477 23.539 8.23766 59.7124
104.099 30.5108 23.5698 8.23618 59.6817
104.199 30.4738 23.6005 8.23467 59.651
104.299 30.4369 23.6311 8.23313 59.6203
104.399 30.3999 23.6618 8.23157 59.5897
104.499 30.3629 23.6925 8.22999 59.559
104.599 30.3259 23.7231 8.22837 59.5283
104.699 30.2889 23.7538 8.22673 59.4977
104.799 30.2518 23.7844 8.22506 59.4671
104.899 30.2148 23.815 8.22337 59.4365
104.999 30.1777 23.8456 8.22165 59.4059
105.099 30.1406 23.8762 8.2199 59.3753
105.199 30.1035 23.9067 8.21813 59.3448
105.299 30.0664 23.9373 8.21633 59.3142
105.399 30.0292 23.9678 8.2145 59.2837
105.499 29.9921 23.9983 8.21265 59.2531
105.599 29.9549 24.0288 8.21077 59.2226
105.699 29.9177 24.0593 8.20887 59.1922
105.799 29.8805 24.0898 8.20693 59.1617
105.899 29.8433 24.1203 8.20497 59.1312
105.999 29.8061 24.1507 8.20299 59.1008
106.099 29.7688 24.1811 8.20097 59.0703
106.199 29.7316 24.2116 8.19893 59.0399
106.299 29.6943 24.242 8.19687 59.0095
106.399 29.657 24.2723 8.19477 58.9791
106.499 29.6197 24.3027 8.19265 58.9488
106.599 29.5824 24.3331 8.19051 58.9184
106.699 29.545 24.3634 8.18833 58.8881
106.799 29.5077 24.3937 8.18613 58.8578
106.899 29.4703 24.424 8.18391 58.8275
106.999 29.4329 24.4543 8.18165 58.7972
107.099 29.3955 24.4846 8.17937 58.7669
107.199 29.3581 24.5148 8.17706 58.7366
107.299 29.3207 24.5451 8.17473 58.7064
107.399 29.2832 24.5753 8.17237 58.6762
107.499 29.2457 24.6055 8.16998 58.646
107.599 29.2083 24.6357 8.16756 58.6158
107.699 29.1708 24.6659 8.16512 58.5856
107.799 29.1333 24.696 8.16265 58.5555
107.899 29.0958 24.7262 8.16016 58.5253
107.999 29.0582 24.7563 8.15763 58.4952
108.099 29.0207 24.7864 8.15508 58.4651
108.199 28.9831 24.8165 8.15251 58.435
108.299 28.9455 24.8466 8.1499 58.4049
108.399 28.9079 24.8766 8.14727 58.3749
108.499 28.8703 24.9066 8.14461 58.3448
108.599 28.8327 24.9367 8.14193 58.3148
108.699 28.7951 24.9667 8.13922 58.2848
108.799 28.7574 24.9967 8.13648 58.2548
108.899 28.7197 25.0266 8.13371 58.2249
108.999 28.6821 25.0566 8.13092 58.1949
109.099 28.6444 25.0865 8.1281 58.165
109.199 28.6067 25.1164 8.12525 58.1351
109.299 28.5689 25.1463 8.12237 58.1052
109.399 28.5312 25.1762 8.11947 58.0753
109.499 28.4935 25.206 8.11654 58.0454
109.599 28.4557 25.2359 8.11359 58.0156
109.699 28.4179 25.2657 8.11061 57.9858
109.799 28.3801 25.2955 8.10759 57.956
109.899 28.3423 25.3253 8.10456 57.9262
109.999 28.3045 25.355 8.10149 57.8964
110.099 28.2667 25.3848 8.0984 57.8667
110.199 28.2288 25.4145 8.09528 57.837
110.299 28.191 25.4442 8.09213 57.8073
110.399 28.1531 25.4739 8.08896 57.7776
110.499 28.1152 25.5036 8.08576 57.7479
110.599 28.0773 25.5332 8.08253 57.7183
110.699 28.0394 25.5629 8.07928 57.6886
110.799 28.0014 25.5925 8.07599 57.659
110.899 27.9635 25.6221 8.07268 57.6294
110.999 27.9255 25.6516 8.06935 57.5999
111.099 27.8876 25.6812 8.06598 57.5703
111.199 27.8496 25.7107 8.06259 57.5408
111.299 27.8116 25.7402 8.05917 57.5113
111.399 27.7736 25.7697 8.05572 57.4818
111.499 27.7356 25.7992 8.05225 57.4523
111.599 27.6975 25.8286 8.04875 57.4228
111.699 27.6595 25.8581 8.04522 57.3934
111.799 27.6214 25.8875 8.04166 57.364
111.899 27.5833 25.9169 8.03808 57.3346
111.999 27.5453 25.9462 8.03447 57.3052
112.099 27.5072 25.9756 8.03083 57.2759
112.199 27.469 26.0049 8.02717 57.2466
112.299 27.4309 26.0342 8.02347 57.2173
112.399 27.3928 26.0635 8.01975 57.188
112.499 27.3546 26.0928 8.016 57.1587
112.599 27.3165 26.122 8.01223 57.1295
112.699 27.2783 26.1512 8.00843 57.1002
112.799 27.2401 26.1804 8.0046 57.071
112.899 27.2019 26.2096 8.00074 57.0419
112.999 27.1637 26.2388 7.99685 57.0127
113.099 27.1254 26.2679 7.99294 56.9836
113.199 27.0872 26.297 7.989 56.9545
113.299 27.0489 26.3261 7.98503 56.9254
113.399 27.0107 26.3552 7.98104 56.8963
113.499 26.9724 26.3842 7.97701 56.8672
113.599 26.9341 26.4133 7.97296 56.8382
113.699 26.8958 26.4423 7.96889 56.8092
113.799 26.8575 26.4713 7.96478 56.7802
113.899 26.8192 26.5002 7.96065 56.7513
113.999 26.7808 26.5291 7.95649 56.7223
114.099 26.7425 26.5581 7.9523 56.6934
114.199 26.7041 26.587 7.94808 56.6645
114.299 26.6657 26.6158 7.94384 56.6357
114.399 26.6273 26.6447 7.93957 56.6068
114.499 26.5889 26.6735 7.93527 56.578
114.599 26.5505 26.7023 7.93094 56.5492
114.699 26.5121 26.7311 7.92659 56.5204
114.799 26.4737 26.7598 7.92221 56.4916
114.899 26.4352 26.7886 7.9178 56.4629
114.999 26.3968 26.8173 7.91337 56.4342
115.099 26.3583 26.846 7.9089 56.4055
115.199 26.3198 26.8746 7.90441 56.3769
115.299 26.2813 26.9033 7.89989 56.3482
115.399 26.2428 26.9319 7.89534 56.3196
115.499 26.2043 26.9605 7.89077 56.291
115.599 26.1657 26.989 7.88617 56.2624
115.699 26.1272 27.0176 7.88154 56.2339
115.799 26.0886 27.0461 7.87688 56.2054
115.899 26.0501 27.0746 7.87219 56.1769
115.999 26.0115 27.1031 7.86748 56.1484
116.099 25.9729 27.1315 7.86274 56.12
116.199 25.9343 27.1599 7.85797 56.0915
116.299 25.8957 27.1883 7.85318 56.0631
116.399 25.8571 27.2167 7.84835 56.0348
116.499 25.8184 27.2451 7.8435 56.0064
116.599 25.7798 27.2734 7.83862 55.9781
116.699 25.7411 27.3017 7.83372 55.9498
116.799 25.7025 27.33 7.82878 55.9215
116.899 25.6638 27.3582 7.82382 55.8933
116.999 25.6251 27.3864 7.81883 55.865
117.099 25.5864 27.4146 7.81381 55.8368
117.199 25.5477 27.4428 7.80877 55.8087
117.299 25.509 27.471 7.8037 55.7805
117.399 25.4702 27.4991 7.79859 55.7524
117.499 25.4315 27.5272 7.79347 55.7243
117.599 25.3927 27.5553 7.78831 55.6962
117.699 25.3539 27.5833 7.78313 55.6682
117.799 25.3152 27.6113 7.77791 55.6401
117.899 25.2764 27.6393 7.77268 55.6121
117.999 25.2376 27.6673 7.76741 55.5842
118.099 25.1988 27.6953 7.76211 55.5562
118.199 25.1599 27.7232 7.75679 55.5283
118.299 25.1211 27.7511 7.75144 55.5004
118.399 25.0823 27.7789 7.74606 55.4726
118.499 25.0434 27.8068 7.74066 55.4447
118.599 25.0045 27.8346 7.73522 55.4169
118.699 24.9657 27.8624 7.72976 55.3891
118.799 24.9268 27.8901 7.72427 55.3613
118.899 24.8879 27.9179 7.71876 55.3336
118.999 24.849 27.9456 7.71321 55.3059
119.099 24.8101 27.9733 7.70764 55.2782
119.199 24.7711 28.0009 7.70204 55.2506
119.299 24.7322 28.0285 7.69641 55.2229
119.399 24.6932 28.0561 7.69076 55.1953
119.499 24.6543 28.0837 7.68507 55.1678
119.599 24.6153 28.1113 7.67936 55.1402
119.699 24.5763 28.1388 7.67362 55.1127
119.799 24.5373 28.1663 7.66786 55.0852
119.899 24.4983 28.1937 7.66206 55.0578
119.999 24.4593 28.2212 7.65624 55.0303
120.099 24.4203 28.2486 7.65039 55.0029
120.199 24.3813 28.276 7.64451 54.9755
120.299 24.3422 28.3033 7.63861 54.9482
120.399 24.3032 28.3306 7.63267 54.9209
120.499 24.2641 28.3579 7.62671 54.8936
120.599 24.225 28.3852 7.62072 54.8663
120.699 24.186 28.4124 7.61471 54.839
120.799 24.1469 28.4396 7.60866 54.8118
120.899 24.1078 28.4668 7.60259 54.7846
120.999 24.0687 28.494 7.59649 54.7575
121.099 24.0295 28.5211 7.59036 54.7304
121.199 23.9904 28.5482 7.58421 54.7033
121.299 23.9513 28.5753 7.57803 54.6762
121.399 23.9121 28.6023 7.57182 54.6492
121.499 23.8729 28.6293 7.56558 54.6221
121.599 23.8338 28.6563 7.55931 54.5952
121.699 23.7946 28.6833 7.55302 54.5682
121.799 23.7554 28.7102 7.5467 54.5413
121.899 23.7162 28.7371 7.54035 54.5144
121.999 23.677 28.764 7.53397 54.4875
122.099 23.6378 28.7908 7.52756 54.4607
122.199 23.5985 28.8176 7.52113 54.4339
122.299 23.5593 28.8444 7.51467 54.4071
122.399 23.5201 28.8711 7.50818 54.3803
122.499 23.4808 28.8979 7.50167 54.3536
122.599 23.4415 28.9246 7.49512 54.3269
122.699 23.4023 28.9512 7.48855 54.3003
122.799 23.363 28.9779 7.48195 54.2736
122.899 23.3237 29.0045 7.47533 54.247
122.999 23.2844 29.031 7.46867 54.2205
123.099 23.2451 29.0576 7.46199 54.1939
123.199 23.2057 29.0841 7.45528 54.1674
123.299 23.1664 29.1106 7.44854 54.1409
123.399 23.1271 29.137 7.44178 54.1145
123.499 23.0877 29.1634 7.43499 54.0881
123.599 23.0483 29.1898 7.42817 54.0617
123.699 23.009 29.2162 7.42132 54.0353
123.799 22.9696 29.2425 7.41444 54.009
123.899 22.9302 29.2688 7.40754 53.9827
123.999 22.8908 29.2951 7.40061 53.9564
124.099 22.8514 29.3213 7.39365 53.9302
124.199 22.812 29.3475 7.38666 53.904
124.299 22.7726 29.3737 7.37965 53.8778
124.399 22.7331 29.3998 7.37261 53.8517
124.499 22.6937 29.4259 7.36554 53.8255
124.599 22.6543 29.452 7.35844 53.7995
124.699 22.6148 29.4781 7.35132 53.7734
124.799 22.5753 29.5041 7.34416 53.7474
124.899 22.5358 29.5301 7.33698 53.7214
124.999 22.4964 29.556 7.32978 53.6955
125.099 22.4569 29.5819 7.32254 53.6695
125.199 22.4174 29.6078 7.31528 53.6437
125.299 22.3779 29.6337 7.30799 53.6178
125.399 22.3383 29.6595 7.30067 53.592
125.499 22.2988 29.6853 7.29333 53.5662
125.599 22.2593 29.7111 7.28595 53.5404
125.699 22.2197 29.7368 7.27855 53.5147
125.799 22.1802 29.7625 7.27113 53.489
125.899 22.1406 29.7882 7.26367 53.4633
125.999 22.101 29.8138 7.25619 53.4377
126.099 22.0615 29.8394 7.24868 53.4121
126.199 22.0219 29.865 7.24114 53.3865
126.299 21.9823 29.8905 7.23357 53.361
126.399 21.9427 29.916 7.22598 53.3355
126.499 21.903 29.9415 7.21836 53.31
126.599 21.8634 29.9669 7.21071 53.2846
126.699 21.8238 29.9923 7.20304 53.2592
126.799 21.7842 30.0177 7.19534 53.2338
126.899 21.7445 30.043 7.18761 53.2085
126.999 21.7049 30.0683 7.17985 53.1831
127.099 21.6652 30.0936 7.17206 53.1579
127.199 21.6255 30.1188 7.16425 53.1326
127.299 21.5858 30.144 7.15641 53.1074
127.399 21.5461 30.1692 7.14854 53.0823
127.499 21.5064 30.1944 7.14065 53.0571
127.599 21.4667 30.2195 7.13273 53.032
127.699 21.427 30.2445 7.12478 53.0069
127.799 21.3873 30.2696 7.1168 52.9819
127.899 21.3476 30.2946 7.1088 52.9569
127.999 21.3078 30.3195 7.10077 52.9319
128.099 21.2681 30.3445 7.09271 52.907
128.199 21.2283 30.3694 7.08462 52.8821
128.299 21.1886 30.3942 7.07651 52.8572
128.399 21.1488 30.4191 7.06837 52.8324
128.499 21.109 30.4439 7.0602 52.8076
128.599 21.0692 30.4686 7.052 52.7828
128.699 21.0294 30.4934 7.04378 52.7581
128.799 20.9896 30.5181 7.03553 52.7334
128.899 20.9498 30.5427 7.02725 52.7087
128.999 20.91 30.5674 7.01895 52.6841
129.099 20.8702 30.592 7.01062 52.6595
129.199 20.8304 30.6165 7.00226 52.635
129.299 20.7905 30.641 6.99387 52.6104
129.399 20.7507 30.6655 6.98546 52.586
129.499 20.7108 30.69 6.97702 52.5615
129.599 20.6709 30.7144 6.96855 52.5371
129.699 20.6311 30.7388 6.96006 52.5127
129.799 20.5912 30.7631 6.95154 52.4884
129.899 20.5513 30.7874 6.94299 52.464
129.999 20.5114 30.8117 6.93441 52.4398
130.099 20.4715 30.836 6.92581 52.4155
130.199 20.4316 30.8602 6.91718 52.3913
130.299 20.3917 30.8843 6.90852 52.3672
130.399 20.3517 30.9085 6.89984 52.343
130.499 20.3118 30.9326 6.89113 52.3189
130.599 20.2719 30.9566 6.88239 52.2949
130.699 20.2319 30.9806 6.87363 52.2708
130.799 20.192 31.0046 6.86483 52.2468
130.899 20.152 31.0286 6.85602 52.2229
130.999 20.112 31.0525 6.84717 52.199
131.099 20.0721 31.0764 6.8383 52.1751
131.199 20.0321 31.1002 6.8294 52.1512
131.299 19.9921 31.124 6.82047 52.1274
131.399 19.9521 31.1478 6.81152 52.1037
131.499 19.9121 31.1716 6.80254 52.0799
131.599 19.8721 31.1952 6.79353 52.0562
131.699 19.8321 31.2189 6.7845 52.0326
131.799 19.792 31.2425 6.77544 52.0089
131.899 19.752 31.2661 6.76635 51.9854
131.999 19.712 31.2897 6.75724 51.9618
132.099 19.6719 31.3132 6.7481 51.9383
132.199 19.6319 31.3367 6.73893 51.9148
132.299 19.5918 31.3601 6.72974 51.8914
132.399 19.5517 31.3835 6.72051 51.868
132.499 19.5116 31.4069 6.71127 51.8446
132.599 19.4716 31.4302 6.70199 51.8213
132.699 19.4315 31.4535 6.69269 51.798
132.799 19.3914 31.4768 6.68337 51.7747
132.899 19.3513 31.5 6.67401 51.7515
132.999 19.3112 31.5231 6.66463 51.7283
133.099 19.271 31.5463 6.65522 51.7052
133.199 19.2309 31.5694 6.64579 51.6821
133.299 19.1908 31.5925 6.63633 51.659
133.399 19.1506 31.6155 6.62685 51.636
133.499 19.1105 31.6385 6.61733 51.613
133.599 19.0704 31.6614 6.60779 51.5901
133.699 19.0302 31.6843 6.59823 51.5671
133.799 18.99 31.7072 6.58864 51.5443
133.899 18.9499 31.7301 6.57902 51.5214
133.999 18.9097 31.7528 6.56937 51.4986
134.099 18.8695 31.7756 6.5597 51.4759
134.199 18.8293 31.7983 6.55 51.4531
134.299 18.7891 31.821 6.54028 51.4305
134.399 18.7489 31.8437 6.53053 51.4078
134.499 18.7087 31.8663 6.52075 51.3852
134.599 18.6685 31.8888 6.51095 51.3626
134.699 18.6282 31.9114 6.50112 51.3401
134.799 18.588 31.9338 6.49127 51.3176
134.899 18.5478 31.9563 6.48139 51.2952
134.999 18.5075 31.9787 6.47148 51.2728
135.099 18.4673 32.0011 6.46154 51.2504
135.199 18.427 32.0234 6.45158 51.2281
135.299 18.3868 32.0457 6.4416 51.2058
135.399 18.3465 32.068 6.43159 51.1835
135.499 18.3062 32.0902 6.42155 51.1613
135.599 18.2659 32.1124 6.41149 51.1391
135.699 18.2257 32.1345 6.4014 51.117
135.799 18.1854 32.1566 6.39128 51.0949
135.899 18.1451 32.1786 6.38114 51.0728
135.999 18.1048 32.2007 6.37097 51.0508
136.099 18.0644 32.2226 6.36078 51.0288
136.199 18.0241 32.2446 6.35056 51.0069
136.299 17.9838 32.2665 6.34031 50.985
136.399 17.9435 32.2883 6.33004 50.9631
136.499 17.9031 32.3102 6.31975 50.9413
136.599 17.8628 32.3319 6.30942 50.9195
136.699 17.8224 32.3537 6.29908 50.8978
136.799 17.7821 32.3754 6.2887 50.8761
136.899 17.7417 32.397 6.2783 50.8545
136.999 17.7013 32.4186 6.26788 50.8328
137.099 17.661 32.4402 6.25743 50.8113
137.199 17.6206 32.4618 6.24695 50.7897
137.299 17.5802 32.4833 6.23645 50.7682
137.399 17.5398 32.5047 6.22592 50.7468
137.499 17.4994 32.5261 6.21537 50.7254
137.599 17.459 32.5475 6.20479 50.704
137.699 17.4186 32.5688 6.19418 50.6827
137.799 17.3782 32.5901 6.18355 50.6614
137.899 17.3378 32.6114 6.1729 50.6401
137.999 17.2973 32.6326 6.16222 50.6189
138.099 17.2569 32.6537 6.15151 50.5977
138.199 17.2165 32.6749 6.14078 50.5766
138.299 17.176 32.696 6.13002 50.5555
138.399 17.1356 32.717 6.11924 50.5345
138.499 17.0951 32.738 6.10844 50.5135
138.599 17.0547 32.759 6.0976 50.4925
138.699 17.0142 32.7799 6.08675 50.4716
138.799 16.9737 32.8008 6.07586 50.4507
138.899 16.9332 32.8216 6.06496 50.4299
138.999 16.8928 32.8424 6.05402 50.4091
139.099 16.8523 32.8632 6.04306 50.3883
139.199 16.8118 32.8839 6.03208 50.3676
139.299 16.7713 32.9045 6.02107 50.3469
139.399 16.7308 32.9252 6.01004 50.3263
139.499 16.6902 32.9458 5.99898 50.3057
139.599 16.6497 32.9663 5.9879 50.2852
139.699 16.6092 32.9868 5.97679 50.2647
139.799 16.5687 33.0073 5.96566 50.2442
139.899 16.5281 33.0277 5.9545 50.2238
139.999 16.4876 33.0481 5.94332 50.2034
140.099 16.4471 33.0684 5.93211 50.1831
140.199 16.4065 33.0887 5.92088 50.1628
140.299 16.3659 33.1089 5.90962 50.1425
140.399 16.3254 33.1291 5.89834 50.1223
140.499 16.2848 33.1493 5.88704 50.1022
140.599 16.2442 33.1694 5.87571 50.0821
140.699 16.2037 33.1895 5.86435 50.062
140.799 16.1631 33.2095 5.85297 50.0419
140.899 16.1225 33.2295 5.84157 50.0219
140.999 16.0819 33.2495 5.83014 50.002
141.099 16.0413 33.2694 5.81869 49.9821
141.199 16.0007 33.2893 5.80721 49.9622
141.299 15.9601 33.3091 5.79571 49.9424
141.399 15.9195 33.3289 5.78418 49.9226
141.499 15.8789 33.3486 5.77263 49.9029
141.599 15.8382 33.3683 5.76106 49.8832
141.699 15.7976 33.3879 5.74946 49.8635
141.799 15.757 33.4075 5.73783 49.8439
141.899 15.7163 33.4271 5.72619 49.8244
141.999 15.6757 33.4466 5.71451 49.8049
142.099 15.635 33.4661 5.70282 49.7854
142.199 15.5944 33.4855 5.6911 49.766
142.299 15.5537 33.5049 5.67936 49.7466
142.399 15.513 33.5243 5.66759 49.7272
142.499 15.4724 33.5436 5.6558 49.7079
142.6 15.4317 33.5628 5.64398 49.6887
142.7 15.391 33.582 5.63214 49.6695
142.8 15.3503 33.6012 5.62028 49.6503
142.9 15.3096 33.6203 5.60839 49.6312
143 15.269 33.6394 5.59648 49.6121
143.1 15.2283 33.6584 5.58454 49.5931
143.2 15.1875 33.6774 5.57259 49.5741
143.3 15.1468 33.6964 5.5606 49.5551
143.4 15.1061 33.7153 5.5486 49.5362
143.5 15.0654 33.7341 5.53657 49.5174
143.6 15.0247 33.7529 5.52451 49.4985
143.7 14.9839 33.7717 5.51244 49.4798
143.8 14.9432 33.7904 5.50034 49.461
143.9 14.9025 33.8091 5.48821 49.4424
144 14.8617 33.8277 5.47607 49.4237
144.1 14.821 33.8463 5.4639 49.4051
144.2 14.7802 33.8649 5.4517 49.3866
144.3 14.7395 33.8834 5.43949 49.3681
144.4 14.6987 33.9018 5.42725 49.3496
144.5 14.6579 33.9203 5.41498 49.3312
144.6 14.6172 33.9386 5.4027 49.3129
144.7 14.5764 33.9569 5.39039 49.2945
144.8 14.5356 33.9752 5.37805 49.2763
144.9 14.4948 33.9934 5.3657 49.258
145 14.454 34.0116 5.35332 49.2398
145.1 14.4132 34.0298 5.34092 49.2217
145.2 14.3724 34.0479 5.32849 49.2036
145.3 14.3316 34.0659 5.31605 49.1856
145.4 14.2908 34.0839 5.30357 49.1676
145.5 14.25 34.1019 5.29108 49.1496
145.6 14.2092 34.1198 5.27856 49.1317
145.7 14.1684 34.1377 5.26603 49.1138
145.8 14.1275 34.1555 5.25346 49.096
145.9 14.0867 34.1733 5.24088 49.0782
146 14.0459 34.191 5.22827 49.0605
146.1 14.005 34.2087 5.21564 49.0428
146.2 13.9642 34.2263 5.20299 49.0252
146.3 13.9233 34.2439 5.19032 49.0076
146.4 13.8825 34.2615 5.17762 48.99
146.5 13.8416 34.279 5.1649 48.9725
146.6 13.8008 34.2964 5.15216 48.9551
146.7 13.7599 34.3138 5.1394 48.9377
146.8 13.719 34.3312 5.12661 48.9203
146.9 13.6782 34.3485 5.1138 48.903
147 13.6373 34.3658 5.10097 48.8857
147.1 13.5964 34.383 5.08812 48.8685
147.2 13.5555 34.4002 5.07524 48.8513
147.3 13.5146 34.4173 5.06235 48.8342
147.4 13.4737 34.4344 5.04943 48.8171
147.5 13.4328 34.4514 5.03649 48.8001
147.6 13.3919 34.4684 5.02352 48.7831
147.7 13.351 34.4854 5.01054 48.7661
147.8 13.3101 34.5023 4.99753 48.7492
147.9 13.2692 34.5191 4.9845 48.7324
148 13.2283 34.5359 4.97145 48.7156
148.1 13.1873 34.5527 4.95838 48.6988
148.2 13.1464 34.5694 4.94529 48.6821
148.3 13.1055 34.586 4.93217 48.6654
148.4 13.0645 34.6027 4.91904 48.6488
148.5 13.0236 34.6192 4.90588 48.6323
148.6 12.9827 34.6358 4.8927 48.6157
148.7 12.9417 34.6522 4.8795 48.5993
148.8 12.9007 34.6687 4.86628 48.5828
148.9 12.8598 34.685 4.85303 48.5664
149 12.8188 34.7014 4.83977 48.5501
149.1 12.7779 34.7177 4.82648 48.5338
149.2 12.7369 34.7339 4.81317 48.5176
149.3 12.6959 34.7501 4.79985 48.5014
149.4 12.6549 34.7662 4.7865 48.4853
149.5 12.614 34.7823 4.77313 48.4692
149.6 12.573 34.7984 4.75973 48.4531
149.7 12.532 34.8144 4.74632 48.4371
149.8 12.491 34.8303 4.73289 48.4212
149.9 12.45 34.8462 4.71943 48.4053
150 12.409 34.8621 4.70596 48.3894
150.1 12.368 34.8779 4.69246 48.3736
150.2 12.327 34.8937 4.67895 48.3578
150.3 12.286 34.9094 4.66541 48.3421
150.4 12.245 34.925 4.65185 48.3264
150.5 12.204 34.9407 4.63827 48.3108
150.6 12.1629 34.9562 4.62467 48.2953
150.7 12.1219 34.9717 4.61106 48.2797
150.8 12.0809 34.9872 4.59742 48.2643
150.9 12.0398 35.0026 4.58376 48.2488
151 11.9988 35.018 4.57008 48.2335
151.1 11.9578 35.0333 4.55638 48.2181
151.2 11.9167 35.0486 4.54265 48.2029
151.3 11.8757 35.0639 4.52891 48.1876
151.4 11.8346 35.079 4.51515 48.1724
151.5 11.7936 35.0942 4.50137 48.1573
151.6 11.7525 35.1093 4.48757 48.1422
151.7 11.7114 35.1243 4.47375 48.1272
151.8 11.6704 35.1393 4.45991 48.1122
151.9 11.6293 35.1542 4.44605 48.0973
152 11.5882 35.1691 4.43217 48.0824
152.1 11.5472 35.184 4.41827 48.0675
152.2 11.5061 35.1988 4.40435 48.0527
152.3 11.465 35.2135 4.39041 48.038
152.4 11.4239 35.2282 4.37645 48.0233
152.5 11.3828 35.2428 4.36247 48.0086
152.6 11.3417 35.2574 4.34847 47.994
152.7 11.3006 35.272 4.33446 47.9795
152.8 11.2595 35.2865 4.32042 47.965
152.9 11.2184 35.3009 4.30636 47.9506
153 11.1773 35.3153 4.29229 47.9361
153.1 11.1362 35.3297 4.27819 47.9218
153.2 11.0951 35.344 4.26408 47.9075
153.3 11.054 35.3582 4.24995 47.8932
153.4 11.0129 35.3724 4.2358 47.879
153.5 10.9717 35.3866 4.22163 47.8649
153.6 10.9306 35.4007 4.20744 47.8508
153.7 10.8895 35.4148 4.19323 47.8367
153.8 10.8484 35.4288 4.179 47.8227
153.9 10.8072 35.4427 4.16475 47.8088
154 10.7661 35.4566 4.15049 47.7949
154.1 10.7249 35.4705 4.13621 47.781
154.2 10.6838 35.4843 4.1219 47.7672
154.3 10.6426 35.498 4.10758 47.7534
154.4 10.6015 35.5118 4.09324 47.7397
154.5 10.5603 35.5254 4.07889 47.7261
154.6 10.5192 35.539 4.06451 47.7125
154.7 10.478 35.5526 4.05012 47.6989
154.8 10.4368 35.5661 4.0357 47.6854
154.9 10.3957 35.5795 4.02127 47.6719
155 10.3545 35.5929 4.00683 47.6585
155.1 10.3133 35.6063 3.99236 47.6452
155.2 10.2722 35.6196 3.97787 47.6319
155.3 10.231 35.6329 3.96337 47.6186
155.4 10.1898 35.6461 3.94885 47.6054
155.5 10.1486 35.6592 3.93431 47.5922
155.6 10.1074 35.6723 3.91976 47.5791
155.7 10.0662 35.6854 3.90518 47.5661
155.8 10.025 35.6984 3.89059 47.5531
155.9 9.98383 35.7114 3.87598 47.5401
156 9.94263 35.7243 3.86135 47.5272
156.1 9.90143 35.7371 3.84671 47.5144
156.2 9.86022 35.7499 3.83205 47.5016
156.3 9.81901 35.7627 3.81737 47.4888
156.4 9.7778 35.7754 3.80267 47.4761
156.5 9.73658 35.788 3.78796 47.4635
156.6 9.69536 35.8006 3.77323 47.4508
156.7 9.65414 35.8132 3.75848 47.4383
156.8 9.61292 35.8257 3.74372 47.4258
156.9 9.57169 35.8381 3.72893 47.4133
157 9.53046 35.8505 3.71413 47.401
157.1 9.48923 35.8629 3.69932 47.3886
157.2 9.44799 35.8752 3.68449 47.3763
157.3 9.40676 35.8874 3.66964 47.3641
157.4 9.36551 35.8996 3.65477 47.3519
157.5 9.32427 35.9118 3.63989 47.3397
157.6 9.28302 35.9239 3.62499 47.3276
157.7 9.24178 35.9359 3.61007 47.3156
157.8 9.20052 35.9479 3.59514 47.3036
157.9 9.15927 35.9598 3.58019 47.2917
158 9.11801 35.9717 3.56522 47.2798
158.1 9.07675 35.9835 3.55024 47.2679
158.2 9.03549 35.9953 3.53524 47.2562
158.3 8.99423 36.0071 3.52023 47.2444
158.4 8.95296 36.0187 3.5052 47.2327
158.5 8.91169 36.0304 3.49015 47.2211
158.6 8.87042 36.042 3.47509 47.2095
158.7 8.82914 36.0535 3.46001 47.198
158.8 8.78786 36.065 3.44492 47.1865
158.9 8.74658 36.0764 3.42981 47.1751
159.001 8.7053 36.0878 3.41469 47.1637
159.101 8.66402 36.0991 3.39954 47.1524
159.201 8.62273 36.1104 3.38439 47.1411
159.301 8.58144 36.1216 3.36922 47.1299
159.401 8.54014 36.1327 3.35403 47.1187
159.501 8.49885 36.1439 3.33883 47.1076
159.601 8.45755 36.1549 3.32361 47.0966
159.701 8.41625 36.1659 3.30837 47.0855
159.801 8.37495 36.1769 3.29313 47.0746
159.901 8.33364 36.1878 3.27786 47.0637
160.001 8.29234 36.1987 3.26258 47.0528
160.101 8.25103 36.2095 3.24729 47.042
160.201 8.20971 36.2202 3.23198 47.0313
160.301 8.1684 36.2309 3.21666 47.0206
160.401 8.12708 36.2416 3.20132 47.0099
160.501 8.08576 36.2522 3.18596 46.9993
160.601 8.04444 36.2627 3.1706 46.9888
160.701 8.00312 36.2732 3.15521 46.9783
160.801 7.96179 36.2836 3.13982 46.9678
160.901 7.92046 36.294 3.1244 46.9575
161.001 7.87913 36.3044 3.10898 46.9471
161.101 7.8378 36.3146 3.09354 46.9368
161.201 7.79646 36.3249 3.07808 46.9266
161.301 7.75513 36.335 3.06261 46.9164
161.401 7.71379 36.3452 3.04713 46.9063
161.501 7.67244 36.3552 3.03163 46.8962
161.601 7.6311 36.3653 3.01612 46.8862
161.701 7.58975 36.3752 3.0006 46.8762
161.801 7.54841 36.3852 2.98506 46.8663
161.901 7.50705 36.395 2.96951 46.8565
162.001 7.4657 36.4048 2.95394 46.8466
162.101 7.42435 36.4146 2.93836 46.8369
162.201 7.38299 36.4243 2.92277 46.8272
162.301 7.34163 36.4339 2.90716 46.8175
162.401 7.30027 36.4436 2.89154 46.8079
162.501 7.25891 36.4531 2.8759 46.7984
162.601 7.21754 36.4626 2.86026 46.7889
162.701 7.17617 36.472 2.84459 46.7794
162.801 7.1348 36.4814 2.82892 46.7701
162.901 7.09343 36.4908 2.81323 46.7607
163.001 7.05206 36.5 2.79753 46.7514
163.101 7.01068 36.5093 2.78182 46.7422
163.201 6.9693 36.5185 2.76609 46.733
163.301 6.92793 36.5276 2.75035 46.7239
163.401 6.88654 36.5367 2.7346 46.7148
163.501 6.84516 36.5457 2.71884 46.7058
163.601 6.80377 36.5546 2.70306 46.6968
163.701 6.76239 36.5636 2.68727 46.6879
163.801 6.721 36.5724 2.67147 46.6791
163.901 6.67961 36.5812 2.65565 46.6703
164.001 6.63821 36.59 2.63983 46.6615
164.101 6.59682 36.5987 2.62399 46.6528
164.201 6.55542 36.6073 2.60813 46.6442
164.301 6.51402 36.6159 2.59227 46.6356
164.401 6.47262 36.6245 2.57639 46.627
164.501 6.43122 36.633 2.56051 46.6185
164.601 6.38982 36.6414 2.54461 46.6101
164.701 6.34841 36.6498 2.5287 46.6017
164.801 6.307 36.6581 2.51277 46.5934
164.901 6.26559 36.6664 2.49684 46.5851
165.001 6.22418 36.6746 2.48089 46.5769
165.101 6.18277 36.6828 2.46493 46.5687
165.201 6.14135 36.6909 2.44896 46.5606
165.301 6.09994 36.6989 2.43298 46.5525
165.401 6.05852 36.707 2.41699 46.5445
165.501 6.0171 36.7149 2.40098 46.5366
165.601 5.97568 36.7228 2.38497 46.5287
165.701 5.93425 36.7307 2.36894 46.5208
165.801 5.89283 36.7385 2.3529 46.513
165.901 5.8514 36.7462 2.33685 46.5053
166.001 5.80997 36.7539 2.32079 46.4976
166.101 5.76854 36.7615 2.30472 46.49
166.201 5.72711 36.7691 2.28864 46.4824
166.301 5.68568 36.7766 2.27255 46.4749
166.401 5.64424 36.7841 2.25645 46.4674
166.501 5.6028 36.7915 2.24033 46.46
166.601 5.56137 36.7989 2.22421 46.4526
166.701 5.51993 36.8062 2.20808 46.4453
166.801 5.47849 36.8134 2.19193 46.438
166.901 5.43704 36.8206 2.17578 46.4308
167.001 5.3956 36.8278 2.15961 46.4237
167.101 5.35415 36.8349 2.14344 46.4166
167.201 5.31271 36.8419 2.12725 46.4095
167.301 5.27126 36.8489 2.11106 46.4026
167.401 5.22981 36.8559 2.09485 46.3956
167.501 5.18835 36.8627 2.07863 46.3887
167.601 5.1469 36.8696 2.06241 46.3819
167.701 5.10545 36.8763 2.04618 46.3751
167.801 5.06399 36.8831 2.02993 46.3684
167.901 5.02253 36.8897 2.01368 46.3618
168.001 4.98107 36.8963 1.99741 46.3552
168.101 4.93961 36.9029 1.98114 46.3486
168.201 4.89815 36.9094 1.96486 46.3421
168.301 4.85669 36.9158 1.94857 46.3356
168.401 4.81522 36.9222 1.93227 46.3292
168.501 4.77376 36.9286 1.91596 46.3229
168.601 4.73229 36.9349 1.89964 46.3166
168.701 4.69082 36.9411 1.88331 46.3104
168.801 4.64935 36.9473 1.86698 46.3042
168.901 4.60788 36.9534 1.85063 46.2981
169.001 4.56641 36.9595 1.83428 46.292
169.101 4.52494 36.9655 1.81792 46.286
169.201 4.48346 36.9714 1.80154 46.28
169.301 4.44198 36.9773 1.78516 46.2741
169.401 4.40051 36.9832 1.76878 46.2683
169.501 4.35903 36.989 1.75238 46.2625
169.601 4.31755 36.9947 1.73598 46.2568
169.701 4.27607 37.0004 1.71956 46.2511
169.801 4.23459 37.0061 1.70314 46.2454
169.901 4.1931 37.0116 1.68671 46.2398
170.001 4.15162 37.0172 1.67028 46.2343
170.101 4.11013 37.0226 1.65383 46.2289
170.201 4.06865 37.028 1.63738 46.2234
170.301 4.02716 37.0334 1.62092 46.2181
170.401 3.98567 37.0387 1.60445 46.2128
170.501 3.94418 37.044 1.58797 46.2075
170.601 3.90269 37.0492 1.57149 46.2023
170.701 3.86119 37.0543 1.555 46.1972
170.801 3.8197 37.0594 1.5385 46.1921
170.901 3.77821 37.0644 1.522 46.187
171.001 3.73671 37.0694 1.50548 46.1821
171.101 3.69521 37.0743 1.48897 46.1771
171.201 3.65372 37.0792 1.47244 46.1723
171.301 3.61222 37.084 1.45591 46.1675
171.401 3.57072 37.0888 1.43936 46.1627
171.501 3.52922 37.0935 1.42282 46.158
171.601 3.48771 37.0981 1.40626 46.1533
171.701 3.44621 37.1027 1.3897 46.1487
171.801 3.40471 37.1073 1.37314 46.1442
171.901 3.3632 37.1118 1.35656 46.1397
172.001 3.3217 37.1162 1.33998 46.1353
172.101 3.28019 37.1206 1.32339 46.1309
172.201 3.23868 37.1249 1.3068 46.1266
172.301 3.19718 37.1292 1.2902 46.1223
172.401 3.15567 37.1334 1.2736 46.1181
172.501 3.11416 37.1376 1.25699 46.1139
172.601 3.07265 37.1417 1.24037 46.1098
172.701 3.03113 37.1457 1.22375 46.1058
172.801 2.98962 37.1497 1.20712 46.1018
172.901 2.94811 37.1537 1.19048 46.0978
173.001 2.90659 37.1575 1.17384 46.0939
173.101 2.86508 37.1614 1.1572 46.0901
173.201 2.82356 37.1651 1.14055 46.0863
173.301 2.78205 37.1689 1.12389 46.0826
173.401 2.74053 37.1725 1.10723 46.0789
173.501 2.69901 37.1761 1.09056 46.0753
173.601 2.65749 37.1797 1.07389 46.0718
173.701 2.61597 37.1832 1.05721 46.0683
173.801 2.57445 37.1866 1.04053 46.0648
173.901 2.53293 37.19 1.02384 46.0614
174.001 2.49141 37.1934 1.00715 46.0581
174.101 2.44989 37.1967 0.99045 46.0548
174.201 2.40836 37.1999 0.973748 46.0516
174.301 2.36684 37.2031 0.957041 46.0484
174.401 2.32532 37.2062 0.94033 46.0453
174.501 2.28379 37.2092 0.923615 46.0422
174.601 2.24227 37.2122 0.906895 46.0392
174.701 2.20074 37.2152 0.89017 46.0363
174.801 2.15921 37.2181 0.873442 46.0334
174.901 2.11768 37.2209 0.856709 46.0305
175.001 2.07616 37.2237 0.839972 46.0278
175.101 2.03463 37.2265 0.823232 46.025
175.201 1.9931 37.2291 0.806487 46.0224
175.301 1.95157 37.2317 0.789739 46.0197
175.402 1.91004 37.2343 0.772986 46.0172
175.502 1.86851 37.2368 0.75623 46.0147
175.602 1.82698 37.2393 0.739471 46.0122
175.702 1.78544 37.2417 0.722708 46.0098
175.802 1.74391 37.244 0.705941 46.0075
175.902 1.70238 37.2463 0.689171 46.0052
176.002 1.66085 37.2486 0.672398 46.0029
176.102 1.61931 37.2507 0.655622 46.0007
176.202 1.57778 37.2529 0.638842 45.9986
176.302 1.53624 37.2549 0.62206 45.9965
176.402 1.49471 37.2569 0.605275 45.9945
176.502 1.45317 37.2589 0.588486 45.9926
176.602 1.41164 37.2608 0.571695 45.9907
176.702 1.3701 37.2627 0.554901 45.9888
176.802 1.32856 37.2645 0.538105 45.987
176.902 1.28703 37.2662 0.521306 45.9853
177.002 1.24549 37.2679 0.504504 45.9836
177.102 1.20395 37.2695 0.4877 45.982
177.202 1.16241 37.2711 0.470894 45.9804
177.302 1.12087 37.2726 0.454085 45.9789
177.402 1.07934 37.2741 0.437275 45.9774
177.502 1.0378 37.2755 0.420462 45.976
177.602 0.996258 37.2768 0.403647 45.9747
177.702 0.954718 37.2781 0.38683 45.9734
177.802 0.913178 37.2794 0.370012 45.9721
177.902 0.871638 37.2806 0.353191 45.9709
178.002 0.830098 37.2817 0.336369 45.9698
178.102 0.788557 37.2828 0.319546 45.9687
178.202 0.747017 37.2838 0.302721 45.9677
178.302 0.705476 37.2847 0.285894 45.9667
178.402 0.663935 37.2857 0.269066 45.9658
178.502 0.622393 37.2865 0.252237 45.965
178.602 0.580852 37.2873 0.235407 45.9642
178.702 0.53931 37.2881 0.218575 45.9634
178.802 0.497768 37.2887 0.201742 45.9627
178.902 0.456226 37.2894 0.184909 45.9621
179.002 0.414684 37.29 0.168074 45.9615
179.102 0.373142 37.2905 0.151239 45.961
179.202 0.331599 37.291 0.134403 45.9605
179.302 0.290057 37.2914 0.117567 45.9601
179.402 0.248515 37.2917 0.10073 45.9598
179.502 0.206972 37.292 0.083892 45.9594
179.602 0.165429 37.2923 0.0670539 45.9592
179.702 0.123887 37.2925 0.0502156 45.959
179.802 0.0823439 37.2926 0.033377 45.9589
179.902 0.0408012 37.2927 0.0165383 45.9588
