0 1.71394e-14 1.06502 0 82.0155
0.1 0.244264 1.06505 0.0124531 82.0154
0.2 0.488512 1.06513 0.0249061 82.0153
0.3 0.73273 1.06527 0.0373591 82.0152
0.4 0.976903 1.06546 0.049812 82.015
0.5 1.22102 1.06571 0.0622649 82.0148
0.6 1.46505 1.06601 0.0747176 82.0145
0.7 1.709 1.06636 0.0871701 82.0141
0.8 1.95284 1.06677 0.0996225 82.0137
0.9 2.19656 1.06724 0.112075 82.0132
1 2.44015 1.06776 0.124527 82.0127
1.1 2.68358 1.06833 0.136978 82.0121
1.2 2.92685 1.06896 0.14943 82.0115
1.3 3.16994 1.06964 0.161881 82.0108
1.4 3.41284 1.07038 0.174332 82.0101
1.5 3.65552 1.07117 0.186782 82.0093
1.6 3.89798 1.07202 0.199232 82.0085
1.7 4.14021 1.07292 0.211682 82.0076
1.8 4.38218 1.07388 0.224131 82.0066
1.9 4.62388 1.07489 0.23658 82.0056
2 4.8653 1.07595 0.249028 82.0045
2.1 5.10642 1.07707 0.261476 82.0034
2.2 5.34724 1.07825 0.273924 82.0022
2.3 5.58772 1.07948 0.28637 82.001
2.4 5.82788 1.08076 0.298817 81.9997
2.5 6.06768 1.0821 0.311262 81.9984
2.6 6.30711 1.08349 0.323707 81.997
2.7 6.54616 1.08494 0.336151 81.9955
2.8 6.78482 1.08645 0.348595 81.994
2.9 7.02308 1.088 0.361038 81.9925
3 7.26091 1.08961 0.37348 81.9909
3.1 7.49831 1.09128 0.385922 81.9892
3.2 7.73527 1.093 0.398363 81.9875
3.3 7.97177 1.09478 0.410803 81.9857
3.4 8.20779 1.09661 0.423242 81.9839
3.5 8.44333 1.09849 0.43568 81.982
3.6 8.67837 1.10043 0.448117 81.9801
3.7 8.91291 1.10242 0.460554 81.9781
3.8 9.14692 1.10447 0.472989 81.976
3.9 9.3804 1.10657 0.485424 81.9739
4 9.61334 1.10873 0.497858 81.9718
4.1 9.84571 1.11094 0.51029 81.9695
4.2 10.0775 1.11321 0.522722 81.9673
4.3 10.3087 1.11553 0.535153 81.965
4.4 10.5394 1.1179 0.547582 81.9626
4.5 10.7694 1.12033 0.560011 81.9601
4.6 10.9988 1.12282 0.572438 81.9577
4.7 11.2276 1.12536 0.584864 81.9551
4.8 11.4558 1.12795 0.597289 81.9525
4.9 11.6833 1.1306 0.609713 81.9499
5 11.9102 1.1333 0.622136 81.9472
5.1 12.1363 1.13606 0.634557 81.9444
5.2 12.3619 1.13887 0.646977 81.9416
5.3 12.5867 1.14173 0.659396 81.9387
5.4 12.8108 1.14465 0.671814 81.9358
5.5 13.0342 1.14763 0.68423 81.9329
5.6 13.257 1.15065 0.696645 81.9298
5.7 13.4789 1.15374 0.709058 81.9267
5.8 13.7002 1.15688 0.72147 81.9236
5.9 13.9207 1.16007 0.73388 81.9204
6 14.1405 1.16331 0.746289 81.9172
6.1 14.3595 1.16661 0.758697 81.9139
6.2 14.5777 1.16997 0.771103 81.9105
6.3 14.7952 1.17338 0.783508 81.9071
6.4 15.0119 1.17684 0.795911 81.9036
6.5 15.2277 1.18036 0.808312 81.9001
6.6 15.4428 1.18393 0.820712 81.8966
6.7 15.6571 1.18756 0.83311 81.8929
6.8 15.8706 1.19124 0.845506 81.8892
6.9 16.0832 1.19497 0.857901 81.8855
7 16.2951 1.19876 0.870294 81.8817
7.1 16.5061 1.20261 0.882685 81.8779
7.2 16.7162 1.2065 0.895075 81.874
7.3 16.9255 1.21045 0.907463 81.87
7.4 17.134 1.21446 0.919849 81.866
7.5 17.3416 1.21852 0.932233 81.862
7.6 17.5483 1.22264 0.944615 81.8578
7.7 17.7542 1.2268 0.956995 81.8537
7.79999 17.9592 1.23103 0.969374 81.8495
7.89999 18.1633 1.2353 0.98175 81.8452
7.99999 18.3665 1.23964 0.994125 81.8408
8.09999 18.5689 1.24402 1.0065 81.8365
8.2 18.7703 1.24846 1.01887 81.832
8.3 18.9709 1.25295 1.03124 81.8275
8.4 19.1705 1.2575 1.0436 81.823
8.5 19.3692 1.2621 1.05597 81.8184
8.6 19.5671 1.26676 1.06833 81.8137
8.7 19.764 1.27147 1.08069 81.809
8.8 19.96 1.27623 1.09305 81.8042
8.9 20.155 1.28105 1.1054 81.7994
9 20.3492 1.28592 1.11776 81.7946
9.1 20.5424 1.29085 1.13011 81.7896
9.2 20.7347 1.29583 1.14246 81.7847
9.3 20.926 1.30086 1.1548 81.7796
9.4 21.1164 1.30595 1.16715 81.7745
9.5 21.3059 1.31109 1.17949 81.7694
9.6 21.4944 1.31628 1.19183 81.7642
9.7 21.682 1.32153 1.20417 81.7589
9.8 21.8687 1.32684 1.2165 81.7536
9.9 22.0543 1.33219 1.22883 81.7483
10 22.2391 1.3376 1.24117 81.7429
10.1 22.4228 1.34307 1.25349 81.7374
10.2 22.6057 1.34859 1.26582 81.7319
10.3 22.7875 1.35416 1.27814 81.7263
10.4 22.9684 1.35979 1.29046 81.7207
10.5 23.1484 1.36547 1.30278 81.715
10.6 23.3274 1.3712 1.31509 81.7093
10.7 23.5054 1.37699 1.3274 81.7035
10.8 23.6825 1.38283 1.33971 81.6977
10.9 23.8586 1.38872 1.35202 81.6918
11 24.0337 1.39467 1.36432 81.6858
11.1 24.2079 1.40067 1.37663 81.6798
11.2 24.3811 1.40673 1.38892 81.6738
11.3 24.5534 1.41284 1.40122 81.6676
11.4 24.7247 1.419 1.41351 81.6615
11.5 24.895 1.42522 1.4258 81.6553
11.6 25.0644 1.43149 1.43809 81.649
11.7 25.2328 1.43781 1.45037 81.6427
11.8 25.4002 1.44419 1.46266 81.6363
11.9 25.5667 1.45062 1.47493 81.6299
12 25.7322 1.4571 1.48721 81.6234
12.1 25.8967 1.46364 1.49948 81.6168
12.2 26.0603 1.47023 1.51175 81.6103
12.3 26.2229 1.47687 1.52402 81.6036
12.4 26.3846 1.48357 1.53628 81.5969
12.5 26.5453 1.49032 1.54854 81.5902
12.6 26.705 1.49713 1.5608 81.5834
12.7 26.8638 1.50399 1.57305 81.5765
12.8 27.0217 1.5109 1.5853 81.5696
12.9 27.1786 1.51786 1.59755 81.5626
13 27.3345 1.52488 1.6098 81.5556
13.1 27.4895 1.53195 1.62204 81.5485
13.2 27.6435 1.53907 1.63428 81.5414
13.3 27.7966 1.54625 1.64651 81.5342
13.4 27.9488 1.55348 1.65874 81.527
13.5 28.1 1.56077 1.67097 81.5197
13.6 28.2502 1.5681 1.6832 81.5124
13.7 28.3995 1.57549 1.69542 81.505
13.8 28.5479 1.58294 1.70763 81.4975
13.9 28.6954 1.59043 1.71985 81.49
14 28.8419 1.59798 1.73206 81.4825
14.1 28.9875 1.60558 1.74427 81.4749
14.2 29.1321 1.61324 1.75647 81.4672
14.3 29.2759 1.62095 1.76867 81.4595
14.4 29.4187 1.62871 1.78087 81.4518
14.5 29.5606 1.63652 1.79306 81.444
14.6 29.7015 1.64439 1.80525 81.4361
14.7 29.8416 1.65231 1.81744 81.4282
14.8 29.9807 1.66028 1.82962 81.4202
14.9 30.119 1.66831 1.8418 81.4122
15 30.2563 1.67639 1.85397 81.4041
15.1 30.3927 1.68452 1.86615 81.396
15.2 30.5282 1.6927 1.87831 81.3878
15.3 30.6628 1.70094 1.89048 81.3795
15.4 30.7966 1.70923 1.90264 81.3713
15.5 30.9294 1.71757 1.91479 81.3629
15.6 31.0613 1.72597 1.92694 81.3545
15.7 31.1924 1.73441 1.93909 81.3461
15.8 31.3226 1.74291 1.95124 81.3376
15.9 31.4519 1.75147 1.96338 81.329
16 31.5803 1.76007 1.97551 81.3204
16.1 31.7078 1.76873 1.98765 81.3118
16.2 31.8345 1.77744 1.99977 81.303
16.3 31.9603 1.7862 2.0119 81.2943
16.4 32.0852 1.79502 2.02402 81.2855
16.5 32.2093 1.80388 2.03614 81.2766
16.6 32.3325 1.8128 2.04825 81.2677
16.7 32.4549 1.82178 2.06036 81.2587
16.8 32.5764 1.8308 2.07246 81.2497
16.9 32.6971 1.83988 2.08456 81.2406
17 32.8169 1.84901 2.09665 81.2315
17.1 32.9359 1.85819 2.10875 81.2223
17.2 33.0541 1.86742 2.12083 81.2131
17.3 33.1714 1.87671 2.13292 81.2038
17.4 33.2879 1.88605 2.14499 81.1944
17.5 33.4035 1.89544 2.15707 81.185
17.6 33.5184 1.90488 2.16914 81.1756
17.7 33.6324 1.91438 2.1812 81.1661
17.8 33.7456 1.92392 2.19326 81.1566
17.9 33.858 1.93352 2.20532 81.147
18 33.9696 1.94317 2.21737 81.1373
18.1 34.0804 1.95288 2.22942 81.1276
18.2 34.1904 1.96263 2.24146 81.1178
18.3 34.2995 1.97244 2.2535 81.108
18.4 34.4079 1.9823 2.26553 81.0982
18.5 34.5155 1.99221 2.27756 81.0883
18.6 34.6224 2.00217 2.28959 81.0783
18.7 34.7284 2.01218 2.30161 81.0683
18.8 34.8337 2.02225 2.31362 81.0582
18.9 34.9382 2.03237 2.32563 81.0481
19 35.0419 2.04254 2.33764 81.0379
19.1 35.1448 2.05276 2.34964 81.0277
19.2 35.247 2.06303 2.36164 81.0175
19.3 35.3485 2.07335 2.37363 81.0071
19.4 35.4491 2.08373 2.38561 80.9968
19.5 35.5491 2.09416 2.3976 80.9863
19.6 35.6482 2.10464 2.40957 80.9758
19.7 35.7467 2.11517 2.42154 80.9653
19.8 35.8444 2.12575 2.43351 80.9547
19.9 35.9413 2.13638 2.44547 80.9441
20 36.0376 2.14707 2.45743 80.9334
20.1 36.1331 2.1578 2.46938 80.9227
20.2 36.2278 2.16859 2.48133 80.9119
20.3 36.3219 2.17943 2.49327 80.9011
20.4 36.4152 2.19032 2.50521 80.8902
20.5 36.5078 2.20126 2.51714 80.8792
20.6 36.5998 2.21225 2.52907 80.8682
20.7 36.691 2.22329 2.54099 80.8572
20.8 36.7815 2.23439 2.55291 80.8461
20.9 36.8713 2.24554 2.56482 80.8349
21 36.9604 2.25673 2.57672 80.8237
21.1 37.0488 2.26798 2.58862 80.8125
21.2 37.1365 2.27928 2.60052 80.8012
21.3 37.2236 2.29063 2.61241 80.7899
21.4 37.3099 2.30203 2.62429 80.7785
21.5 37.3956 2.31348 2.63617 80.767
21.6 37.4807 2.32498 2.64805 80.7555
21.7 37.565 2.33654 2.65992 80.7439
21.8 37.6487 2.34814 2.67178 80.7323
21.9 37.7317 2.35979 2.68364 80.7207
22 37.8141 2.3715 2.69549 80.709
22.1 37.8958 2.38326 2.70734 80.6972
22.2 37.9769 2.39506 2.71918 80.6854
22.3 38.0573 2.40692 2.73101 80.6736
22.4 38.1371 2.41883 2.74284 80.6617
22.5 38.2162 2.43079 2.75467 80.6497
22.6 38.2947 2.4428 2.76649 80.6377
22.7001 38.3725 2.45485 2.7783 80.6256
22.8001 38.4498 2.46696 2.79011 80.6135
22.9001 38.5264 2.47913 2.80191 80.6014
23.0001 38.6024 2.49134 2.81371 80.5891
23.1001 38.6778 2.5036 2.8255 80.5769
23.2001 38.7525 2.51591 2.83728 80.5646
23.3001 38.8267 2.52827 2.84906 80.5522
23.4001 38.9002 2.54068 2.86083 80.5398
23.5001 38.9731 2.55314 2.8726 80.5273
23.6001 39.0455 2.56565 2.88436 80.5148
23.7001 39.1172 2.57822 2.89612 80.5023
23.8001 39.1883 2.59083 2.90787 80.4897
23.9001 39.2589 2.60349 2.91961 80.477
24.0001 39.3288 2.6162 2.93135 80.4643
24.1001 39.3982 2.62896 2.94308 80.4515
24.2001 39.467 2.64178 2.9548 80.4387
24.3001 39.5353 2.65464 2.96652 80.4258
24.4001 39.6029 2.66755 2.97824 80.4129
24.5001 39.67 2.68051 2.98994 80.4
24.6001 39.7365 2.69352 3.00164 80.387
24.7001 39.8024 2.70658 3.01334 80.3739
24.8001 39.8678 2.71969 3.02503 80.3608
24.9001 39.9327 2.73285 3.03671 80.3476
25.0001 39.997 2.74606 3.04839 80.3344
25.1001 40.0607 2.75932 3.06005 80.3212
25.2001 40.1239 2.77263 3.07172 80.3079
25.3001 40.1865 2.78599 3.08338 80.2945
25.4001 40.2486 2.79939 3.09503 80.2811
25.5001 40.3102 2.81285 3.10667 80.2676
25.6001 40.3712 2.82636 3.11831 80.2541
25.7001 40.4317 2.83991 3.12994 80.2406
25.8001 40.4916 2.85352 3.14157 80.227
25.9001 40.5511 2.86717 3.15318 80.2133
26.0001 40.61 2.88087 3.1648 80.1996
26.1001 40.6684 2.89463 3.1764 80.1859
26.2001 40.7263 2.90843 3.188 80.1721
26.3001 40.7837 2.92228 3.19959 80.1582
26.4001 40.8405 2.93618 3.21118 80.1443
26.5001 40.8969 2.95012 3.22276 80.1304
26.6001 40.9528 2.96412 3.23433 80.1164
26.7001 41.0081 2.97817 3.2459 80.1023
26.8001 41.063 2.99226 3.25746 80.0882
26.9001 41.1173 3.00641 3.26901 80.0741
27.0001 41.1712 3.0206 3.28055 80.0599
27.1001 41.2246 3.03484 3.29209 80.0456
27.2001 41.2775 3.04913 3.30363 80.0314
27.3001 41.3299 3.06347 3.31515 80.017
27.4001 41.3818 3.07785 3.32667 80.0026
27.5001 41.4333 3.09229 3.33818 79.9882
27.6001 41.4843 3.10677 3.34969 79.9737
27.7001 41.5348 3.12131 3.36118 79.9592
27.8001 41.5848 3.13589 3.37267 79.9446
27.9001 41.6344 3.15052 3.38416 79.93
28.0001 41.6835 3.16519 3.39563 79.9153
28.1001 41.7322 3.17992 3.4071 79.9006
28.2001 41.7804 3.19469 3.41857 79.8858
28.3001 41.8281 3.20951 3.43002 79.871
28.4001 41.8754 3.22438 3.44147 79.8561
28.5001 41.9222 3.2393 3.45291 79.8412
28.6001 41.9686 3.25427 3.46435 79.8262
28.7001 42.0146 3.26928 3.47577 79.8112
28.8001 42.0601 3.28435 3.48719 79.7961
28.9001 42.1052 3.29946 3.49861 79.781
29.0001 42.1498 3.31461 3.51001 79.7659
29.1001 42.194 3.32982 3.52141 79.7507
29.2001 42.2378 3.34507 3.5328 79.7354
29.3001 42.2811 3.36037 3.54418 79.7201
29.4001 42.3241 3.37572 3.55556 79.7048
29.5001 42.3666 3.39112 3.56693 79.6894
29.6001 42.4086 3.40656 3.57829 79.6739
29.7001 42.4503 3.42205 3.58964 79.6584
29.8001 42.4915 3.43759 3.60099 79.6429
29.9001 42.5324 3.45318 3.61233 79.6273
30.0001 42.5728 3.46881 3.62366 79.6117
30.1001 42.6128 3.48449 3.63498 79.596
30.2001 42.6524 3.50022 3.6463 79.5803
30.3001 42.6916 3.516 3.65761 79.5645
30.4001 42.7304 3.53182 3.66891 79.5487
30.5001 42.7688 3.54769 3.6802 79.5328
30.6001 42.8068 3.56361 3.69148 79.5169
30.7001 42.8444 3.57957 3.70276 79.5009
30.8001 42.8817 3.59558 3.71403 79.4849
30.9001 42.9185 3.61164 3.72529 79.4688
31.0001 42.9549 3.62775 3.73655 79.4527
31.1001 42.991 3.6439 3.74779 79.4366
31.2001 43.0267 3.6601 3.75903 79.4204
31.3001 43.062 3.67634 3.77026 79.4041
31.4001 43.0969 3.69263 3.78149 79.3878
31.5001 43.1315 3.70897 3.7927 79.3715
31.6001 43.1656 3.72536 3.80391 79.3551
31.7001 43.1994 3.74179 3.81511 79.3387
31.8001 43.2329 3.75827 3.8263 79.3222
31.9001 43.266 3.77479 3.83748 79.3057
32.0001 43.2987 3.79136 3.84866 79.2891
32.1001 43.331 3.80798 3.85982 79.2725
32.2001 43.363 3.82465 3.87098 79.2558
32.3001 43.3946 3.84136 3.88213 79.2391
32.4001 43.4259 3.85811 3.89328 79.2224
32.5001 43.4568 3.87491 3.90441 79.2056
32.6001 43.4874 3.89176 3.91554 79.1887
32.7001 43.5176 3.90866 3.92665 79.1718
32.8001 43.5475 3.9256 3.93776 79.1549
32.9001 43.577 3.94258 3.94886 79.1379
33.0001 43.6062 3.95961 3.95996 79.1209
33.1001 43.635 3.97669 3.97104 79.1038
33.2001 43.6635 3.99382 3.98212 79.0867
33.3001 43.6917 4.01099 3.99319 79.0695
33.4001 43.7195 4.0282 4.00424 79.0523
33.5001 43.747 4.04546 4.0153 79.035
33.6001 43.7742 4.06277 4.02634 79.0177
33.7001 43.801 4.08012 4.03737 79.0004
33.8001 43.8276 4.09752 4.0484 78.983
33.9001 43.8537 4.11496 4.05941 78.9655
34.0001 43.8796 4.13245 4.07042 78.948
34.1001 43.9051 4.14998 4.08142 78.9305
34.2001 43.9304 4.16756 4.09241 78.9129
34.3 43.9553 4.18518 4.1034 78.8953
34.4 43.9799 4.20285 4.11437 78.8776
34.5 44.0041 4.22057 4.12534 78.8599
34.6 44.0281 4.23833 4.13629 78.8422
34.7 44.0518 4.25613 4.14724 78.8244
34.8 44.0751 4.27398 4.15818 78.8065
34.9 44.0981 4.29187 4.16911 78.7886
35 44.1209 4.30981 4.18003 78.7707
35.1 44.1433 4.3278 4.19094 78.7527
35.2 44.1654 4.34582 4.20185 78.7347
35.3 44.1873 4.3639 4.21274 78.7166
35.4 44.2088 4.38201 4.22363 78.6985
35.5 44.23 4.40018 4.2345 78.6803
35.6 44.251 4.41838 4.24537 78.6621
35.7 44.2716 4.43663 4.25623 78.6438
35.8 44.292 4.45493 4.26708 78.6256
35.9 44.312 4.47327 4.27792 78.6072
36 44.3318 4.49165 4.28875 78.5888
36.1 44.3513 4.51008 4.29957 78.5704
36.2 44.3705 4.52855 4.31039 78.5519
36.3 44.3895 4.54707 4.32119 78.5334
36.4 44.4081 4.56563 4.33199 78.5149
36.5 44.4265 4.58423 4.34277 78.4962
36.6 44.4446 4.60288 4.35355 78.4776
36.7 44.4624 4.62157 4.36432 78.4589
36.8 44.4799 4.64031 4.37507 78.4402
36.9 44.4972 4.65909 4.38582 78.4214
37 44.5142 4.67791 4.39656 78.4026
37.1 44.5309 4.69678 4.40729 78.3837
37.2 44.5474 4.71569 4.41801 78.3648
37.3 44.5635 4.73465 4.42872 78.3458
37.4 44.5795 4.75364 4.43942 78.3268
37.5 44.5951 4.77269 4.45012 78.3078
37.6 44.6105 4.79177 4.4608 78.2887
37.7 44.6257 4.8109 4.47147 78.2696
37.8 44.6405 4.83007 4.48214 78.2504
37.9 44.6552 4.84928 4.49279 78.2312
38 44.6695 4.86854 4.50343 78.2119
38.1 44.6836 4.88784 4.51407 78.1926
38.2 44.6975 4.90719 4.52469 78.1733
38.3 44.7111 4.92657 4.53531 78.1539
38.4 44.7245 4.946 4.54591 78.1345
38.5 44.7376 4.96547 4.55651 78.115
38.6 44.7504 4.98499 4.5671 78.0955
38.7 44.763 5.00455 4.57767 78.0759
38.8 44.7754 5.02415 4.58824 78.0563
38.9 44.7875 5.04379 4.59879 78.0367
39 44.7994 5.06347 4.60934 78.017
39.1 44.811 5.0832 4.61988 77.9973
39.2 44.8224 5.10297 4.6304 77.9775
39.3 44.8336 5.12279 4.64092 77.9577
39.4 44.8445 5.14264 4.65143 77.9378
39.5 44.8552 5.16254 4.66193 77.9179
39.6 44.8657 5.18248 4.67241 77.898
39.7 44.8759 5.20246 4.68289 77.878
39.8 44.8859 5.22248 4.69336 77.858
39.9 44.8956 5.24255 4.70381 77.8379
40 44.9052 5.26266 4.71426 77.8178
40.1 44.9145 5.2828 4.72469 77.7977
40.2 44.9236 5.303 4.73512 77.7775
40.3 44.9324 5.32323 4.74554 77.7573
40.4 44.941 5.3435 4.75594 77.737
40.5 44.9494 5.36382 4.76634 77.7167
40.6 44.9576 5.38418 4.77672 77.6963
40.7 44.9656 5.40458 4.7871 77.6759
40.7999 44.9733 5.42502 4.79746 77.6555
40.8999 44.9809 5.4455 4.80782 77.635
40.9999 44.9882 5.46602 4.81816 77.6145
41.0999 44.9953 5.48659 4.82849 77.5939
41.1999 45.0022 5.50719 4.83881 77.5733
41.2999 45.0088 5.52784 4.84913 77.5526
41.3999 45.0153 5.54853 4.85943 77.532
41.4999 45.0215 5.56926 4.86972 77.5112
41.5999 45.0276 5.59003 4.88 77.4905
41.6999 45.0334 5.61084 4.89027 77.4696
41.7999 45.039 5.63169 4.90053 77.4488
41.8999 45.0444 5.65258 4.91078 77.4279
41.9999 45.0496 5.67351 4.92102 77.407
42.0999 45.0546 5.69449 4.93124 77.386
42.1999 45.0594 5.7155 4.94146 77.365
42.2999 45.064 5.73656 4.95167 77.3439
42.3999 45.0684 5.75765 4.96186 77.3228
42.4999 45.0726 5.77879 4.97205 77.3017
42.5999 45.0766 5.79996 4.98222 77.2805
42.6999 45.0804 5.82118 4.99238 77.2593
42.7999 45.0841 5.84244 5.00253 77.238
42.8999 45.0875 5.86373 5.01267 77.2167
42.9999 45.0907 5.88507 5.0228 77.1954
43.0999 45.0937 5.90644 5.03292 77.174
43.1999 45.0965 5.92786 5.04303 77.1526
43.2999 45.0992 5.94932 5.05313 77.1312
43.3999 45.1016 5.97081 5.06321 77.1097
43.4999 45.1039 5.99235 5.07329 77.0881
43.5999 45.106 6.01392 5.08335 77.0666
43.6999 45.1079 6.03554 5.0934 77.0449
43.7999 45.1096 6.05719 5.10344 77.0233
43.8999 45.1111 6.07888 5.11348 77.0016
43.9999 45.1124 6.10062 5.12349 76.9799
44.0999 45.1136 6.12239 5.1335 76.9581
44.1999 45.1145 6.1442 5.1435 76.9363
44.2999 45.1153 6.16605 5.15348 76.9144
44.3999 45.1159 6.18794 5.16346 76.8925
44.4999 45.1164 6.20987 5.17342 76.8706
44.5999 45.1166 6.23184 5.18337 76.8486
44.6999 45.1167 6.25385 5.19331 76.8266
44.7999 45.1166 6.27589 5.20324 76.8046
44.8999 45.1163 6.29798 5.21316 76.7825
44.9999 45.1159 6.3201 5.22306 76.7604
45.0999 45.1152 6.34226 5.23296 76.7382
45.1999 45.1144 6.36446 5.24284 76.716
45.2999 45.1135 6.3867 5.25271 76.6938
45.3999 45.1123 6.40898 5.26257 76.6715
45.4999 45.111 6.43129 5.27242 76.6492
45.5999 45.1095 6.45365 5.28225 76.6268
45.6999 45.1079 6.47604 5.29208 76.6044
45.7999 45.1061 6.49847 5.30189 76.582
45.8999 45.1041 6.52094 5.31169 76.5595
45.9999 45.1019 6.54345 5.32148 76.537
46.0999 45.0996 6.56599 5.33126 76.5145
46.1999 45.0971 6.58857 5.34102 76.4919
46.2999 45.0945 6.61119 5.35078 76.4693
46.3999 45.0917 6.63385 5.36052 76.4466
46.4999 45.0887 6.65655 5.37025 76.4239
46.5999 45.0856 6.67928 5.37997 76.4012
46.6999 45.0823 6.70205 5.38967 76.3784
46.7999 45.0789 6.72486 5.39937 76.3556
46.8999 45.0753 6.7477 5.40905 76.3328
46.9999 45.0715 6.77059 5.41872 76.3099
47.0999 45.0676 6.79351 5.42838 76.287
47.1999 45.0635 6.81647 5.43803 76.264
47.2999 45.0593 6.83946 5.44766 76.241
47.3998 45.0549 6.86249 5.45728 76.218
47.4998 45.0504 6.88556 5.46689 76.1949
47.5998 45.0457 6.90867 5.47649 76.1718
47.6998 45.0409 6.93181 5.48607 76.1487
47.7998 45.0359 6.95499 5.49565 76.1255
47.8998 45.0308 6.9782 5.50521 76.1023
47.9998 45.0255 7.00146 5.51476 76.079
48.0998 45.02 7.02475 5.52429 76.0557
48.1998 45.0145 7.04807 5.53382 76.0324
48.2998 45.0087 7.07143 5.54333 76.009
48.3998 45.0029 7.09483 5.55283 75.9856
48.4998 44.9968 7.11827 5.56232 75.9622
48.5998 44.9907 7.14174 5.57179 75.9387
48.6998 44.9844 7.16525 5.58125 75.9152
48.7998 44.9779 7.18879 5.5907 75.8917
48.8998 44.9713 7.21237 5.60014 75.8681
48.9998 44.9646 7.23598 5.60957 75.8445
49.0998 44.9577 7.25963 5.61898 75.8208
49.1998 44.9507 7.28332 5.62838 75.7972
49.2998 44.9435 7.30704 5.63776 75.7734
49.3998 44.9362 7.3308 5.64714 75.7497
49.4998 44.9288 7.3546 5.6565 75.7259
49.5998 44.9212 7.37843 5.66585 75.7021
49.6998 44.9135 7.40229 5.67518 75.6782
49.7998 44.9056 7.42619 5.68451 75.6543
49.8998 44.8976 7.45013 5.69382 75.6304
49.9998 44.8895 7.4741 5.70312 75.6064
50.0998 44.8813 7.4981 5.7124 75.5824
50.1998 44.8729 7.52214 5.72167 75.5583
50.2998 44.8644 7.54622 5.73093 75.5343
50.3998 44.8557 7.57033 5.74018 75.5102
50.4998 44.8469 7.59447 5.74941 75.486
50.5998 44.838 7.61865 5.75863 75.4618
50.6998 44.829 7.64287 5.76784 75.4376
50.7998 44.8198 7.66712 5.77703 75.4134
50.8998 44.8105 7.6914 5.78621 75.3891
50.9998 44.8011 7.71572 5.79538 75.3648
51.0998 44.7915 7.74007 5.80454 75.3404
51.1998 44.7818 7.76446 5.81368 75.316
51.2998 44.772 7.78888 5.82281 75.2916
51.3998 44.762 7.81334 5.83192 75.2671
51.4998 44.752 7.83783 5.84102 75.2427
51.5998 44.7418 7.86235 5.85011 75.2181
51.6998 44.7315 7.88691 5.85919 75.1936
51.7998 44.721 7.9115 5.86825 75.169
51.8998 44.7105 7.93613 5.8773 75.1444
51.9998 44.6998 7.96078 5.88634 75.1197
52.0998 44.689 7.98548 5.89536 75.095
52.1998 44.678 8.0102 5.90437 75.0703
52.2998 44.667 8.03496 5.91336 75.0455
52.3998 44.6558 8.05976 5.92235 75.0207
52.4998 44.6445 8.08458 5.93131 74.9959
52.5998 44.6331 8.10944 5.94027 74.971
52.6998 44.6216 8.13434 5.94921 74.9461
52.7998 44.61 8.15926 5.95814 74.9212
52.8998 44.5982 8.18422 5.96705 74.8963
52.9998 44.5863 8.20921 5.97595 74.8713
53.0998 44.5743 8.23424 5.98484 74.8462
53.1998 44.5622 8.2593 5.99371 74.8212
53.2998 44.55 8.28439 6.00257 74.7961
53.3998 44.5377 8.30951 6.01142 74.771
53.4998 44.5252 8.33467 6.02025 74.7458
53.5998 44.5126 8.35985 6.02907 74.7206
53.6998 44.5 8.38508 6.03787 74.6954
53.7998 44.4872 8.41033 6.04666 74.6702
53.8997 44.4743 8.43561 6.05544 74.6449
53.9997 44.4613 8.46093 6.0642 74.6195
54.0997 44.4481 8.48628 6.07295 74.5942
54.1997 44.4349 8.51166 6.08169 74.5688
54.2997 44.4216 8.53708 6.09041 74.5434
54.3997 44.4081 8.56252 6.09912 74.518
54.4997 44.3945 8.588 6.10781 74.4925
54.5997 44.3809 8.61351 6.11649 74.467
54.6997 44.3671 8.63905 6.12515 74.4414
54.7997 44.3532 8.66462 6.1338 74.4159
54.8997 44.3392 8.69023 6.14244 74.3903
54.9997 44.3251 8.71586 6.15106 74.3646
55.0997 44.3109 8.74153 6.15967 74.339
55.1997 44.2966 8.76723 6.16826 74.3133
55.2997 44.2822 8.79296 6.17684 74.2875
55.3997 44.2677 8.81872 6.18541 74.2618
55.4997 44.2531 8.84451 6.19396 74.236
55.5997 44.2383 8.87033 6.2025 74.2102
55.6997 44.2235 8.89618 6.21102 74.1843
55.7997 44.2086 8.92207 6.21953 74.1584
55.8997 44.1936 8.94798 6.22802 74.1325
55.9997 44.1784 8.97393 6.2365 74.1066
56.0997 44.1632 8.9999 6.24497 74.0806
56.1997 44.1479 9.02591 6.25342 74.0546
56.2997 44.1324 9.05195 6.26185 74.0285
56.3997 44.1169 9.07801 6.27027 74.0025
56.4997 44.1013 9.10411 6.27868 73.9764
56.5997 44.0856 9.13024 6.28707 73.9502
56.6997 44.0697 9.1564 6.29545 73.9241
56.7997 44.0538 9.18258 6.30381 73.8979
56.8997 44.0378 9.2088 6.31216 73.8717
56.9997 44.0217 9.23505 6.32049 73.8454
57.0997 44.0055 9.26133 6.32881 73.8192
57.1997 43.9891 9.28763 6.33712 73.7928
57.2997 43.9727 9.31397 6.3454 73.7665
57.3997 43.9562 9.34033 6.35368 73.7401
57.4997 43.9396 9.36673 6.36194 73.7138
57.5997 43.923 9.39315 6.37018 73.6873
57.6997 43.9062 9.41961 6.37841 73.6609
57.7997 43.8893 9.44609 6.38663 73.6344
57.8997 43.8723 9.4726 6.39483 73.6079
57.9997 43.8553 9.49915 6.40301 73.5813
58.0997 43.8381 9.52572 6.41118 73.5548
58.1997 43.8209 9.55232 6.41934 73.5282
58.2997 43.8035 9.57894 6.42747 73.5015
58.3997 43.7861 9.6056 6.4356 73.4749
58.4997 43.7686 9.63229 6.44371 73.4482
58.5997 43.751 9.659 6.4518 73.4215
58.6997 43.7333 9.68574 6.45988 73.3947
58.7997 43.7155 9.71251 6.46795 73.368
58.8997 43.6976 9.73931 6.47599 73.3412
58.9997 43.6797 9.76614 6.48403 73.3143
59.0997 43.6616 9.793 6.49205 73.2875
59.1997 43.6435 9.81988 6.50005 73.2606
59.2997 43.6253 9.84679 6.50804 73.2337
59.3997 43.607 9.87373 6.51601 73.2068
59.4997 43.5886 9.9007 6.52396 73.1798
59.5997 43.5701 9.92769 6.53191 73.1528
59.6997 43.5515 9.95471 6.53983 73.1258
59.7997 43.5329 9.98177 6.54774 73.0987
59.8997 43.5141 10.0088 6.55564 73.0716
59.9997 43.4953 10.0359 6.56352 73.0445
60.0997 43.4764 10.0631 6.57138 73.0174
60.1997 43.4574 10.0902 6.57923 72.9902
60.2997 43.4383 10.1174 6.58706 72.9631
60.3997 43.4192 10.1446 6.59488 72.9358
60.4996 43.3999 10.1719 6.60268 72.9086
60.5996 43.3806 10.1992 6.61046 72.8813
60.6996 43.3612 10.2264 6.61823 72.854
60.7996 43.3417 10.2538 6.62599 72.8267
60.8996 43.3221 10.2811 6.63372 72.7994
60.9996 43.3025 10.3085 6.64145 72.772
61.0996 43.2828 10.3359 6.64915 72.7446
61.1996 43.263 10.3633 6.65684 72.7172
61.2996 43.2431 10.3908 6.66452 72.6897
61.3996 43.2231 10.4183 6.67218 72.6622
61.4996 43.2031 10.4458 6.67982 72.6347
61.5996 43.1829 10.4733 6.68745 72.6072
61.6996 43.1627 10.5008 6.69506 72.5796
61.7996 43.1425 10.5284 6.70265 72.552
61.8996 43.1221 10.556 6.71023 72.5244
61.9996 43.1017 10.5837 6.7178 72.4968
62.0996 43.0811 10.6113 6.72534 72.4691
62.1996 43.0605 10.639 6.73287 72.4415
62.2996 43.0399 10.6667 6.74039 72.4137
62.3996 43.0191 10.6945 6.74789 72.386
62.4996 42.9983 10.7222 6.75537 72.3582
62.5996 42.9774 10.75 6.76283 72.3304
62.6996 42.9565 10.7778 6.77028 72.3026
62.7996 42.9354 10.8057 6.77772 72.2748
62.8996 42.9143 10.8335 6.78513 72.2469
62.9996 42.8931 10.8614 6.79253 72.219
63.0996 42.8718 10.8894 6.79992 72.1911
63.1996 42.8505 10.9173 6.80729 72.1632
63.2996 42.8291 10.9453 6.81464 72.1352
63.3996 42.8076 10.9732 6.82197 72.1072
63.4996 42.786 11.0013 6.82929 72.0792
63.5996 42.7644 11.0293 6.83659 72.0512
63.6996 42.7427 11.0573 6.84388 72.0231
63.7996 42.7209 11.0854 6.85115 71.995
63.8996 42.6991 11.1135 6.8584 71.9669
63.9996 42.6772 11.1417 6.86563 71.9388
64.0996 42.6552 11.1698 6.87285 71.9106
64.1996 42.6331 11.198 6.88006 71.8825
64.2996 42.611 11.2262 6.88724 71.8543
64.3996 42.5888 11.2544 6.89441 71.826
64.4996 42.5665 11.2827 6.90156 71.7978
64.5996 42.5442 11.311 6.9087 71.7695
64.6996 42.5218 11.3393 6.91582 71.7412
64.7996 42.4993 11.3676 6.92292 71.7129
64.8996 42.4768 11.3959 6.93 71.6845
64.9996 42.4542 11.4243 6.93707 71.6562
65.0996 42.4315 11.4527 6.94412 71.6278
65.1996 42.4087 11.4811 6.95115 71.5994
65.2996 42.3859 11.5096 6.95817 71.5709
65.3996 42.363 11.538 6.96517 71.5425
65.4996 42.3401 11.5665 6.97215 71.514
65.5996 42.3171 11.595 6.97912 71.4855
65.6996 42.294 11.6235 6.98607 71.457
65.7996 42.2709 11.6521 6.993 71.4284
65.8996 42.2476 11.6807 6.99992 71.3998
65.9996 42.2244 11.7093 7.00681 71.3712
66.0996 42.201 11.7379 7.01369 71.3426
66.1996 42.1776 11.7665 7.02056 71.314
66.2996 42.1541 11.7952 7.0274 71.2853
66.3996 42.1306 11.8239 7.03423 71.2566
66.4996 42.107 11.8526 7.04104 71.2279
66.5996 42.0834 11.8813 7.04783 71.1992
66.6996 42.0596 11.91 7.05461 71.1704
66.7996 42.0358 11.9388 7.06137 71.1417
66.8996 42.012 11.9676 7.06811 71.1129
66.9995 41.9881 11.9964 7.07484 71.0841
67.0995 41.9641 12.0253 7.08154 71.0552
67.1995 41.9401 12.0541 7.08823 71.0264
67.2995 41.9159 12.083 7.0949 70.9975
67.3995 41.8918 12.1119 7.10156 70.9686
67.4995 41.8676 12.1408 7.10819 70.9397
67.5995 41.8433 12.1697 7.11481 70.9107
67.6995 41.8189 12.1987 7.12141 70.8818
67.7995 41.7945 12.2277 7.128 70.8528
67.8995 41.7701 12.2567 7.13456 70.8238
67.9995 41.7455 12.2857 7.14111 70.7948
68.0995 41.7209 12.3148 7.14764 70.7657
68.1995 41.6963 12.3438 7.15416 70.7367
68.2995 41.6716 12.3729 7.16065 70.7076
68.3995 41.6468 12.402 7.16713 70.6785
68.4995 41.622 12.4311 7.17359 70.6493
68.5995 41.5971 12.4603 7.18003 70.6202
68.6995 41.5722 12.4895 7.18645 70.591
68.7995 41.5472 12.5186 7.19286 70.5618
68.8995 41.5221 12.5478 7.19925 70.5326
68.9995 41.497 12.5771 7.20562 70.5034
69.0995 41.4718 12.6063 7.21197 70.4742
69.1995 41.4466 12.6356 7.2183 70.4449
69.2995 41.4213 12.6649 7.22462 70.4156
69.3995 41.3959 12.6942 7.23091 70.3863
69.4995 41.3705 12.7235 7.23719 70.357
69.5995 41.3451 12.7528 7.24345 70.3277
69.6995 41.3196 12.7822 7.2497 70.2983
69.7995 41.294 12.8116 7.25592 70.2689
69.8995 41.2684 12.841 7.26213 70.2395
69.9995 41.2427 12.8704 7.26832 70.2101
70.0995 41.2169 12.8998 7.27449 70.1807
70.1995 41.1912 12.9293 7.28064 70.1512
70.2995 41.1653 12.9587 7.28677 70.1217
70.3995 41.1394 12.9882 7.29289 70.0923
70.4995 41.1134 13.0177 7.29898 70.0627
70.5995 41.0874 13.0473 7.30506 70.0332
70.6995 41.0614 13.0768 7.31112 70.0037
70.7995 41.0352 13.1064 7.31716 69.9741
70.8995 41.0091 13.136 7.32319 69.9445
70.9995 40.9829 13.1656 7.32919 69.9149
71.0995 40.9566 13.1952 7.33518 69.8853
71.1995 40.9302 13.2248 7.34114 69.8557
71.2995 40.9039 13.2545 7.34709 69.826
71.3995 40.8774 13.2841 7.35302 69.7964
71.4995 40.8509 13.3138 7.35893 69.7667
71.5995 40.8244 13.3435 7.36483 69.737
71.6995 40.7978 13.3732 7.3707 69.7072
71.7995 40.7711 13.403 7.37656 69.6775
71.8995 40.7444 13.4327 7.38239 69.6477
71.9995 40.7177 13.4625 7.38821 69.618
72.0995 40.6909 13.4923 7.39401 69.5882
72.1995 40.664 13.5221 7.39979 69.5584
72.2995 40.6371 13.5519 7.40555 69.5286
72.3995 40.6102 13.5818 7.41129 69.4987
72.4995 40.5832 13.6116 7.41702 69.4689
72.5995 40.5561 13.6415 7.42272 69.439
72.6995 40.529 13.6714 7.42841 69.4091
72.7995 40.5019 13.7013 7.43407 69.3792
72.8995 40.4747 13.7312 7.43972 69.3493
72.9995 40.4474 13.7612 7.44535 69.3193
73.0995 40.4201 13.7911 7.45096 69.2894
73.1995 40.3928 13.8211 7.45655 69.2594
73.2995 40.3654 13.8511 7.46212 69.2294
73.3995 40.3379 13.8811 7.46767 69.1994
73.4995 40.3104 13.9111 7.4732 69.1694
73.5994 40.2829 13.9411 7.47871 69.1394
73.6994 40.2553 13.9712 7.48421 69.1093
73.7994 40.2277 14.0012 7.48968 69.0793
73.8994 40.2 14.0313 7.49514 69.0492
73.9994 40.1722 14.0614 7.50058 69.0191
74.0994 40.1445 14.0915 7.50599 68.989
74.1994 40.1166 14.1216 7.51139 68.9589
74.2994 40.0888 14.1518 7.51677 68.9287
74.3994 40.0608 14.1819 7.52213 68.8986
74.4994 40.0329 14.2121 7.52747 68.8684
74.5994 40.0048 14.2423 7.53279 68.8382
74.6994 39.9768 14.2725 7.53809 68.808
74.7994 39.9487 14.3027 7.54337 68.7778
74.8994 39.9205 14.3329 7.54863 68.7476
74.9994 39.8923 14.3631 7.55387 68.7173
75.0994 39.8641 14.3934 7.55909 68.6871
75.1994 39.8358 14.4237 7.56429 68.6568
75.2994 39.8074 14.4539 7.56947 68.6265
75.3994 39.7791 14.4842 7.57464 68.5962
75.4994 39.7506 14.5146 7.57978 68.5659
75.5994 39.7222 14.5449 7.5849 68.5356
75.6994 39.6937 14.5752 7.59001 68.5053
75.7994 39.6651 14.6056 7.59509 68.4749
75.8994 39.6365 14.6359 7.60016 68.4445
75.9994 39.6078 14.6663 7.6052 68.4142
76.0994 39.5791 14.6967 7.61022 68.3838
76.1994 39.5504 14.7271 7.61523 68.3534
76.2994 39.5216 14.7575 7.62021 68.323
76.3994 39.4928 14.7879 7.62518 68.2925
76.4994 39.4639 14.8184 7.63012 68.2621
76.5994 39.435 14.8488 7.63505 68.2316
76.6994 39.4061 14.8793 7.63995 68.2012
76.7994 39.3771 14.9098 7.64483 68.1707
76.8994 39.348 14.9403 7.6497 68.1402
76.9994 39.319 14.9708 7.65454 68.1097
77.0994 39.2898 15.0013 7.65937 68.0792
77.1994 39.2607 15.0318 7.66417 68.0486
77.2994 39.2315 15.0624 7.66895 68.0181
77.3994 39.2022 15.0929 7.67372 67.9875
77.4994 39.1729 15.1235 7.67846 67.957
77.5994 39.1436 15.1541 7.68318 67.9264
77.6994 39.1142 15.1847 7.68789 67.8958
77.7994 39.0848 15.2153 7.69257 67.8652
77.8994 39.0554 15.2459 7.69723 67.8346
77.9994 39.0259 15.2765 7.70187 67.804
78.0994 38.9963 15.3071 7.70649 67.7733
78.1994 38.9667 15.3378 7.71109 67.7427
78.2994 38.9371 15.3685 7.71567 67.712
78.3994 38.9075 15.3991 7.72023 67.6814
78.4994 38.8778 15.4298 7.72477 67.6507
78.5994 38.848 15.4605 7.72929 67.62
78.6994 38.8183 15.4912 7.73379 67.5893
78.7994 38.7884 15.5219 7.73827 67.5586
78.8994 38.7586 15.5526 7.74272 67.5279
78.9994 38.7287 15.5834 7.74716 67.4971
79.0994 38.6987 15.6141 7.75157 67.4664
79.1994 38.6688 15.6449 7.75597 67.4356
79.2994 38.6388 15.6756 7.76034 67.4049
79.3994 38.6087 15.7064 7.7647 67.3741
79.4994 38.5786 15.7372 7.76903 67.3433
79.5994 38.5485 15.768 7.77334 67.3125
79.6994 38.5183 15.7988 7.77763 67.2817
79.7994 38.4881 15.8296 7.7819 67.2509
79.8994 38.4579 15.8604 7.78615 67.2201
79.9994 38.4276 15.8913 7.79038 67.1892
80.0993 38.3972 15.9221 7.79459 67.1584
80.1993 38.3669 15.953 7.79877 67.1275
80.2993 38.3365 15.9838 7.80294 67.0967
80.3993 38.3061 16.0147 7.80708 67.0658
80.4993 38.2756 16.0456 7.81121 67.0349
80.5993 38.2451 16.0765 7.81531 67.004
80.6993 38.2145 16.1074 7.81939 66.9731
80.7993 38.1839 16.1383 7.82345 66.9422
80.8993 38.1533 16.1692 7.82749 66.9113
80.9993 38.1227 16.2001 7.83151 66.8804
81.0993 38.092 16.231 7.8355 66.8494
81.1993 38.0612 16.262 7.83948 66.8185
81.2993 38.0305 16.2929 7.84343 66.7876
81.3993 37.9997 16.3239 7.84737 66.7566
81.4993 37.9688 16.3548 7.85128 66.7256
81.5993 37.938 16.3858 7.85517 66.6947
81.6993 37.9071 16.4168 7.85904 66.6637
81.7993 37.8761 16.4478 7.86288 66.6327
81.8993 37.8451 16.4788 7.86671 66.6017
81.9993 37.8141 16.5098 7.87052 66.5707
82.0993 37.7831 16.5408 7.8743 66.5397
82.1993 37.752 16.5718 7.87806 66.5086
82.2993 37.7209 16.6029 7.8818 66.4776
82.3993 37.6897 16.6339 7.88552 66.4466
82.4993 37.6585 16.6649 7.88922 66.4155
82.5993 37.6273 16.696 7.89289 66.3845
82.6993 37.596 16.727 7.89655 66.3534
82.7993 37.5647 16.7581 7.90018 66.3224
82.8993 37.5334 16.7892 7.90379 66.2913
82.9993 37.502 16.8203 7.90738 66.2602
83.0993 37.4706 16.8513 7.91095 66.2291
83.1993 37.4392 16.8824 7.9145 66.198
83.2993 37.4077 16.9135 7.91802 66.167
83.3993 37.3762 16.9446 7.92152 66.1358
83.4993 37.3447 16.9757 7.925 66.1047
83.5993 37.3131 17.0069 7.92846 66.0736
83.6993 37.2815 17.038 7.9319 66.0425
83.7993 37.2499 17.0691 7.93531 66.0114
83.8993 37.2182 17.1002 7.93871 65.9802
83.9993 37.1865 17.1314 7.94208 65.9491
84.0993 37.1548 17.1625 7.94543 65.918
84.1993 37.123 17.1937 7.94876 65.8868
84.2993 37.0913 17.2248 7.95206 65.8556
84.3993 37.0594 17.256 7.95534 65.8245
84.4993 37.0276 17.2872 7.95861 65.7933
84.5993 36.9957 17.3183 7.96185 65.7621
84.6993 36.9637 17.3495 7.96506 65.731
84.7993 36.9318 17.3807 7.96826 65.6998
84.8993 36.8998 17.4119 7.97143 65.6686
84.9993 36.8678 17.4431 7.97458 65.6374
85.0993 36.8357 17.4743 7.97771 65.6062
85.1993 36.8036 17.5055 7.98082 65.575
85.2993 36.7715 17.5367 7.9839 65.5438
85.3993 36.7394 17.5679 7.98696 65.5126
85.4993 36.7072 17.5991 7.99 65.4814
85.5993 36.675 17.6303 7.99302 65.4501
85.6993 36.6427 17.6616 7.99602 65.4189
85.7993 36.6105 17.6928 7.99899 65.3877
85.8993 36.5782 17.724 8.00194 65.3565
85.9993 36.5458 17.7553 8.00487 65.3252
86.0993 36.5135 17.7865 8.00777 65.294
86.1993 36.4811 17.8177 8.01066 65.2627
86.2993 36.4486 17.849 8.01352 65.2315
86.3993 36.4162 17.8802 8.01635 65.2002
86.4993 36.3837 17.9115 8.01917 65.169
86.5993 36.3512 17.9427 8.02196 65.1377
86.6992 36.3186 17.974 8.02473 65.1065
86.7992 36.286 18.0053 8.02748 65.0752
86.8992 36.2534 18.0365 8.03021 65.0439
86.9992 36.2208 18.0678 8.03291 65.0127
87.0992 36.1881 18.0991 8.03559 64.9814
87.1992 36.1554 18.1304 8.03825 64.9501
87.2992 36.1227 18.1616 8.04088 64.9188
87.3992 36.09 18.1929 8.04349 64.8876
87.4992 36.0572 18.2242 8.04608 64.8563
87.5992 36.0244 18.2555 8.04865 64.825
87.6992 35.9915 18.2868 8.05119 64.7937
87.7992 35.9587 18.3181 8.05371 64.7624
87.8992 35.9258 18.3494 8.05621 64.7311
87.9992 35.8928 18.3806 8.05868 64.6998
88.0992 35.8599 18.4119 8.06114 64.6685
88.1992 35.8269 18.4432 8.06356 64.6372
88.2992 35.7939 18.4745 8.06597 64.6059
88.3992 35.7608 18.5058 8.06835 64.5746
88.4992 35.7278 18.5371 8.07071 64.5433
88.5992 35.6947 18.5685 8.07305 64.512
88.6992 35.6615 18.5998 8.07536 64.4807
88.7992 35.6284 18.6311 8.07765 64.4494
88.8992 35.5952 18.6624 8.07992 64.4181
88.9992 35.562 18.6937 8.08217 64.3868
89.0992 35.5287 18.725 8.08439 64.3555
89.1992 35.4955 18.7563 8.08659 64.3242
89.2992 35.4622 18.7876 8.08876 64.2929
89.3992 35.4289 18.8189 8.09091 64.2616
89.4992 35.3955 18.8502 8.09304 64.2302
89.5992 35.3621 18.8816 8.09515 64.1989
89.6992 35.3287 18.9129 8.09723 64.1676
89.7992 35.2953 18.9442 8.09929 64.1363
89.8992 35.2618 18.9755 8.10132 64.105
89.9992 35.2284 19.0068 8.10334 64.0737
90.0992 35.1949 19.0381 8.10533 64.0424
90.1992 35.1613 19.0694 8.10729 64.011
90.2992 35.1278 19.1007 8.10923 63.9797
90.3992 35.0942 19.1321 8.11115 63.9484
90.4992 35.0605 19.1634 8.11305 63.9171
90.5992 35.0269 19.1947 8.11492 63.8858
90.6992 34.9932 19.226 8.11677 63.8545
90.7992 34.9595 19.2573 8.11859 63.8232
90.8992 34.9258 19.2886 8.12039 63.7919
90.9992 34.8921 19.3199 8.12217 63.7605
91.0992 34.8583 19.3512 8.12392 63.7292
91.1992 34.8245 19.3826 8.12565 63.6979
91.2992 34.7907 19.4139 8.12736 63.6666
91.3992 34.7568 19.4452 8.12904 63.6353
91.4992 34.723 19.4765 8.1307 63.604
91.5992 34.6891 19.5078 8.13234 63.5727
91.6992 34.6551 19.5391 8.13395 63.5414
91.7992 34.6212 19.5704 8.13554 63.5101
91.8992 34.5872 19.6017 8.1371 63.4788
91.9992 34.5532 19.633 8.13864 63.4475
92.0992 34.5192 19.6643 8.14016 63.4162
92.1992 34.4851 19.6956 8.14165 63.3849
92.2992 34.451 19.7268 8.14312 63.3536
92.3992 34.4169 19.7581 8.14456 63.3224
92.4992 34.3828 19.7894 8.14598 63.2911
92.5992 34.3487 19.8207 8.14738 63.2598
92.6992 34.3145 19.852 8.14876 63.2285
92.7992 34.2803 19.8833 8.1501 63.1972
92.8992 34.2461 19.9145 8.15143 63.1659
92.9992 34.2118 19.9458 8.15273 63.1347
93.0992 34.1775 19.9771 8.15401 63.1034
93.1992 34.1432 20.0083 8.15526 63.0721
93.2991 34.1089 20.0396 8.15649 63.0409
93.3991 34.0746 20.0709 8.15769 63.0096
93.4991 34.0402 20.1021 8.15887 62.9784
93.5991 34.0058 20.1334 8.16003 62.9471
93.6991 33.9714 20.1646 8.16116 62.9159
93.7991 33.937 20.1959 8.16227 62.8846
93.8991 33.9025 20.2271 8.16336 62.8534
93.9991 33.868 20.2584 8.16442 62.8221
94.0991 33.8335 20.2896 8.16545 62.7909
94.1991 33.799 20.3208 8.16646 62.7597
94.2991 33.7644 20.3521 8.16745 62.7284
94.3991 33.7298 20.3833 8.16841 62.6972
94.4991 33.6952 20.4145 8.16935 62.666
94.5991 33.6606 20.4457 8.17026 62.6348
94.6991 33.6259 20.4769 8.17115 62.6036
94.7991 33.5913 20.5081 8.17202 62.5723
94.8991 33.5566 20.5393 8.17286 62.5411
94.9991 33.5218 20.5705 8.17367 62.5099
95.0991 33.4871 20.6017 8.17447 62.4788
95.1991 33.4523 20.6329 8.17523 62.4476
95.2991 33.4175 20.6641 8.17598 62.4164
95.3991 33.3827 20.6953 8.17669 62.3852
95.4991 33.3479 20.7264 8.17739 62.354
95.5991 33.3131 20.7576 8.17806 62.3229
95.6991 33.2782 20.7888 8.1787 62.2917
95.7991 33.2433 20.8199 8.17932 62.2605
95.8991 33.2084 20.8511 8.17992 62.2294
95.9991 33.1734 20.8822 8.18049 62.1982
96.0991 33.1384 20.9134 8.18103 62.1671
96.1991 33.1035 20.9445 8.18155 62.136
96.2991 33.0685 20.9756 8.18205 62.1048
96.3991 33.0334 21.0068 8.18252 62.0737
96.4991 32.9984 21.0379 8.18297 62.0426
96.5991 32.9633 21.069 8.18339 62.0115
96.6991 32.9282 21.1001 8.18379 61.9804
96.7991 32.8931 21.1312 8.18416 61.9493
96.8991 32.8579 21.1623 8.18451 61.9182
96.9991 32.8228 21.1934 8.18483 61.8871
97.0991 32.7876 21.2244 8.18513 61.856
97.1991 32.7524 21.2555 8.1854 61.825
97.2991 32.7172 21.2866 8.18565 61.7939
97.3991 32.6819 21.3176 8.18587 61.7629
97.4991 32.6467 21.3487 8.18607 61.7318
97.5991 32.6114 21.3797 8.18625 61.7008
97.6991 32.5761 21.4108 8.18639 61.6697
97.7991 32.5408 21.4418 8.18652 61.6387
97.8991 32.5054 21.4728 8.18662 61.6077
97.9991 32.47 21.5038 8.18669 61.5767
98.0991 32.4346 21.5348 8.18674 61.5457
98.1991 32.3992 21.5658 8.18676 61.5147
98.2991 32.3638 21.5968 8.18676 61.4837
98.3991 32.3283 21.6278 8.18673 61.4527
98.4991 32.2929 21.6588 8.18668 61.4217
98.5991 32.2574 21.6897 8.1866 61.3907
98.6991 32.2219 21.7207 8.1865 61.3598
98.7991 32.1863 21.7516 8.18637 61.3288
98.8991 32.1508 21.7826 8.18622 61.2979
98.9991 32.1152 21.8135 8.18604 61.267
99.0991 32.0796 21.8444 8.18584 61.236
99.1991 32.044 21.8754 8.18561 61.2051
99.2991 32.0084 21.9063 8.18535 61.1742
99.3991 31.9727 21.9372 8.18507 61.1433
99.4991 31.9371 21.9681 8.18477 61.1124
99.5991 31.9014 21.9989 8.18444 61.0815
99.6991 31.8656 22.0298 8.18408 61.0507
99.799 31.8299 22.0607 8.1837 61.0198
99.899 31.7942 22.0915 8.1833 60.989
99.999 31.7584 22.1224 8.18286 60.9581
100.099 31.7226 22.1532 8.18241 60.9273
100.199 31.6868 22.184 8.18193 60.8965
100.299 31.651 22.2148 8.18142 60.8656
100.399 31.6151 22.2456 8.18088 60.8348
100.499 31.5793 22.2764 8.18032 60.804
100.599 31.5434 22.3072 8.17974 60.7733
100.699 31.5075 22.338 8.17913 60.7425
100.799 31.4715 22.3688 8.17849 60.7117
100.899 31.4356 22.3995 8.17783 60.681
100.999 31.3996 22.4303 8.17715 60.6502
101.099 31.3637 22.461 8.17643 60.6195
101.199 31.3277 22.4917 8.17569 60.5888
101.299 31.2917 22.5224 8.17493 60.558
101.399 31.2556 22.5531 8.17414 60.5273
101.499 31.2196 22.5838 8.17333 60.4967
101.599 31.1835 22.6145 8.17249 60.466
101.699 31.1474 22.6452 8.17162 60.4353
101.799 31.1113 22.6758 8.17073 60.4046
101.899 31.0752 22.7065 8.16981 60.374
101.999 31.039 22.7371 8.16886 60.3434
102.099 31.0029 22.7677 8.1679 60.3127
102.199 30.9667 22.7984 8.1669 60.2821
102.299 30.9305 22.829 8.16588 60.2515
102.399 30.8943 22.8595 8.16483 60.2209
102.499 30.858 22.8901 8.16376 60.1904
102.599 30.8218 22.9207 8.16266 60.1598
102.699 30.7855 22.9512 8.16153 60.1292
102.799 30.7492 22.9818 8.16038 60.0987
102.899 30.7129 23.0123 8.15921 60.0682
102.999 30.6766 23.0428 8.158 60.0376
103.099 30.6402 23.0733 8.15678 60.0071
103.199 30.6039 23.1038 8.15552 59.9766
103.299 30.5675 23.1343 8.15424 59.9462
103.399 30.5311 23.1648 8.15294 59.9157
103.499 30.4947 23.1952 8.1516 59.8852
103.599 30.4583 23.2257 8.15024 59.8548
103.699 30.4218 23.2561 8.14886 59.8244
103.799 30.3853 23.2865 8.14745 59.794
103.899 30.3489 23.3169 8.14601 59.7636
103.999 30.3124 23.3473 8.14455 59.7332
104.099 30.2758 23.3777 8.14306 59.7028
104.199 30.2393 23.4081 8.14155 59.6724
104.299 30.2028 23.4384 8.14001 59.6421
104.399 30.1662 23.4688 8.13844 59.6117
104.499 30.1296 23.4991 8.13684 59.5814
104.599 30.093 23.5294 8.13522 59.5511
104.699 30.0564 23.5597 8.13358 59.5208
104.799 30.0198 23.59 8.13191 59.4905
104.899 29.9831 23.6202 8.13021 59.4602
104.999 29.9464 23.6505 8.12848 59.43
105.099 29.9098 23.6807 8.12673 59.3998
105.199 29.8731 23.711 8.12496 59.3695
105.299 29.8363 23.7412 8.12315 59.3393
105.399 29.7996 23.7714 8.12132 59.3091
105.499 29.7629 23.8015 8.11947 59.2789
105.599 29.7261 23.8317 8.11759 59.2488
105.699 29.6893 23.8619 8.11568 59.2186
105.799 29.6525 23.892 8.11374 59.1885
105.899 29.6157 23.9221 8.11178 59.1584
105.999 29.5789 23.9522 8.10979 59.1282
106.099 29.542 23.9823 8.10778 59.0981
106.199 29.5052 24.0124 8.10574 59.0681
106.299 29.4683 24.0425 8.10367 59.038
106.399 29.4314 24.0725 8.10158 59.008
106.499 29.3945 24.1026 8.09946 58.9779
106.599 29.3576 24.1326 8.09731 58.9479
106.699 29.3206 24.1626 8.09514 58.9179
106.799 29.2837 24.1926 8.09294 58.8879
106.899 29.2467 24.2225 8.09071 58.858
106.999 29.2097 24.2525 8.08846 58.828
107.099 29.1727 24.2824 8.08618 58.7981
107.199 29.1357 24.3123 8.08388 58.7681
107.299 29.0986 24.3422 8.08155 58.7382
107.399 29.0616 24.3721 8.07919 58.7083
107.499 29.0245 24.402 8.0768 58.6785
107.599 28.9874 24.4319 8.07439 58.6486
107.699 28.9503 24.4617 8.07195 58.6188
107.799 28.9132 24.4915 8.06949 58.5889
107.899 28.8761 24.5213 8.067 58.5591
107.999 28.839 24.5511 8.06448 58.5294
108.099 28.8018 24.5809 8.06193 58.4996
108.199 28.7646 24.6107 8.05936 58.4698
108.299 28.7274 24.6404 8.05676 58.4401
108.399 28.6902 24.6701 8.05414 58.4104
108.499 28.653 24.6998 8.05149 58.3807
108.599 28.6158 24.7295 8.04881 58.351
108.699 28.5785 24.7592 8.0461 58.3213
108.799 28.5413 24.7888 8.04337 58.2916
108.899 28.504 24.8185 8.04061 58.262
108.999 28.4667 24.8481 8.03783 58.2324
109.099 28.4294 24.8777 8.03502 58.2028
109.199 28.3921 24.9073 8.03218 58.1732
109.299 28.3548 24.9368 8.02931 58.1436
109.399 28.3174 24.9664 8.02642 58.1141
109.499 28.28 24.9959 8.0235 58.0846
109.599 28.2427 25.0254 8.02055 58.0551
109.699 28.2053 25.0549 8.01758 58.0256
109.799 28.1679 25.0844 8.01458 57.9961
109.899 28.1304 25.1138 8.01155 57.9666
109.999 28.093 25.1433 8.0085 57.9372
110.099 28.0556 25.1727 8.00542 57.9078
110.199 28.0181 25.2021 8.00231 57.8784
110.299 27.9806 25.2315 7.99918 57.849
110.399 27.9431 25.2608 7.99602 57.8197
110.499 27.9056 25.2902 7.99283 57.7903
110.599 27.8681 25.3195 7.98961 57.761
110.699 27.8306 25.3488 7.98637 57.7317
110.799 27.793 25.3781 7.9831 57.7024
110.899 27.7554 25.4073 7.97981 57.6731
110.999 27.7179 25.4366 7.97648 57.6439
111.099 27.6803 25.4658 7.97313 57.6147
111.199 27.6427 25.495 7.96976 57.5855
111.299 27.6051 25.5242 7.96635 57.5563
111.399 27.5674 25.5534 7.96292 57.5271
111.499 27.5298 25.5825 7.95947 57.498
111.599 27.4921 25.6116 7.95598 57.4688
111.699 27.4545 25.6407 7.95247 57.4397
111.799 27.4168 25.6698 7.94893 57.4107
111.899 27.3791 25.6989 7.94536 57.3816
111.999 27.3414 25.7279 7.94177 57.3525
112.099 27.3036 25.757 7.93815 57.3235
112.199 27.2659 25.786 7.9345 57.2945
112.299 27.2281 25.8149 7.93083 57.2655
112.399 27.1904 25.8439 7.92713 57.2366
112.499 27.1526 25.8728 7.9234 57.2076
112.599 27.1148 25.9018 7.91964 57.1787
112.699 27.077 25.9307 7.91586 57.1498
112.799 27.0392 25.9595 7.91205 57.1209
112.899 27.0014 25.9884 7.90821 57.0921
112.999 26.9635 26.0172 7.90435 57.0632
113.099 26.9257 26.0461 7.90046 57.0344
113.199 26.8878 26.0748 7.89654 57.0056
113.299 26.8499 26.1036 7.8926 56.9769
113.399 26.812 26.1324 7.88862 56.9481
113.499 26.7741 26.1611 7.88462 56.9194
113.599 26.7362 26.1898 7.8806 56.8907
113.699 26.6982 26.2185 7.87654 56.862
113.799 26.6603 26.2471 7.87246 56.8333
113.899 26.6223 26.2758 7.86835 56.8047
113.999 26.5844 26.3044 7.86422 56.7761
114.099 26.5464 26.333 7.86005 56.7475
114.199 26.5084 26.3616 7.85586 56.7189
114.299 26.4704 26.3901 7.85165 56.6904
114.399 26.4323 26.4187 7.8474 56.6618
114.499 26.3943 26.4472 7.84313 56.6333
114.599 26.3563 26.4756 7.83883 56.6048
114.699 26.3182 26.5041 7.8345 56.5764
114.799 26.2801 26.5325 7.83015 56.5479
114.899 26.2421 26.561 7.82577 56.5195
114.999 26.204 26.5894 7.82136 56.4911
115.099 26.1658 26.6177 7.81692 56.4628
115.199 26.1277 26.6461 7.81246 56.4344
115.299 26.0896 26.6744 7.80797 56.4061
115.399 26.0514 26.7027 7.80345 56.3778
115.499 26.0133 26.731 7.79891 56.3495
115.599 25.9751 26.7592 7.79434 56.3213
115.699 25.9369 26.7874 7.78974 56.293
115.799 25.8987 26.8157 7.78511 56.2648
115.899 25.8605 26.8438 7.78046 56.2366
115.999 25.8223 26.872 7.77578 56.2085
116.099 25.7841 26.9001 7.77107 56.1804
116.199 25.7459 26.9282 7.76633 56.1522
116.299 25.7076 26.9563 7.76157 56.1242
116.399 25.6693 26.9844 7.75678 56.0961
116.499 25.6311 27.0124 7.75196 56.0681
116.599 25.5928 27.0404 7.74711 56.0401
116.699 25.5545 27.0684 7.74224 56.0121
116.799 25.5162 27.0964 7.73734 55.9841
116.899 25.4778 27.1243 7.73241 55.9562
116.999 25.4395 27.1522 7.72746 55.9282
117.099 25.4012 27.1801 7.72248 55.9004
117.199 25.3628 27.208 7.71747 55.8725
117.299 25.3244 27.2358 7.71243 55.8447
117.399 25.2861 27.2636 7.70737 55.8168
117.499 25.2477 27.2914 7.70228 55.7891
117.599 25.2093 27.3192 7.69716 55.7613
117.699 25.1709 27.3469 7.69201 55.7336
117.799 25.1324 27.3746 7.68684 55.7058
117.899 25.094 27.4023 7.68164 55.6782
117.999 25.0556 27.43 7.67641 55.6505
118.099 25.0171 27.4576 7.67115 55.6229
118.199 24.9786 27.4852 7.66587 55.5952
118.299 24.9401 27.5128 7.66056 55.5677
118.399 24.9017 27.5404 7.65522 55.5401
118.499 24.8631 27.5679 7.64985 55.5126
118.599 24.8246 27.5954 7.64446 55.4851
118.699 24.7861 27.6229 7.63904 55.4576
118.799 24.7476 27.6504 7.63359 55.4301
118.899 24.709 27.6778 7.62812 55.4027
118.999 24.6705 27.7052 7.62262 55.3753
119.099 24.6319 27.7326 7.61709 55.3479
119.199 24.5933 27.7599 7.61153 55.3206
119.299 24.5547 27.7872 7.60595 55.2932
119.399 24.5161 27.8145 7.60033 55.266
119.499 24.4775 27.8418 7.5947 55.2387
119.599 24.4389 27.869 7.58903 55.2114
119.699 24.4003 27.8963 7.58333 55.1842
119.799 24.3616 27.9234 7.57761 55.157
119.899 24.323 27.9506 7.57186 55.1299
119.999 24.2843 27.9777 7.56609 55.1027
120.099 24.2456 28.0048 7.56028 55.0756
120.199 24.2069 28.0319 7.55445 55.0486
120.299 24.1683 28.059 7.54859 55.0215
120.399 24.1295 28.086 7.54271 54.9945
120.499 24.0908 28.113 7.5368 54.9675
120.599 24.0521 28.14 7.53085 54.9405
120.699 24.0134 28.1669 7.52489 54.9136
120.799 23.9746 28.1938 7.51889 54.8867
120.899 23.9359 28.2207 7.51287 54.8598
120.999 23.8971 28.2475 7.50682 54.8329
121.099 23.8583 28.2744 7.50074 54.8061
121.199 23.8195 28.3012 7.49464 54.7793
121.299 23.7807 28.3279 7.4885 54.7525
121.399 23.7419 28.3547 7.48234 54.7258
121.499 23.7031 28.3814 7.47616 54.6991
121.599 23.6643 28.4081 7.46994 54.6724
121.699 23.6254 28.4347 7.4637 54.6457
121.799 23.5866 28.4614 7.45743 54.6191
121.899 23.5477 28.488 7.45114 54.5925
121.999 23.5089 28.5145 7.44481 54.5659
122.099 23.47 28.5411 7.43846 54.5394
122.199 23.4311 28.5676 7.43208 54.5129
122.299 23.3922 28.5941 7.42568 54.4864
122.399 23.3533 28.6205 7.41924 54.4599
122.499 23.3144 28.647 7.41278 54.4335
122.599 23.2754 28.6734 7.40629 54.4071
122.699 23.2365 28.6997 7.39978 54.3808
122.799 23.1976 28.7261 7.39324 54.3544
122.899 23.1586 28.7524 7.38667 54.3281
122.999 23.1196 28.7786 7.38007 54.3018
123.099 23.0807 28.8049 7.37344 54.2756
123.199 23.0417 28.8311 7.36679 54.2494
123.299 23.0027 28.8573 7.36011 54.2232
123.399 22.9637 28.8835 7.35341 54.197
123.499 22.9247 28.9096 7.34667 54.1709
123.599 22.8856 28.9357 7.33991 54.1448
123.699 22.8466 28.9618 7.33312 54.1187
123.799 22.8076 28.9878 7.32631 54.0927
123.899 22.7685 29.0138 7.31946 54.0667
123.999 22.7295 29.0398 7.31259 54.0407
124.099 22.6904 29.0657 7.30569 54.0148
124.199 22.6513 29.0916 7.29877 53.9888
124.299 22.6122 29.1175 7.29182 53.963
124.399 22.5731 29.1434 7.28484 53.9371
124.499 22.534 29.1692 7.27783 53.9113
124.599 22.4949 29.195 7.2708 53.8855
124.699 22.4558 29.2207 7.26374 53.8597
124.799 22.4166 29.2465 7.25665 53.834
124.899 22.3775 29.2722 7.24953 53.8083
124.999 22.3383 29.2978 7.24239 53.7826
125.099 22.2992 29.3235 7.23522 53.757
125.199 22.26 29.3491 7.22802 53.7314
125.299 22.2208 29.3747 7.2208 53.7058
125.399 22.1816 29.4002 7.21355 53.6803
125.499 22.1424 29.4257 7.20627 53.6548
125.599 22.1032 29.4512 7.19896 53.6293
125.699 22.064 29.4766 7.19163 53.6038
125.799 22.0248 29.502 7.18427 53.5784
125.899 21.9856 29.5274 7.17688 53.5531
125.999 21.9463 29.5528 7.16947 53.5277
126.099 21.9071 29.5781 7.16203 53.5024
126.199 21.8678 29.6034 7.15456 53.4771
126.299 21.8285 29.6286 7.14706 53.4518
126.399 21.7893 29.6539 7.13954 53.4266
126.499 21.75 29.679 7.13199 53.4014
126.599 21.7107 29.7042 7.12441 53.3763
126.699 21.6714 29.7293 7.11681 53.3512
126.799 21.6321 29.7544 7.10918 53.3261
126.899 21.5928 29.7795 7.10152 53.301
126.999 21.5534 29.8045 7.09383 53.276
127.099 21.5141 29.8295 7.08612 53.251
127.199 21.4747 29.8545 7.07838 53.226
127.299 21.4354 29.8794 7.07061 53.2011
127.399 21.396 29.9043 7.06282 53.1762
127.499 21.3567 29.9291 7.055 53.1513
127.599 21.3173 29.954 7.04715 53.1265
127.699 21.2779 29.9788 7.03928 53.1017
127.799 21.2385 30.0035 7.03138 53.077
127.899 21.1991 30.0282 7.02345 53.0522
127.999 21.1597 30.0529 7.01549 53.0275
128.099 21.1203 30.0776 7.00751 53.0029
128.199 21.0808 30.1022 6.9995 52.9783
128.299 21.0414 30.1268 6.99147 52.9537
128.399 21.0019 30.1514 6.9834 52.9291
128.499 20.9625 30.1759 6.97531 52.9046
128.599 20.923 30.2004 6.9672 52.8801
128.699 20.8836 30.2249 6.95905 52.8556
128.799 20.8441 30.2493 6.95088 52.8312
128.899 20.8046 30.2737 6.94268 52.8068
128.999 20.7651 30.298 6.93446 52.7825
129.099 20.7256 30.3223 6.92621 52.7581
129.199 20.6861 30.3466 6.91793 52.7339
129.299 20.6466 30.3709 6.90962 52.7096
129.399 20.607 30.3951 6.90129 52.6854
129.499 20.5675 30.4193 6.89293 52.6612
129.599 20.5279 30.4434 6.88455 52.6371
129.699 20.4884 30.4675 6.87614 52.6129
129.799 20.4488 30.4916 6.8677 52.5889
129.899 20.4093 30.5157 6.85923 52.5648
129.999 20.3697 30.5397 6.85074 52.5408
130.099 20.3301 30.5636 6.84222 52.5168
130.199 20.2905 30.5876 6.83368 52.4929
130.299 20.2509 30.6115 6.82511 52.469
130.399 20.2113 30.6354 6.81651 52.4451
130.499 20.1717 30.6592 6.80788 52.4213
130.599 20.1321 30.683 6.79923 52.3975
130.699 20.0925 30.7067 6.79055 52.3737
130.799 20.0528 30.7305 6.78185 52.35
130.899 20.0132 30.7542 6.77312 52.3263
130.999 19.9735 30.7778 6.76436 52.3027
131.099 19.9339 30.8014 6.75557 52.2791
131.199 19.8942 30.825 6.74676 52.2555
131.299 19.8545 30.8486 6.73793 52.2319
131.399 19.8148 30.8721 6.72906 52.2084
131.499 19.7751 30.8955 6.72017 52.1849
131.599 19.7355 30.919 6.71125 52.1615
131.699 19.6957 30.9424 6.70231 52.1381
131.799 19.656 30.9657 6.69334 52.1147
131.899 19.6163 30.9891 6.68435 52.0914
131.999 19.5766 31.0124 6.67532 52.0681
132.099 19.5369 31.0356 6.66628 52.0449
132.199 19.4971 31.0588 6.6572 52.0217
132.299 19.4574 31.082 6.6481 51.9985
132.399 19.4176 31.1052 6.63897 51.9753
132.499 19.3779 31.1283 6.62982 51.9522
132.599 19.3381 31.1513 6.62064 51.9291
132.699 19.2983 31.1744 6.61143 51.9061
132.799 19.2585 31.1974 6.6022 51.8831
132.899 19.2187 31.2203 6.59294 51.8602
132.999 19.1789 31.2432 6.58366 51.8372
133.099 19.1391 31.2661 6.57434 51.8143
133.199 19.0993 31.289 6.56501 51.7915
133.299 19.0595 31.3118 6.55564 51.7687
133.399 19.0197 31.3346 6.54626 51.7459
133.499 18.9798 31.3573 6.53684 51.7232
133.599 18.94 31.38 6.5274 51.7005
133.699 18.9002 31.4027 6.51793 51.6778
133.799 18.8603 31.4253 6.50844 51.6552
133.899 18.8204 31.4479 6.49892 51.6326
133.999 18.7806 31.4704 6.48937 51.6101
134.099 18.7407 31.4929 6.4798 51.5876
134.199 18.7008 31.5154 6.4702 51.5651
134.299 18.6609 31.5378 6.46058 51.5427
134.399 18.621 31.5602 6.45093 51.5203
134.499 18.5811 31.5826 6.44126 51.4979
134.599 18.5412 31.6049 6.43156 51.4756
134.699 18.5013 31.6272 6.42183 51.4533
134.799 18.4614 31.6494 6.41208 51.4311
134.899 18.4215 31.6716 6.4023 51.4089
134.999 18.3815 31.6938 6.39249 51.3867
135.099 18.3416 31.7159 6.38266 51.3646
135.199 18.3016 31.738 6.37281 51.3425
135.299 18.2617 31.76 6.36293 51.3204
135.399 18.2217 31.782 6.35302 51.2984
135.499 18.1818 31.804 6.34309 51.2765
135.599 18.1418 31.8259 6.33313 51.2545
135.699 18.1018 31.8478 6.32315 51.2326
135.799 18.0618 31.8697 6.31314 51.2108
135.899 18.0218 31.8915 6.3031 51.189
135.999 17.9818 31.9133 6.29304 51.1672
136.099 17.9418 31.935 6.28296 51.1455
136.199 17.9018 31.9567 6.27284 51.1238
136.299 17.8618 31.9784 6.26271 51.1021
136.399 17.8218 32 6.25255 51.0805
136.499 17.7817 32.0216 6.24236 51.0589
136.599 17.7417 32.0431 6.23215 51.0374
136.699 17.7017 32.0646 6.22191 51.0159
136.799 17.6616 32.0861 6.21164 50.9944
136.899 17.6215 32.1075 6.20135 50.973
136.999 17.5815 32.1289 6.19104 50.9516
137.099 17.5414 32.1502 6.1807 50.9303
137.199 17.5013 32.1715 6.17034 50.909
137.299 17.4613 32.1927 6.15995 50.8877
137.399 17.4212 32.214 6.14953 50.8665
137.499 17.3811 32.2351 6.13909 50.8453
137.599 17.341 32.2563 6.12863 50.8242
137.699 17.3009 32.2774 6.11814 50.8031
137.799 17.2608 32.2984 6.10762 50.782
137.899 17.2206 32.3194 6.09708 50.761
137.999 17.1805 32.3404 6.08651 50.7401
138.099 17.1404 32.3614 6.07592 50.7191
138.199 17.1002 32.3823 6.06531 50.6982
138.299 17.0601 32.4031 6.05467 50.6774
138.399 17.02 32.4239 6.044 50.6566
138.499 16.9798 32.4447 6.03331 50.6358
138.599 16.9396 32.4654 6.0226 50.6151
138.699 16.8995 32.4861 6.01186 50.5944
138.799 16.8593 32.5068 6.00109 50.5737
138.899 16.8191 32.5274 5.9903 50.5531
138.999 16.7789 32.5479 5.97949 50.5325
139.099 16.7388 32.5685 5.96865 50.512
139.199 16.6986 32.5889 5.95779 50.4915
139.299 16.6584 32.6094 5.9469 50.4711
139.399 16.6182 32.6298 5.93599 50.4507
139.499 16.5779 32.6501 5.92505 50.4303
139.599 16.5377 32.6705 5.91409 50.41
139.699 16.4975 32.6907 5.9031 50.3897
139.799 16.4573 32.711 5.89209 50.3695
139.899 16.417 32.7312 5.88106 50.3493
139.999 16.3768 32.7513 5.87 50.3292
140.099 16.3365 32.7714 5.85891 50.3091
140.199 16.2963 32.7915 5.8478 50.289
140.299 16.256 32.8115 5.83667 50.269
140.399 16.2158 32.8315 5.82552 50.249
140.499 16.1755 32.8514 5.81433 50.229
140.599 16.1352 32.8713 5.80313 50.2091
140.699 16.095 32.8912 5.7919 50.1893
140.799 16.0547 32.911 5.78065 50.1695
140.899 16.0144 32.9308 5.76937 50.1497
140.999 15.9741 32.9505 5.75807 50.13
141.099 15.9338 32.9702 5.74674 50.1103
141.199 15.8935 32.9899 5.73539 50.0906
141.299 15.8532 33.0095 5.72401 50.071
141.399 15.8128 33.029 5.71262 50.0515
141.499 15.7725 33.0485 5.70119 50.032
141.599 15.7322 33.068 5.68975 50.0125
141.699 15.6919 33.0874 5.67828 49.993
141.799 15.6515 33.1068 5.66679 49.9737
141.899 15.6112 33.1262 5.65527 49.9543
141.999 15.5708 33.1455 5.64373 49.935
142.099 15.5305 33.1647 5.63216 49.9158
142.199 15.4901 33.1839 5.62057 49.8965
142.299 15.4497 33.2031 5.60896 49.8774
142.399 15.4094 33.2222 5.59732 49.8582
142.499 15.369 33.2413 5.58567 49.8391
142.6 15.3286 33.2604 5.57398 49.8201
142.7 15.2882 33.2794 5.56228 49.8011
142.8 15.2478 33.2983 5.55055 49.7821
142.9 15.2074 33.3172 5.53879 49.7632
143 15.167 33.3361 5.52702 49.7444
143.1 15.1266 33.3549 5.51521 49.7255
143.2 15.0862 33.3737 5.50339 49.7068
143.3 15.0458 33.3925 5.49154 49.688
143.4 15.0054 33.4112 5.47967 49.6693
143.5 14.965 33.4298 5.46778 49.6507
143.6 14.9245 33.4484 5.45586 49.6321
143.7 14.8841 33.467 5.44392 49.6135
143.8 14.8437 33.4855 5.43196 49.595
143.9 14.8032 33.504 5.41998 49.5765
144 14.7628 33.5224 5.40797 49.5581
144.1 14.7223 33.5408 5.39593 49.5397
144.2 14.6818 33.5591 5.38388 49.5214
144.3 14.6414 33.5774 5.3718 49.5031
144.4 14.6009 33.5957 5.3597 49.4848
144.5 14.5604 33.6139 5.34758 49.4666
144.6 14.5199 33.632 5.33543 49.4484
144.7 14.4795 33.6502 5.32326 49.4303
144.8 14.439 33.6682 5.31107 49.4122
144.9 14.3985 33.6863 5.29885 49.3942
145 14.358 33.7042 5.28662 49.3762
145.1 14.3175 33.7222 5.27436 49.3583
145.2 14.277 33.7401 5.26207 49.3404
145.3 14.2365 33.7579 5.24977 49.3225
145.4 14.1959 33.7757 5.23744 49.3047
145.5 14.1554 33.7935 5.22509 49.287
145.6 14.1149 33.8112 5.21272 49.2693
145.7 14.0744 33.8289 5.20033 49.2516
145.8 14.0338 33.8465 5.18791 49.234
145.9 13.9933 33.8641 5.17547 49.2164
146 13.9527 33.8816 5.16301 49.1989
146.1 13.9122 33.8991 5.15052 49.1814
146.2 13.8716 33.9166 5.13802 49.1639
146.3 13.8311 33.934 5.12549 49.1465
146.4 13.7905 33.9513 5.11294 49.1292
146.5 13.7499 33.9686 5.10037 49.1119
146.6 13.7094 33.9859 5.08777 49.0946
146.7 13.6688 34.0031 5.07516 49.0774
146.8 13.6282 34.0203 5.06252 49.0602
146.9 13.5876 34.0374 5.04986 49.0431
147 13.547 34.0545 5.03718 49.026
147.1 13.5064 34.0715 5.02447 49.009
147.2 13.4658 34.0885 5.01175 48.992
147.3 13.4252 34.1054 4.999 48.975
147.4 13.3846 34.1223 4.98623 48.9581
147.5 13.344 34.1392 4.97344 48.9413
147.6 13.3034 34.156 4.96063 48.9245
147.7 13.2628 34.1727 4.9478 48.9077
147.8 13.2221 34.1895 4.93494 48.891
147.9 13.1815 34.2061 4.92207 48.8744
148 13.1409 34.2227 4.90917 48.8577
148.1 13.1002 34.2393 4.89625 48.8412
148.2 13.0596 34.2558 4.88331 48.8246
148.3 13.019 34.2723 4.87035 48.8082
148.4 12.9783 34.2887 4.85736 48.7917
148.5 12.9376 34.3051 4.84436 48.7753
148.6 12.897 34.3215 4.83134 48.759
148.7 12.8563 34.3378 4.81829 48.7427
148.8 12.8157 34.354 4.80522 48.7265
148.9 12.775 34.3702 4.79213 48.7103
149 12.7343 34.3864 4.77903 48.6941
149.1 12.6936 34.4025 4.7659 48.678
149.2 12.6529 34.4185 4.75275 48.662
149.3 12.6123 34.4345 4.73957 48.6459
149.4 12.5716 34.4505 4.72638 48.63
149.5 12.5309 34.4664 4.71317 48.6141
149.6 12.4902 34.4823 4.69994 48.5982
149.7 12.4495 34.4981 4.68668 48.5824
149.8 12.4088 34.5139 4.67341 48.5666
149.9 12.3681 34.5296 4.66011 48.5509
150 12.3273 34.5453 4.6468 48.5352
150.1 12.2866 34.5609 4.63346 48.5195
150.2 12.2459 34.5765 4.6201 48.504
150.3 12.2052 34.5921 4.60673 48.4884
150.4 12.1644 34.6076 4.59333 48.4729
150.5 12.1237 34.623 4.57991 48.4575
150.6 12.083 34.6384 4.56648 48.4421
150.7 12.0422 34.6538 4.55302 48.4267
150.8 12.0015 34.6691 4.53954 48.4114
150.9 11.9607 34.6843 4.52604 48.3962
151 11.92 34.6995 4.51253 48.381
151.1 11.8792 34.7147 4.49899 48.3658
151.2 11.8385 34.7298 4.48543 48.3507
151.3 11.7977 34.7448 4.47185 48.3356
151.4 11.7569 34.7599 4.45826 48.3206
151.5 11.7161 34.7748 4.44464 48.3057
151.6 11.6754 34.7897 4.43101 48.2907
151.7 11.6346 34.8046 4.41735 48.2759
151.8 11.5938 34.8194 4.40367 48.261
151.9 11.553 34.8342 4.38998 48.2463
152 11.5122 34.8489 4.37627 48.2315
152.1 11.4714 34.8636 4.36253 48.2169
152.2 11.4306 34.8783 4.34878 48.2022
152.3 11.3898 34.8928 4.33501 48.1876
152.4 11.349 34.9074 4.32121 48.1731
152.5 11.3082 34.9219 4.3074 48.1586
152.6 11.2674 34.9363 4.29357 48.1442
152.7 11.2266 34.9507 4.27973 48.1298
152.8 11.1858 34.965 4.26586 48.1155
152.9 11.145 34.9793 4.25197 48.1012
153 11.1041 34.9935 4.23806 48.0869
153.1 11.0633 35.0077 4.22414 48.0727
153.2 11.0225 35.0219 4.2102 48.0586
153.3 10.9816 35.036 4.19623 48.0445
153.4 10.9408 35.05 4.18225 48.0305
153.5 10.8999 35.064 4.16825 48.0165
153.6 10.8591 35.078 4.15423 48.0025
153.7 10.8183 35.0919 4.1402 47.9886
153.8 10.7774 35.1057 4.12614 47.9748
153.9 10.7365 35.1195 4.11207 47.961
154 10.6957 35.1333 4.09798 47.9472
154.1 10.6548 35.147 4.08387 47.9335
154.2 10.614 35.1606 4.06974 47.9198
154.3 10.5731 35.1742 4.05559 47.9062
154.4 10.5322 35.1878 4.04143 47.8927
154.5 10.4913 35.2013 4.02724 47.8792
154.6 10.4505 35.2148 4.01304 47.8657
154.7 10.4096 35.2282 3.99882 47.8523
154.8 10.3687 35.2415 3.98458 47.839
154.9 10.3278 35.2548 3.97033 47.8256
155 10.2869 35.2681 3.95606 47.8124
155.1 10.246 35.2813 3.94177 47.7992
155.2 10.2051 35.2945 3.92746 47.786
155.3 10.1642 35.3076 3.91313 47.7729
155.4 10.1233 35.3206 3.89879 47.7598
155.5 10.0824 35.3337 3.88443 47.7468
155.6 10.0415 35.3466 3.87005 47.7339
155.7 10.0006 35.3595 3.85565 47.721
155.8 9.95965 35.3724 3.84124 47.7081
155.9 9.91873 35.3852 3.82681 47.6953
156 9.87781 35.398 3.81236 47.6825
156.1 9.83688 35.4107 3.79789 47.6698
156.2 9.79595 35.4233 3.78341 47.6571
156.3 9.75502 35.4359 3.76891 47.6445
156.4 9.71409 35.4485 3.75439 47.632
156.5 9.67315 35.461 3.73986 47.6195
156.6 9.63221 35.4735 3.72531 47.607
156.7 9.59126 35.4859 3.71074 47.5946
156.8 9.55032 35.4983 3.69616 47.5822
156.9 9.50937 35.5106 3.68156 47.5699
157 9.46841 35.5228 3.66694 47.5576
157.1 9.42746 35.535 3.65231 47.5454
157.2 9.3865 35.5472 3.63766 47.5333
157.3 9.34554 35.5593 3.62299 47.5212
157.4 9.30457 35.5714 3.60831 47.5091
157.5 9.26361 35.5834 3.59361 47.4971
157.6 9.22264 35.5953 3.57889 47.4851
157.7 9.18166 35.6073 3.56416 47.4732
157.8 9.14069 35.6191 3.54941 47.4614
157.9 9.09971 35.6309 3.53464 47.4496
158 9.05873 35.6427 3.51986 47.4378
158.1 9.01774 35.6544 3.50507 47.4261
158.2 8.97676 35.666 3.49025 47.4144
158.3 8.93577 35.6776 3.47543 47.4028
158.4 8.89478 35.6892 3.46058 47.3913
158.5 8.85378 35.7007 3.44572 47.3798
158.6 8.81279 35.7121 3.43085 47.3683
158.7 8.77179 35.7235 3.41595 47.3569
158.8 8.73078 35.7349 3.40105 47.3456
158.9 8.68978 35.7462 3.38612 47.3343
159.001 8.64877 35.7574 3.37119 47.323
159.101 8.60776 35.7686 3.35623 47.3118
159.201 8.56675 35.7798 3.34126 47.3007
159.301 8.52573 35.7909 3.32628 47.2896
159.401 8.48471 35.8019 3.31128 47.2786
159.501 8.44369 35.8129 3.29627 47.2676
159.601 8.40267 35.8239 3.28124 47.2566
159.701 8.36164 35.8348 3.26619 47.2457
159.801 8.32061 35.8456 3.25113 47.2349
159.901 8.27958 35.8564 3.23606 47.2241
160.001 8.23855 35.8671 3.22097 47.2134
160.101 8.19751 35.8778 3.20587 47.2027
160.201 8.15648 35.8884 3.19075 47.192
160.301 8.11544 35.899 3.17561 47.1815
160.401 8.07439 35.9095 3.16047 47.1709
160.501 8.03335 35.92 3.1453 47.1605
160.601 7.9923 35.9305 3.13013 47.15
160.701 7.95125 35.9408 3.11494 47.1397
160.801 7.9102 35.9512 3.09973 47.1293
160.901 7.86914 35.9614 3.08451 47.1191
161.001 7.82808 35.9716 3.06928 47.1088
161.101 7.78702 35.9818 3.05403 47.0987
161.201 7.74596 35.9919 3.03877 47.0885
161.301 7.7049 36.002 3.02349 47.0785
161.401 7.66383 36.012 3.0082 47.0685
161.501 7.62276 36.022 2.9929 47.0585
161.601 7.58169 36.0319 2.97758 47.0486
161.701 7.54062 36.0417 2.96225 47.0387
161.801 7.49954 36.0516 2.94691 47.0289
161.901 7.45846 36.0613 2.93155 47.0192
162.001 7.41738 36.071 2.91618 47.0095
162.101 7.3763 36.0807 2.90079 46.9998
162.201 7.33522 36.0903 2.88539 46.9902
162.301 7.29413 36.0998 2.86998 46.9807
162.401 7.25304 36.1093 2.85456 46.9712
162.501 7.21195 36.1187 2.83912 46.9617
162.601 7.17086 36.1281 2.82367 46.9523
162.701 7.12976 36.1375 2.8082 46.943
162.801 7.08866 36.1468 2.79273 46.9337
162.901 7.04757 36.156 2.77724 46.9245
163.001 7.00646 36.1652 2.76173 46.9153
163.101 6.96536 36.1743 2.74622 46.9062
163.201 6.92425 36.1834 2.73069 46.8971
163.301 6.88315 36.1924 2.71515 46.8881
163.401 6.84204 36.2014 2.69959 46.8791
163.501 6.80092 36.2103 2.68403 46.8702
163.601 6.75981 36.2192 2.66845 46.8613
163.701 6.7187 36.228 2.65286 46.8525
163.801 6.67758 36.2367 2.63725 46.8437
163.901 6.63646 36.2455 2.62164 46.835
164.001 6.59534 36.2541 2.60601 46.8264
164.101 6.55421 36.2627 2.59037 46.8178
164.201 6.51309 36.2713 2.57472 46.8092
164.301 6.47196 36.2798 2.55906 46.8007
164.401 6.43083 36.2882 2.54338 46.7923
164.501 6.3897 36.2966 2.52769 46.7839
164.601 6.34856 36.305 2.51199 46.7755
164.701 6.30743 36.3132 2.49628 46.7672
164.801 6.26629 36.3215 2.48056 46.759
164.901 6.22515 36.3297 2.46483 46.7508
165.001 6.18401 36.3378 2.44908 46.7427
165.101 6.14287 36.3459 2.43332 46.7346
165.201 6.10173 36.3539 2.41756 46.7266
165.301 6.06058 36.3619 2.40178 46.7186
165.401 6.01943 36.3698 2.38599 46.7107
165.501 5.97828 36.3777 2.37018 46.7028
165.601 5.93713 36.3855 2.35437 46.695
165.701 5.89598 36.3932 2.33855 46.6872
165.801 5.85482 36.4009 2.32271 46.6795
165.901 5.81367 36.4086 2.30687 46.6719
166.001 5.77251 36.4162 2.29101 46.6643
166.101 5.73135 36.4238 2.27514 46.6567
166.201 5.69019 36.4313 2.25927 46.6492
166.301 5.64902 36.4387 2.24338 46.6418
166.401 5.60786 36.4461 2.22748 46.6344
166.501 5.56669 36.4534 2.21157 46.6271
166.601 5.52552 36.4607 2.19565 46.6198
166.701 5.48435 36.4679 2.17972 46.6125
166.801 5.44318 36.4751 2.16378 46.6054
166.901 5.40201 36.4822 2.14783 46.5982
167.001 5.36083 36.4893 2.13187 46.5912
167.101 5.31966 36.4963 2.1159 46.5842
167.201 5.27848 36.5033 2.09992 46.5772
167.301 5.2373 36.5102 2.08394 46.5703
167.401 5.19612 36.5171 2.06794 46.5634
167.501 5.15494 36.5239 2.05193 46.5566
167.601 5.11375 36.5306 2.03591 46.5499
167.701 5.07257 36.5373 2.01988 46.5432
167.801 5.03138 36.544 2.00384 46.5365
167.901 4.99019 36.5505 1.9878 46.5299
168.001 4.949 36.5571 1.97174 46.5234
168.101 4.90781 36.5636 1.95568 46.5169
168.201 4.86662 36.57 1.9396 46.5105
168.301 4.82543 36.5764 1.92352 46.5041
168.401 4.78423 36.5827 1.90742 46.4978
168.501 4.74303 36.589 1.89132 46.4915
168.601 4.70183 36.5952 1.87521 46.4853
168.701 4.66064 36.6013 1.85909 46.4791
168.801 4.61943 36.6075 1.84297 46.473
168.901 4.57823 36.6135 1.82683 46.467
169.001 4.53703 36.6195 1.81068 46.461
169.101 4.49582 36.6255 1.79453 46.455
169.201 4.45462 36.6314 1.77837 46.4491
169.301 4.41341 36.6372 1.7622 46.4433
169.401 4.3722 36.643 1.74602 46.4375
169.501 4.33099 36.6487 1.72983 46.4318
169.601 4.28978 36.6544 1.71364 46.4261
169.701 4.24857 36.66 1.69743 46.4205
169.801 4.20735 36.6656 1.68122 46.4149
169.901 4.16614 36.6711 1.665 46.4094
170.001 4.12492 36.6766 1.64878 46.4039
170.101 4.0837 36.682 1.63254 46.3985
170.201 4.04249 36.6873 1.6163 46.3931
170.301 4.00127 36.6926 1.60005 46.3878
170.401 3.96004 36.6979 1.58379 46.3826
170.501 3.91882 36.7031 1.56753 46.3774
170.601 3.8776 36.7082 1.55126 46.3723
170.701 3.83637 36.7133 1.53498 46.3672
170.801 3.79515 36.7184 1.51869 46.3621
170.901 3.75392 36.7233 1.5024 46.3572
171.001 3.7127 36.7283 1.4861 46.3522
171.101 3.67147 36.7331 1.46979 46.3474
171.201 3.63024 36.7379 1.45347 46.3425
171.301 3.58901 36.7427 1.43715 46.3378
171.401 3.54777 36.7474 1.42082 46.3331
171.501 3.50654 36.7521 1.40449 46.3284
171.601 3.46531 36.7567 1.38815 46.3238
171.701 3.42407 36.7612 1.3718 46.3193
171.801 3.38284 36.7657 1.35544 46.3148
171.901 3.3416 36.7702 1.33908 46.3103
172.001 3.30036 36.7745 1.32272 46.3059
172.101 3.25912 36.7789 1.30634 46.3016
172.201 3.21788 36.7831 1.28996 46.2973
172.301 3.17664 36.7874 1.27358 46.2931
172.401 3.1354 36.7915 1.25718 46.2889
172.501 3.09416 36.7956 1.24079 46.2848
172.601 3.05291 36.7997 1.22438 46.2808
172.701 3.01167 36.8037 1.20797 46.2768
172.801 2.97042 36.8077 1.19156 46.2728
172.901 2.92918 36.8116 1.17514 46.2689
173.001 2.88793 36.8154 1.15871 46.2651
173.101 2.84668 36.8192 1.14228 46.2613
173.201 2.80544 36.8229 1.12584 46.2576
173.301 2.76419 36.8266 1.1094 46.2539
173.401 2.72294 36.8302 1.09295 46.2502
173.501 2.68169 36.8338 1.0765 46.2467
173.601 2.64043 36.8373 1.06004 46.2432
173.701 2.59918 36.8408 1.04358 46.2397
173.801 2.55793 36.8442 1.02711 46.2363
173.901 2.51667 36.8475 1.01064 46.2329
174.001 2.47542 36.8508 0.994159 46.2296
174.101 2.43416 36.8541 0.977676 46.2264
174.201 2.39291 36.8573 0.961189 46.2232
174.301 2.35165 36.8604 0.944698 46.2201
174.401 2.31039 36.8635 0.928202 46.217
174.501 2.26914 36.8665 0.911701 46.2139
174.601 2.22788 36.8695 0.895197 46.211
174.701 2.18662 36.8724 0.878688 46.2081
174.801 2.14536 36.8753 0.862175 46.2052
174.901 2.1041 36.8781 0.845657 46.2024
175.001 2.06284 36.8809 0.829136 46.1996
175.101 2.02157 36.8836 0.812611 46.1969
175.201 1.98031 36.8862 0.796082 46.1943
175.301 1.93905 36.8888 0.779549 46.1917
175.402 1.89778 36.8913 0.763013 46.1891
175.502 1.85652 36.8938 0.746473 46.1867
175.602 1.81526 36.8962 0.72993 46.1842
175.702 1.77399 36.8986 0.713383 46.1819
175.802 1.73272 36.9009 0.696832 46.1795
175.902 1.69146 36.9032 0.680278 46.1773
176.002 1.65019 36.9054 0.663722 46.1751
176.102 1.60892 36.9076 0.647161 46.1729
176.202 1.56766 36.9097 0.630598 46.1708
176.302 1.52639 36.9117 0.614032 46.1688
176.402 1.48512 36.9137 0.597463 46.1668
176.502 1.44385 36.9157 0.580891 46.1648
176.602 1.40258 36.9175 0.564317 46.1629
176.702 1.36131 36.9194 0.547739 46.1611
176.802 1.32004 36.9211 0.53116 46.1593
176.902 1.27877 36.9229 0.514577 46.1576
177.002 1.2375 36.9245 0.497992 46.156
177.102 1.19623 36.9261 0.481405 46.1543
177.202 1.15496 36.9277 0.464816 46.1528
177.302 1.11369 36.9292 0.448224 46.1513
177.402 1.07241 36.9306 0.43163 46.1498
177.502 1.03114 36.932 0.415034 46.1484
177.602 0.989869 36.9334 0.398437 46.1471
177.702 0.948596 36.9347 0.381837 46.1458
177.802 0.907322 36.9359 0.365235 46.1446
177.902 0.866049 36.9371 0.348632 46.1434
178.002 0.824775 36.9382 0.332027 46.1423
178.102 0.783501 36.9392 0.315421 46.1412
178.202 0.742226 36.9403 0.298813 46.1402
178.302 0.700952 36.9412 0.282203 46.1393
178.402 0.659677 36.9421 0.265593 46.1384
178.502 0.618402 36.943 0.248981 46.1375
178.602 0.577127 36.9437 0.232368 46.1367
178.702 0.535852 36.9445 0.215753 46.136
178.802 0.494576 36.9452 0.199138 46.1353
178.902 0.453301 36.9458 0.182522 46.1347
179.002 0.412025 36.9464 0.165905 46.1341
179.102 0.370749 36.9469 0.149287 46.1336
179.202 0.329473 36.9473 0.132668 46.1331
179.302 0.288197 36.9478 0.116049 46.1327
179.402 0.246921 36.9481 0.0994291 46.1324
179.502 0.205645 36.9484 0.0828089 46.1321
179.602 0.164369 36.9487 0.0661882 46.1318
179.702 0.123092 36.9488 0.0495673 46.1316
179.802 0.081816 36.949 0.0329461 46.1315
179.902 0.0405396 36.9491 0.0163247 46.1314
