0 5.26283e-14 0.174971 0 87.0795
0.1 0.749991 0.175005 0.0150411 87.0795
0.2 1.49967 0.175107 0.0300821 87.0794
0.3 2.24873 0.175277 0.0451231 87.0792
0.4 2.99686 0.175515 0.060164 87.079
0.5 3.74375 0.175821 0.0752048 87.0787
0.6 4.48911 0.176195 0.0902455 87.0783
0.7 5.23262 0.176637 0.105286 87.0778
0.8 5.97399 0.177147 0.120326 87.0773
0.9 6.71294 0.177725 0.135366 87.0768
1 7.44918 0.178372 0.150406 87.0761
1.1 8.18242 0.179086 0.165446 87.0754
1.2 8.9124 0.179868 0.180485 87.0746
1.3 9.63884 0.180718 0.195524 87.0738
1.4 10.3615 0.181636 0.210563 87.0728
1.5 11.0801 0.182622 0.225601 87.0719
1.6 11.7944 0.183676 0.240639 87.0708
1.7 12.5043 0.184798 0.255676 87.0697
1.8 13.2093 0.185988 0.270713 87.0685
1.9 13.9095 0.187246 0.28575 87.0672
2 14.6044 0.188572 0.300785 87.0659
2.1 15.294 0.189966 0.315821 87.0645
2.2 15.9781 0.191428 0.330856 87.0631
2.3 16.6564 0.192958 0.34589 87.0615
2.4 17.3289 0.194556 0.360923 87.0599
2.5 17.9953 0.196222 0.375956 87.0583
2.6 18.6556 0.197956 0.390989 87.0565
2.7 19.3095 0.199758 0.40602 87.0547
2.8 19.957 0.201627 0.421051 87.0529
2.9 20.598 0.203565 0.436081 87.0509
3 21.2322 0.20557 0.45111 87.0489
3.1 21.8597 0.207644 0.466139 87.0468
3.2 22.4804 0.209785 0.481166 87.0447
3.3 23.0942 0.211994 0.496193 87.0425
3.4 23.7009 0.214272 0.511219 87.0402
3.5 24.3006 0.216617 0.526244 87.0379
3.6 24.8933 0.21903 0.541268 87.0355
3.7 25.4787 0.221511 0.556291 87.033
3.8 26.057 0.224059 0.571313 87.0304
3.9 26.6281 0.226676 0.586334 87.0278
4 27.192 0.22936 0.601354 87.0251
4.1 27.7486 0.232113 0.616373 87.0224
4.2 28.298 0.234933 0.631391 87.0195
4.3 28.8402 0.237821 0.646407 87.0167
4.4 29.3751 0.240776 0.661423 87.0137
4.5 29.9028 0.2438 0.676437 87.0107
4.6 30.4233 0.246891 0.69145 87.0076
4.7 30.9366 0.250051 0.706462 87.0044
4.8 31.4428 0.253278 0.721472 87.0012
4.9 31.9418 0.256572 0.736481 86.9979
5 32.4338 0.259935 0.751489 86.9945
5.1 32.9187 0.263365 0.766496 86.9911
5.2 33.3966 0.266863 0.781501 86.9876
5.3 33.8676 0.270429 0.796505 86.9841
5.4 34.3317 0.274062 0.811507 86.9804
5.5 34.789 0.277764 0.826508 86.9767
5.6 35.2395 0.281532 0.841507 86.9729
5.7 35.6832 0.285369 0.856505 86.9691
5.8 36.1203 0.289273 0.871501 86.9652
5.9 36.5509 0.293245 0.886496 86.9612
6 36.9749 0.297285 0.901489 86.9572
6.1 37.3924 0.301392 0.916481 86.9531
6.2 37.8035 0.305567 0.93147 86.9489
6.3 38.2084 0.309809 0.946459 86.9447
6.4 38.607 0.314119 0.961445 86.9404
6.5 38.9994 0.318497 0.97643 86.936
6.6 39.3858 0.322942 0.991413 86.9315
6.7 39.7661 0.327455 1.00639 86.927
6.8 40.1405 0.332036 1.02137 86.9224
6.9 40.5091 0.336683 1.03635 86.9178
7 40.8718 0.341399 1.05133 86.9131
7.1 41.2289 0.346182 1.0663 86.9083
7.2 41.5803 0.351032 1.08127 86.9034
7.3 41.9262 0.35595 1.09624 86.8985
7.4 42.2666 0.360935 1.11121 86.8935
7.5 42.6016 0.365988 1.12618 86.8885
7.6 42.9312 0.371108 1.14114 86.8834
7.7 43.2557 0.376296 1.1561 86.8782
7.79999 43.575 0.381551 1.17106 86.8729
7.89999 43.8892 0.386874 1.18602 86.8676
7.99999 44.1983 0.392263 1.20097 86.8622
8.09999 44.5026 0.39772 1.21593 86.8568
8.2 44.802 0.403245 1.23088 86.8512
8.3 45.0966 0.408837 1.24583 86.8456
8.4 45.3865 0.414496 1.26077 86.84
8.5 45.6717 0.420222 1.27572 86.8343
8.6 45.9524 0.426016 1.29066 86.8285
8.7 46.2286 0.431877 1.3056 86.8226
8.8 46.5003 0.437805 1.32054 86.8167
8.9 46.7677 0.443801 1.33547 86.8107
9 47.0308 0.449863 1.3504 86.8046
9.1 47.2897 0.455993 1.36533 86.7985
9.2 47.5445 0.46219 1.38026 86.7923
9.3 47.7951 0.468454 1.39519 86.786
9.4 48.0418 0.474785 1.41011 86.7797
9.5 48.2845 0.481183 1.42503 86.7733
9.6 48.5233 0.487649 1.43995 86.7668
9.7 48.7582 0.494181 1.45486 86.7603
9.8 48.9894 0.500781 1.46977 86.7537
9.9 49.2169 0.507447 1.48468 86.747
10 49.4408 0.514181 1.49959 86.7403
10.1 49.6611 0.520981 1.5145 86.7335
10.2 49.8778 0.527849 1.5294 86.7266
10.3 50.0911 0.534783 1.5443 86.7197
10.4 50.301 0.541784 1.55919 86.7127
10.5 50.5075 0.548852 1.57408 86.7056
10.6 50.7107 0.555987 1.58897 86.6985
10.7 50.9107 0.563189 1.60386 86.6913
10.8 51.1074 0.570458 1.61875 86.684
10.9 51.3011 0.577794 1.63363 86.6767
11 51.4916 0.585196 1.64851 86.6693
11.1 51.6791 0.592665 1.66338 86.6618
11.2 51.8636 0.600201 1.67825 86.6543
11.3 52.0452 0.607804 1.69312 86.6467
11.4 52.2238 0.615473 1.70799 86.639
11.5 52.3996 0.623209 1.72285 86.6313
11.6 52.5727 0.631011 1.73771 86.6235
11.7 52.7429 0.638881 1.75257 86.6156
11.8 52.9105 0.646817 1.76743 86.6077
11.9 53.0754 0.654819 1.78228 86.5997
12 53.2376 0.662888 1.79712 86.5916
12.1 53.3973 0.671023 1.81197 86.5835
12.2 53.5544 0.679225 1.82681 86.5753
12.3 53.7091 0.687494 1.84165 86.567
12.4 53.8613 0.695829 1.85648 86.5587
12.5 54.011 0.70423 1.87131 86.5503
12.6 54.1584 0.712698 1.88614 86.5418
12.7 54.3034 0.721232 1.90096 86.5332
12.8 54.4462 0.729833 1.91578 86.5246
12.9 54.5866 0.738499 1.9306 86.516
13 54.7248 0.747232 1.94541 86.5072
13.1 54.8609 0.756032 1.96022 86.4984
13.2 54.9947 0.764897 1.97503 86.4896
13.3 55.1265 0.773829 1.98983 86.4807
13.4 55.2561 0.782827 2.00463 86.4717
13.5 55.3837 0.791891 2.01943 86.4626
13.6 55.5092 0.801022 2.03422 86.4535
13.7 55.6327 0.810218 2.04901 86.4443
13.8 55.7543 0.819481 2.06379 86.435
13.9 55.8739 0.828809 2.07857 86.4257
14 55.9917 0.838204 2.09335 86.4163
14.1 56.1075 0.847665 2.10812 86.4068
14.2 56.2215 0.857191 2.12289 86.3973
14.3 56.3337 0.866784 2.13766 86.3877
14.4 56.4441 0.876442 2.15242 86.378
14.5 56.5527 0.886166 2.16718 86.3683
14.6 56.6595 0.895956 2.18193 86.3585
14.7 56.7647 0.905812 2.19668 86.3487
14.8 56.8682 0.915734 2.21143 86.3387
14.9 56.97 0.925722 2.22617 86.3288
15 57.0701 0.935775 2.24091 86.3187
15.1 57.1687 0.945894 2.25564 86.3086
15.2 57.2657 0.956078 2.27037 86.2984
15.3 57.3611 0.966328 2.28509 86.2882
15.4 57.4549 0.976644 2.29981 86.2778
15.5 57.5473 0.987026 2.31453 86.2675
15.6 57.6381 0.997473 2.32924 86.257
15.7 57.7275 1.00799 2.34395 86.2465
15.8 57.8154 1.01856 2.35866 86.2359
15.9 57.9019 1.02921 2.37336 86.2253
16 57.987 1.03992 2.38805 86.2146
16.1 58.0707 1.05069 2.40274 86.2038
16.2 58.153 1.06153 2.41743 86.193
16.3 58.2339 1.07243 2.43211 86.182
16.4 58.3136 1.0834 2.44679 86.1711
16.5 58.3919 1.09444 2.46146 86.16
16.6 58.4689 1.10554 2.47613 86.1489
16.7 58.5447 1.11671 2.4908 86.1378
16.8 58.6192 1.12794 2.50546 86.1265
16.9 58.6924 1.13923 2.52011 86.1152
17 58.7644 1.15059 2.53476 86.1039
17.1 58.8353 1.16202 2.54941 86.0925
17.2 58.9049 1.17351 2.56405 86.081
17.3 58.9734 1.18507 2.57869 86.0694
17.4 59.0407 1.19669 2.59332 86.0578
17.5 59.1069 1.20837 2.60795 86.0461
17.6 59.1719 1.22012 2.62257 86.0344
17.7 59.2358 1.23194 2.63719 86.0225
17.8 59.2987 1.24382 2.6518 86.0107
17.9 59.3604 1.25577 2.66641 85.9987
18 59.4212 1.26778 2.68101 85.9867
18.1 59.4808 1.27985 2.69561 85.9746
18.2 59.5394 1.29199 2.7102 85.9625
18.3 59.597 1.30419 2.72479 85.9503
18.4 59.6536 1.31646 2.73937 85.938
18.5 59.7092 1.32879 2.75395 85.9257
18.6 59.7638 1.34119 2.76852 85.9133
18.7 59.8175 1.35365 2.78309 85.9008
18.8 59.8702 1.36618 2.79765 85.8883
18.9 59.9219 1.37877 2.81221 85.8757
19 59.9727 1.39143 2.82676 85.8631
19.1 60.0227 1.40415 2.84131 85.8503
19.2 60.0717 1.41693 2.85585 85.8376
19.3 60.1198 1.42978 2.87039 85.8247
19.4 60.167 1.44269 2.88492 85.8118
19.5 60.2133 1.45567 2.89945 85.7988
19.6 60.2588 1.46871 2.91397 85.7858
19.7 60.3035 1.48181 2.92848 85.7727
19.8 60.3473 1.49498 2.94299 85.7595
19.9 60.3903 1.50821 2.9575 85.7463
20 60.4324 1.52151 2.972 85.733
20.1 60.4738 1.53487 2.98649 85.7196
20.2 60.5143 1.54829 3.00098 85.7062
20.3 60.5541 1.56178 3.01546 85.6927
20.4 60.5931 1.57533 3.02994 85.6791
20.5 60.6314 1.58895 3.04441 85.6655
20.6 60.6688 1.60263 3.05888 85.6519
20.7 60.7056 1.61637 3.07334 85.6381
20.8 60.7416 1.63018 3.08779 85.6243
20.9 60.7768 1.64405 3.10224 85.6104
21 60.8114 1.65798 3.11669 85.5965
21.1 60.8452 1.67198 3.13112 85.5825
21.2 60.8783 1.68604 3.14555 85.5684
21.3 60.9108 1.70016 3.15998 85.5543
21.4 60.9425 1.71435 3.1744 85.5401
21.5 60.9736 1.7286 3.18882 85.5259
21.6 61.004 1.74291 3.20322 85.5116
21.7 61.0337 1.75729 3.21763 85.4972
21.8 61.0628 1.77173 3.23202 85.4827
21.9 61.0912 1.78624 3.24641 85.4682
22 61.1191 1.8008 3.2608 85.4537
22.1 61.1462 1.81543 3.27518 85.439
22.2 61.1728 1.83013 3.28955 85.4244
22.3 61.1987 1.84488 3.30391 85.4096
22.4 61.224 1.8597 3.31827 85.3948
22.5 61.2488 1.87458 3.33263 85.3799
22.6 61.2729 1.88953 3.34698 85.365
22.7001 61.2964 1.90453 3.36132 85.3499
22.8001 61.3194 1.9196 3.37565 85.3349
22.9001 61.3418 1.93474 3.38998 85.3197
23.0001 61.3636 1.94993 3.40431 85.3045
23.1001 61.3849 1.96519 3.41862 85.2893
23.2001 61.4056 1.98051 3.43293 85.274
23.3001 61.4258 1.99589 3.44724 85.2586
23.4001 61.4454 2.01134 3.46153 85.2431
23.5001 61.4645 2.02685 3.47582 85.2276
23.6001 61.483 2.04242 3.49011 85.2121
23.7001 61.5011 2.05805 3.50439 85.1964
23.8001 61.5186 2.07374 3.51866 85.1807
23.9001 61.5356 2.0895 3.53292 85.165
24.0001 61.5521 2.10532 3.54718 85.1492
24.1001 61.5681 2.1212 3.56143 85.1333
24.2001 61.5836 2.13715 3.57568 85.1173
24.3001 61.5986 2.15315 3.58992 85.1013
24.4001 61.6131 2.16922 3.60415 85.0853
24.5001 61.6271 2.18535 3.61837 85.0691
24.6001 61.6407 2.20154 3.63259 85.0529
24.7001 61.6538 2.21779 3.6468 85.0367
24.8001 61.6665 2.23411 3.66101 85.0204
24.9001 61.6787 2.25048 3.67521 85.004
25.0001 61.6904 2.26692 3.6894 84.9876
25.1001 61.7017 2.28342 3.70358 84.9711
25.2001 61.7125 2.29998 3.71776 84.9545
25.3001 61.7229 2.31661 3.73193 84.9379
25.4001 61.7329 2.33329 3.74609 84.9212
25.5001 61.7424 2.35004 3.76025 84.9044
25.6001 61.7515 2.36685 3.7744 84.8876
25.7001 61.7602 2.38372 3.78854 84.8708
25.8001 61.7685 2.40065 3.80268 84.8538
25.9001 61.7763 2.41764 3.8168 84.8368
26.0001 61.7838 2.43469 3.83093 84.8198
26.1001 61.7908 2.4518 3.84504 84.8027
26.2001 61.7975 2.46898 3.85915 84.7855
26.3001 61.8037 2.48621 3.87325 84.7683
26.4001 61.8096 2.50351 3.88734 84.751
26.5001 61.8151 2.52087 3.90142 84.7336
26.6001 61.8202 2.53829 3.9155 84.7162
26.7001 61.8249 2.55577 3.92957 84.6987
26.8001 61.8292 2.57331 3.94363 84.6812
26.9001 61.8332 2.59091 3.95769 84.6636
27.0001 61.8368 2.60857 3.97174 84.6459
27.1001 61.84 2.62629 3.98578 84.6282
27.2001 61.8429 2.64407 3.99981 84.6104
27.3001 61.8454 2.66192 4.01384 84.5926
27.4001 61.8476 2.67982 4.02785 84.5747
27.5001 61.8494 2.69778 4.04186 84.5567
27.6001 61.8509 2.71581 4.05587 84.5387
27.7001 61.852 2.73389 4.06986 84.5206
27.8001 61.8528 2.75204 4.08385 84.5024
27.9001 61.8533 2.77024 4.09783 84.4842
28.0001 61.8534 2.78851 4.1118 84.466
28.1001 61.8532 2.80683 4.12577 84.4476
28.2001 61.8527 2.82522 4.13972 84.4293
28.3001 61.8518 2.84366 4.15367 84.4108
28.4001 61.8506 2.86217 4.16761 84.3923
28.5001 61.8491 2.88073 4.18155 84.3737
28.6001 61.8473 2.89936 4.19547 84.3551
28.7001 61.8452 2.91804 4.20939 84.3364
28.8001 61.8428 2.93679 4.2233 84.3177
28.9001 61.8401 2.95559 4.2372 84.2989
29.0001 61.837 2.97445 4.25109 84.28
29.1001 61.8337 2.99338 4.26498 84.2611
29.2001 61.8301 3.01236 4.27885 84.2421
29.3001 61.8262 3.0314 4.29272 84.2231
29.4001 61.822 3.0505 4.30658 84.204
29.5001 61.8175 3.06966 4.32044 84.1848
29.6001 61.8127 3.08888 4.33428 84.1656
29.7001 61.8076 3.10816 4.34812 84.1463
29.8001 61.8023 3.12749 4.36195 84.127
29.9001 61.7967 3.14689 4.37577 84.1076
30.0001 61.7908 3.16635 4.38958 84.0881
30.1001 61.7846 3.18586 4.40338 84.0686
30.2001 61.7782 3.20543 4.41718 84.049
30.3001 61.7715 3.22506 4.43096 84.0294
30.4001 61.7645 3.24476 4.44474 84.0097
30.5001 61.7573 3.2645 4.45851 83.99
30.6001 61.7498 3.28431 4.47227 83.9702
30.7001 61.742 3.30418 4.48603 83.9503
30.8001 61.734 3.3241 4.49977 83.9304
30.9001 61.7258 3.34409 4.51351 83.9104
31.0001 61.7173 3.36413 4.52723 83.8904
31.1001 61.7085 3.38423 4.54095 83.8703
31.2001 61.6995 3.40439 4.55466 83.8501
31.3001 61.6903 3.4246 4.56836 83.8299
31.4001 61.6808 3.44488 4.58206 83.8096
31.5001 61.6711 3.46521 4.59574 83.7893
31.6001 61.6611 3.4856 4.60941 83.7689
31.7001 61.6509 3.50605 4.62308 83.7484
31.8001 61.6405 3.52656 4.63674 83.7279
31.9001 61.6298 3.54712 4.65039 83.7074
32.0001 61.619 3.56774 4.66403 83.6867
32.1001 61.6078 3.58842 4.67766 83.6661
32.2001 61.5965 3.60916 4.69128 83.6453
32.3001 61.5849 3.62995 4.70489 83.6245
32.4001 61.5732 3.6508 4.7185 83.6037
32.5001 61.5612 3.67171 4.73209 83.5828
32.6001 61.5489 3.69268 4.74568 83.5618
32.7001 61.5365 3.7137 4.75925 83.5408
32.8001 61.5239 3.73478 4.77282 83.5197
32.9001 61.511 3.75592 4.78638 83.4986
33.0001 61.4979 3.77712 4.79993 83.4774
33.1001 61.4847 3.79837 4.81347 83.4561
33.2001 61.4712 3.81968 4.827 83.4348
33.3001 61.4575 3.84105 4.84052 83.4134
33.4001 61.4436 3.86247 4.85403 83.392
33.5001 61.4295 3.88395 4.86753 83.3705
33.6001 61.4152 3.90549 4.88103 83.349
33.7001 61.4007 3.92708 4.89451 83.3274
33.8001 61.386 3.94873 4.90799 83.3058
33.9001 61.3712 3.97044 4.92145 83.284
34.0001 61.3561 3.9922 4.93491 83.2623
34.1001 61.3408 4.01402 4.94835 83.2405
34.2001 61.3254 4.03589 4.96179 83.2186
34.3 61.3097 4.05783 4.97522 83.1967
34.4 61.2939 4.07981 4.98864 83.1747
34.5 61.2779 4.10186 5.00204 83.1526
34.6 61.2617 4.12396 5.01544 83.1305
34.7 61.2453 4.14611 5.02883 83.1084
34.8 61.2288 4.16833 5.04221 83.0862
34.9 61.212 4.19059 5.05558 83.0639
35 61.1951 4.21292 5.06894 83.0416
35.1 61.178 4.2353 5.08229 83.0192
35.2 61.1608 4.25773 5.09563 82.9967
35.3 61.1433 4.28022 5.10896 82.9743
35.4 61.1257 4.30277 5.12228 82.9517
35.5 61.1079 4.32537 5.13559 82.9291
35.6 61.09 4.34803 5.14889 82.9065
35.7 61.0719 4.37074 5.16218 82.8837
35.8 61.0536 4.39351 5.17546 82.861
35.9 61.0351 4.41633 5.18873 82.8381
36 61.0165 4.43921 5.20199 82.8153
36.1 60.9977 4.46214 5.21524 82.7923
36.2 60.9788 4.48513 5.22848 82.7694
36.3 60.9597 4.50817 5.24171 82.7463
36.4 60.9405 4.53127 5.25493 82.7232
36.5 60.921 4.55442 5.26814 82.7001
36.6 60.9015 4.57763 5.28134 82.6769
36.7 60.8817 4.60089 5.29453 82.6536
36.8 60.8619 4.62421 5.30771 82.6303
36.9 60.8418 4.64758 5.32087 82.6069
37 60.8217 4.671 5.33403 82.5835
37.1 60.8013 4.69448 5.34718 82.56
37.2 60.7808 4.71801 5.36032 82.5365
37.3 60.7602 4.7416 5.37344 82.5129
37.4 60.7394 4.76524 5.38656 82.4892
37.5 60.7185 4.78894 5.39967 82.4655
37.6 60.6975 4.81269 5.41276 82.4418
37.7 60.6763 4.83649 5.42585 82.418
37.8 60.6549 4.86035 5.43892 82.3941
37.9 60.6334 4.88426 5.45198 82.3702
38 60.6118 4.90823 5.46504 82.3463
38.1 60.59 4.93224 5.47808 82.3222
38.2 60.5681 4.95632 5.49111 82.2982
38.3 60.546 4.98044 5.50413 82.274
38.4 60.5239 5.00462 5.51714 82.2499
38.5 60.5015 5.02885 5.53014 82.2256
38.6 60.4791 5.05314 5.54313 82.2013
38.7 60.4565 5.07748 5.55611 82.177
38.8 60.4338 5.10187 5.56907 82.1526
38.9 60.4109 5.12631 5.58203 82.1282
39 60.388 5.15081 5.59497 82.1037
39.1 60.3649 5.17536 5.60791 82.0791
39.2 60.3416 5.19996 5.62083 82.0545
39.3 60.3183 5.22462 5.63374 82.0299
39.4 60.2948 5.24933 5.64664 82.0052
39.5 60.2712 5.27409 5.65953 81.9804
39.6 60.2474 5.2989 5.67241 81.9556
39.7 60.2236 5.32377 5.68528 81.9307
39.8 60.1996 5.34868 5.69813 81.9058
39.9 60.1755 5.37365 5.71098 81.8808
40 60.1512 5.39868 5.72381 81.8558
40.1 60.1269 5.42375 5.73663 81.8307
40.2 60.1024 5.44888 5.74944 81.8056
40.3 60.0778 5.47406 5.76224 81.7804
40.4 60.0531 5.49929 5.77503 81.7552
40.5 60.0283 5.52457 5.78781 81.7299
40.6 60.0034 5.5499 5.80057 81.7046
40.7 59.9783 5.57529 5.81332 81.6792
40.7999 59.9532 5.60073 5.82607 81.6538
40.8999 59.9279 5.62622 5.8388 81.6283
40.9999 59.9025 5.65176 5.85152 81.6027
41.0999 59.877 5.67735 5.86422 81.5771
41.1999 59.8514 5.70299 5.87692 81.5515
41.2999 59.8257 5.72868 5.8896 81.5258
41.3999 59.7998 5.75443 5.90228 81.5001
41.4999 59.7739 5.78022 5.91494 81.4743
41.5999 59.7479 5.80607 5.92759 81.4484
41.6999 59.7217 5.83197 5.94022 81.4225
41.7999 59.6954 5.85792 5.95285 81.3966
41.8999 59.6691 5.88392 5.96546 81.3706
41.9999 59.6426 5.90997 5.97806 81.3445
42.0999 59.616 5.93607 5.99065 81.3184
42.1999 59.5893 5.96222 6.00323 81.2923
42.2999 59.5626 5.98842 6.0158 81.2661
42.3999 59.5357 6.01467 6.02835 81.2398
42.4999 59.5087 6.04097 6.04089 81.2135
42.5999 59.4816 6.06733 6.05342 81.1872
42.6999 59.4544 6.09373 6.06594 81.1608
42.7999 59.4271 6.12018 6.07844 81.1343
42.8999 59.3997 6.14668 6.09094 81.1078
42.9999 59.3723 6.17323 6.10342 81.0812
43.0999 59.3447 6.19983 6.11589 81.0546
43.1999 59.317 6.22649 6.12834 81.028
43.2999 59.2892 6.25319 6.14079 81.0013
43.3999 59.2614 6.27994 6.15322 80.9745
43.4999 59.2334 6.30674 6.16564 80.9477
43.5999 59.2053 6.33358 6.17805 80.9209
43.6999 59.1772 6.36048 6.19044 80.894
43.7999 59.1489 6.38743 6.20283 80.8671
43.8999 59.1206 6.41443 6.2152 80.8401
43.9999 59.0922 6.44147 6.22755 80.813
44.0999 59.0637 6.46857 6.2399 80.7859
44.1999 59.0351 6.49571 6.25223 80.7588
44.2999 59.0064 6.5229 6.26455 80.7316
44.3999 58.9776 6.55014 6.27686 80.7043
44.4999 58.9487 6.57743 6.28915 80.677
44.5999 58.9197 6.60477 6.30144 80.6497
44.6999 58.8907 6.63216 6.3137 80.6223
44.7999 58.8615 6.65959 6.32596 80.5949
44.8999 58.8323 6.68707 6.33821 80.5674
44.9999 58.803 6.7146 6.35044 80.5399
45.0999 58.7736 6.74218 6.36265 80.5123
45.1999 58.7441 6.76981 6.37486 80.4847
45.2999 58.7146 6.79749 6.38705 80.457
45.3999 58.6849 6.82521 6.39923 80.4293
45.4999 58.6552 6.85298 6.4114 80.4015
45.5999 58.6254 6.8808 6.42355 80.3737
45.6999 58.5955 6.90866 6.43569 80.3458
45.7999 58.5655 6.93658 6.44782 80.3179
45.8999 58.5354 6.96454 6.45993 80.2899
45.9999 58.5053 6.99255 6.47204 80.2619
46.0999 58.4751 7.0206 6.48412 80.2339
46.1999 58.4448 7.0487 6.4962 80.2058
46.2999 58.4144 7.07685 6.50826 80.1776
46.3999 58.384 7.10505 6.52031 80.1494
46.4999 58.3534 7.13329 6.53234 80.1212
46.5999 58.3228 7.16158 6.54437 80.0929
46.6999 58.2921 7.18992 6.55637 80.0646
46.7999 58.2614 7.2183 6.56837 80.0362
46.8999 58.2305 7.24673 6.58035 80.0077
46.9999 58.1996 7.27521 6.59232 79.9793
47.0999 58.1686 7.30373 6.60427 79.9507
47.1999 58.1376 7.3323 6.61622 79.9222
47.2999 58.1064 7.36092 6.62814 79.8936
47.3998 58.0752 7.38958 6.64006 79.8649
47.4998 58.0439 7.41829 6.65196 79.8362
47.5998 58.0126 7.44704 6.66384 79.8074
47.6998 57.9811 7.47584 6.67572 79.7786
47.7998 57.9496 7.50469 6.68758 79.7498
47.8998 57.9181 7.53358 6.69942 79.7209
47.9998 57.8864 7.56251 6.71126 79.692
48.0998 57.8547 7.5915 6.72307 79.663
48.1998 57.8229 7.62052 6.73488 79.634
48.2998 57.7911 7.6496 6.74667 79.6049
48.3998 57.7591 7.67871 6.75845 79.5758
48.4998 57.7271 7.70788 6.77021 79.5466
48.5998 57.6951 7.73709 6.78196 79.5174
48.6998 57.6629 7.76634 6.79369 79.4881
48.7998 57.6307 7.79564 6.80542 79.4588
48.8998 57.5985 7.82498 6.81712 79.4295
48.9998 57.5662 7.85437 6.82882 79.4001
49.0998 57.5338 7.8838 6.84049 79.3707
49.1998 57.5013 7.91328 6.85216 79.3412
49.2998 57.4688 7.9428 6.86381 79.3117
49.3998 57.4362 7.97236 6.87545 79.2821
49.4998 57.4035 8.00197 6.88707 79.2525
49.5998 57.3708 8.03163 6.89868 79.2229
49.6998 57.338 8.06133 6.91027 79.1932
49.7998 57.3051 8.09107 6.92185 79.1634
49.8998 57.2722 8.12086 6.93341 79.1336
49.9998 57.2393 8.15069 6.94497 79.1038
50.0998 57.2062 8.18056 6.9565 79.0739
50.1998 57.1731 8.21048 6.96802 79.044
50.2998 57.1399 8.24044 6.97953 79.014
50.3998 57.1067 8.27044 6.99102 78.984
50.4998 57.0734 8.30049 7.0025 78.954
50.5998 57.0401 8.33058 7.01396 78.9239
50.6998 57.0067 8.36071 7.02541 78.8938
50.7998 56.9732 8.39089 7.03685 78.8636
50.8998 56.9397 8.42111 7.04827 78.8334
50.9998 56.9061 8.45137 7.05967 78.8031
51.0998 56.8725 8.48168 7.07106 78.7728
51.1998 56.8388 8.51203 7.08244 78.7425
51.2998 56.805 8.54242 7.0938 78.7121
51.3998 56.7712 8.57285 7.10515 78.6816
51.4998 56.7373 8.60333 7.11648 78.6512
51.5998 56.7034 8.63385 7.12779 78.6206
51.6998 56.6694 8.66441 7.13909 78.5901
51.7998 56.6353 8.69501 7.15038 78.5595
51.8998 56.6012 8.72565 7.16165 78.5288
51.9998 56.5671 8.75634 7.17291 78.4981
52.0998 56.5328 8.78707 7.18415 78.4674
52.1998 56.4986 8.81784 7.19537 78.4366
52.2998 56.4642 8.84865 7.20658 78.4058
52.3998 56.4299 8.87951 7.21778 78.375
52.4998 56.3954 8.9104 7.22896 78.3441
52.5998 56.3609 8.94134 7.24013 78.3131
52.6998 56.3264 8.97232 7.25128 78.2822
52.7998 56.2918 9.00334 7.26241 78.2511
52.8998 56.2571 9.0344 7.27353 78.2201
52.9998 56.2224 9.0655 7.28463 78.189
53.0998 56.1877 9.09664 7.29572 78.1578
53.1998 56.1529 9.12782 7.3068 78.1267
53.2998 56.118 9.15905 7.31785 78.0954
53.3998 56.0831 9.19031 7.3289 78.0642
53.4998 56.0481 9.22162 7.33992 78.0329
53.5998 56.0131 9.25296 7.35093 78.0015
53.6998 55.9781 9.28435 7.36193 77.9701
53.7998 55.9429 9.31577 7.37291 77.9387
53.8997 55.9078 9.34724 7.38387 77.9072
53.9997 55.8726 9.37874 7.39482 77.8757
54.0997 55.8373 9.41029 7.40576 77.8442
54.1997 55.802 9.44188 7.41667 77.8126
54.2997 55.7666 9.4735 7.42757 77.781
54.3997 55.7312 9.50517 7.43846 77.7493
54.4997 55.6957 9.53687 7.44933 77.7176
54.5997 55.6602 9.56862 7.46018 77.6859
54.6997 55.6247 9.6004 7.47102 77.6541
54.7997 55.589 9.63223 7.48184 77.6223
54.8997 55.5534 9.66409 7.49265 77.5904
54.9997 55.5177 9.69599 7.50344 77.5585
55.0997 55.4819 9.72793 7.51421 77.5265
55.1997 55.4461 9.75991 7.52497 77.4946
55.2997 55.4103 9.79193 7.53571 77.4626
55.3997 55.3744 9.82399 7.54644 77.4305
55.4997 55.3385 9.85608 7.55715 77.3984
55.5997 55.3025 9.88822 7.56784 77.3663
55.6997 55.2665 9.92039 7.57852 77.3341
55.7997 55.2304 9.9526 7.58918 77.3019
55.8997 55.1943 9.98485 7.59983 77.2696
55.9997 55.1581 10.0171 7.61045 77.2373
56.0997 55.1219 10.0495 7.62107 77.205
56.1997 55.0857 10.0818 7.63166 77.1727
56.2997 55.0494 10.1142 7.64224 77.1403
56.3997 55.013 10.1467 7.6528 77.1078
56.4997 54.9766 10.1791 7.66335 77.0753
56.5997 54.9402 10.2117 7.67388 77.0428
56.6997 54.9037 10.2442 7.68439 77.0103
56.7997 54.8672 10.2768 7.69489 76.9777
56.8997 54.8307 10.3094 7.70537 76.9451
56.9997 54.7941 10.3421 7.71583 76.9124
57.0997 54.7574 10.3748 7.72628 76.8797
57.1997 54.7207 10.4075 7.73671 76.847
57.2997 54.684 10.4403 7.74712 76.8142
57.3997 54.6473 10.4731 7.75751 76.7814
57.4997 54.6104 10.506 7.76789 76.7485
57.5997 54.5736 10.5388 7.77826 76.7156
57.6997 54.5367 10.5718 7.7886 76.6827
57.7997 54.4998 10.6047 7.79893 76.6498
57.8997 54.4628 10.6377 7.80924 76.6168
57.9997 54.4258 10.6707 7.81954 76.5837
58.0997 54.3887 10.7038 7.82981 76.5507
58.1997 54.3516 10.7369 7.84007 76.5176
58.2997 54.3145 10.77 7.85032 76.4844
58.3997 54.2773 10.8032 7.86054 76.4513
58.4997 54.2401 10.8364 7.87075 76.4181
58.5997 54.2029 10.8697 7.88094 76.3848
58.6997 54.1656 10.903 7.89112 76.3515
58.7997 54.1283 10.9363 7.90127 76.3182
58.8997 54.0909 10.9696 7.91141 76.2849
58.9997 54.0535 11.003 7.92154 76.2515
59.0997 54.016 11.0364 7.93164 76.2181
59.1997 53.9786 11.0699 7.94173 76.1846
59.2997 53.941 11.1034 7.9518 76.1511
59.3997 53.9035 11.1369 7.96185 76.1176
59.4997 53.8659 11.1704 7.97189 76.084
59.5997 53.8283 11.204 7.98191 76.0504
59.6997 53.7906 11.2377 7.99191 76.0168
59.7997 53.7529 11.2713 8.00189 75.9831
59.8997 53.7152 11.305 8.01186 75.9495
59.9997 53.6774 11.3388 8.0218 75.9157
60.0997 53.6396 11.3725 8.03173 75.882
60.1997 53.6017 11.4063 8.04164 75.8482
60.2997 53.5638 11.4402 8.05154 75.8143
60.3997 53.5259 11.474 8.06141 75.7805
60.4996 53.4879 11.5079 8.07127 75.7466
60.5996 53.4499 11.5419 8.08111 75.7126
60.6996 53.4119 11.5758 8.09094 75.6787
60.7996 53.3739 11.6098 8.10074 75.6447
60.8996 53.3358 11.6439 8.11053 75.6106
60.9996 53.2976 11.6779 8.1203 75.5766
61.0996 53.2595 11.712 8.13005 75.5425
61.1996 53.2212 11.7462 8.13978 75.5083
61.2996 53.183 11.7803 8.1495 75.4742
61.3996 53.1447 11.8145 8.15919 75.44
61.4996 53.1064 11.8487 8.16887 75.4057
61.5996 53.0681 11.883 8.17853 75.3715
61.6996 53.0297 11.9173 8.18817 75.3372
61.7996 52.9913 11.9516 8.1978 75.3028
61.8996 52.9529 11.986 8.2074 75.2685
61.9996 52.9144 12.0204 8.21699 75.2341
62.0996 52.8759 12.0548 8.22656 75.1997
62.1996 52.8374 12.0893 8.23611 75.1652
62.2996 52.7988 12.1237 8.24564 75.1307
62.3996 52.7602 12.1583 8.25515 75.0962
62.4996 52.7216 12.1928 8.26465 75.0617
62.5996 52.6829 12.2274 8.27412 75.0271
62.6996 52.6442 12.262 8.28358 74.9925
62.7996 52.6055 12.2967 8.29302 74.9578
62.8996 52.5667 12.3313 8.30244 74.9232
62.9996 52.5279 12.366 8.31184 74.8884
63.0996 52.4891 12.4008 8.32122 74.8537
63.1996 52.4502 12.4355 8.33059 74.8189
63.2996 52.4113 12.4703 8.33993 74.7841
63.3996 52.3724 12.5052 8.34926 74.7493
63.4996 52.3335 12.54 8.35857 74.7145
63.5996 52.2945 12.5749 8.36785 74.6796
63.6996 52.2555 12.6098 8.37712 74.6446
63.7996 52.2165 12.6448 8.38638 74.6097
63.8996 52.1774 12.6798 8.39561 74.5747
63.9996 52.1383 12.7148 8.40482 74.5397
64.0996 52.0992 12.7498 8.41401 74.5047
64.1996 52.06 12.7849 8.42319 74.4696
64.2996 52.0208 12.82 8.43234 74.4345
64.3996 51.9816 12.8551 8.44148 74.3994
64.4996 51.9423 12.8903 8.4506 74.3642
64.5996 51.9031 12.9255 8.45969 74.329
64.6996 51.8638 12.9607 8.46877 74.2938
64.7996 51.8244 12.9959 8.47783 74.2586
64.8996 51.7851 13.0312 8.48687 74.2233
64.9996 51.7457 13.0665 8.49589 74.188
65.0996 51.7062 13.1018 8.50489 74.1527
65.1996 51.6668 13.1372 8.51388 74.1173
65.2996 51.6273 13.1726 8.52284 74.0819
65.3996 51.5878 13.208 8.53178 74.0465
65.4996 51.5483 13.2434 8.5407 74.011
65.5996 51.5087 13.2789 8.54961 73.9756
65.6996 51.4691 13.3144 8.55849 73.9401
65.7996 51.4295 13.3499 8.56736 73.9045
65.8996 51.3899 13.3855 8.5762 73.869
65.9996 51.3502 13.4211 8.58503 73.8334
66.0996 51.3105 13.4567 8.59383 73.7978
66.1996 51.2708 13.4923 8.60262 73.7621
66.2996 51.231 13.528 8.61138 73.7265
66.3996 51.1912 13.5637 8.62013 73.6908
66.4996 51.1514 13.5994 8.62885 73.6551
66.5996 51.1116 13.6352 8.63756 73.6193
66.6996 51.0717 13.671 8.64625 73.5835
66.7996 51.0319 13.7068 8.65491 73.5477
66.8996 50.9919 13.7426 8.66356 73.5119
66.9995 50.952 13.7785 8.67218 73.476
67.0995 50.912 13.8143 8.68079 73.4401
67.1995 50.8721 13.8502 8.68938 73.4042
67.2995 50.832 13.8862 8.69794 73.3683
67.3995 50.792 13.9221 8.70649 73.3323
67.4995 50.7519 13.9581 8.71501 73.2963
67.5995 50.7118 13.9941 8.72352 73.2603
67.6995 50.6717 14.0302 8.732 73.2243
67.7995 50.6316 14.0663 8.74047 73.1882
67.8995 50.5914 14.1024 8.74891 73.1521
67.9995 50.5512 14.1385 8.75733 73.116
68.0995 50.511 14.1746 8.76574 73.0799
68.1995 50.4708 14.2108 8.77412 73.0437
68.2995 50.4305 14.247 8.78248 73.0075
68.3995 50.3902 14.2832 8.79082 72.9713
68.4995 50.3499 14.3194 8.79914 72.935
68.5995 50.3095 14.3557 8.80744 72.8988
68.6995 50.2692 14.392 8.81572 72.8625
68.7995 50.2288 14.4283 8.82398 72.8262
68.8995 50.1884 14.4647 8.83222 72.7898
68.9995 50.1479 14.501 8.84044 72.7534
69.0995 50.1075 14.5374 8.84863 72.7171
69.1995 50.067 14.5738 8.85681 72.6806
69.2995 50.0265 14.6103 8.86496 72.6442
69.3995 49.986 14.6468 8.8731 72.6077
69.4995 49.9454 14.6832 8.88121 72.5712
69.5995 49.9048 14.7198 8.8893 72.5347
69.6995 49.8642 14.7563 8.89737 72.4982
69.7995 49.8236 14.7928 8.90542 72.4616
69.8995 49.783 14.8294 8.91345 72.425
69.9995 49.7423 14.866 8.92146 72.3884
70.0995 49.7016 14.9027 8.92945 72.3518
70.1995 49.6609 14.9393 8.93741 72.3152
70.2995 49.6202 14.976 8.94536 72.2785
70.3995 49.5794 15.0127 8.95328 72.2418
70.4995 49.5386 15.0494 8.96118 72.2051
70.5995 49.4978 15.0862 8.96906 72.1683
70.6995 49.457 15.1229 8.97692 72.1315
70.7995 49.4161 15.1597 8.98476 72.0948
70.8995 49.3753 15.1965 8.99258 72.0579
70.9995 49.3344 15.2334 9.00037 72.0211
71.0995 49.2935 15.2702 9.00815 71.9843
71.1995 49.2525 15.3071 9.0159 71.9474
71.2995 49.2116 15.344 9.02363 71.9105
71.3995 49.1706 15.3809 9.03134 71.8736
71.4995 49.1296 15.4179 9.03902 71.8366
71.5995 49.0886 15.4548 9.04669 71.7996
71.6995 49.0475 15.4918 9.05433 71.7627
71.7995 49.0065 15.5288 9.06196 71.7256
71.8995 48.9654 15.5659 9.06956 71.6886
71.9995 48.9243 15.6029 9.07713 71.6516
72.0995 48.8832 15.64 9.08469 71.6145
72.1995 48.842 15.6771 9.09223 71.5774
72.2995 48.8008 15.7142 9.09974 71.5403
72.3995 48.7597 15.7513 9.10723 71.5032
72.4995 48.7185 15.7885 9.1147 71.466
72.5995 48.6772 15.8257 9.12215 71.4288
72.6995 48.636 15.8629 9.12957 71.3916
72.7995 48.5947 15.9001 9.13697 71.3544
72.8995 48.5534 15.9373 9.14435 71.3172
72.9995 48.5121 15.9746 9.15171 71.2799
73.0995 48.4708 16.0118 9.15905 71.2426
73.1995 48.4294 16.0491 9.16636 71.2053
73.2995 48.3881 16.0864 9.17365 71.168
73.3995 48.3467 16.1238 9.18092 71.1307
73.4995 48.3053 16.1611 9.18817 71.0933
73.5994 48.2638 16.1985 9.1954 71.056
73.6994 48.2224 16.2359 9.2026 71.0186
73.7994 48.1809 16.2733 9.20978 70.9812
73.8994 48.1394 16.3107 9.21694 70.9437
73.9994 48.0979 16.3482 9.22407 70.9063
74.0994 48.0564 16.3857 9.23118 70.8688
74.1994 48.0149 16.4232 9.23827 70.8313
74.2994 47.9733 16.4607 9.24534 70.7938
74.3994 47.9317 16.4982 9.25239 70.7563
74.4994 47.8901 16.5357 9.25941 70.7188
74.5994 47.8485 16.5733 9.26641 70.6812
74.6994 47.8069 16.6109 9.27338 70.6436
74.7994 47.7652 16.6485 9.28034 70.606
74.8994 47.7235 16.6861 9.28727 70.5684
74.9994 47.6818 16.7237 9.29418 70.5308
75.0994 47.6401 16.7614 9.30106 70.4931
75.1994 47.5984 16.799 9.30792 70.4555
75.2994 47.5567 16.8367 9.31476 70.4178
75.3994 47.5149 16.8744 9.32158 70.3801
75.4994 47.4731 16.9121 9.32837 70.3424
75.5994 47.4313 16.9499 9.33514 70.3046
75.6994 47.3895 16.9876 9.34189 70.2669
75.7994 47.3477 17.0254 9.34861 70.2291
75.8994 47.3058 17.0632 9.35531 70.1913
75.9994 47.2639 17.101 9.36199 70.1535
76.0994 47.222 17.1388 9.36865 70.1157
76.1994 47.1801 17.1766 9.37528 70.0779
76.2994 47.1382 17.2145 9.38189 70.04
76.3994 47.0963 17.2523 9.38847 70.0021
76.4994 47.0543 17.2902 9.39503 69.9642
76.5994 47.0123 17.3281 9.40157 69.9263
76.6994 46.9703 17.366 9.40808 69.8884
76.7994 46.9283 17.404 9.41457 69.8505
76.8994 46.8863 17.4419 9.42104 69.8126
76.9994 46.8442 17.4799 9.42748 69.7746
77.0994 46.8022 17.5179 9.4339 69.7366
77.1994 46.7601 17.5559 9.4403 69.6986
77.2994 46.718 17.5939 9.44667 69.6606
77.3994 46.6759 17.6319 9.45302 69.6226
77.4994 46.6338 17.6699 9.45935 69.5846
77.5994 46.5916 17.708 9.46565 69.5465
77.6994 46.5495 17.746 9.47192 69.5084
77.7994 46.5073 17.7841 9.47818 69.4704
77.8994 46.4651 17.8222 9.48441 69.4323
77.9994 46.4229 17.8603 9.49061 69.3941
78.0994 46.3806 17.8985 9.4968 69.356
78.1994 46.3384 17.9366 9.50295 69.3179
78.2994 46.2961 17.9747 9.50909 69.2797
78.3994 46.2539 18.0129 9.5152 69.2416
78.4994 46.2116 18.0511 9.52128 69.2034
78.5994 46.1693 18.0893 9.52734 69.1652
78.6994 46.1269 18.1275 9.53338 69.127
78.7994 46.0846 18.1657 9.5394 69.0888
78.8994 46.0422 18.2039 9.54538 69.0505
78.9994 45.9999 18.2422 9.55135 69.0123
79.0994 45.9575 18.2805 9.55729 68.974
79.1994 45.9151 18.3187 9.56321 68.9358
79.2994 45.8727 18.357 9.5691 68.8975
79.3994 45.8302 18.3953 9.57497 68.8592
79.4994 45.7878 18.4336 9.58081 68.8209
79.5994 45.7453 18.4719 9.58663 68.7825
79.6994 45.7029 18.5103 9.59242 68.7442
79.7994 45.6604 18.5486 9.59819 68.7059
79.8994 45.6178 18.587 9.60393 68.6675
79.9994 45.5753 18.6254 9.60965 68.6291
80.0993 45.5328 18.6637 9.61535 68.5907
80.1993 45.4902 18.7021 9.62102 68.5524
80.2993 45.4477 18.7405 9.62667 68.5139
80.3993 45.4051 18.779 9.63229 68.4755
80.4993 45.3625 18.8174 9.63788 68.4371
80.5993 45.3199 18.8558 9.64346 68.3987
80.6993 45.2772 18.8943 9.649 68.3602
80.7993 45.2346 18.9327 9.65452 68.3217
80.8993 45.1919 18.9712 9.66002 68.2833
80.9993 45.1493 19.0097 9.66549 68.2448
81.0993 45.1066 19.0482 9.67094 68.2063
81.1993 45.0639 19.0867 9.67636 68.1678
81.2993 45.0212 19.1252 9.68176 68.1293
81.3993 44.9784 19.1637 9.68713 68.0908
81.4993 44.9357 19.2023 9.69248 68.0522
81.5993 44.8929 19.2408 9.6978 68.0137
81.6993 44.8502 19.2794 9.70309 67.9751
81.7993 44.8074 19.3179 9.70837 67.9366
81.8993 44.7646 19.3565 9.71361 67.898
81.9993 44.7218 19.3951 9.71883 67.8594
82.0993 44.679 19.4337 9.72403 67.8208
82.1993 44.6361 19.4723 9.7292 67.7822
82.2993 44.5933 19.5109 9.73434 67.7436
82.3993 44.5504 19.5495 9.73946 67.705
82.4993 44.5075 19.5882 9.74455 67.6663
82.5993 44.4646 19.6268 9.74962 67.6277
82.6993 44.4217 19.6654 9.75466 67.589
82.7993 44.3788 19.7041 9.75968 67.5504
82.8993 44.3358 19.7428 9.76467 67.5117
82.9993 44.2929 19.7814 9.76963 67.473
83.0993 44.2499 19.8201 9.77457 67.4344
83.1993 44.207 19.8588 9.77949 67.3957
83.2993 44.164 19.8975 9.78437 67.357
83.3993 44.121 19.9362 9.78924 67.3183
83.4993 44.078 19.9749 9.79407 67.2795
83.5993 44.0349 20.0137 9.79888 67.2408
83.6993 43.9919 20.0524 9.80367 67.2021
83.7993 43.9488 20.0911 9.80842 67.1634
83.8993 43.9058 20.1299 9.81316 67.1246
83.9993 43.8627 20.1686 9.81786 67.0859
84.0993 43.8196 20.2074 9.82254 67.0471
84.1993 43.7765 20.2461 9.8272 67.0083
84.2993 43.7334 20.2849 9.83182 66.9696
84.3993 43.6902 20.3237 9.83643 66.9308
84.4993 43.6471 20.3625 9.841 66.892
84.5993 43.6039 20.4013 9.84555 66.8532
84.6993 43.5608 20.4401 9.85007 66.8144
84.7993 43.5176 20.4789 9.85457 66.7756
84.8993 43.4744 20.5177 9.85904 66.7368
84.9993 43.4312 20.5565 9.86349 66.698
85.0993 43.388 20.5953 9.8679 66.6592
85.1993 43.3447 20.6342 9.87229 66.6203
85.2993 43.3015 20.673 9.87666 66.5815
85.3993 43.2582 20.7118 9.881 66.5426
85.4993 43.215 20.7507 9.88531 66.5038
85.5993 43.1717 20.7895 9.88959 66.465
85.6993 43.1284 20.8284 9.89385 66.4261
85.7993 43.0851 20.8672 9.89808 66.3872
85.8993 43.0418 20.9061 9.90229 66.3484
85.9993 42.9985 20.945 9.90647 66.3095
86.0993 42.9551 20.9839 9.91062 66.2706
86.1993 42.9118 21.0227 9.91474 66.2317
86.2993 42.8684 21.0616 9.91884 66.1929
86.3993 42.825 21.1005 9.92291 66.154
86.4993 42.7817 21.1394 9.92696 66.1151
86.5993 42.7383 21.1783 9.93097 66.0762
86.6992 42.6948 21.2172 9.93496 66.0373
86.7992 42.6514 21.2561 9.93893 65.9984
86.8992 42.608 21.295 9.94286 65.9595
86.9992 42.5645 21.3339 9.94677 65.9205
87.0992 42.5211 21.3729 9.95065 65.8816
87.1992 42.4776 21.4118 9.95451 65.8427
87.2992 42.4341 21.4507 9.95834 65.8038
87.3992 42.3907 21.4896 9.96214 65.7649
87.4992 42.3472 21.5286 9.96591 65.7259
87.5992 42.3036 21.5675 9.96966 65.687
87.6992 42.2601 21.6064 9.97338 65.6481
87.7992 42.2166 21.6454 9.97707 65.6091
87.8992 42.173 21.6843 9.98073 65.5702
87.9992 42.1295 21.7233 9.98437 65.5312
88.0992 42.0859 21.7622 9.98798 65.4923
88.1992 42.0423 21.8011 9.99156 65.4533
88.2992 41.9987 21.8401 9.99511 65.4144
88.3992 41.9551 21.8791 9.99864 65.3754
88.4992 41.9115 21.918 10.0021 65.3365
88.5992 41.8679 21.957 10.0056 65.2975
88.6992 41.8243 21.9959 10.0091 65.2586
88.7992 41.7806 22.0349 10.0125 65.2196
88.8992 41.737 22.0738 10.0159 65.1806
88.9992 41.6933 22.1128 10.0192 65.1417
89.0992 41.6496 22.1518 10.0225 65.1027
89.1992 41.6059 22.1907 10.0259 65.0638
89.2992 41.5622 22.2297 10.0291 65.0248
89.3992 41.5185 22.2687 10.0324 64.9858
89.4992 41.4748 22.3076 10.0356 64.9469
89.5992 41.4311 22.3466 10.0388 64.9079
89.6992 41.3874 22.3856 10.042 64.8689
89.7992 41.3436 22.4245 10.0451 64.8299
89.8992 41.2998 22.4635 10.0482 64.791
89.9992 41.2561 22.5025 10.0513 64.752
90.0992 41.2123 22.5414 10.0543 64.713
90.1992 41.1685 22.5804 10.0574 64.6741
90.2992 41.1247 22.6194 10.0604 64.6351
90.3992 41.0809 22.6583 10.0633 64.5961
90.4992 41.0371 22.6973 10.0663 64.5572
90.5992 40.9932 22.7363 10.0692 64.5182
90.6992 40.9494 22.7752 10.0721 64.4792
90.7992 40.9055 22.8142 10.0749 64.4403
90.8992 40.8617 22.8532 10.0777 64.4013
90.9992 40.8178 22.8921 10.0805 64.3623
91.0992 40.7739 22.9311 10.0833 64.3234
91.1992 40.73 22.9701 10.086 64.2844
91.2992 40.6861 23.009 10.0888 64.2455
91.3992 40.6422 23.048 10.0914 64.2065
91.4992 40.5983 23.0869 10.0941 64.1675
91.5992 40.5544 23.1259 10.0967 64.1286
91.6992 40.5104 23.1648 10.0993 64.0896
91.7992 40.4665 23.2038 10.1019 64.0507
91.8992 40.4225 23.2427 10.1044 64.0117
91.9992 40.3786 23.2817 10.1069 63.9728
92.0992 40.3346 23.3206 10.1094 63.9338
92.1992 40.2906 23.3596 10.1119 63.8949
92.2992 40.2466 23.3985 10.1143 63.856
92.3992 40.2026 23.4374 10.1167 63.817
92.4992 40.1586 23.4764 10.1191 63.7781
92.5992 40.1146 23.5153 10.1214 63.7392
92.6992 40.0705 23.5542 10.1237 63.7002
92.7992 40.0265 23.5932 10.126 63.6613
92.8992 39.9824 23.6321 10.1282 63.6224
92.9992 39.9384 23.671 10.1305 63.5835
93.0992 39.8943 23.7099 10.1327 63.5446
93.1992 39.8502 23.7488 10.1348 63.5057
93.2991 39.8061 23.7877 10.137 63.4668
93.3991 39.762 23.8266 10.1391 63.4278
93.4991 39.7179 23.8655 10.1411 63.3889
93.5991 39.6738 23.9044 10.1432 63.3501
93.6991 39.6297 23.9433 10.1452 63.3112
93.7991 39.5855 23.9822 10.1472 63.2723
93.8991 39.5414 24.0211 10.1492 63.2334
93.9991 39.4972 24.06 10.1511 63.1945
94.0991 39.4531 24.0988 10.153 63.1557
94.1991 39.4089 24.1377 10.1549 63.1168
94.2991 39.3647 24.1766 10.1567 63.0779
94.3991 39.3205 24.2154 10.1585 63.0391
94.4991 39.2763 24.2543 10.1603 63.0002
94.5991 39.2321 24.2931 10.162 62.9614
94.6991 39.1879 24.332 10.1638 62.9225
94.7991 39.1437 24.3708 10.1654 62.8837
94.8991 39.0995 24.4096 10.1671 62.8449
94.9991 39.0552 24.4484 10.1687 62.806
95.0991 39.011 24.4873 10.1703 62.7672
95.1991 38.9667 24.5261 10.1719 62.7284
95.2991 38.9224 24.5649 10.1735 62.6896
95.3991 38.8782 24.6037 10.175 62.6508
95.4991 38.8339 24.6425 10.1765 62.612
95.5991 38.7896 24.6813 10.1779 62.5732
95.6991 38.7453 24.72 10.1793 62.5344
95.7991 38.701 24.7588 10.1807 62.4957
95.8991 38.6567 24.7976 10.1821 62.4569
95.9991 38.6123 24.8363 10.1834 62.4182
96.0991 38.568 24.8751 10.1847 62.3794
96.1991 38.5237 24.9138 10.186 62.3407
96.2991 38.4793 24.9526 10.1872 62.3019
96.3991 38.435 24.9913 10.1885 62.2632
96.4991 38.3906 25.03 10.1896 62.2245
96.5991 38.3462 25.0687 10.1908 62.1858
96.6991 38.3018 25.1074 10.1919 62.147
96.7991 38.2575 25.1461 10.193 62.1083
96.8991 38.2131 25.1848 10.1941 62.0697
96.9991 38.1686 25.2235 10.1951 62.031
97.0991 38.1242 25.2622 10.1961 61.9923
97.1991 38.0798 25.3008 10.1971 61.9536
97.2991 38.0354 25.3395 10.198 61.915
97.3991 37.9909 25.3782 10.1989 61.8763
97.4991 37.9465 25.4168 10.1998 61.8377
97.5991 37.902 25.4554 10.2006 61.7991
97.6991 37.8576 25.494 10.2015 61.7604
97.7991 37.8131 25.5327 10.2022 61.7218
97.8991 37.7686 25.5713 10.203 61.6832
97.9991 37.7241 25.6099 10.2037 61.6446
98.0991 37.6797 25.6484 10.2044 61.606
98.1991 37.6352 25.687 10.2051 61.5675
98.2991 37.5906 25.7256 10.2057 61.5289
98.3991 37.5461 25.7641 10.2063 61.4903
98.4991 37.5016 25.8027 10.2069 61.4518
98.5991 37.4571 25.8412 10.2074 61.4133
98.6991 37.4125 25.8797 10.2079 61.3747
98.7991 37.368 25.9183 10.2084 61.3362
98.8991 37.3234 25.9568 10.2089 61.2977
98.9991 37.2789 25.9953 10.2093 61.2592
99.0991 37.2343 26.0337 10.2097 61.2207
99.1991 37.1897 26.0722 10.21 61.1823
99.2991 37.1451 26.1107 10.2103 61.1438
99.3991 37.1006 26.1491 10.2106 61.1053
99.4991 37.056 26.1876 10.2109 61.0669
99.5991 37.0113 26.226 10.2111 61.0285
99.6991 36.9667 26.2644 10.2113 60.9901
99.799 36.9221 26.3028 10.2115 60.9517
99.899 36.8775 26.3412 10.2116 60.9133
99.999 36.8328 26.3796 10.2117 60.8749
100.099 36.7882 26.418 10.2118 60.8365
100.199 36.7436 26.4563 10.2118 60.7981
100.299 36.6989 26.4947 10.2118 60.7598
100.399 36.6542 26.533 10.2118 60.7215
100.499 36.6096 26.5713 10.2118 60.6831
100.599 36.5649 26.6096 10.2117 60.6448
100.699 36.5202 26.6479 10.2116 60.6065
100.799 36.4755 26.6862 10.2114 60.5683
100.899 36.4308 26.7245 10.2112 60.53
100.999 36.3861 26.7628 10.211 60.4917
101.099 36.3414 26.801 10.2108 60.4535
101.199 36.2967 26.8392 10.2105 60.4152
101.299 36.2519 26.8775 10.2102 60.377
101.399 36.2072 26.9157 10.2099 60.3388
101.499 36.1625 26.9539 10.2095 60.3006
101.599 36.1177 26.992 10.2091 60.2624
101.699 36.073 27.0302 10.2087 60.2243
101.799 36.0282 27.0684 10.2082 60.1861
101.899 35.9834 27.1065 10.2077 60.148
101.999 35.9387 27.1446 10.2072 60.1099
102.099 35.8939 27.1827 10.2066 60.0717
102.199 35.8491 27.2208 10.206 60.0337
102.299 35.8043 27.2589 10.2054 59.9956
102.399 35.7595 27.297 10.2047 59.9575
102.499 35.7147 27.335 10.204 59.9195
102.599 35.6699 27.3731 10.2033 59.8814
102.699 35.6251 27.4111 10.2026 59.8434
102.799 35.5802 27.4491 10.2018 59.8054
102.899 35.5354 27.4871 10.201 59.7674
102.999 35.4906 27.5251 10.2001 59.7294
103.099 35.4457 27.563 10.1992 59.6914
103.199 35.4008 27.601 10.1983 59.6535
103.299 35.356 27.6389 10.1974 59.6156
103.399 35.3111 27.6768 10.1964 59.5777
103.499 35.2662 27.7147 10.1954 59.5398
103.599 35.2214 27.7526 10.1943 59.5019
103.699 35.1765 27.7905 10.1932 59.464
103.799 35.1316 27.8283 10.1921 59.4262
103.899 35.0867 27.8662 10.191 59.3883
103.999 35.0418 27.904 10.1898 59.3505
104.099 34.9969 27.9418 10.1886 59.3127
104.199 34.952 27.9796 10.1874 59.2749
104.299 34.907 28.0173 10.1861 59.2371
104.399 34.8621 28.0551 10.1848 59.1994
104.499 34.8172 28.0928 10.1835 59.1616
104.599 34.7722 28.1306 10.1821 59.1239
104.699 34.7273 28.1683 10.1807 59.0862
104.799 34.6823 28.2059 10.1793 59.0485
104.899 34.6374 28.2436 10.1778 59.0109
104.999 34.5924 28.2813 10.1763 58.9732
105.099 34.5474 28.3189 10.1748 58.9356
105.199 34.5024 28.3565 10.1732 58.898
105.299 34.4574 28.3941 10.1716 58.8604
105.399 34.4125 28.4317 10.17 58.8228
105.499 34.3675 28.4692 10.1683 58.7852
105.599 34.3225 28.5068 10.1666 58.7477
105.699 34.2774 28.5443 10.1649 58.7102
105.799 34.2324 28.5818 10.1631 58.6727
105.899 34.1874 28.6193 10.1613 58.6352
105.999 34.1424 28.6568 10.1595 58.5977
106.099 34.0973 28.6942 10.1576 58.5603
106.199 34.0523 28.7317 10.1557 58.5228
106.299 34.0073 28.7691 10.1538 58.4854
106.399 33.9622 28.8065 10.1518 58.448
106.499 33.9172 28.8438 10.1498 58.4106
106.599 33.8721 28.8812 10.1478 58.3733
106.699 33.827 28.9185 10.1457 58.336
106.799 33.782 28.9558 10.1437 58.2986
106.899 33.7369 28.9931 10.1415 58.2613
106.999 33.6918 29.0304 10.1394 58.2241
107.099 33.6467 29.0677 10.1372 58.1868
107.199 33.6016 29.1049 10.1349 58.1496
107.299 33.5565 29.1421 10.1327 58.1124
107.399 33.5114 29.1793 10.1304 58.0752
107.499 33.4663 29.2165 10.1281 58.038
107.599 33.4212 29.2536 10.1257 58.0008
107.699 33.376 29.2908 10.1233 57.9637
107.799 33.3309 29.3279 10.1209 57.9266
107.899 33.2858 29.365 10.1184 57.8895
107.999 33.2406 29.4021 10.1159 57.8524
108.099 33.1955 29.4391 10.1134 57.8154
108.199 33.1503 29.4761 10.1108 57.7783
108.299 33.1052 29.5131 10.1082 57.7413
108.399 33.06 29.5501 10.1056 57.7043
108.499 33.0148 29.5871 10.1029 57.6674
108.599 32.9697 29.624 10.1002 57.6304
108.699 32.9245 29.661 10.0975 57.5935
108.799 32.8793 29.6979 10.0947 57.5566
108.899 32.8341 29.7347 10.0919 57.5197
108.999 32.7889 29.7716 10.0891 57.4829
109.099 32.7437 29.8084 10.0862 57.446
109.199 32.6985 29.8453 10.0833 57.4092
109.299 32.6533 29.882 10.0804 57.3724
109.399 32.6081 29.9188 10.0774 57.3357
109.499 32.5628 29.9556 10.0744 57.2989
109.599 32.5176 29.9923 10.0714 57.2622
109.699 32.4724 30.029 10.0683 57.2255
109.799 32.4271 30.0657 10.0652 57.1888
109.899 32.3819 30.1023 10.0621 57.1522
109.999 32.3367 30.1389 10.0589 57.1155
110.099 32.2914 30.1755 10.0557 57.0789
110.199 32.2461 30.2121 10.0525 57.0424
110.299 32.2009 30.2487 10.0492 57.0058
110.399 32.1556 30.2852 10.0459 56.9693
110.499 32.1103 30.3217 10.0426 56.9327
110.599 32.0651 30.3582 10.0392 56.8963
110.699 32.0198 30.3947 10.0358 56.8598
110.799 31.9745 30.4311 10.0323 56.8233
110.899 31.9292 30.4676 10.0289 56.7869
110.999 31.8839 30.5039 10.0253 56.7505
111.099 31.8386 30.5403 10.0218 56.7142
111.199 31.7933 30.5767 10.0182 56.6778
111.299 31.748 30.613 10.0146 56.6415
111.399 31.7026 30.6493 10.011 56.6052
111.499 31.6573 30.6855 10.0073 56.5689
111.599 31.612 30.7218 10.0036 56.5327
111.699 31.5667 30.758 9.99981 56.4965
111.799 31.5213 30.7942 9.99602 56.4603
111.899 31.476 30.8304 9.9922 56.4241
111.999 31.4306 30.8665 9.98834 56.388
112.099 31.3853 30.9026 9.98445 56.3518
112.199 31.3399 30.9387 9.98053 56.3158
112.299 31.2945 30.9748 9.97657 56.2797
112.399 31.2492 31.0108 9.97258 56.2436
112.499 31.2038 31.0469 9.96855 56.2076
112.599 31.1584 31.0828 9.96449 56.1716
112.699 31.113 31.1188 9.96039 56.1357
112.799 31.0677 31.1547 9.95626 56.0997
112.899 31.0223 31.1907 9.95209 56.0638
112.999 30.9769 31.2265 9.94789 56.0279
113.099 30.9315 31.2624 9.94366 55.9921
113.199 30.8861 31.2982 9.93939 55.9563
113.299 30.8407 31.334 9.93509 55.9204
113.399 30.7952 31.3698 9.93075 55.8847
113.499 30.7498 31.4056 9.92637 55.8489
113.599 30.7044 31.4413 9.92196 55.8132
113.699 30.659 31.477 9.91752 55.7775
113.799 30.6135 31.5127 9.91304 55.7418
113.899 30.5681 31.5483 9.90853 55.7062
113.999 30.5227 31.5839 9.90398 55.6706
114.099 30.4772 31.6195 9.8994 55.635
114.199 30.4318 31.6551 9.89478 55.5994
114.299 30.3863 31.6906 9.89013 55.5639
114.399 30.3408 31.7261 9.88544 55.5284
114.499 30.2954 31.7616 9.88072 55.4929
114.599 30.2499 31.797 9.87596 55.4575
114.699 30.2044 31.8324 9.87117 55.4221
114.799 30.159 31.8678 9.86635 55.3867
114.899 30.1135 31.9032 9.86148 55.3513
114.999 30.068 31.9385 9.85659 55.316
115.099 30.0225 31.9738 9.85166 55.2807
115.199 29.977 32.0091 9.84669 55.2454
115.299 29.9315 32.0443 9.84169 55.2101
115.399 29.886 32.0795 9.83665 55.1749
115.499 29.8405 32.1147 9.83158 55.1397
115.599 29.795 32.1499 9.82647 55.1046
115.699 29.7495 32.185 9.82133 55.0695
115.799 29.7039 32.2201 9.81616 55.0344
115.899 29.6584 32.2552 9.81094 54.9993
115.999 29.6129 32.2902 9.8057 54.9642
116.099 29.5673 32.3252 9.80041 54.9292
116.199 29.5218 32.3602 9.7951 54.8943
116.299 29.4763 32.3952 9.78974 54.8593
116.399 29.4307 32.4301 9.78436 54.8244
116.499 29.3852 32.465 9.77893 54.7895
116.599 29.3396 32.4998 9.77348 54.7546
116.699 29.294 32.5347 9.76798 54.7198
116.799 29.2485 32.5695 9.76245 54.685
116.899 29.2029 32.6042 9.75689 54.6502
116.999 29.1573 32.639 9.75129 54.6155
117.099 29.1118 32.6737 9.74566 54.5808
117.199 29.0662 32.7084 9.73999 54.5461
117.299 29.0206 32.743 9.73428 54.5115
117.399 28.975 32.7776 9.72854 54.4769
117.499 28.9294 32.8122 9.72277 54.4423
117.599 28.8838 32.8467 9.71696 54.4077
117.699 28.8382 32.8813 9.71111 54.3732
117.799 28.7926 32.9158 9.70523 54.3387
117.899 28.747 32.9502 9.69931 54.3043
117.999 28.7014 32.9846 9.69336 54.2698
118.099 28.6558 33.019 9.68737 54.2355
118.199 28.6102 33.0534 9.68135 54.2011
118.299 28.5645 33.0877 9.67529 54.1668
118.399 28.5189 33.122 9.66919 54.1325
118.499 28.4733 33.1563 9.66306 54.0982
118.599 28.4276 33.1905 9.6569 54.064
118.699 28.382 33.2247 9.6507 54.0298
118.799 28.3364 33.2589 9.64446 53.9956
118.899 28.2907 33.293 9.63819 53.9615
118.999 28.2451 33.3271 9.63188 53.9274
119.099 28.1994 33.3612 9.62554 53.8933
119.199 28.1537 33.3952 9.61916 53.8593
119.299 28.1081 33.4292 9.61275 53.8253
119.399 28.0624 33.4632 9.6063 53.7913
119.499 28.0167 33.4971 9.59981 53.7574
119.599 27.9711 33.531 9.59329 53.7235
119.699 27.9254 33.5649 9.58674 53.6896
119.799 27.8797 33.5987 9.58015 53.6558
119.899 27.834 33.6325 9.57352 53.622
119.999 27.7883 33.6663 9.56686 53.5882
120.099 27.7426 33.7 9.56016 53.5545
120.199 27.6969 33.7337 9.55342 53.5208
120.299 27.6512 33.7674 9.54665 53.4871
120.399 27.6055 33.801 9.53985 53.4535
120.499 27.5598 33.8346 9.53301 53.4199
120.599 27.5141 33.8681 9.52613 53.3863
120.699 27.4684 33.9017 9.51922 53.3528
120.799 27.4227 33.9352 9.51227 53.3193
120.899 27.377 33.9686 9.50529 53.2859
120.999 27.3312 34.002 9.49827 53.2524
121.099 27.2855 34.0354 9.49121 53.2191
121.199 27.2398 34.0688 9.48412 53.1857
121.299 27.194 34.1021 9.47699 53.1524
121.399 27.1483 34.1354 9.46983 53.1191
121.499 27.1025 34.1686 9.46263 53.0859
121.599 27.0568 34.2018 9.4554 53.0527
121.699 27.011 34.235 9.44813 53.0195
121.799 26.9653 34.2681 9.44082 52.9864
121.899 26.9195 34.3012 9.43348 52.9533
121.999 26.8738 34.3343 9.42611 52.9202
122.099 26.828 34.3673 9.41869 52.8872
122.199 26.7822 34.4003 9.41125 52.8542
122.299 26.7365 34.4333 9.40376 52.8212
122.399 26.6907 34.4662 9.39624 52.7883
122.499 26.6449 34.4991 9.38869 52.7554
122.599 26.5991 34.5319 9.38109 52.7226
122.699 26.5533 34.5647 9.37347 52.6897
122.799 26.5076 34.5975 9.3658 52.657
122.899 26.4618 34.6303 9.3581 52.6242
122.999 26.416 34.663 9.35037 52.5915
123.099 26.3702 34.6956 9.3426 52.5589
123.199 26.3244 34.7282 9.33479 52.5262
123.299 26.2786 34.7608 9.32695 52.4936
123.399 26.2327 34.7934 9.31907 52.4611
123.499 26.1869 34.8259 9.31116 52.4286
123.599 26.1411 34.8584 9.30321 52.3961
123.699 26.0953 34.8908 9.29522 52.3637
123.799 26.0495 34.9232 9.2872 52.3313
123.899 26.0036 34.9556 9.27914 52.2989
123.999 25.9578 34.9879 9.27105 52.2666
124.099 25.912 35.0202 9.26292 52.2343
124.199 25.8661 35.0524 9.25476 52.202
124.299 25.8203 35.0847 9.24656 52.1698
124.399 25.7745 35.1168 9.23832 52.1376
124.499 25.7286 35.149 9.23005 52.1055
124.599 25.6828 35.1811 9.22174 52.0734
124.699 25.6369 35.2131 9.21339 52.0414
124.799 25.5911 35.2451 9.20501 52.0093
124.899 25.5452 35.2771 9.1966 51.9774
124.999 25.4993 35.3091 9.18815 51.9454
125.099 25.4535 35.341 9.17966 51.9135
125.199 25.4076 35.3728 9.17113 51.8817
125.299 25.3617 35.4047 9.16258 51.8498
125.399 25.3159 35.4364 9.15398 51.818
125.499 25.27 35.4682 9.14535 51.7863
125.599 25.2241 35.4999 9.13668 51.7546
125.699 25.1782 35.5316 9.12798 51.7229
125.799 25.1323 35.5632 9.11924 51.6913
125.899 25.0864 35.5948 9.11047 51.6597
125.999 25.0406 35.6263 9.10166 51.6282
126.099 24.9947 35.6578 9.09281 51.5967
126.199 24.9488 35.6893 9.08393 51.5652
126.299 24.9029 35.7207 9.07501 51.5338
126.399 24.857 35.7521 9.06606 51.5024
126.499 24.811 35.7834 9.05707 51.471
126.599 24.7651 35.8148 9.04804 51.4397
126.699 24.7192 35.846 9.03898 51.4085
126.799 24.6733 35.8772 9.02988 51.3772
126.899 24.6274 35.9084 9.02075 51.3461
126.999 24.5815 35.9396 9.01158 51.3149
127.099 24.5355 35.9707 9.00237 51.2838
127.199 24.4896 36.0017 8.99313 51.2527
127.299 24.4437 36.0328 8.98386 51.2217
127.399 24.3977 36.0637 8.97454 51.1907
127.499 24.3518 36.0947 8.9652 51.1598
127.599 24.3059 36.1256 8.95581 51.1289
127.699 24.2599 36.1564 8.94639 51.0981
127.799 24.214 36.1872 8.93694 51.0672
127.899 24.168 36.218 8.92745 51.0365
127.999 24.1221 36.2487 8.91792 51.0057
128.099 24.0761 36.2794 8.90836 50.9751
128.199 24.0301 36.3101 8.89876 50.9444
128.299 23.9842 36.3407 8.88912 50.9138
128.399 23.9382 36.3712 8.87945 50.8832
128.499 23.8922 36.4018 8.86974 50.8527
128.599 23.8463 36.4322 8.86 50.8222
128.699 23.8003 36.4627 8.85022 50.7918
128.799 23.7543 36.4931 8.84041 50.7614
128.899 23.7083 36.5234 8.83056 50.7311
128.999 23.6624 36.5537 8.82067 50.7008
129.099 23.6164 36.584 8.81075 50.6705
129.199 23.5704 36.6142 8.8008 50.6403
129.299 23.5244 36.6444 8.7908 50.6101
129.399 23.4784 36.6745 8.78077 50.5799
129.499 23.4324 36.7046 8.77071 50.5499
129.599 23.3864 36.7347 8.76061 50.5198
129.699 23.3404 36.7647 8.75047 50.4898
129.799 23.2944 36.7946 8.7403 50.4598
129.899 23.2484 36.8246 8.7301 50.4299
129.999 23.2024 36.8544 8.71985 50.4
130.099 23.1563 36.8843 8.70958 50.3702
130.199 23.1103 36.9141 8.69926 50.3404
130.299 23.0643 36.9438 8.68891 50.3107
130.399 23.0183 36.9735 8.67853 50.281
130.499 22.9723 37.0032 8.66811 50.2513
130.599 22.9262 37.0328 8.65765 50.2217
130.699 22.8802 37.0624 8.64716 50.1921
130.799 22.8342 37.0919 8.63663 50.1626
130.899 22.7881 37.1214 8.62607 50.1331
130.999 22.7421 37.1508 8.61547 50.1037
131.099 22.6961 37.1802 8.60484 50.0743
131.199 22.65 37.2095 8.59417 50.045
131.299 22.604 37.2388 8.58346 50.0157
131.399 22.5579 37.2681 8.57272 49.9864
131.499 22.5119 37.2973 8.56195 49.9572
131.599 22.4658 37.3265 8.55114 49.928
131.699 22.4198 37.3556 8.54029 49.8989
131.799 22.3737 37.3847 8.52941 49.8698
131.899 22.3276 37.4137 8.51849 49.8408
131.999 22.2816 37.4427 8.50754 49.8118
132.099 22.2355 37.4716 8.49655 49.7829
132.199 22.1894 37.5005 8.48552 49.754
132.299 22.1434 37.5294 8.47446 49.7251
132.399 22.0973 37.5582 8.46337 49.6963
132.499 22.0512 37.5869 8.45224 49.6676
132.599 22.0051 37.6156 8.44108 49.6389
132.699 21.9591 37.6443 8.42987 49.6102
132.799 21.913 37.6729 8.41864 49.5816
132.899 21.8669 37.7015 8.40737 49.553
132.999 21.8208 37.73 8.39606 49.5245
133.099 21.7747 37.7585 8.38472 49.496
133.199 21.7286 37.7869 8.37334 49.4676
133.299 21.6825 37.8153 8.36193 49.4392
133.399 21.6364 37.8436 8.35048 49.4108
133.499 21.5903 37.8719 8.339 49.3825
133.599 21.5442 37.9002 8.32748 49.3543
133.699 21.4981 37.9284 8.31593 49.3261
133.799 21.452 37.9565 8.30434 49.2979
133.899 21.4059 37.9846 8.29272 49.2698
133.999 21.3598 38.0127 8.28106 49.2418
134.099 21.3137 38.0407 8.26937 49.2138
134.199 21.2676 38.0687 8.25764 49.1858
134.299 21.2214 38.0966 8.24588 49.1579
134.399 21.1753 38.1245 8.23408 49.13
134.499 21.1292 38.1523 8.22225 49.1022
134.599 21.0831 38.1801 8.21038 49.0744
134.699 21.0369 38.2078 8.19848 49.0467
134.799 20.9908 38.2355 8.18654 49.019
134.899 20.9447 38.2631 8.17456 48.9914
134.999 20.8985 38.2907 8.16256 48.9638
135.099 20.8524 38.3182 8.15051 48.9363
135.199 20.8063 38.3457 8.13844 48.9088
135.299 20.7601 38.3731 8.12632 48.8814
135.399 20.714 38.4005 8.11418 48.854
135.499 20.6678 38.4279 8.102 48.8266
135.599 20.6217 38.4551 8.08978 48.7993
135.699 20.5755 38.4824 8.07753 48.7721
135.799 20.5294 38.5096 8.06524 48.7449
135.899 20.4832 38.5367 8.05292 48.7178
135.999 20.4371 38.5638 8.04057 48.6907
136.099 20.3909 38.5909 8.02818 48.6636
136.199 20.3447 38.6179 8.01575 48.6366
136.299 20.2986 38.6448 8.00329 48.6097
136.399 20.2524 38.6717 7.9908 48.5828
136.499 20.2062 38.6986 7.97827 48.5559
136.599 20.1601 38.7254 7.96571 48.5291
136.699 20.1139 38.7521 7.95311 48.5024
136.799 20.0677 38.7788 7.94048 48.4757
136.899 20.0215 38.8055 7.92781 48.449
136.999 19.9754 38.8321 7.91511 48.4224
137.099 19.9292 38.8586 7.90238 48.3958
137.199 19.883 38.8851 7.88961 48.3693
137.299 19.8368 38.9116 7.8768 48.3429
137.399 19.7906 38.938 7.86397 48.3165
137.499 19.7444 38.9644 7.85109 48.2901
137.599 19.6982 38.9907 7.83819 48.2638
137.699 19.6521 39.0169 7.82525 48.2376
137.799 19.6059 39.0431 7.81227 48.2114
137.899 19.5597 39.0693 7.79926 48.1852
137.999 19.5135 39.0954 7.78622 48.1591
138.099 19.4673 39.1214 7.77314 48.1331
138.199 19.421 39.1474 7.76003 48.107
138.299 19.3748 39.1734 7.74689 48.0811
138.399 19.3286 39.1993 7.73371 48.0552
138.499 19.2824 39.2251 7.72049 48.0293
138.599 19.2362 39.2509 7.70725 48.0035
138.699 19.19 39.2767 7.69396 47.9778
138.799 19.1438 39.3024 7.68065 47.9521
138.899 19.0976 39.328 7.6673 47.9265
138.999 19.0513 39.3536 7.65392 47.9009
139.099 19.0051 39.3792 7.6405 47.8753
139.199 18.9589 39.4046 7.62705 47.8498
139.299 18.9127 39.4301 7.61357 47.8244
139.399 18.8664 39.4555 7.60005 47.799
139.499 18.8202 39.4808 7.5865 47.7737
139.599 18.774 39.5061 7.57291 47.7484
139.699 18.7277 39.5313 7.55929 47.7232
139.799 18.6815 39.5565 7.54564 47.698
139.899 18.6353 39.5816 7.53195 47.6728
139.999 18.589 39.6067 7.51824 47.6478
140.099 18.5428 39.6317 7.50448 47.6227
140.199 18.4965 39.6567 7.4907 47.5978
140.299 18.4503 39.6816 7.47688 47.5728
140.399 18.4041 39.7065 7.46302 47.548
140.499 18.3578 39.7313 7.44914 47.5232
140.599 18.3116 39.7561 7.43522 47.4984
140.699 18.2653 39.7808 7.42127 47.4737
140.799 18.219 39.8054 7.40728 47.449
140.899 18.1728 39.8301 7.39326 47.4244
140.999 18.1265 39.8546 7.37921 47.3999
141.099 18.0803 39.8791 7.36512 47.3754
141.199 18.034 39.9036 7.351 47.3509
141.299 17.9877 39.9279 7.33685 47.3265
141.399 17.9415 39.9523 7.32267 47.3022
141.499 17.8952 39.9766 7.30845 47.2779
141.599 17.8489 40.0008 7.2942 47.2537
141.699 17.8027 40.025 7.27992 47.2295
141.799 17.7564 40.0491 7.2656 47.2054
141.899 17.7101 40.0732 7.25125 47.1813
141.999 17.6638 40.0972 7.23687 47.1573
142.099 17.6176 40.1212 7.22245 47.1333
142.199 17.5713 40.1451 7.20801 47.1094
142.299 17.525 40.169 7.19353 47.0855
142.399 17.4787 40.1928 7.17901 47.0617
142.499 17.4324 40.2165 7.16447 47.038
142.6 17.3861 40.2402 7.14989 47.0143
142.7 17.3399 40.2638 7.13528 46.9906
142.8 17.2936 40.2874 7.12064 46.967
142.9 17.2473 40.311 7.10596 46.9435
143 17.201 40.3345 7.09126 46.92
143.1 17.1547 40.3579 7.07652 46.8966
143.2 17.1084 40.3813 7.06175 46.8732
143.3 17.0621 40.4046 7.04694 46.8499
143.4 17.0158 40.4278 7.0321 46.8266
143.5 16.9695 40.451 7.01724 46.8034
143.6 16.9232 40.4742 7.00234 46.7803
143.7 16.8769 40.4973 6.9874 46.7572
143.8 16.8306 40.5203 6.97244 46.7341
143.9 16.7843 40.5433 6.95744 46.7111
144 16.7379 40.5663 6.94241 46.6882
144.1 16.6916 40.5891 6.92735 46.6653
144.2 16.6453 40.612 6.91226 46.6425
144.3 16.599 40.6347 6.89714 46.6197
144.4 16.5527 40.6575 6.88198 46.597
144.5 16.5064 40.6801 6.86679 46.5744
144.6 16.46 40.7027 6.85157 46.5518
144.7 16.4137 40.7253 6.83632 46.5292
144.8 16.3674 40.7478 6.82104 46.5067
144.9 16.3211 40.7702 6.80573 46.4843
145 16.2747 40.7926 6.79038 46.4619
145.1 16.2284 40.8149 6.77501 46.4396
145.2 16.1821 40.8372 6.7596 46.4173
145.3 16.1358 40.8594 6.74416 46.3951
145.4 16.0894 40.8815 6.72869 46.3729
145.5 16.0431 40.9036 6.71319 46.3508
145.6 15.9968 40.9257 6.69765 46.3288
145.7 15.9504 40.9477 6.68209 46.3068
145.8 15.9041 40.9696 6.66649 46.2849
145.9 15.8577 40.9915 6.65087 46.263
146 15.8114 41.0133 6.63521 46.2412
146.1 15.765 41.0351 6.61952 46.2194
146.2 15.7187 41.0568 6.6038 46.1977
146.3 15.6724 41.0784 6.58806 46.176
146.4 15.626 41.1 6.57227 46.1544
146.5 15.5797 41.1216 6.55646 46.1329
146.6 15.5333 41.1431 6.54062 46.1114
146.7 15.4869 41.1645 6.52475 46.09
146.8 15.4406 41.1858 6.50885 46.0686
146.9 15.3942 41.2072 6.49291 46.0473
147 15.3479 41.2284 6.47695 46.0261
147.1 15.3015 41.2496 6.46095 46.0049
147.2 15.2552 41.2708 6.44493 45.9837
147.3 15.2088 41.2918 6.42887 45.9626
147.4 15.1624 41.3129 6.41279 45.9416
147.5 15.1161 41.3338 6.39667 45.9207
147.6 15.0697 41.3547 6.38053 45.8997
147.7 15.0233 41.3756 6.36435 45.8789
147.8 14.977 41.3964 6.34815 45.8581
147.9 14.9306 41.4171 6.33191 45.8374
148 14.8842 41.4378 6.31565 45.8167
148.1 14.8378 41.4584 6.29935 45.7961
148.2 14.7915 41.479 6.28303 45.7755
148.3 14.7451 41.4995 6.26667 45.755
148.4 14.6987 41.52 6.25029 45.7345
148.5 14.6523 41.5403 6.23387 45.7141
148.6 14.606 41.5607 6.21743 45.6938
148.7 14.5596 41.581 6.20096 45.6735
148.8 14.5132 41.6012 6.18445 45.6533
148.9 14.4668 41.6213 6.16792 45.6331
149 14.4204 41.6414 6.15136 45.613
149.1 14.374 41.6615 6.13477 45.593
149.2 14.3276 41.6815 6.11815 45.573
149.3 14.2813 41.7014 6.1015 45.5531
149.4 14.2349 41.7213 6.08482 45.5332
149.5 14.1885 41.7411 6.06812 45.5134
149.6 14.1421 41.7608 6.05138 45.4937
149.7 14.0957 41.7805 6.03461 45.474
149.8 14.0493 41.8001 6.01782 45.4543
149.9 14.0029 41.8197 6.001 45.4348
150 13.9565 41.8392 5.98415 45.4153
150.1 13.9101 41.8587 5.96727 45.3958
150.2 13.8637 41.8781 5.95036 45.3764
150.3 13.8173 41.8974 5.93342 45.3571
150.4 13.7709 41.9167 5.91646 45.3378
150.5 13.7245 41.9359 5.89946 45.3186
150.6 13.6781 41.9551 5.88244 45.2994
150.7 13.6317 41.9742 5.86539 45.2803
150.8 13.5852 41.9932 5.84831 45.2613
150.9 13.5388 42.0122 5.8312 45.2423
151 13.4924 42.0311 5.81407 45.2234
151.1 13.446 42.05 5.79691 45.2045
151.2 13.3996 42.0688 5.77971 45.1857
151.3 13.3532 42.0875 5.7625 45.1669
151.4 13.3068 42.1062 5.74525 45.1483
151.5 13.2603 42.1249 5.72797 45.1296
151.6 13.2139 42.1434 5.71067 45.1111
151.7 13.1675 42.1619 5.69334 45.0926
151.8 13.1211 42.1804 5.67598 45.0741
151.9 13.0747 42.1988 5.6586 45.0557
152 13.0282 42.2171 5.64119 45.0374
152.1 12.9818 42.2354 5.62375 45.0191
152.2 12.9354 42.2536 5.60628 45.0009
152.3 12.8889 42.2717 5.58879 44.9828
152.4 12.8425 42.2898 5.57127 44.9647
152.5 12.7961 42.3078 5.55372 44.9467
152.6 12.7497 42.3258 5.53614 44.9287
152.7 12.7032 42.3437 5.51854 44.9108
152.8 12.6568 42.3615 5.50091 44.893
152.9 12.6104 42.3793 5.48325 44.8752
153 12.5639 42.397 5.46557 44.8574
153.1 12.5175 42.4147 5.44786 44.8398
153.2 12.471 42.4323 5.43012 44.8222
153.3 12.4246 42.4498 5.41236 44.8046
153.4 12.3782 42.4673 5.39457 44.7872
153.5 12.3317 42.4847 5.37676 44.7697
153.6 12.2853 42.5021 5.35891 44.7524
153.7 12.2388 42.5194 5.34105 44.7351
153.8 12.1924 42.5366 5.32315 44.7178
153.9 12.1459 42.5538 5.30523 44.7007
154 12.0995 42.5709 5.28729 44.6836
154.1 12.053 42.588 5.26931 44.6665
154.2 12.0066 42.605 5.25131 44.6495
154.3 11.9601 42.6219 5.23329 44.6326
154.4 11.9137 42.6388 5.21524 44.6157
154.5 11.8672 42.6556 5.19716 44.5989
154.6 11.8208 42.6723 5.17906 44.5822
154.7 11.7743 42.689 5.16094 44.5655
154.8 11.7279 42.7056 5.14278 44.5488
154.9 11.6814 42.7222 5.12461 44.5323
155 11.635 42.7387 5.1064 44.5158
155.1 11.5885 42.7551 5.08818 44.4993
155.2 11.542 42.7715 5.06992 44.483
155.3 11.4956 42.7878 5.05165 44.4667
155.4 11.4491 42.8041 5.03334 44.4504
155.5 11.4027 42.8203 5.01501 44.4342
155.6 11.3562 42.8364 4.99666 44.4181
155.7 11.3097 42.8525 4.97828 44.402
155.8 11.2633 42.8685 4.95988 44.386
155.9 11.2168 42.8844 4.94145 44.3701
156 11.1703 42.9003 4.923 44.3542
156.1 11.1238 42.9161 4.90453 44.3384
156.2 11.0774 42.9319 4.88603 44.3226
156.3 11.0309 42.9476 4.8675 44.3069
156.4 10.9844 42.9632 4.84895 44.2913
156.5 10.938 42.9788 4.83038 44.2757
156.6 10.8915 42.9943 4.81178 44.2602
156.7 10.845 43.0097 4.79316 44.2447
156.8 10.7985 43.0251 4.77452 44.2294
156.9 10.7521 43.0404 4.75585 44.214
157 10.7056 43.0557 4.73716 44.1988
157.1 10.6591 43.0709 4.71844 44.1836
157.2 10.6126 43.086 4.6997 44.1685
157.3 10.5661 43.1011 4.68094 44.1534
157.4 10.5197 43.1161 4.66215 44.1384
157.5 10.4732 43.1311 4.64334 44.1234
157.6 10.4267 43.1459 4.62451 44.1085
157.7 10.3802 43.1608 4.60565 44.0937
157.8 10.3337 43.1755 4.58677 44.079
157.9 10.2872 43.1902 4.56787 44.0643
158 10.2407 43.2048 4.54895 44.0496
158.1 10.1943 43.2194 4.53 44.0351
158.2 10.1478 43.2339 4.51103 44.0206
158.3 10.1013 43.2483 4.49203 44.0061
158.4 10.0548 43.2627 4.47302 43.9918
158.5 10.0083 43.277 4.45398 43.9774
158.6 9.9618 43.2913 4.43492 43.9632
158.7 9.91531 43.3055 4.41584 43.949
158.8 9.86881 43.3196 4.39673 43.9349
158.9 9.82232 43.3337 4.3776 43.9208
159.001 9.77582 43.3477 4.35845 43.9068
159.101 9.72932 43.3616 4.33928 43.8929
159.201 9.68283 43.3755 4.32009 43.879
159.301 9.63633 43.3893 4.30087 43.8652
159.401 9.58983 43.403 4.28164 43.8515
159.501 9.54333 43.4167 4.26238 43.8378
159.601 9.49682 43.4303 4.2431 43.8242
159.701 9.45032 43.4439 4.22379 43.8106
159.801 9.40382 43.4574 4.20447 43.7971
159.901 9.35732 43.4708 4.18513 43.7837
160.001 9.31081 43.4841 4.16576 43.7703
160.101 9.2643 43.4974 4.14638 43.757
160.201 9.2178 43.5107 4.12697 43.7438
160.301 9.17129 43.5238 4.10754 43.7306
160.401 9.12478 43.5369 4.08809 43.7175
160.501 9.07827 43.55 4.06862 43.7045
160.601 9.03176 43.563 4.04913 43.6915
160.701 8.98525 43.5759 4.02962 43.6786
160.801 8.93874 43.5887 4.01009 43.6658
160.901 8.89223 43.6015 3.99053 43.653
161.001 8.84572 43.6142 3.97096 43.6403
161.101 8.7992 43.6269 3.95137 43.6276
161.201 8.75269 43.6395 3.93175 43.615
161.301 8.70618 43.652 3.91212 43.6025
161.401 8.65966 43.6645 3.89247 43.59
161.501 8.61314 43.6769 3.8728 43.5776
161.601 8.56663 43.6892 3.8531 43.5653
161.701 8.52011 43.7015 3.83339 43.553
161.801 8.47359 43.7137 3.81366 43.5408
161.901 8.42707 43.7258 3.79391 43.5287
162.001 8.38055 43.7379 3.77414 43.5166
162.101 8.33403 43.7499 3.75435 43.5046
162.201 8.28751 43.7618 3.73454 43.4926
162.301 8.24098 43.7737 3.71471 43.4808
162.401 8.19446 43.7855 3.69486 43.469
162.501 8.14794 43.7973 3.675 43.4572
162.601 8.10141 43.809 3.65511 43.4455
162.701 8.05489 43.8206 3.63521 43.4339
162.801 8.00836 43.8321 3.61529 43.4223
162.901 7.96184 43.8436 3.59534 43.4108
163.001 7.91531 43.8551 3.57539 43.3994
163.101 7.86878 43.8664 3.55541 43.3881
163.201 7.82225 43.8777 3.53541 43.3768
163.301 7.77572 43.8889 3.5154 43.3655
163.401 7.72919 43.9001 3.49537 43.3544
163.501 7.68266 43.9112 3.47531 43.3433
163.601 7.63613 43.9223 3.45525 43.3322
163.701 7.5896 43.9332 3.43516 43.3213
163.801 7.54307 43.9441 3.41506 43.3104
163.901 7.49653 43.955 3.39494 43.2995
164.001 7.45 43.9657 3.3748 43.2887
164.101 7.40347 43.9764 3.35464 43.278
164.201 7.35693 43.9871 3.33447 43.2674
164.301 7.31039 43.9977 3.31428 43.2568
164.401 7.26386 44.0082 3.29407 43.2463
164.501 7.21732 44.0186 3.27385 43.2359
164.601 7.17078 44.029 3.2536 43.2255
164.701 7.12425 44.0393 3.23335 43.2152
164.801 7.07771 44.0496 3.21307 43.2049
164.901 7.03117 44.0598 3.19278 43.1947
165.001 6.98463 44.0699 3.17247 43.1846
165.101 6.93809 44.0799 3.15215 43.1745
165.201 6.89155 44.0899 3.13181 43.1646
165.301 6.845 44.0998 3.11145 43.1546
165.401 6.79846 44.1097 3.09108 43.1448
165.501 6.75192 44.1195 3.07069 43.135
165.601 6.70537 44.1292 3.05028 43.1253
165.701 6.65883 44.1389 3.02986 43.1156
165.801 6.61229 44.1485 3.00942 43.106
165.901 6.56574 44.158 2.98897 43.0965
166.001 6.51919 44.1675 2.9685 43.087
166.101 6.47265 44.1768 2.94802 43.0776
166.201 6.4261 44.1862 2.92752 43.0683
166.301 6.37955 44.1954 2.90701 43.059
166.401 6.33301 44.2046 2.88648 43.0498
166.501 6.28646 44.2138 2.86594 43.0407
166.601 6.23991 44.2228 2.84538 43.0317
166.701 6.19336 44.2318 2.8248 43.0227
166.801 6.14681 44.2408 2.80422 43.0137
166.901 6.10026 44.2496 2.78361 43.0049
167.001 6.05371 44.2584 2.763 42.9961
167.101 6.00716 44.2672 2.74236 42.9873
167.201 5.9606 44.2758 2.72172 42.9787
167.301 5.91405 44.2844 2.70106 42.9701
167.401 5.8675 44.293 2.68038 42.9615
167.501 5.82094 44.3014 2.6597 42.9531
167.601 5.77439 44.3098 2.63899 42.9447
167.701 5.72784 44.3182 2.61828 42.9363
167.801 5.68128 44.3264 2.59755 42.9281
167.901 5.63472 44.3346 2.57681 42.9199
168.001 5.58817 44.3428 2.55605 42.9117
168.101 5.54161 44.3508 2.53528 42.9036
168.201 5.49505 44.3588 2.5145 42.8956
168.301 5.4485 44.3668 2.4937 42.8877
168.401 5.40194 44.3746 2.47289 42.8798
168.501 5.35538 44.3824 2.45207 42.872
168.601 5.30882 44.3902 2.43123 42.8643
168.701 5.26226 44.3978 2.41039 42.8566
168.801 5.2157 44.4054 2.38953 42.849
168.901 5.16914 44.413 2.36865 42.8415
169.001 5.12258 44.4205 2.34777 42.834
169.101 5.07602 44.4279 2.32687 42.8266
169.201 5.02946 44.4352 2.30596 42.8193
169.301 4.9829 44.4425 2.28504 42.812
169.401 4.93634 44.4497 2.2641 42.8048
169.501 4.88977 44.4568 2.24316 42.7977
169.601 4.84321 44.4639 2.2222 42.7906
169.701 4.79665 44.4709 2.20123 42.7836
169.801 4.75008 44.4778 2.18025 42.7767
169.901 4.70352 44.4847 2.15926 42.7698
170.001 4.65695 44.4915 2.13826 42.763
170.101 4.61039 44.4982 2.11724 42.7563
170.201 4.56382 44.5049 2.09622 42.7496
170.301 4.51726 44.5115 2.07518 42.743
170.401 4.47069 44.518 2.05413 42.7365
170.501 4.42412 44.5245 2.03307 42.73
170.601 4.37756 44.5309 2.012 42.7236
170.701 4.33099 44.5372 1.99092 42.7173
170.801 4.28442 44.5435 1.96983 42.711
170.901 4.23785 44.5496 1.94873 42.7048
171.001 4.19129 44.5558 1.92762 42.6987
171.101 4.14472 44.5618 1.9065 42.6926
171.201 4.09815 44.5678 1.88537 42.6866
171.301 4.05158 44.5738 1.86423 42.6807
171.401 4.00501 44.5796 1.84308 42.6749
171.501 3.95844 44.5854 1.82192 42.6691
171.601 3.91187 44.5911 1.80075 42.6633
171.701 3.8653 44.5968 1.77957 42.6577
171.801 3.81873 44.6024 1.75838 42.6521
171.901 3.77215 44.6079 1.73718 42.6466
172.001 3.72558 44.6134 1.71597 42.6411
172.101 3.67901 44.6188 1.69476 42.6357
172.201 3.63244 44.6241 1.67353 42.6304
172.301 3.58587 44.6293 1.6523 42.6251
172.401 3.53929 44.6345 1.63106 42.62
172.501 3.49272 44.6396 1.6098 42.6148
172.601 3.44615 44.6447 1.58854 42.6098
172.701 3.39957 44.6497 1.56728 42.6048
172.801 3.353 44.6546 1.546 42.5999
172.901 3.30642 44.6594 1.52471 42.595
173.001 3.25985 44.6642 1.50342 42.5902
173.101 3.21327 44.6689 1.48212 42.5855
173.201 3.1667 44.6736 1.46081 42.5809
173.301 3.12012 44.6782 1.4395 42.5763
173.401 3.07355 44.6827 1.41817 42.5718
173.501 3.02697 44.6871 1.39684 42.5674
173.601 2.98039 44.6915 1.3755 42.563
173.701 2.93382 44.6958 1.35416 42.5587
173.801 2.88724 44.7001 1.3328 42.5544
173.901 2.84066 44.7042 1.31144 42.5502
174.001 2.79409 44.7083 1.29007 42.5461
174.101 2.74751 44.7124 1.2687 42.5421
174.201 2.70093 44.7163 1.24732 42.5381
174.301 2.65435 44.7203 1.22593 42.5342
174.401 2.60778 44.7241 1.20454 42.5304
174.501 2.5612 44.7279 1.18314 42.5266
174.601 2.51462 44.7316 1.16173 42.5229
174.701 2.46804 44.7352 1.14032 42.5193
174.801 2.42146 44.7388 1.1189 42.5157
174.901 2.37488 44.7423 1.09748 42.5122
175.001 2.3283 44.7457 1.07604 42.5088
175.101 2.28172 44.749 1.05461 42.5054
175.201 2.23514 44.7523 1.03317 42.5021
175.301 2.18856 44.7556 1.01172 42.4989
175.402 2.14198 44.7587 0.990267 42.4958
175.502 2.0954 44.7618 0.968809 42.4927
175.602 2.04882 44.7648 0.947346 42.4896
175.702 2.00224 44.7678 0.925878 42.4867
175.802 1.95566 44.7707 0.904405 42.4838
175.902 1.90908 44.7735 0.882927 42.481
176.002 1.8625 44.7762 0.861445 42.4782
176.102 1.81592 44.7789 0.839958 42.4755
176.202 1.76934 44.7815 0.818466 42.4729
176.302 1.72275 44.7841 0.79697 42.4704
176.402 1.67617 44.7866 0.77547 42.4679
176.502 1.62959 44.789 0.753966 42.4655
176.602 1.58301 44.7913 0.732458 42.4631
176.702 1.53643 44.7936 0.710946 42.4609
176.802 1.48984 44.7958 0.68943 42.4587
176.902 1.44326 44.798 0.667911 42.4565
177.002 1.39668 44.8 0.646388 42.4545
177.102 1.3501 44.802 0.624861 42.4524
177.202 1.30351 44.804 0.603331 42.4505
177.302 1.25693 44.8058 0.581798 42.4486
177.402 1.21035 44.8076 0.560262 42.4468
177.502 1.16377 44.8094 0.538723 42.4451
177.602 1.11718 44.811 0.517181 42.4434
177.702 1.0706 44.8126 0.495637 42.4418
177.802 1.02402 44.8142 0.47409 42.4403
177.902 0.977433 44.8156 0.45254 42.4389
178.002 0.930849 44.817 0.430988 42.4375
178.102 0.884266 44.8183 0.409433 42.4361
178.202 0.837682 44.8196 0.387876 42.4349
178.302 0.791098 44.8208 0.366318 42.4337
178.402 0.744514 44.8219 0.344757 42.4326
178.502 0.697931 44.823 0.323194 42.4315
178.602 0.651347 44.8239 0.30163 42.4305
178.702 0.604763 44.8249 0.280064 42.4296
178.802 0.558179 44.8257 0.258497 42.4288
178.902 0.511595 44.8265 0.236928 42.428
179.002 0.465011 44.8272 0.215358 42.4273
179.102 0.418427 44.8279 0.193787 42.4266
179.202 0.371842 44.8284 0.172215 42.4261
179.302 0.325258 44.8289 0.150642 42.4255
179.402 0.278674 44.8294 0.129068 42.4251
179.502 0.23209 44.8298 0.107494 42.4247
179.602 0.185506 44.8301 0.0859187 42.4244
179.702 0.138921 44.8303 0.0643431 42.4242
179.802 0.0923371 44.8305 0.0427672 42.424
179.902 0.0457528 44.8306 0.0211911 42.4239
