 Event ID : 0
-9999 -9999 100 0 54.75
-9999 -9999 100.8 1 99.75
-9999 -9999 101.6 2 90.75
-9999 -9999 102.4 3 77.75
-9999 -9999 103.2 4 57.75
-9999 -9999 123.2 29 41.75
-9999 -9999 127.2 34 41.75
-9999 -9999 128 35 56.75
-9999 -9999 128.8 36 60.75
-9999 -9999 129.6 37 46.75
-9999 -9999 132.8 41 50.75
-9999 -9999 133.6 42 62.75
-9999 -9999 134.4 43 65.75
-9999 -9999 135.2 44 59.75
-9999 -9999 136 45 54.75
-9999 -9999 136.8 46 51.75
-9999 -9999 137.6 47 46.75
-9999 -9999 148 60 41.75
-9999 -9999 148.8 61 61.75
-9999 -9999 149.6 62 55.75
-9999 -9999 150.4 63 58.75
-9999 -9999 151.2 64 70.75
-9999 -9999 152 65 70.75
-9999 -9999 152.8 66 76.75
-9999 -9999 153.6 67 93.75
-9999 -9999 154.4 68 118.75
-9999 -9999 155.2 69 113.75
-9999 -9999 156 70 107.75
-9999 -9999 156.8 71 114.75
-9999 -9999 157.6 72 122.75
-9999 -9999 158.4 73 125.75
-9999 -9999 159.2 74 137.75
-9999 -9999 160 75 151.75
-9999 -9999 160.8 76 137.75
-9999 -9999 161.6 77 124.75
-9999 -9999 162.4 78 119.75
-9999 -9999 163.2 79 128.75
-9999 -9999 164 80 138.75
-9999 -9999 164.8 81 143.75
-9999 -9999 165.6 82 147.75
-9999 -9999 166.4 83 139.75
-9999 -9999 167.2 84 135.75
-9999 -9999 168 85 137.75
-9999 -9999 168.8 86 147.75
-9999 -9999 169.6 87 155.75
-9999 -9999 170.4 88 153.75
-9999 -9999 171.2 89 134.75
-9999 -9999 172 90 121.75
-9999 -9999 172.8 91 126.75
-9999 -9999 173.6 92 143.75
-9999 -9999 174.4 93 167.75
-9999 -9999 175.2 94 189.75
-9999 -9999 176 95 204.75
-9999 -9999 176.8 96 213.75
-9999 -9999 177.6 97 209.75
-9999 -9999 178.4 98 210.75
-9999 -9999 179.2 99 214.75
-9999 -9999 180 100 211.75
-9999 -9999 180.8 101 202.75
-9999 -9999 181.6 102 195.75
-9999 -9999 182.4 103 189.75
-9999 -9999 183.2 104 179.75
-9999 -9999 184 105 161.75
-9999 -9999 184.8 106 167.75
-9999 -9999 185.6 107 182.75
-9999 -9999 186.4 108 184.75
-9999 -9999 187.2 109 192.75
-9999 -9999 188 110 195.75
-9999 -9999 188.8 111 194.75
-9999 -9999 189.6 112 194.75
-9999 -9999 190.4 113 213.75
-9999 -9999 191.2 114 237.75
-9999 -9999 192 115 239.75
-9999 -9999 192.8 116 230.75
-9999 -9999 193.6 117 221.75
-9999 -9999 194.4 118 212.75
-9999 -9999 195.2 119 214.75
-9999 -9999 196 120 219.75
-9999 -9999 196.8 121 233.75
-9999 -9999 197.6 122 250.75
-9999 -9999 198.4 123 268.75
-9999 -9999 199.2 124 273.75
-9999 -9999 200 125 265.75
-9999 -9999 200.8 126 265.75
-9999 -9999 201.6 127 265.75
-9999 -9999 202.4 128 264.75
-9999 -9999 203.2 129 244.75
-9999 -9999 204 130 216.75
-9999 -9999 204.8 131 190.75
-9999 -9999 205.6 132 174.75
-9999 -9999 206.4 133 169.75
-9999 -9999 207.2 134 172.75
-9999 -9999 208 135 174.75
-9999 -9999 208.8 136 170.75
-9999 -9999 209.6 137 166.75
-9999 -9999 210.4 138 157.75
-9999 -9999 211.2 139 144.75
-9999 -9999 212 140 142.75
-9999 -9999 212.8 141 137.75
-9999 -9999 213.6 142 123.75
-9999 -9999 214.4 143 101.75
-9999 -9999 215.2 144 87.75
-9999 -9999 216 145 72.75
-9999 -9999 216.8 146 55.75
-9999 -9999 217.6 147 46.75
-9999 -9999 218.4 148 45.75
-9999 -9999 221.6 152 47.75
-9999 -9999 222.4 153 69.75
-9999 -9999 223.2 154 91.75
-9999 -9999 224 155 109.75
-9999 -9999 224.8 156 115.75
-9999 -9999 225.6 157 116.75
-9999 -9999 226.4 158 127.75
-9999 -9999 227.2 159 134.75
-9999 -9999 228 160 131.75
-9999 -9999 228.8 161 120.75
-9999 -9999 229.6 162 113.75
-9999 -9999 230.4 163 108.75
-9999 -9999 231.2 164 101.75
-9999 -9999 232 165 101.75
-9999 -9999 232.8 166 95.75
-9999 -9999 233.6 167 78.75
-9999 -9999 234.4 168 58.75
-9999 -9999 235.2 169 41.75
-9999 -9999 239.2 174 55.75
-9999 -9999 240 175 63.75
-9999 -9999 240.8 176 69.75
-9999 -9999 241.6 177 134.75
-9999 -9999 242.4 178 195.75
-9999 -9999 243.2 179 246.75
-9999 -9999 244 180 346.75
-9999 -9999 244.8 181 436.75
-9999 -9999 245.6 182 498.75
-9999 -9999 246.4 183 563.75
-9999 -9999 247.2 184 610.75
-9999 -9999 248 185 622.75
-9999 -9999 248.8 186 599.75
-9999 -9999 249.6 187 578.75
-9999 -9999 250.4 188 571.75
-9999 -9999 251.2 189 551.75
-9999 -9999 252 190 549.75
-9999 -9999 252.8 191 563.75
-9999 -9999 253.6 192 561.75
-9999 -9999 254.4 193 544.75
-9999 -9999 255.2 194 532.75
-9999 -9999 256 195 537.75
-9999 -9999 256.8 196 537.75
-9999 -9999 257.6 197 531.75
-9999 -9999 258.4 198 544.75
-9999 -9999 259.2 199 549.75
-9999 -9999 260 200 534.75
-9999 -9999 260.8 201 531.75
-9999 -9999 261.6 202 536.75
-9999 -9999 262.4 203 556.75
-9999 -9999 263.2 204 568.75
-9999 -9999 264 205 574.75
-9999 -9999 264.8 206 580.75
-9999 -9999 265.6 207 592.75
-9999 -9999 266.4 208 617.75
-9999 -9999 267.2 209 662.75
-9999 -9999 268 210 713.75
-9999 -9999 268.8 211 766.75
-9999 -9999 269.6 212 794.75
-9999 -9999 270.4 213 806.75
-9999 -9999 271.2 214 823.75
-9999 -9999 272 215 847.75
-9999 -9999 272.8 216 891.75
-9999 -9999 273.6 217 934.75
-9999 -9999 274.4 218 964.75
-9999 -9999 275.2 219 987.75
-9999 -9999 276 220 1010.75
-9999 -9999 276.8 221 1024.75
-9999 -9999 277.6 222 1035.75
-9999 -9999 278.4 223 1049.75
-9999 -9999 279.2 224 1030.75
-9999 -9999 280 225 994.75
-9999 -9999 280.8 226 976.75
-9999 -9999 281.6 227 997.75
-9999 -9999 282.4 228 1038.75
-9999 -9999 283.2 229 1139.75
-9999 -9999 284 230 1264.75
-9999 -9999 284.8 231 1286.75
-9999 -9999 285.6 232 1221.75
-9999 -9999 286.4 233 1194.75
-9999 -9999 287.2 234 1197.75
-9999 -9999 288 235 1183.75
-9999 -9999 288.8 236 1144.75
-9999 -9999 289.6 237 1089.75
-9999 -9999 290.4 238 1006.75
-9999 -9999 291.2 239 910.75
-9999 -9999 292 240 812.75
-9999 -9999 292.8 241 720.75
-9999 -9999 293.6 242 631.75
-9999 -9999 294.4 243 554.75
-9999 -9999 295.2 244 480.75
-9999 -9999 296 245 420.75
-9999 -9999 296.8 246 363.75
-9999 -9999 297.6 247 321.75
-9999 -9999 298.4 248 278.75
-9999 -9999 299.2 249 250.75
-9999 -9999 300 250 223.75
-9999 -9999 300.8 251 207.75
-9999 -9999 301.6 252 191.75
-9999 -9999 302.4 253 180.75
-9999 -9999 303.2 254 169.75
-9999 -9999 304 255 161.75
-9999 -9999 304.8 256 155.75
-9999 -9999 305.6 257 146.75
-9999 -9999 306.4 258 144.75
-9999 -9999 307.2 259 143.75
-9999 -9999 308 260 141.75
-9999 -9999 308.8 261 142.75
-9999 -9999 309.6 262 137.75
-9999 -9999 310.4 263 140.75
-9999 -9999 311.2 264 136.75
-9999 -9999 312 265 134.75
-9999 -9999 312.8 266 138.75
-9999 -9999 313.6 267 138.75
-9999 -9999 314.4 268 136.75
-9999 -9999 315.2 269 135.75
-9999 -9999 316 270 137.75
-9999 -9999 316.8 271 136.75
-9999 -9999 317.6 272 138.75
-9999 -9999 318.4 273 138.75
-9999 -9999 319.2 274 136.75
-9999 -9999 320 275 137.75
-9999 -9999 320.8 276 137.75
-9999 -9999 321.6 277 136.75
-9999 -9999 322.4 278 134.75
-9999 -9999 323.2 279 138.75
-9999 -9999 324 280 137.75
-9999 -9999 324.8 281 139.75
-9999 -9999 325.6 282 139.75
-9999 -9999 326.4 283 139.75
-9999 -9999 327.2 284 140.75
-9999 -9999 328 285 142.75
-9999 -9999 328.8 286 138.75
-9999 -9999 329.6 287 137.75
-9999 -9999 330.4 288 137.75
-9999 -9999 331.2 289 139.75
-9999 -9999 332 290 138.75
-9999 -9999 332.8 291 137.75
-9999 -9999 333.6 292 138.75
-9999 -9999 334.4 293 140.75
-9999 -9999 335.2 294 139.75
-9999 -9999 336 295 140.75
-9999 -9999 336.8 296 141.75
-9999 -9999 337.6 297 136.75
-9999 -9999 338.4 298 138.75
-9999 -9999 339.2 299 137.75
-9999 -9999 340 300 140.75
-9999 -9999 340.8 301 139.75
-9999 -9999 341.6 302 142.75
-9999 -9999 342.4 303 143.75
-9999 -9999 343.2 304 142.75
-9999 -9999 344 305 141.75
-9999 -9999 344.8 306 143.75
-9999 -9999 345.6 307 137.75
-9999 -9999 346.4 308 137.75
-9999 -9999 347.2 309 138.75
-9999 -9999 348 310 138.75
-9999 -9999 348.8 311 139.75
-9999 -9999 349.6 312 136.75
-9999 -9999 350.4 313 137.75
-9999 -9999 351.2 314 138.75
-9999 -9999 352 315 141.75
-9999 -9999 352.8 316 140.75
-9999 -9999 353.6 317 140.75
-9999 -9999 354.4 318 140.75
-9999 -9999 355.2 319 139.75
-9999 -9999 356 320 136.75
-9999 -9999 356.8 321 139.75
-9999 -9999 357.6 322 140.75
-9999 -9999 358.4 323 140.75
-9999 -9999 359.2 324 141.75
-9999 -9999 360 325 141.75
-9999 -9999 360.8 326 140.75
-9999 -9999 361.6 327 142.75
-9999 -9999 362.4 328 139.75
-9999 -9999 363.2 329 143.75
-9999 -9999 364 330 140.75
-9999 -9999 364.8 331 142.75
-9999 -9999 365.6 332 140.75
-9999 -9999 366.4 333 139.75
-9999 -9999 367.2 334 143.75
-9999 -9999 368 335 142.75
-9999 -9999 368.8 336 142.75
-9999 -9999 369.6 337 142.75
-9999 -9999 370.4 338 143.75
-9999 -9999 371.2 339 140.75
-9999 -9999 372 340 139.75
-9999 -9999 372.8 341 140.75
-9999 -9999 373.6 342 139.75
-9999 -9999 374.4 343 142.75
-9999 -9999 375.2 344 141.75
-9999 -9999 376 345 144.75
-9999 -9999 376.8 346 139.75
-9999 -9999 377.6 347 139.75
-9999 -9999 378.4 348 143.75
-9999 -9999 379.2 349 138.75
-9999 -9999 380 350 140.75
-9999 -9999 380.8 351 142.75
-9999 -9999 381.6 352 141.75
-9999 -9999 382.4 353 142.75
-9999 -9999 383.2 354 138.75
-9999 -9999 384 355 138.75
-9999 -9999 384.8 356 139.75
-9999 -9999 385.6 357 139.75
-9999 -9999 386.4 358 140.75
-9999 -9999 387.2 359 143.75
-9999 -9999 388 360 143.75
-9999 -9999 388.8 361 142.75
-9999 -9999 389.6 362 139.75
-9999 -9999 390.4 363 137.75
-9999 -9999 391.2 364 143.75
-9999 -9999 392 365 140.75
-9999 -9999 392.8 366 142.75
-9999 -9999 393.6 367 139.75
-9999 -9999 394.4 368 136.75
-9999 -9999 395.2 369 138.75
-9999 -9999 396 370 138.75
-9999 -9999 396.8 371 138.75
-9999 -9999 397.6 372 130.75
-9999 -9999 398.4 373 129.75
-9999 -9999 399.2 374 129.75
-9999 -9999 400 375 129.75
-9999 -9999 400.8 376 122.75
-9999 -9999 401.6 377 118.75
-9999 -9999 402.4 378 123.75
-9999 -9999 403.2 379 125.75
-9999 -9999 404 380 119.75
-9999 -9999 404.8 381 119.75
-9999 -9999 405.6 382 122.75
-9999 -9999 406.4 383 122.75
-9999 -9999 407.2 384 118.75
-9999 -9999 408 385 123.75
-9999 -9999 408.8 386 114.75
-9999 -9999 409.6 387 89.75
-9999 -9999 410.4 388 81.75
-9999 -9999 411.2 389 92.75
-9999 -9999 412 390 94.75
-9999 -9999 412.8 391 76.75
-9999 -9999 413.6 392 70.75
-9999 -9999 414.4 393 65.75
-9999 -9999 416.8 396 53.75
-9999 -9999 417.6 397 108.75
-9999 -9999 418.4 398 155.75
-9999 -9999 419.2 399 196.75
-9999 -9999 420 400 217.75
-9999 -9999 420.8 401 212.75
-9999 -9999 421.6 402 201.75
-9999 -9999 422.4 403 203.75
-9999 -9999 423.2 404 198.75
-9999 -9999 424 405 166.75
-9999 -9999 424.8 406 157.75
-9999 -9999 425.6 407 153.75
-9999 -9999 426.4 408 120.75
-9999 -9999 427.2 409 88.75
-9999 -9999 428 410 108.75
-9999 -9999 428.8 411 133.75
-9999 -9999 429.6 412 157.75
-9999 -9999 430.4 413 172.75
-9999 -9999 431.2 414 185.75
-9999 -9999 432 415 187.75
-9999 -9999 432.8 416 186.75
-9999 -9999 433.6 417 190.75
-9999 -9999 434.4 418 188.75
-9999 -9999 435.2 419 171.75
-9999 -9999 436 420 159.75
-9999 -9999 436.8 421 144.75
-9999 -9999 437.6 422 126.75
-9999 -9999 438.4 423 107.75
-9999 -9999 439.2 424 105.75
-9999 -9999 440 425 69.75
-9999 -9999 451.2 439 48.75
-9999 -9999 452 440 202.75
-9999 -9999 452.8 441 292.75
-9999 -9999 453.6 442 318.75
-9999 -9999 454.4 443 257.75
-9999 -9999 455.2 444 183.75
-9999 -9999 456 445 133.75
-9999 -9999 456.8 446 127.75
-9999 -9999 457.6 447 106.75
-9999 -9999 462.4 453 145.75
-9999 -9999 463.2 454 166.75
-9999 -9999 464 455 67.75
-9999 -9999 467.2 459 62.75
-9999 -9999 468 460 105.75
-9999 -9999 468.8 461 45.75
-9999 -9999 488 485 55.75
-9999 -9999 488.8 486 92.75
-9999 -9999 489.6 487 103.75
-9999 -9999 490.4 488 82.75
-9999 -9999 503.2 504 55.75
-9999 -9999 504 505 100.75
-9999 -9999 504.8 506 124.75
-9999 -9999 505.6 507 124.75
-9999 -9999 506.4 508 95.75
-9999 -9999 507.2 509 77.75
-9999 -9999 508 510 67.75
-9999 -9999 508.8 511 78.75
4.91818 -4.62236 241.6 177 46.65
4.91818 -4.62236 242.4 178 50.65
4.91818 -4.62236 243.2 179 59.65
4.91818 -4.62236 244 180 60.65
4.91818 -4.62236 244.8 181 63.65
4.91818 -4.62236 245.6 182 70.65
4.91818 -4.62236 246.4 183 70.65
4.91818 -4.62236 247.2 184 77.65
4.91818 -4.62236 248 185 75.65
4.91818 -4.62236 248.8 186 77.65
4.91818 -4.62236 249.6 187 81.65
4.91818 -4.62236 250.4 188 85.65
4.91818 -4.62236 251.2 189 87.65
4.91818 -4.62236 252 190 103.65
4.91818 -4.62236 252.8 191 110.65
4.91818 -4.62236 253.6 192 122.65
4.91818 -4.62236 254.4 193 137.65
4.91818 -4.62236 255.2 194 155.65
4.91818 -4.62236 256 195 166.65
4.91818 -4.62236 256.8 196 174.65
4.91818 -4.62236 257.6 197 186.65
4.91818 -4.62236 258.4 198 196.65
4.91818 -4.62236 259.2 199 206.65
4.91818 -4.62236 260 200 209.65
4.91818 -4.62236 260.8 201 218.65
4.91818 -4.62236 261.6 202 221.65
4.91818 -4.62236 262.4 203 223.65
4.91818 -4.62236 263.2 204 226.65
4.91818 -4.62236 264 205 223.65
4.91818 -4.62236 264.8 206 221.65
4.91818 -4.62236 265.6 207 223.65
4.91818 -4.62236 266.4 208 228.65
4.91818 -4.62236 267.2 209 236.65
4.91818 -4.62236 268 210 236.65
4.91818 -4.62236 268.8 211 241.65
4.91818 -4.62236 269.6 212 245.65
4.91818 -4.62236 270.4 213 243.65
4.91818 -4.62236 271.2 214 244.65
4.91818 -4.62236 272 215 244.65
4.91818 -4.62236 272.8 216 235.65
4.91818 -4.62236 273.6 217 234.65
4.91818 -4.62236 274.4 218 231.65
4.91818 -4.62236 275.2 219 229.65
4.91818 -4.62236 276 220 220.65
4.91818 -4.62236 276.8 221 220.65
4.91818 -4.62236 277.6 222 219.65
4.91818 -4.62236 278.4 223 224.65
4.91818 -4.62236 279.2 224 235.65
4.91818 -4.62236 280 225 242.65
4.91818 -4.62236 280.8 226 248.65
4.91818 -4.62236 281.6 227 250.65
4.91818 -4.62236 282.4 228 251.65
4.91818 -4.62236 283.2 229 246.65
4.91818 -4.62236 284 230 245.65
4.91818 -4.62236 284.8 231 243.65
4.91818 -4.62236 285.6 232 243.65
4.91818 -4.62236 286.4 233 239.65
4.91818 -4.62236 287.2 234 237.65
4.91818 -4.62236 288 235 225.65
4.91818 -4.62236 288.8 236 209.65
4.91818 -4.62236 289.6 237 187.65
4.91818 -4.62236 290.4 238 167.65
4.91818 -4.62236 291.2 239 141.65
4.91818 -4.62236 292 240 122.65
4.91818 -4.62236 292.8 241 101.65
4.91818 -4.62236 293.6 242 79.65
4.91818 -4.62236 294.4 243 67.65
4.91818 -4.62236 295.2 244 51.65
-1.63158 9.29564 251.2 189 44.25
-1.63158 9.29564 252 190 56.25
-1.63158 9.29564 252.8 191 64.25
-1.63158 9.29564 253.6 192 75.25
-1.63158 9.29564 254.4 193 83.25
-1.63158 9.29564 255.2 194 88.25
-1.63158 9.29564 256 195 91.25
-1.63158 9.29564 256.8 196 94.25
-1.63158 9.29564 257.6 197 91.25
-1.63158 9.29564 258.4 198 87.25
-1.63158 9.29564 259.2 199 82.25
-1.63158 9.29564 260 200 78.25
-1.63158 9.29564 260.8 201 83.25
-1.63158 9.29564 261.6 202 84.25
-1.63158 9.29564 262.4 203 83.25
-1.63158 9.29564 263.2 204 86.25
-1.63158 9.29564 264 205 84.25
-1.63158 9.29564 264.8 206 85.25
-1.63158 9.29564 265.6 207 82.25
-1.63158 9.29564 266.4 208 75.25
-1.63158 9.29564 267.2 209 75.25
-1.63158 9.29564 268 210 68.25
-1.63158 9.29564 268.8 211 69.25
-1.63158 9.29564 269.6 212 64.25
-1.63158 9.29564 270.4 213 62.25
-1.63158 9.29564 271.2 214 58.25
-1.63158 9.29564 272 215 52.25
-1.63158 9.29564 272.8 216 51.25
-1.63158 9.29564 273.6 217 47.25
-1.63158 9.29564 274.4 218 43.25
-1.63158 9.29564 275.2 219 49.25
-1.63158 9.29564 276 220 49.25
-1.63158 9.29564 276.8 221 55.25
-1.63158 9.29564 277.6 222 57.25
-1.63158 9.29564 278.4 223 64.25
-1.63158 9.29564 279.2 224 67.25
-1.63158 9.29564 280 225 69.25
-1.63158 9.29564 280.8 226 69.25
-1.63158 9.29564 281.6 227 71.25
-1.63158 9.29564 282.4 228 68.25
-1.63158 9.29564 283.2 229 66.25
-1.63158 9.29564 284 230 64.25
-1.63158 9.29564 284.8 231 62.25
-1.63158 9.29564 285.6 232 60.25
-1.63158 9.29564 286.4 233 60.25
-1.63158 9.29564 287.2 234 57.25
-1.63158 9.29564 288 235 56.25
-1.63158 9.29564 288.8 236 55.25
-1.63158 9.29564 289.6 237 51.25
-1.63158 9.29564 290.4 238 48.25
-1.63158 9.29564 291.2 239 41.25
-1.63158 2.52569 247.2 184 40.25
-1.63158 2.52569 248 185 48.25
-1.63158 2.52569 248.8 186 54.25
-1.63158 2.52569 249.6 187 68.25
-1.63158 2.52569 250.4 188 73.25
-1.63158 2.52569 251.2 189 76.25
-1.63158 2.52569 252 190 85.25
-1.63158 2.52569 252.8 191 97.25
-1.63158 2.52569 253.6 192 110.25
-1.63158 2.52569 254.4 193 117.25
-1.63158 2.52569 255.2 194 126.25
-1.63158 2.52569 256 195 132.25
-1.63158 2.52569 256.8 196 139.25
-1.63158 2.52569 257.6 197 147.25
-1.63158 2.52569 258.4 198 153.25
-1.63158 2.52569 259.2 199 159.25
-1.63158 2.52569 260 200 166.25
-1.63158 2.52569 260.8 201 176.25
-1.63158 2.52569 261.6 202 192.25
-1.63158 2.52569 262.4 203 205.25
-1.63158 2.52569 263.2 204 218.25
-1.63158 2.52569 264 205 220.25
-1.63158 2.52569 264.8 206 225.25
-1.63158 2.52569 265.6 207 231.25
-1.63158 2.52569 266.4 208 236.25
-1.63158 2.52569 267.2 209 246.25
-1.63158 2.52569 268 210 246.25
-1.63158 2.52569 268.8 211 244.25
-1.63158 2.52569 269.6 212 240.25
-1.63158 2.52569 270.4 213 239.25
-1.63158 2.52569 271.2 214 235.25
-1.63158 2.52569 272 215 230.25
-1.63158 2.52569 272.8 216 225.25
-1.63158 2.52569 273.6 217 219.25
-1.63158 2.52569 274.4 218 212.25
-1.63158 2.52569 275.2 219 213.25
-1.63158 2.52569 276 220 205.25
-1.63158 2.52569 276.8 221 204.25
-1.63158 2.52569 277.6 222 199.25
-1.63158 2.52569 278.4 223 194.25
-1.63158 2.52569 279.2 224 193.25
-1.63158 2.52569 280 225 189.25
-1.63158 2.52569 280.8 226 185.25
-1.63158 2.52569 281.6 227 179.25
-1.63158 2.52569 282.4 228 176.25
-1.63158 2.52569 283.2 229 171.25
-1.63158 2.52569 284 230 168.25
-1.63158 2.52569 284.8 231 167.25
-1.63158 2.52569 285.6 232 171.25
-1.63158 2.52569 286.4 233 166.25
-1.63158 2.52569 287.2 234 164.25
-1.63158 2.52569 288 235 165.25
-1.63158 2.52569 288.8 236 158.25
-1.63158 2.52569 289.6 237 150.25
-1.63158 2.52569 290.4 238 137.25
-1.63158 2.52569 291.2 239 125.25
-1.63158 2.52569 292 240 112.25
-1.63158 2.52569 292.8 241 98.25
-1.63158 2.52569 293.6 242 83.25
-1.63158 2.52569 294.4 243 66.25
-1.63158 2.52569 295.2 244 55.25
-1.63158 2.52569 296 245 40.25
-4.91859 11.3919 264 205 43.15
-4.91859 11.3919 264.8 206 42.15
-4.91859 11.3919 265.6 207 40.15
-4.91859 11.3919 266.4 208 41.15
-2.52609 -8.40151 273.6 217 42.3
-2.52609 -8.40151 284 230 42.3
-2.52609 -8.40151 284.8 231 43.3
-2.52609 -8.40151 285.6 232 43.3
-2.52609 -8.40151 286.4 233 46.3
-2.52609 -8.40151 287.2 234 41.3
-4.91859 4.62195 249.6 187 46.1
-4.91859 4.62195 250.4 188 48.1
-4.91859 4.62195 251.2 189 54.1
-4.91859 4.62195 252 190 58.1
-4.91859 4.62195 252.8 191 60.1
-4.91859 4.62195 253.6 192 63.1
-4.91859 4.62195 254.4 193 67.1
-4.91859 4.62195 255.2 194 71.1
-4.91859 4.62195 256 195 76.1
-4.91859 4.62195 256.8 196 82.1
-4.91859 4.62195 257.6 197 90.1
-4.91859 4.62195 258.4 198 93.1
-4.91859 4.62195 259.2 199 97.1
-4.91859 4.62195 260 200 102.1
-4.91859 4.62195 260.8 201 108.1
-4.91859 4.62195 261.6 202 110.1
-4.91859 4.62195 262.4 203 114.1
-4.91859 4.62195 263.2 204 115.1
-4.91859 4.62195 264 205 109.1
-4.91859 4.62195 264.8 206 107.1
-4.91859 4.62195 265.6 207 103.1
-4.91859 4.62195 266.4 208 102.1
-4.91859 4.62195 267.2 209 99.1
-4.91859 4.62195 268 210 96.1
-4.91859 4.62195 268.8 211 88.1
-4.91859 4.62195 269.6 212 83.1
-4.91859 4.62195 270.4 213 75.1
-4.91859 4.62195 271.2 214 66.1
-4.91859 4.62195 272 215 63.1
-4.91859 4.62195 272.8 216 64.1
-4.91859 4.62195 273.6 217 67.1
-4.91859 4.62195 274.4 218 64.1
-4.91859 4.62195 275.2 219 67.1
-4.91859 4.62195 276 220 69.1
-4.91859 4.62195 276.8 221 64.1
-4.91859 4.62195 277.6 222 68.1
-4.91859 4.62195 278.4 223 67.1
-4.91859 4.62195 279.2 224 71.1
-4.91859 4.62195 280 225 66.1
-4.91859 4.62195 280.8 226 63.1
-4.91859 4.62195 281.6 227 63.1
-4.91859 4.62195 282.4 228 67.1
-4.91859 4.62195 283.2 229 66.1
-4.91859 4.62195 284 230 64.1
-4.91859 4.62195 284.8 231 68.1
-4.91859 4.62195 285.6 232 66.1
-4.91859 4.62195 286.4 233 64.1
-4.91859 4.62195 287.2 234 58.1
-4.91859 4.62195 288 235 54.1
-4.91859 4.62195 288.8 236 46.1
-4.91859 4.62195 289.6 237 40.1
-2.52609 -1.63149 246.4 183 40.25
-2.52609 -1.63149 252 190 42.25
-2.52609 -1.63149 252.8 191 47.25
-2.52609 -1.63149 253.6 192 54.25
-2.52609 -1.63149 254.4 193 61.25
-2.52609 -1.63149 255.2 194 71.25
-2.52609 -1.63149 256 195 77.25
-2.52609 -1.63149 256.8 196 87.25
-2.52609 -1.63149 257.6 197 95.25
-2.52609 -1.63149 258.4 198 105.25
-2.52609 -1.63149 259.2 199 110.25
-2.52609 -1.63149 260 200 113.25
-2.52609 -1.63149 260.8 201 118.25
-2.52609 -1.63149 261.6 202 124.25
-2.52609 -1.63149 262.4 203 126.25
-2.52609 -1.63149 263.2 204 131.25
-2.52609 -1.63149 264 205 129.25
-2.52609 -1.63149 264.8 206 133.25
-2.52609 -1.63149 265.6 207 132.25
-2.52609 -1.63149 266.4 208 135.25
-2.52609 -1.63149 267.2 209 136.25
-2.52609 -1.63149 268 210 144.25
-2.52609 -1.63149 268.8 211 146.25
-2.52609 -1.63149 269.6 212 149.25
-2.52609 -1.63149 270.4 213 155.25
-2.52609 -1.63149 271.2 214 155.25
-2.52609 -1.63149 272 215 162.25
-2.52609 -1.63149 272.8 216 160.25
-2.52609 -1.63149 273.6 217 161.25
-2.52609 -1.63149 274.4 218 160.25
-2.52609 -1.63149 275.2 219 167.25
-2.52609 -1.63149 276 220 174.25
-2.52609 -1.63149 276.8 221 178.25
-2.52609 -1.63149 277.6 222 189.25
-2.52609 -1.63149 278.4 223 193.25
-2.52609 -1.63149 279.2 224 192.25
-2.52609 -1.63149 280 225 196.25
-2.52609 -1.63149 280.8 226 195.25
-2.52609 -1.63149 281.6 227 192.25
-2.52609 -1.63149 282.4 228 188.25
-2.52609 -1.63149 283.2 229 187.25
-2.52609 -1.63149 284 230 178.25
-2.52609 -1.63149 284.8 231 170.25
-2.52609 -1.63149 285.6 232 164.25
-2.52609 -1.63149 286.4 233 154.25
-2.52609 -1.63149 287.2 234 141.25
-2.52609 -1.63149 288 235 132.25
-2.52609 -1.63149 288.8 236 122.25
-2.52609 -1.63149 289.6 237 110.25
-2.52609 -1.63149 290.4 238 99.25
-2.52609 -1.63149 291.2 239 88.25
-2.52609 -1.63149 292 240 77.25
-2.52609 -1.63149 292.8 241 61.25
-2.52609 -1.63149 293.6 242 51.25
-2.52609 -1.63149 294.4 243 41.25
-4.62234 -4.91846 260 200 42.75
-4.62234 -4.91846 260.8 201 42.75
-4.62234 -4.91846 261.6 202 47.75
-4.62234 -4.91846 262.4 203 48.75
-4.62234 -4.91846 263.2 204 51.75
-4.62234 -4.91846 264 205 58.75
-4.62234 -4.91846 264.8 206 58.75
-4.62234 -4.91846 265.6 207 61.75
-4.62234 -4.91846 266.4 208 60.75
-4.62234 -4.91846 267.2 209 58.75
-4.62234 -4.91846 268 210 55.75
-4.62234 -4.91846 268.8 211 55.75
-4.62234 -4.91846 269.6 212 55.75
-4.62234 -4.91846 270.4 213 49.75
-4.62234 -4.91846 271.2 214 43.75
-4.62234 -4.91846 272 215 45.75
-4.62234 -4.91846 272.8 216 45.75
-4.62234 -4.91846 273.6 217 45.75
-4.62234 -4.91846 274.4 218 50.75
-4.62234 -4.91846 275.2 219 55.75
-4.62234 -4.91846 276 220 61.75
-4.62234 -4.91846 276.8 221 65.75
-4.62234 -4.91846 277.6 222 70.75
-4.62234 -4.91846 278.4 223 72.75
-4.62234 -4.91846 279.2 224 74.75
-4.62234 -4.91846 280 225 74.75
-4.62234 -4.91846 280.8 226 74.75
-4.62234 -4.91846 281.6 227 76.75
-4.62234 -4.91846 282.4 228 77.75
-4.62234 -4.91846 283.2 229 75.75
-4.62234 -4.91846 284 230 70.75
-4.62234 -4.91846 284.8 231 66.75
-4.62234 -4.91846 285.6 232 63.75
-4.62234 -4.91846 286.4 233 58.75
-4.62234 -4.91846 287.2 234 55.75
-4.62234 -4.91846 288 235 46.75
-4.62234 -4.91846 288.8 236 43.75
9.29566 1.63107 237.6 172 40.9
9.29566 1.63107 238.4 173 46.9
9.29566 1.63107 239.2 174 59.9
9.29566 1.63107 240 175 73.9
9.29566 1.63107 240.8 176 81.9
9.29566 1.63107 241.6 177 93.9
9.29566 1.63107 242.4 178 109.9
9.29566 1.63107 243.2 179 124.9
9.29566 1.63107 244 180 141.9
9.29566 1.63107 244.8 181 160.9
9.29566 1.63107 245.6 182 176.9
9.29566 1.63107 246.4 183 191.9
9.29566 1.63107 247.2 184 199.9
9.29566 1.63107 248 185 198.9
9.29566 1.63107 248.8 186 201.9
9.29566 1.63107 249.6 187 205.9
9.29566 1.63107 250.4 188 211.9
9.29566 1.63107 251.2 189 221.9
9.29566 1.63107 252 190 232.9
9.29566 1.63107 252.8 191 236.9
9.29566 1.63107 253.6 192 248.9
9.29566 1.63107 254.4 193 257.9
9.29566 1.63107 255.2 194 271.9
9.29566 1.63107 256 195 281.9
9.29566 1.63107 256.8 196 291.9
9.29566 1.63107 257.6 197 296.9
9.29566 1.63107 258.4 198 307.9
9.29566 1.63107 259.2 199 313.9
9.29566 1.63107 260 200 327.9
9.29566 1.63107 260.8 201 347.9
9.29566 1.63107 261.6 202 356.9
9.29566 1.63107 262.4 203 365.9
9.29566 1.63107 263.2 204 364.9
9.29566 1.63107 264 205 364.9
9.29566 1.63107 264.8 206 358.9
9.29566 1.63107 265.6 207 345.9
9.29566 1.63107 266.4 208 332.9
9.29566 1.63107 267.2 209 319.9
9.29566 1.63107 268 210 316.9
9.29566 1.63107 268.8 211 315.9
9.29566 1.63107 269.6 212 309.9
9.29566 1.63107 270.4 213 304.9
9.29566 1.63107 271.2 214 303.9
9.29566 1.63107 272 215 304.9
9.29566 1.63107 272.8 216 306.9
9.29566 1.63107 273.6 217 311.9
9.29566 1.63107 274.4 218 320.9
9.29566 1.63107 275.2 219 326.9
9.29566 1.63107 276 220 324.9
9.29566 1.63107 276.8 221 329.9
9.29566 1.63107 277.6 222 330.9
9.29566 1.63107 278.4 223 326.9
9.29566 1.63107 279.2 224 325.9
9.29566 1.63107 280 225 322.9
9.29566 1.63107 280.8 226 313.9
9.29566 1.63107 281.6 227 307.9
9.29566 1.63107 282.4 228 302.9
9.29566 1.63107 283.2 229 293.9
9.29566 1.63107 284 230 276.9
9.29566 1.63107 284.8 231 261.9
9.29566 1.63107 285.6 232 245.9
9.29566 1.63107 286.4 233 225.9
9.29566 1.63107 287.2 234 203.9
9.29566 1.63107 288 235 182.9
9.29566 1.63107 288.8 236 159.9
9.29566 1.63107 289.6 237 138.9
9.29566 1.63107 290.4 238 118.9
9.29566 1.63107 291.2 239 99.9
9.29566 1.63107 292 240 82.9
9.29566 1.63107 292.8 241 68.9
9.29566 1.63107 293.6 242 54.9
9.29566 1.63107 294.4 243 43.9
8.40115 -2.52611 241.6 177 44.7
8.40115 -2.52611 242.4 178 54.7
8.40115 -2.52611 243.2 179 55.7
8.40115 -2.52611 244 180 64.7
8.40115 -2.52611 244.8 181 70.7
8.40115 -2.52611 245.6 182 69.7
8.40115 -2.52611 246.4 183 72.7
8.40115 -2.52611 247.2 184 79.7
8.40115 -2.52611 248 185 84.7
8.40115 -2.52611 248.8 186 96.7
8.40115 -2.52611 249.6 187 107.7
8.40115 -2.52611 250.4 188 118.7
8.40115 -2.52611 251.2 189 130.7
8.40115 -2.52611 252 190 138.7
8.40115 -2.52611 252.8 191 151.7
8.40115 -2.52611 253.6 192 162.7
8.40115 -2.52611 254.4 193 173.7
8.40115 -2.52611 255.2 194 181.7
8.40115 -2.52611 256 195 187.7
8.40115 -2.52611 256.8 196 191.7
8.40115 -2.52611 257.6 197 194.7
8.40115 -2.52611 258.4 198 195.7
8.40115 -2.52611 259.2 199 197.7
8.40115 -2.52611 260 200 199.7
8.40115 -2.52611 260.8 201 206.7
8.40115 -2.52611 261.6 202 211.7
8.40115 -2.52611 262.4 203 222.7
8.40115 -2.52611 263.2 204 227.7
8.40115 -2.52611 264 205 232.7
8.40115 -2.52611 264.8 206 236.7
8.40115 -2.52611 265.6 207 240.7
8.40115 -2.52611 266.4 208 229.7
8.40115 -2.52611 267.2 209 229.7
8.40115 -2.52611 268 210 222.7
8.40115 -2.52611 268.8 211 210.7
8.40115 -2.52611 269.6 212 209.7
8.40115 -2.52611 270.4 213 202.7
8.40115 -2.52611 271.2 214 202.7
8.40115 -2.52611 272 215 205.7
8.40115 -2.52611 272.8 216 207.7
8.40115 -2.52611 273.6 217 211.7
8.40115 -2.52611 274.4 218 214.7
8.40115 -2.52611 275.2 219 224.7
8.40115 -2.52611 276 220 225.7
8.40115 -2.52611 276.8 221 225.7
8.40115 -2.52611 277.6 222 223.7
8.40115 -2.52611 278.4 223 219.7
8.40115 -2.52611 279.2 224 215.7
8.40115 -2.52611 280 225 212.7
8.40115 -2.52611 280.8 226 206.7
8.40115 -2.52611 281.6 227 202.7
8.40115 -2.52611 282.4 228 196.7
8.40115 -2.52611 283.2 229 193.7
8.40115 -2.52611 284 230 194.7
8.40115 -2.52611 284.8 231 195.7
8.40115 -2.52611 285.6 232 198.7
8.40115 -2.52611 286.4 233 191.7
8.40115 -2.52611 287.2 234 182.7
8.40115 -2.52611 288 235 168.7
8.40115 -2.52611 288.8 236 149.7
8.40115 -2.52611 289.6 237 131.7
8.40115 -2.52611 290.4 238 116.7
8.40115 -2.52611 291.2 239 94.7
8.40115 -2.52611 292 240 80.7
8.40115 -2.52611 292.8 241 62.7
8.40115 -2.52611 293.6 242 50.7
11.3919 11.6881 244.8 181 41.25
11.3919 11.6881 245.6 182 40.25
11.3919 11.6881 246.4 183 44.25
11.3919 11.6881 247.2 184 46.25
11.3919 11.6881 248 185 48.25
11.3919 11.6881 248.8 186 51.25
11.3919 11.6881 249.6 187 54.25
11.3919 11.6881 250.4 188 55.25
11.3919 11.6881 251.2 189 53.25
11.3919 11.6881 252 190 58.25
11.3919 11.6881 252.8 191 56.25
11.3919 11.6881 253.6 192 55.25
11.3919 11.6881 254.4 193 52.25
11.3919 11.6881 255.2 194 55.25
11.3919 11.6881 256 195 46.25
11.3919 11.6881 256.8 196 45.25
11.3919 11.6881 257.6 197 50.25
11.3919 11.6881 258.4 198 51.25
11.3919 11.6881 259.2 199 54.25
11.3919 11.6881 260 200 59.25
11.3919 11.6881 260.8 201 62.25
11.3919 11.6881 261.6 202 66.25
11.3919 11.6881 262.4 203 71.25
11.3919 11.6881 263.2 204 74.25
11.3919 11.6881 264 205 80.25
11.3919 11.6881 264.8 206 82.25
11.3919 11.6881 265.6 207 77.25
11.3919 11.6881 266.4 208 75.25
11.3919 11.6881 267.2 209 77.25
11.3919 11.6881 268 210 73.25
11.3919 11.6881 268.8 211 71.25
11.3919 11.6881 269.6 212 69.25
11.3919 11.6881 270.4 213 64.25
11.3919 11.6881 271.2 214 61.25
11.3919 11.6881 272 215 53.25
11.3919 11.6881 272.8 216 51.25
11.3919 11.6881 273.6 217 48.25
11.3919 11.6881 274.4 218 44.25
11.3919 11.6881 275.2 219 40.25
1.63117 -2.52611 243.2 179 44.25
1.63117 -2.52611 244 180 55.25
1.63117 -2.52611 244.8 181 62.25
1.63117 -2.52611 245.6 182 74.25
1.63117 -2.52611 246.4 183 87.25
1.63117 -2.52611 247.2 184 98.25
1.63117 -2.52611 248 185 109.25
1.63117 -2.52611 248.8 186 117.25
1.63117 -2.52611 249.6 187 128.25
1.63117 -2.52611 250.4 188 131.25
1.63117 -2.52611 251.2 189 142.25
1.63117 -2.52611 252 190 161.25
1.63117 -2.52611 252.8 191 182.25
1.63117 -2.52611 253.6 192 208.25
1.63117 -2.52611 254.4 193 228.25
1.63117 -2.52611 255.2 194 246.25
1.63117 -2.52611 256 195 255.25
1.63117 -2.52611 256.8 196 268.25
1.63117 -2.52611 257.6 197 276.25
1.63117 -2.52611 258.4 198 289.25
1.63117 -2.52611 259.2 199 302.25
1.63117 -2.52611 260 200 319.25
1.63117 -2.52611 260.8 201 339.25
1.63117 -2.52611 261.6 202 359.25
1.63117 -2.52611 262.4 203 372.25
1.63117 -2.52611 263.2 204 378.25
1.63117 -2.52611 264 205 379.25
1.63117 -2.52611 264.8 206 377.25
1.63117 -2.52611 265.6 207 371.25
1.63117 -2.52611 266.4 208 364.25
1.63117 -2.52611 267.2 209 359.25
1.63117 -2.52611 268 210 357.25
1.63117 -2.52611 268.8 211 357.25
1.63117 -2.52611 269.6 212 361.25
1.63117 -2.52611 270.4 213 366.25
1.63117 -2.52611 271.2 214 370.25
1.63117 -2.52611 272 215 370.25
1.63117 -2.52611 272.8 216 367.25
1.63117 -2.52611 273.6 217 362.25
1.63117 -2.52611 274.4 218 360.25
1.63117 -2.52611 275.2 219 361.25
1.63117 -2.52611 276 220 362.25
1.63117 -2.52611 276.8 221 365.25
1.63117 -2.52611 277.6 222 363.25
1.63117 -2.52611 278.4 223 375.25
1.63117 -2.52611 279.2 224 390.25
1.63117 -2.52611 280 225 401.25
1.63117 -2.52611 280.8 226 409.25
1.63117 -2.52611 281.6 227 412.25
1.63117 -2.52611 282.4 228 407.25
1.63117 -2.52611 283.2 229 402.25
1.63117 -2.52611 284 230 394.25
1.63117 -2.52611 284.8 231 384.25
1.63117 -2.52611 285.6 232 364.25
1.63117 -2.52611 286.4 233 341.25
1.63117 -2.52611 287.2 234 319.25
1.63117 -2.52611 288 235 295.25
1.63117 -2.52611 288.8 236 266.25
1.63117 -2.52611 289.6 237 241.25
1.63117 -2.52611 290.4 238 210.25
1.63117 -2.52611 291.2 239 179.25
1.63117 -2.52611 292 240 153.25
1.63117 -2.52611 292.8 241 124.25
1.63117 -2.52611 293.6 242 101.25
1.63117 -2.52611 294.4 243 84.25
1.63117 -2.52611 295.2 244 69.25
1.63117 -2.52611 296 245 54.25
1.63117 -9.29613 260 200 42
1.63117 -9.29613 260.8 201 43
1.63117 -9.29613 261.6 202 52
1.63117 -9.29613 262.4 203 56
1.63117 -9.29613 263.2 204 58
1.63117 -9.29613 264 205 59
1.63117 -9.29613 264.8 206 59
1.63117 -9.29613 265.6 207 63
1.63117 -9.29613 266.4 208 65
1.63117 -9.29613 267.2 209 77
1.63117 -9.29613 268 210 81
1.63117 -9.29613 268.8 211 93
1.63117 -9.29613 269.6 212 93
1.63117 -9.29613 270.4 213 92
1.63117 -9.29613 271.2 214 94
1.63117 -9.29613 272 215 88
1.63117 -9.29613 272.8 216 84
1.63117 -9.29613 273.6 217 79
1.63117 -9.29613 274.4 218 75
1.63117 -9.29613 275.2 219 70
1.63117 -9.29613 276 220 68
1.63117 -9.29613 276.8 221 69
1.63117 -9.29613 277.6 222 72
1.63117 -9.29613 278.4 223 80
1.63117 -9.29613 279.2 224 89
1.63117 -9.29613 280 225 91
1.63117 -9.29613 280.8 226 94
1.63117 -9.29613 281.6 227 93
1.63117 -9.29613 282.4 228 95
1.63117 -9.29613 283.2 229 90
1.63117 -9.29613 284 230 86
1.63117 -9.29613 284.8 231 86
1.63117 -9.29613 285.6 232 84
1.63117 -9.29613 286.4 233 83
1.63117 -9.29613 287.2 234 85
1.63117 -9.29613 288 235 80
1.63117 -9.29613 288.8 236 76
1.63117 -9.29613 289.6 237 73
1.63117 -9.29613 290.4 238 67
1.63117 -9.29613 291.2 239 63
1.63117 -9.29613 292 240 57
1.63117 -9.29613 292.8 241 53
1.63117 -9.29613 293.6 242 48
1.63117 -9.29613 294.4 243 46
1.63117 -9.29613 295.2 244 41
4.62193 11.6881 244 180 46.3
4.62193 11.6881 244.8 181 57.3
4.62193 11.6881 245.6 182 64.3
4.62193 11.6881 246.4 183 79.3
4.62193 11.6881 247.2 184 88.3
4.62193 11.6881 248 185 94.3
4.62193 11.6881 248.8 186 100.3
4.62193 11.6881 249.6 187 104.3
4.62193 11.6881 250.4 188 111.3
4.62193 11.6881 251.2 189 111.3
4.62193 11.6881 252 190 112.3
4.62193 11.6881 252.8 191 114.3
4.62193 11.6881 253.6 192 115.3
4.62193 11.6881 254.4 193 118.3
4.62193 11.6881 255.2 194 119.3
4.62193 11.6881 256 195 123.3
4.62193 11.6881 256.8 196 128.3
4.62193 11.6881 257.6 197 134.3
4.62193 11.6881 258.4 198 138.3
4.62193 11.6881 259.2 199 147.3
4.62193 11.6881 260 200 150.3
4.62193 11.6881 260.8 201 153.3
4.62193 11.6881 261.6 202 148.3
4.62193 11.6881 262.4 203 143.3
4.62193 11.6881 263.2 204 134.3
4.62193 11.6881 264 205 128.3
4.62193 11.6881 264.8 206 123.3
4.62193 11.6881 265.6 207 112.3
4.62193 11.6881 266.4 208 106.3
4.62193 11.6881 267.2 209 103.3
4.62193 11.6881 268 210 98.3
4.62193 11.6881 268.8 211 94.3
4.62193 11.6881 269.6 212 91.3
4.62193 11.6881 270.4 213 90.3
4.62193 11.6881 271.2 214 84.3
4.62193 11.6881 272 215 79.3
4.62193 11.6881 272.8 216 80.3
4.62193 11.6881 273.6 217 84.3
4.62193 11.6881 274.4 218 89.3
4.62193 11.6881 275.2 219 93.3
4.62193 11.6881 276 220 94.3
4.62193 11.6881 276.8 221 94.3
4.62193 11.6881 277.6 222 88.3
4.62193 11.6881 278.4 223 87.3
4.62193 11.6881 279.2 224 82.3
4.62193 11.6881 280 225 83.3
4.62193 11.6881 280.8 226 82.3
4.62193 11.6881 281.6 227 82.3
4.62193 11.6881 282.4 228 78.3
4.62193 11.6881 283.2 229 81.3
4.62193 11.6881 284 230 75.3
4.62193 11.6881 284.8 231 75.3
4.62193 11.6881 285.6 232 69.3
4.62193 11.6881 286.4 233 67.3
4.62193 11.6881 287.2 234 65.3
4.62193 11.6881 288 235 56.3
4.62193 11.6881 288.8 236 50.3
4.62193 11.6881 289.6 237 41.3
2.52568 8.40101 243.2 179 41.15
2.52568 8.40101 244 180 49.15
2.52568 8.40101 244.8 181 58.15
2.52568 8.40101 245.6 182 72.15
2.52568 8.40101 246.4 183 89.15
2.52568 8.40101 247.2 184 97.15
2.52568 8.40101 248 185 111.15
2.52568 8.40101 248.8 186 126.15
2.52568 8.40101 249.6 187 136.15
2.52568 8.40101 250.4 188 150.15
2.52568 8.40101 251.2 189 159.15
2.52568 8.40101 252 190 174.15
2.52568 8.40101 252.8 191 185.15
2.52568 8.40101 253.6 192 187.15
2.52568 8.40101 254.4 193 193.15
2.52568 8.40101 255.2 194 190.15
2.52568 8.40101 256 195 189.15
2.52568 8.40101 256.8 196 181.15
2.52568 8.40101 257.6 197 180.15
2.52568 8.40101 258.4 198 182.15
2.52568 8.40101 259.2 199 192.15
2.52568 8.40101 260 200 196.15
2.52568 8.40101 260.8 201 200.15
2.52568 8.40101 261.6 202 208.15
2.52568 8.40101 262.4 203 203.15
2.52568 8.40101 263.2 204 198.15
2.52568 8.40101 264 205 195.15
2.52568 8.40101 264.8 206 191.15
2.52568 8.40101 265.6 207 190.15
2.52568 8.40101 266.4 208 190.15
2.52568 8.40101 267.2 209 183.15
2.52568 8.40101 268 210 184.15
2.52568 8.40101 268.8 211 180.15
2.52568 8.40101 269.6 212 173.15
2.52568 8.40101 270.4 213 166.15
2.52568 8.40101 271.2 214 156.15
2.52568 8.40101 272 215 151.15
2.52568 8.40101 272.8 216 145.15
2.52568 8.40101 273.6 217 148.15
2.52568 8.40101 274.4 218 151.15
2.52568 8.40101 275.2 219 151.15
2.52568 8.40101 276 220 148.15
2.52568 8.40101 276.8 221 148.15
2.52568 8.40101 277.6 222 146.15
2.52568 8.40101 278.4 223 137.15
2.52568 8.40101 279.2 224 136.15
2.52568 8.40101 280 225 131.15
2.52568 8.40101 280.8 226 126.15
2.52568 8.40101 281.6 227 126.15
2.52568 8.40101 282.4 228 123.15
2.52568 8.40101 283.2 229 120.15
2.52568 8.40101 284 230 118.15
2.52568 8.40101 284.8 231 117.15
2.52568 8.40101 285.6 232 115.15
2.52568 8.40101 286.4 233 109.15
2.52568 8.40101 287.2 234 102.15
2.52568 8.40101 288 235 94.15
2.52568 8.40101 288.8 236 85.15
2.52568 8.40101 289.6 237 79.15
2.52568 8.40101 290.4 238 72.15
2.52568 8.40101 291.2 239 57.15
2.52568 8.40101 292 240 54.15
2.52568 8.40101 292.8 241 41.15
11.3919 4.91812 239.2 174 43.95
11.3919 4.91812 240 175 56.95
11.3919 4.91812 240.8 176 66.95
11.3919 4.91812 241.6 177 80.95
11.3919 4.91812 242.4 178 93.95
11.3919 4.91812 243.2 179 99.95
11.3919 4.91812 244 180 111.95
11.3919 4.91812 244.8 181 123.95
11.3919 4.91812 245.6 182 136.95
11.3919 4.91812 246.4 183 143.95
11.3919 4.91812 247.2 184 148.95
11.3919 4.91812 248 185 150.95
11.3919 4.91812 248.8 186 149.95
11.3919 4.91812 249.6 187 142.95
11.3919 4.91812 250.4 188 137.95
11.3919 4.91812 251.2 189 135.95
11.3919 4.91812 252 190 138.95
11.3919 4.91812 252.8 191 143.95
11.3919 4.91812 253.6 192 149.95
11.3919 4.91812 254.4 193 154.95
11.3919 4.91812 255.2 194 162.95
11.3919 4.91812 256 195 168.95
11.3919 4.91812 256.8 196 173.95
11.3919 4.91812 257.6 197 174.95
11.3919 4.91812 258.4 198 182.95
11.3919 4.91812 259.2 199 191.95
11.3919 4.91812 260 200 201.95
11.3919 4.91812 260.8 201 209.95
11.3919 4.91812 261.6 202 218.95
11.3919 4.91812 262.4 203 224.95
11.3919 4.91812 263.2 204 218.95
11.3919 4.91812 264 205 211.95
11.3919 4.91812 264.8 206 200.95
11.3919 4.91812 265.6 207 190.95
11.3919 4.91812 266.4 208 176.95
11.3919 4.91812 267.2 209 166.95
11.3919 4.91812 268 210 155.95
11.3919 4.91812 268.8 211 147.95
11.3919 4.91812 269.6 212 142.95
11.3919 4.91812 270.4 213 138.95
11.3919 4.91812 271.2 214 141.95
11.3919 4.91812 272 215 148.95
11.3919 4.91812 272.8 216 153.95
11.3919 4.91812 273.6 217 163.95
11.3919 4.91812 274.4 218 169.95
11.3919 4.91812 275.2 219 174.95
11.3919 4.91812 276 220 174.95
11.3919 4.91812 276.8 221 174.95
11.3919 4.91812 277.6 222 165.95
11.3919 4.91812 278.4 223 159.95
11.3919 4.91812 279.2 224 155.95
11.3919 4.91812 280 225 150.95
11.3919 4.91812 280.8 226 139.95
11.3919 4.91812 281.6 227 130.95
11.3919 4.91812 282.4 228 125.95
11.3919 4.91812 283.2 229 115.95
11.3919 4.91812 284 230 108.95
11.3919 4.91812 284.8 231 96.95
11.3919 4.91812 285.6 232 92.95
11.3919 4.91812 286.4 233 80.95
11.3919 4.91812 287.2 234 69.95
11.3919 4.91812 288 235 62.95
11.3919 4.91812 288.8 236 56.95
11.3919 4.91812 289.6 237 50.95
11.3919 4.91812 290.4 238 44.95
8.40115 -9.29613 250.4 188 40.95
8.40115 -9.29613 251.2 189 41.95
8.40115 -9.29613 252 190 42.95
8.40115 -9.29613 252.8 191 43.95
8.40115 -9.29613 254.4 193 42.95
8.40115 -9.29613 260 200 40.95
8.40115 -9.29613 262.4 203 40.95
8.40115 -9.29613 263.2 204 44.95
8.40115 -9.29613 264 205 44.95
8.40115 -9.29613 264.8 206 47.95
8.40115 -9.29613 265.6 207 55.95
8.40115 -9.29613 266.4 208 62.95
8.40115 -9.29613 267.2 209 68.95
8.40115 -9.29613 268 210 72.95
8.40115 -9.29613 268.8 211 75.95
8.40115 -9.29613 269.6 212 73.95
8.40115 -9.29613 270.4 213 71.95
8.40115 -9.29613 271.2 214 70.95
8.40115 -9.29613 272 215 72.95
8.40115 -9.29613 272.8 216 74.95
8.40115 -9.29613 273.6 217 72.95
8.40115 -9.29613 274.4 218 68.95
8.40115 -9.29613 275.2 219 66.95
8.40115 -9.29613 276 220 59.95
8.40115 -9.29613 276.8 221 56.95
8.40115 -9.29613 277.6 222 59.95
8.40115 -9.29613 278.4 223 57.95
8.40115 -9.29613 279.2 224 59.95
8.40115 -9.29613 280 225 67.95
8.40115 -9.29613 280.8 226 71.95
8.40115 -9.29613 281.6 227 73.95
8.40115 -9.29613 282.4 228 87.95
8.40115 -9.29613 283.2 229 92.95
8.40115 -9.29613 284 230 93.95
8.40115 -9.29613 284.8 231 99.95
8.40115 -9.29613 285.6 232 102.95
8.40115 -9.29613 286.4 233 100.95
8.40115 -9.29613 287.2 234 92.95
8.40115 -9.29613 288 235 86.95
8.40115 -9.29613 288.8 236 78.95
8.40115 -9.29613 289.6 237 72.95
8.40115 -9.29613 290.4 238 62.95
8.40115 -9.29613 291.2 239 57.95
8.40115 -9.29613 292 240 47.95
8.40115 -9.29613 292.8 241 41.95
16.0652 15.1707 244 180 44.45
16.0652 15.1707 244.8 181 40.45
16.0652 15.1707 276 220 42.45
11.6882 -4.62236 246.4 183 42.65
11.6882 -4.62236 247.2 184 44.65
11.6882 -4.62236 248 185 48.65
11.6882 -4.62236 248.8 186 46.65
11.6882 -4.62236 249.6 187 52.65
11.6882 -4.62236 250.4 188 54.65
11.6882 -4.62236 251.2 189 59.65
11.6882 -4.62236 252 190 64.65
11.6882 -4.62236 252.8 191 67.65
11.6882 -4.62236 253.6 192 69.65
11.6882 -4.62236 254.4 193 68.65
11.6882 -4.62236 255.2 194 72.65
11.6882 -4.62236 256 195 78.65
11.6882 -4.62236 256.8 196 82.65
11.6882 -4.62236 257.6 197 84.65
11.6882 -4.62236 258.4 198 84.65
11.6882 -4.62236 259.2 199 84.65
11.6882 -4.62236 260 200 90.65
11.6882 -4.62236 260.8 201 88.65
11.6882 -4.62236 261.6 202 91.65
11.6882 -4.62236 262.4 203 91.65
11.6882 -4.62236 263.2 204 96.65
11.6882 -4.62236 264 205 99.65
11.6882 -4.62236 264.8 206 96.65
11.6882 -4.62236 265.6 207 93.65
11.6882 -4.62236 266.4 208 88.65
11.6882 -4.62236 267.2 209 80.65
11.6882 -4.62236 268 210 77.65
11.6882 -4.62236 268.8 211 75.65
11.6882 -4.62236 269.6 212 67.65
11.6882 -4.62236 270.4 213 74.65
11.6882 -4.62236 271.2 214 83.65
11.6882 -4.62236 272 215 89.65
11.6882 -4.62236 272.8 216 96.65
11.6882 -4.62236 273.6 217 107.65
11.6882 -4.62236 274.4 218 109.65
11.6882 -4.62236 275.2 219 117.65
11.6882 -4.62236 276 220 115.65
11.6882 -4.62236 276.8 221 115.65
11.6882 -4.62236 277.6 222 109.65
11.6882 -4.62236 278.4 223 108.65
11.6882 -4.62236 279.2 224 103.65
11.6882 -4.62236 280 225 109.65
11.6882 -4.62236 280.8 226 103.65
11.6882 -4.62236 281.6 227 107.65
11.6882 -4.62236 282.4 228 102.65
11.6882 -4.62236 283.2 229 107.65
11.6882 -4.62236 284 230 106.65
11.6882 -4.62236 284.8 231 102.65
11.6882 -4.62236 285.6 232 102.65
11.6882 -4.62236 286.4 233 95.65
11.6882 -4.62236 287.2 234 86.65
11.6882 -4.62236 288 235 77.65
11.6882 -4.62236 288.8 236 70.65
11.6882 -4.62236 289.6 237 62.65
11.6882 -4.62236 290.4 238 49.65
11.6882 -4.62236 291.2 239 46.65
2.52568 1.63107 239.2 174 42.7
2.52568 1.63107 240 175 51.7
2.52568 1.63107 240.8 176 61.7
2.52568 1.63107 241.6 177 64.7
2.52568 1.63107 242.4 178 74.7
2.52568 1.63107 243.2 179 82.7
2.52568 1.63107 244 180 98.7
2.52568 1.63107 244.8 181 112.7
2.52568 1.63107 245.6 182 132.7
2.52568 1.63107 246.4 183 157.7
2.52568 1.63107 247.2 184 175.7
2.52568 1.63107 248 185 189.7
2.52568 1.63107 248.8 186 197.7
2.52568 1.63107 249.6 187 208.7
2.52568 1.63107 250.4 188 210.7
2.52568 1.63107 251.2 189 223.7
2.52568 1.63107 252 190 234.7
2.52568 1.63107 252.8 191 261.7
2.52568 1.63107 253.6 192 285.7
2.52568 1.63107 254.4 193 309.7
2.52568 1.63107 255.2 194 335.7
2.52568 1.63107 256 195 356.7
2.52568 1.63107 256.8 196 377.7
2.52568 1.63107 257.6 197 391.7
2.52568 1.63107 258.4 198 402.7
2.52568 1.63107 259.2 199 422.7
2.52568 1.63107 260 200 442.7
2.52568 1.63107 260.8 201 454.7
2.52568 1.63107 261.6 202 467.7
2.52568 1.63107 262.4 203 481.7
2.52568 1.63107 263.2 204 482.7
2.52568 1.63107 264 205 480.7
2.52568 1.63107 264.8 206 467.7
2.52568 1.63107 265.6 207 453.7
2.52568 1.63107 266.4 208 436.7
2.52568 1.63107 267.2 209 430.7
2.52568 1.63107 268 210 428.7
2.52568 1.63107 268.8 211 430.7
2.52568 1.63107 269.6 212 426.7
2.52568 1.63107 270.4 213 422.7
2.52568 1.63107 271.2 214 413.7
2.52568 1.63107 272 215 409.7
2.52568 1.63107 272.8 216 406.7
2.52568 1.63107 273.6 217 402.7
2.52568 1.63107 274.4 218 396.7
2.52568 1.63107 275.2 219 391.7
2.52568 1.63107 276 220 391.7
2.52568 1.63107 276.8 221 385.7
2.52568 1.63107 277.6 222 375.7
2.52568 1.63107 278.4 223 369.7
2.52568 1.63107 279.2 224 363.7
2.52568 1.63107 280 225 367.7
2.52568 1.63107 280.8 226 372.7
2.52568 1.63107 281.6 227 367.7
2.52568 1.63107 282.4 228 358.7
2.52568 1.63107 283.2 229 347.7
2.52568 1.63107 284 230 330.7
2.52568 1.63107 284.8 231 321.7
2.52568 1.63107 285.6 232 316.7
2.52568 1.63107 286.4 233 305.7
2.52568 1.63107 287.2 234 299.7
2.52568 1.63107 288 235 288.7
2.52568 1.63107 288.8 236 272.7
2.52568 1.63107 289.6 237 254.7
2.52568 1.63107 290.4 238 230.7
2.52568 1.63107 291.2 239 208.7
2.52568 1.63107 292 240 181.7
2.52568 1.63107 292.8 241 155.7
2.52568 1.63107 293.6 242 129.7
2.52568 1.63107 294.4 243 108.7
2.52568 1.63107 295.2 244 86.7
2.52568 1.63107 296 245 74.7
2.52568 1.63107 296.8 246 59.7
2.52568 1.63107 297.6 247 48.7
9.29516 15.1707 253.6 192 41.95
9.29516 15.1707 254.4 193 46.95
9.29516 15.1707 255.2 194 50.95
9.29516 15.1707 256 195 48.95
9.29516 15.1707 256.8 196 50.95
9.29516 15.1707 257.6 197 54.95
9.29516 15.1707 258.4 198 56.95
9.29516 15.1707 259.2 199 52.95
9.29516 15.1707 260 200 53.95
9.29516 15.1707 260.8 201 48.95
9.29516 15.1707 261.6 202 49.95
9.29516 15.1707 262.4 203 40.95
15.1708 -2.52565 269.6 212 42.4
15.1708 -2.52565 270.4 213 45.4
15.1708 -2.52565 271.2 214 48.4
15.1708 -2.52565 272 215 49.4
15.1708 -2.52565 272.8 216 44.4
15.1708 -2.52565 273.6 217 43.4
15.1708 -2.52565 274.4 218 45.4
15.1708 -2.52565 275.2 219 44.4
15.1708 -2.52565 276 220 43.4
15.1708 -2.52565 276.8 221 43.4
15.1708 -2.52565 278.4 223 40.4
15.1708 -2.52565 283.2 229 42.4
15.1708 -2.52565 284 230 47.4
15.1708 -2.52565 284.8 231 52.4
15.1708 -2.52565 285.6 232 49.4
15.1708 -2.52565 286.4 233 46.4
15.1708 -2.52565 287.2 234 45.4
15.1708 -2.52565 288 235 44.4
15.1708 -2.52565 288.8 236 40.4
18.1619 4.91812 272 215 43.45
18.1619 4.91812 272.8 216 40.45
18.1619 4.91812 273.6 217 40.45
2.52518 15.1707 258.4 198 42.5
2.52518 15.1707 259.2 199 44.5
2.52518 15.1707 260 200 46.5
2.52518 15.1707 260.8 201 46.5
2.52518 15.1707 261.6 202 45.5
2.52518 15.1707 262.4 203 41.5
4.62193 4.91812 239.2 174 50.6
4.62193 4.91812 240 175 66.6
4.62193 4.91812 240.8 176 83.6
4.62193 4.91812 241.6 177 100.6
4.62193 4.91812 242.4 178 118.6
4.62193 4.91812 243.2 179 131.6
4.62193 4.91812 244 180 156.6
4.62193 4.91812 244.8 181 167.6
4.62193 4.91812 245.6 182 180.6
4.62193 4.91812 246.4 183 191.6
4.62193 4.91812 247.2 184 198.6
4.62193 4.91812 248 185 209.6
4.62193 4.91812 248.8 186 224.6
4.62193 4.91812 249.6 187 243.6
4.62193 4.91812 250.4 188 264.6
4.62193 4.91812 251.2 189 280.6
4.62193 4.91812 252 190 303.6
4.62193 4.91812 252.8 191 317.6
4.62193 4.91812 253.6 192 336.6
4.62193 4.91812 254.4 193 348.6
4.62193 4.91812 255.2 194 352.6
4.62193 4.91812 256 195 350.6
4.62193 4.91812 256.8 196 355.6
4.62193 4.91812 257.6 197 359.6
4.62193 4.91812 258.4 198 356.6
4.62193 4.91812 259.2 199 354.6
4.62193 4.91812 260 200 352.6
4.62193 4.91812 260.8 201 353.6
4.62193 4.91812 261.6 202 352.6
4.62193 4.91812 262.4 203 354.6
4.62193 4.91812 263.2 204 352.6
4.62193 4.91812 264 205 348.6
4.62193 4.91812 264.8 206 341.6
4.62193 4.91812 265.6 207 335.6
4.62193 4.91812 266.4 208 330.6
4.62193 4.91812 267.2 209 327.6
4.62193 4.91812 268 210 327.6
4.62193 4.91812 268.8 211 332.6
4.62193 4.91812 269.6 212 342.6
4.62193 4.91812 270.4 213 356.6
4.62193 4.91812 271.2 214 369.6
4.62193 4.91812 272 215 380.6
4.62193 4.91812 272.8 216 381.6
4.62193 4.91812 273.6 217 389.6
4.62193 4.91812 274.4 218 386.6
4.62193 4.91812 275.2 219 390.6
4.62193 4.91812 276 220 393.6
4.62193 4.91812 276.8 221 401.6
4.62193 4.91812 277.6 222 404.6
4.62193 4.91812 278.4 223 402.6
4.62193 4.91812 279.2 224 391.6
4.62193 4.91812 280 225 376.6
4.62193 4.91812 280.8 226 356.6
4.62193 4.91812 281.6 227 342.6
4.62193 4.91812 282.4 228 330.6
4.62193 4.91812 283.2 229 327.6
4.62193 4.91812 284 230 319.6
4.62193 4.91812 284.8 231 313.6
4.62193 4.91812 285.6 232 304.6
4.62193 4.91812 286.4 233 294.6
4.62193 4.91812 287.2 234 281.6
4.62193 4.91812 288 235 262.6
4.62193 4.91812 288.8 236 237.6
4.62193 4.91812 289.6 237 209.6
4.62193 4.91812 290.4 238 181.6
4.62193 4.91812 291.2 239 154.6
4.62193 4.91812 292 240 130.6
4.62193 4.91812 292.8 241 104.6
4.62193 4.91812 293.6 242 84.6
4.62193 4.91812 294.4 243 71.6
4.62193 4.91812 295.2 244 51.6
9.29566 8.40101 245.6 182 43.25
9.29566 8.40101 246.4 183 51.25
9.29566 8.40101 247.2 184 63.25
9.29566 8.40101 248 185 69.25
9.29566 8.40101 248.8 186 82.25
9.29566 8.40101 249.6 187 96.25
9.29566 8.40101 250.4 188 104.25
9.29566 8.40101 251.2 189 114.25
9.29566 8.40101 252 190 119.25
9.29566 8.40101 252.8 191 121.25
9.29566 8.40101 253.6 192 121.25
9.29566 8.40101 254.4 193 124.25
9.29566 8.40101 255.2 194 129.25
9.29566 8.40101 256 195 130.25
9.29566 8.40101 256.8 196 133.25
9.29566 8.40101 257.6 197 135.25
9.29566 8.40101 258.4 198 131.25
9.29566 8.40101 259.2 199 135.25
9.29566 8.40101 260 200 140.25
9.29566 8.40101 260.8 201 142.25
9.29566 8.40101 261.6 202 148.25
9.29566 8.40101 262.4 203 147.25
9.29566 8.40101 263.2 204 149.25
9.29566 8.40101 264 205 147.25
9.29566 8.40101 264.8 206 145.25
9.29566 8.40101 265.6 207 145.25
9.29566 8.40101 266.4 208 142.25
9.29566 8.40101 267.2 209 135.25
9.29566 8.40101 268 210 133.25
9.29566 8.40101 268.8 211 127.25
9.29566 8.40101 269.6 212 123.25
9.29566 8.40101 270.4 213 116.25
9.29566 8.40101 271.2 214 113.25
9.29566 8.40101 272 215 109.25
9.29566 8.40101 272.8 216 104.25
9.29566 8.40101 273.6 217 103.25
9.29566 8.40101 274.4 218 101.25
9.29566 8.40101 275.2 219 101.25
9.29566 8.40101 276 220 97.25
9.29566 8.40101 276.8 221 94.25
9.29566 8.40101 277.6 222 86.25
9.29566 8.40101 278.4 223 82.25
9.29566 8.40101 279.2 224 79.25
9.29566 8.40101 280 225 81.25
9.29566 8.40101 280.8 226 82.25
9.29566 8.40101 281.6 227 80.25
9.29566 8.40101 282.4 228 81.25
9.29566 8.40101 283.2 229 79.25
9.29566 8.40101 284 230 81.25
9.29566 8.40101 284.8 231 79.25
9.29566 8.40101 285.6 232 82.25
9.29566 8.40101 286.4 233 81.25
9.29566 8.40101 287.2 234 80.25
9.29566 8.40101 288 235 75.25
9.29566 8.40101 288.8 236 69.25
9.29566 8.40101 289.6 237 65.25
9.29566 8.40101 290.4 238 60.25
9.29566 8.40101 291.2 239 57.25
9.29566 8.40101 292 240 48.25
9.29566 8.40101 292.8 241 44.25
16.0657 8.40101 262.4 203 40.2
16.0657 8.40101 263.2 204 44.2
16.0657 8.40101 264 205 50.2
16.0657 8.40101 264.8 206 54.2
16.0657 8.40101 265.6 207 52.2
16.0657 8.40101 266.4 208 54.2
16.0657 8.40101 267.2 209 50.2
16.0657 8.40101 268 210 45.2
16.0657 8.40101 268.8 211 44.2
16.0657 8.40101 269.6 212 42.2
16.0657 1.63107 248 185 40.2
16.0657 1.63107 249.6 187 40.2
16.0657 1.63107 251.2 189 44.2
16.0657 1.63107 252 190 47.2
16.0657 1.63107 252.8 191 49.2
16.0657 1.63107 253.6 192 53.2
16.0657 1.63107 254.4 193 48.2
16.0657 1.63107 255.2 194 50.2
16.0657 1.63107 256 195 51.2
16.0657 1.63107 256.8 196 49.2
16.0657 1.63107 257.6 197 50.2
16.0657 1.63107 258.4 198 48.2
16.0657 1.63107 259.2 199 46.2
16.0657 1.63107 260 200 49.2
16.0657 1.63107 260.8 201 47.2
16.0657 1.63107 261.6 202 57.2
16.0657 1.63107 262.4 203 57.2
16.0657 1.63107 263.2 204 62.2
16.0657 1.63107 264 205 66.2
16.0657 1.63107 264.8 206 73.2
16.0657 1.63107 265.6 207 77.2
16.0657 1.63107 266.4 208 79.2
16.0657 1.63107 267.2 209 76.2
16.0657 1.63107 268 210 73.2
16.0657 1.63107 268.8 211 68.2
16.0657 1.63107 269.6 212 66.2
16.0657 1.63107 270.4 213 62.2
16.0657 1.63107 271.2 214 58.2
16.0657 1.63107 272 215 54.2
16.0657 1.63107 272.8 216 56.2
16.0657 1.63107 273.6 217 55.2
16.0657 1.63107 274.4 218 57.2
16.0657 1.63107 275.2 219 59.2
16.0657 1.63107 276 220 58.2
16.0657 1.63107 276.8 221 60.2
16.0657 1.63107 277.6 222 59.2
16.0657 1.63107 278.4 223 60.2
16.0657 1.63107 279.2 224 61.2
16.0657 1.63107 280 225 63.2
16.0657 1.63107 280.8 226 72.2
16.0657 1.63107 281.6 227 76.2
16.0657 1.63107 282.4 228 79.2
16.0657 1.63107 283.2 229 81.2
16.0657 1.63107 284 230 76.2
16.0657 1.63107 284.8 231 76.2
16.0657 1.63107 285.6 232 73.2
16.0657 1.63107 286.4 233 71.2
16.0657 1.63107 287.2 234 68.2
16.0657 1.63107 288 235 63.2
16.0657 1.63107 288.8 236 57.2
16.0657 1.63107 289.6 237 52.2
16.0657 1.63107 290.4 238 43.2
16.0657 1.63107 291.2 239 42.2
4.91818 -11.3924 272 215 45.8
4.91818 -11.3924 272.8 216 46.8
4.91818 -11.3924 273.6 217 52.8
4.91818 -11.3924 274.4 218 54.8
4.91818 -11.3924 275.2 219 57.8
4.91818 -11.3924 276 220 60.8
4.91818 -11.3924 276.8 221 65.8
4.91818 -11.3924 277.6 222 66.8
4.91818 -11.3924 278.4 223 67.8
4.91818 -11.3924 279.2 224 65.8
4.91818 -11.3924 280 225 70.8
4.91818 -11.3924 280.8 226 69.8
4.91818 -11.3924 281.6 227 65.8
4.91818 -11.3924 282.4 228 65.8
4.91818 -11.3924 283.2 229 72.8
4.91818 -11.3924 284 230 76.8
4.91818 -11.3924 284.8 231 82.8
4.91818 -11.3924 285.6 232 81.8
4.91818 -11.3924 286.4 233 80.8
4.91818 -11.3924 287.2 234 81.8
4.91818 -11.3924 288 235 76.8
4.91818 -11.3924 288.8 236 68.8
4.91818 -11.3924 289.6 237 62.8
4.91818 -11.3924 290.4 238 54.8
4.91818 -11.3924 291.2 239 49.8
4.91818 -11.3924 292 240 44.8
1.63117 -16.0661 278.4 223 43.35
1.63117 -16.0661 279.2 224 40.35
1.63117 -16.0661 280.8 226 42.35
-9.29607 -1.63149 275.2 219 45.55
-9.29607 -1.63149 276 220 48.55
-9.29607 -1.63149 276.8 221 48.55
-9.29607 -1.63149 277.6 222 48.55
-9.29607 -1.63149 278.4 223 41.55
-9.29607 -1.63149 279.2 224 41.55
